0, 0, 0, 0, 0, 2, 2, 0, 0, 3, 0, 0, 0, 0, 1, 0, 0, 0, 0, 0, 0, 0, 1, 0, 0, 1, 2, 0, 0, 0, 0, 0, 0, 4, 3, 0, 0, 2, 2, 0, 0, 3, 0, 0, 0, 0, 1, 0, 0, 2, 0, 0, 0, 0, 3, 0, 0, 0, 0, 0, 0, 4, 5, 0, 0, 2, 0, 0, 0, 1, 0, 0, 0, 0, 3, 0, 0, 0, 0, 0, 0, 6, 0, 0, 0, 4, 0, 0, 0, 1, 0, 0, 0, 9, 0, 0, 0, 3, 0, 0, 0, 3, 0, 0, 0, 3, 0, 0, 0, 5, 0, 0, 0, 
1, 0, 0, 0, 0, 4, 2, 0, 0, 0, 0, 0, 0, 0, 0, 0, 0, 1, 0, 0, 0, 1, 2, 0, 0, 1, 0, 0, 0, 2, 0, 0, 0, 2, 0, 0, 0, 1, 3, 0, 0, 1, 1, 0, 0, 0, 1, 0, 0, 3, 2, 0, 0, 4, 2, 0, 0, 0, 0, 0, 0, 1, 3, 0, 0, 1, 3, 0, 0, 3, 2, 0, 0, 4, 1, 0, 0, 4, 0, 0, 0, 6, 0, 0, 0, 4, 0, 0, 0, 0, 0, 0, 0, 3, 0, 0, 0, 4, 0, 0, 0, 3, 0, 0, 0, 3, 0, 0, 0, 9, 0, 0, 0, 
2, 1, 2, 0, 0, 0, 0, 0, 0, 1, 1, 0, 0, 0, 0, 0, 0, 1, 0, 0, 0, 0, 0, 0, 0, 1, 0, 0, 0, 2, 0, 0, 0, 0, 0, 0, 0, 0, 0, 0, 0, 2, 2, 0, 0, 3, 5, 0, 0, 0, 0, 0, 0, 4, 2, 0, 0, 1, 2, 0, 0, 0, 0, 0, 0, 0, 2, 0, 0, 0, 0, 0, 0, 3, 1, 0, 0, 1, 0, 0, 0, 16, 0, 0, 0, 3, 0, 0, 0, 8, 0, 0, 0, 10, 0, 0, 0, 0, 0, 0, 0, 1, 0, 0, 0, 3, 0, 0, 0, 2, 0, 0, 0, 
3, 0, 0, 0, 0, 4, 0, 0, 0, 1, 3, 0, 0, 1, 1, 0, 0, 0, 0, 0, 0, 0, 0, 0, 0, 6, 6, 0, 0, 1, 4, 0, 0, 2, 2, 0, 0, 8, 10, 0, 0, 9, 0, 0, 0, 0, 3, 0, 0, 2, 2, 0, 0, 3, 3, 0, 0, 2, 3, 0, 0, 2, 0, 0, 0, 4, 3, 0, 0, 3, 0, 0, 0, 14, 3, 0, 0, 6, 0, 0, 0, 13, 0, 0, 0, 2, 0, 0, 0, 7, 0, 0, 0, 8, 0, 0, 0, 8, 0, 0, 0, 6, 0, 0, 0, 4, 0, 0, 0, 5, 0, 0, 0, 
4, 1, 1, 0, 0, 0, 0, 0, 0, 0, 2, 0, 0, 1, 0, 0, 0, 0, 0, 0, 0, 0, 1, 0, 0, 19, 5, 0, 0, 8, 10, 0, 0, 1, 3, 0, 0, 6, 3, 0, 0, 12, 0, 0, 0, 1, 5, 0, 0, 2, 3, 0, 0, 12, 2, 0, 0, 2, 0, 0, 0, 7, 5, 0, 0, 6, 4, 0, 0, 4, 3, 0, 0, 14, 2, 0, 0, 20, 0, 0, 0, 8, 0, 0, 0, 0, 0, 0, 0, 18, 0, 0, 0, 14, 0, 0, 0, 6, 0, 0, 0, 5, 0, 0, 0, 0, 0, 0, 0, 9, 0, 0, 0, 
5, 0, 0, 0, 0, 0, 0, 0, 0, 1, 1, 0, 0, 1, 0, 0, 0, 3, 2, 0, 0, 2, 0, 0, 0, 20, 4, 0, 0, 5, 3, 0, 0, 0, 0, 0, 0, 0, 1, 0, 0, 1, 2, 0, 0, 0, 1, 0, 0, 1, 3, 0, 0, 10, 1, 0, 0, 1, 2, 0, 0, 9, 10, 0, 0, 11, 8, 0, 0, 11, 4, 0, 0, 7, 2, 0, 0, 19, 0, 0, 0, 4, 0, 0, 0, 3, 0, 0, 0, 29, 0, 0, 0, 9, 0, 0, 0, 9, 0, 0, 0, 4, 0, 0, 0, 2, 0, 0, 0, 7, 0, 0, 0, 
6, 0, 1, 0, 0, 0, 0, 0, 0, 2, 1, 0, 0, 4, 2, 0, 0, 1, 0, 0, 0, 3, 0, 0, 0, 34, 6, 0, 0, 3, 1, 0, 0, 4, 3, 0, 0, 5, 4, 0, 0, 1, 5, 0, 0, 18, 2, 0, 0, 1, 2, 0, 0, 1, 3, 0, 0, 6, 0, 0, 0, 13, 13, 0, 0, 8, 6, 0, 0, 6, 7, 0, 0, 6, 4, 0, 0, 1, 0, 0, 0, 6, 0, 0, 0, 8, 0, 0, 0, 31, 0, 0, 0, 9, 0, 0, 0, 1, 0, 0, 0, 9, 0, 0, 0, 11, 0, 0, 0, 4, 0, 0, 0, 
7, 3, 2, 0, 0, 0, 0, 0, 0, 0, 0, 0, 0, 0, 0, 0, 0, 3, 0, 0, 0, 3, 0, 0, 0, 29, 2, 0, 0, 10, 4, 0, 0, 2, 3, 0, 0, 1, 1, 0, 0, 4, 4, 0, 0, 12, 1, 0, 0, 7, 4, 0, 0, 2, 0, 0, 0, 4, 5, 0, 0, 10, 9, 0, 0, 1, 0, 0, 0, 4, 5, 0, 0, 6, 6, 0, 0, 10, 0, 0, 0, 0, 0, 0, 0, 9, 0, 0, 0, 25, 0, 0, 0, 5, 0, 0, 0, 15, 0, 0, 0, 16, 0, 0, 0, 9, 0, 0, 0, 10, 0, 0, 0, 
8, 1, 1, 0, 0, 1, 0, 0, 0, 0, 0, 0, 0, 1, 1, 0, 0, 0, 0, 0, 0, 1, 1, 0, 0, 23, 3, 0, 0, 4, 4, 0, 0, 4, 3, 0, 0, 3, 3, 0, 0, 2, 0, 0, 0, 28, 1, 0, 0, 22, 2, 0, 0, 5, 1, 0, 0, 6, 2, 0, 0, 2, 1, 0, 0, 0, 3, 0, 0, 5, 5, 0, 0, 14, 4, 0, 0, 6, 0, 0, 0, 2, 0, 0, 0, 1, 0, 0, 0, 19, 0, 0, 0, 4, 0, 0, 0, 20, 0, 0, 0, 23, 0, 0, 0, 2, 0, 0, 0, 26, 0, 0, 0, 
9, 0, 0, 0, 0, 0, 0, 0, 0, 2, 0, 0, 0, 1, 0, 0, 0, 0, 0, 0, 0, 1, 1, 0, 0, 20, 6, 0, 0, 1, 3, 0, 0, 9, 5, 0, 0, 9, 11, 0, 0, 2, 0, 0, 0, 29, 1, 0, 0, 24, 5, 0, 0, 5, 0, 0, 0, 2, 1, 0, 0, 11, 4, 0, 0, 5, 8, 0, 0, 8, 5, 0, 0, 5, 5, 0, 0, 1, 0, 0, 0, 6, 0, 0, 0, 1, 0, 0, 0, 14, 0, 0, 0, 4, 0, 0, 0, 35, 0, 0, 0, 30, 0, 0, 0, 4, 0, 0, 0, 7, 0, 0, 0, 
10, 4, 1, 0, 0, 0, 0, 0, 0, 0, 0, 0, 0, 0, 0, 0, 0, 2, 0, 0, 0, 2, 2, 0, 0, 17, 6, 0, 0, 14, 1, 0, 0, 4, 6, 0, 0, 7, 10, 0, 0, 3, 4, 0, 0, 24, 2, 0, 0, 21, 3, 0, 0, 10, 2, 0, 0, 4, 3, 0, 0, 14, 4, 0, 0, 9, 7, 0, 0, 5, 3, 0, 0, 0, 1, 0, 0, 3, 0, 0, 0, 10, 0, 0, 0, 1, 0, 0, 0, 4, 0, 0, 0, 3, 0, 0, 0, 48, 0, 0, 0, 12, 0, 0, 0, 2, 0, 0, 0, 13, 0, 0, 0, 
11, 1, 0, 0, 0, 0, 0, 0, 0, 1, 3, 0, 0, 0, 0, 0, 0, 3, 1, 0, 0, 0, 1, 0, 0, 6, 5, 0, 0, 8, 3, 0, 0, 6, 0, 0, 0, 9, 6, 0, 0, 4, 1, 0, 0, 35, 1, 0, 0, 23, 3, 0, 0, 2, 1, 0, 0, 1, 3, 0, 0, 7, 6, 0, 0, 5, 3, 0, 0, 0, 1, 0, 0, 1, 2, 0, 0, 17, 0, 0, 0, 12, 0, 0, 0, 2, 0, 0, 0, 0, 0, 0, 0, 18, 0, 0, 0, 36, 0, 0, 0, 8, 0, 0, 0, 4, 0, 0, 0, 12, 0, 0, 0, 
12, 0, 0, 0, 0, 2, 2, 0, 0, 0, 0, 0, 0, 3, 2, 0, 0, 2, 1, 0, 0, 2, 1, 0, 0, 4, 2, 0, 0, 6, 6, 0, 0, 11, 0, 0, 0, 2, 3, 0, 0, 0, 2, 0, 0, 41, 1, 0, 0, 19, 3, 0, 0, 0, 0, 0, 0, 1, 2, 0, 0, 3, 3, 0, 0, 4, 0, 0, 0, 6, 5, 0, 0, 3, 2, 0, 0, 13, 0, 0, 0, 3, 0, 0, 0, 11, 0, 0, 0, 4, 0, 0, 0, 0, 0, 0, 0, 27, 0, 0, 0, 14, 0, 0, 0, 12, 0, 0, 0, 19, 0, 0, 0, 
13, 0, 0, 0, 0, 0, 0, 0, 0, 0, 1, 0, 0, 0, 2, 0, 0, 0, 3, 0, 0, 2, 0, 0, 0, 1, 4, 0, 0, 1, 2, 0, 0, 5, 1, 0, 0, 1, 0, 0, 0, 0, 1, 0, 0, 36, 2, 0, 0, 31, 4, 0, 0, 1, 0, 0, 0, 6, 2, 0, 0, 5, 5, 0, 0, 3, 3, 0, 0, 2, 3, 0, 0, 3, 0, 0, 0, 8, 0, 0, 0, 5, 0, 0, 0, 8, 0, 0, 0, 4, 0, 0, 0, 8, 0, 0, 0, 35, 0, 0, 0, 32, 0, 0, 0, 12, 0, 0, 0, 11, 0, 0, 0, 
14, 0, 1, 0, 0, 1, 0, 0, 0, 0, 0, 0, 0, 0, 0, 0, 0, 2, 0, 0, 0, 2, 3, 0, 0, 3, 3, 0, 0, 4, 1, 0, 0, 3, 1, 0, 0, 2, 0, 0, 0, 6, 2, 0, 0, 22, 0, 0, 0, 34, 3, 0, 0, 0, 0, 0, 0, 0, 5, 0, 0, 2, 4, 0, 0, 12, 8, 0, 0, 5, 1, 0, 0, 1, 0, 0, 0, 9, 0, 0, 0, 1, 0, 0, 0, 7, 0, 0, 0, 7, 0, 0, 0, 9, 0, 0, 0, 21, 0, 0, 0, 31, 0, 0, 0, 12, 0, 0, 0, 16, 0, 0, 0, 
15, 1, 0, 0, 0, 0, 1, 0, 0, 1, 3, 0, 0, 0, 2, 0, 0, 0, 2, 0, 0, 2, 0, 0, 0, 7, 2, 0, 0, 3, 3, 0, 0, 0, 1, 0, 0, 2, 5, 0, 0, 1, 1, 0, 0, 19, 1, 0, 0, 37, 1, 0, 0, 1, 3, 0, 0, 7, 4, 0, 0, 4, 3, 0, 0, 2, 3, 0, 0, 6, 6, 0, 0, 2, 1, 0, 0, 3, 0, 0, 0, 5, 0, 0, 0, 1, 0, 0, 0, 9, 0, 0, 0, 0, 0, 0, 0, 3, 0, 0, 0, 22, 0, 0, 0, 17, 0, 0, 0, 18, 0, 0, 0, 
16, 2, 1, 0, 0, 2, 2, 0, 0, 0, 0, 0, 0, 0, 1, 0, 0, 2, 0, 0, 0, 1, 1, 0, 0, 1, 1, 0, 0, 3, 0, 0, 0, 7, 4, 0, 0, 0, 1, 0, 0, 6, 5, 0, 0, 17, 0, 0, 0, 37, 4, 0, 0, 11, 7, 0, 0, 6, 3, 0, 0, 2, 2, 0, 0, 1, 3, 0, 0, 0, 1, 0, 0, 5, 3, 0, 0, 11, 0, 0, 0, 16, 0, 0, 0, 4, 0, 0, 0, 9, 0, 0, 0, 1, 0, 0, 0, 6, 0, 0, 0, 21, 0, 0, 0, 10, 0, 0, 0, 6, 0, 0, 0, 
17, 2, 1, 0, 0, 0, 1, 0, 0, 2, 1, 0, 0, 0, 0, 0, 0, 3, 2, 0, 0, 0, 0, 0, 0, 1, 2, 0, 0, 2, 1, 0, 0, 5, 7, 0, 0, 5, 4, 0, 0, 10, 2, 0, 0, 9, 0, 0, 0, 43, 3, 0, 0, 2, 0, 0, 0, 10, 8, 0, 0, 1, 0, 0, 0, 1, 1, 0, 0, 0, 1, 0, 0, 9, 3, 0, 0, 23, 0, 0, 0, 7, 0, 0, 0, 5, 0, 0, 0, 7, 0, 0, 0, 0, 0, 0, 0, 13, 0, 0, 0, 12, 0, 0, 0, 4, 0, 0, 0, 22, 0, 0, 0, 
18, 0, 1, 0, 0, 3, 2, 0, 0, 0, 0, 0, 0, 0, 1, 0, 0, 0, 2, 0, 0, 0, 2, 0, 0, 2, 5, 0, 0, 4, 1, 0, 0, 4, 5, 0, 0, 3, 10, 0, 0, 6, 0, 0, 0, 1, 3, 0, 0, 42, 2, 0, 0, 3, 4, 0, 0, 11, 3, 0, 0, 1, 1, 0, 0, 6, 2, 0, 0, 2, 1, 0, 0, 0, 0, 0, 0, 30, 0, 0, 0, 8, 0, 0, 0, 11, 0, 0, 0, 11, 0, 0, 0, 2, 0, 0, 0, 3, 0, 0, 0, 27, 0, 0, 0, 5, 0, 0, 0, 11, 0, 0, 0, 
19, 0, 0, 0, 0, 1, 0, 0, 0, 0, 0, 0, 0, 0, 0, 0, 0, 1, 1, 0, 0, 0, 0, 0, 0, 4, 3, 0, 0, 1, 3, 0, 0, 4, 2, 0, 0, 0, 2, 0, 0, 9, 1, 0, 0, 1, 3, 0, 0, 43, 6, 0, 0, 2, 2, 0, 0, 7, 6, 0, 0, 13, 10, 0, 0, 7, 5, 0, 0, 1, 1, 0, 0, 1, 1, 0, 0, 31, 0, 0, 0, 3, 0, 0, 0, 8, 0, 0, 0, 12, 0, 0, 0, 3, 0, 0, 0, 2, 0, 0, 0, 12, 0, 0, 0, 2, 0, 0, 0, 6, 0, 0, 0, 
20, 5, 3, 0, 0, 0, 1, 0, 0, 2, 1, 0, 0, 2, 0, 0, 0, 1, 0, 0, 0, 1, 1, 0, 0, 1, 1, 0, 0, 2, 0, 0, 0, 7, 4, 0, 0, 6, 5, 0, 0, 5, 3, 0, 0, 0, 0, 0, 0, 35, 3, 0, 0, 10, 8, 0, 0, 2, 4, 0, 0, 7, 6, 0, 0, 5, 3, 0, 0, 0, 1, 0, 0, 5, 4, 0, 0, 25, 0, 0, 0, 0, 0, 0, 0, 6, 0, 0, 0, 5, 0, 0, 0, 2, 0, 0, 0, 9, 0, 0, 0, 10, 0, 0, 0, 5, 0, 0, 0, 13, 0, 0, 0, 
21, 5, 1, 0, 0, 0, 0, 0, 0, 1, 0, 0, 0, 0, 1, 0, 0, 1, 0, 0, 0, 2, 1, 0, 0, 1, 2, 0, 0, 1, 5, 0, 0, 15, 5, 0, 0, 5, 2, 0, 0, 5, 9, 0, 0, 0, 1, 0, 0, 40, 1, 0, 0, 10, 6, 0, 0, 0, 1, 0, 0, 4, 7, 0, 0, 4, 4, 0, 0, 1, 1, 0, 0, 2, 2, 0, 0, 25, 0, 0, 0, 7, 0, 0, 0, 2, 0, 0, 0, 4, 0, 0, 0, 3, 0, 0, 0, 3, 0, 0, 0, 1, 0, 0, 0, 8, 0, 0, 0, 13, 0, 0, 0, 
22, 3, 0, 0, 0, 0, 0, 0, 0, 0, 0, 0, 0, 0, 1, 0, 0, 0, 0, 0, 0, 1, 0, 0, 0, 1, 1, 0, 0, 1, 2, 0, 0, 20, 2, 0, 0, 0, 3, 0, 0, 9, 8, 0, 0, 6, 4, 0, 0, 43, 3, 0, 0, 6, 5, 0, 0, 0, 2, 0, 0, 1, 0, 0, 0, 3, 3, 0, 0, 4, 3, 0, 0, 0, 3, 0, 0, 23, 0, 0, 0, 5, 0, 0, 0, 3, 0, 0, 0, 1, 0, 0, 0, 0, 0, 0, 0, 5, 0, 0, 0, 2, 0, 0, 0, 11, 0, 0, 0, 7, 0, 0, 0, 
23, 0, 0, 0, 0, 1, 0, 0, 0, 1, 0, 0, 0, 1, 0, 0, 0, 1, 0, 0, 0, 2, 0, 0, 0, 6, 5, 0, 0, 6, 4, 0, 0, 9, 1, 0, 0, 1, 4, 0, 0, 6, 5, 0, 0, 3, 6, 0, 0, 24, 3, 0, 0, 3, 0, 0, 0, 4, 8, 0, 0, 2, 2, 0, 0, 0, 1, 0, 0, 3, 2, 0, 0, 10, 2, 0, 0, 36, 0, 0, 0, 7, 0, 0, 0, 5, 0, 0, 0, 2, 0, 0, 0, 4, 0, 0, 0, 5, 0, 0, 0, 1, 0, 0, 0, 3, 0, 0, 0, 9, 0, 0, 0, 
24, 0, 2, 0, 0, 0, 0, 0, 0, 2, 0, 0, 0, 1, 0, 0, 0, 1, 1, 0, 0, 0, 1, 0, 0, 15, 10, 0, 0, 5, 1, 0, 0, 2, 1, 0, 0, 1, 2, 0, 0, 0, 2, 0, 0, 4, 3, 0, 0, 24, 5, 0, 0, 4, 3, 0, 0, 8, 4, 0, 0, 1, 0, 0, 0, 9, 3, 0, 0, 11, 5, 0, 0, 6, 9, 0, 0, 28, 0, 0, 0, 1, 0, 0, 0, 2, 0, 0, 0, 12, 0, 0, 0, 3, 0, 0, 0, 1, 0, 0, 0, 1, 0, 0, 0, 2, 0, 0, 0, 4, 0, 0, 0, 
25, 0, 0, 0, 0, 1, 0, 0, 0, 1, 0, 0, 0, 4, 0, 0, 0, 0, 0, 0, 0, 1, 1, 0, 0, 2, 3, 0, 0, 0, 2, 0, 0, 1, 1, 0, 0, 0, 1, 0, 0, 3, 0, 0, 0, 1, 2, 0, 0, 34, 4, 0, 0, 2, 0, 0, 0, 0, 0, 0, 0, 3, 2, 0, 0, 6, 3, 0, 0, 11, 3, 0, 0, 3, 6, 0, 0, 32, 0, 0, 0, 3, 0, 0, 0, 17, 0, 0, 0, 6, 0, 0, 0, 13, 0, 0, 0, 9, 0, 0, 0, 4, 0, 0, 0, 4, 0, 0, 0, 3, 0, 0, 0, 
26, 2, 0, 0, 0, 0, 0, 0, 0, 3, 2, 0, 0, 1, 1, 0, 0, 0, 0, 0, 0, 0, 0, 0, 0, 10, 2, 0, 0, 6, 5, 0, 0, 6, 5, 0, 0, 0, 3, 0, 0, 0, 0, 0, 0, 1, 1, 0, 0, 30, 1, 0, 0, 9, 2, 0, 0, 7, 5, 0, 0, 0, 1, 0, 0, 6, 3, 0, 0, 10, 9, 0, 0, 0, 2, 0, 0, 32, 0, 0, 0, 1, 0, 0, 0, 0, 0, 0, 0, 0, 0, 0, 0, 6, 0, 0, 0, 10, 0, 0, 0, 1, 0, 0, 0, 6, 0, 0, 0, 6, 0, 0, 0, 
27, 2, 1, 0, 0, 1, 1, 0, 0, 0, 0, 0, 0, 1, 0, 0, 0, 1, 0, 0, 0, 3, 0, 0, 0, 3, 4, 0, 0, 1, 0, 0, 0, 4, 2, 0, 0, 3, 6, 0, 0, 3, 2, 0, 0, 0, 0, 0, 0, 24, 3, 0, 0, 4, 2, 0, 0, 4, 3, 0, 0, 0, 1, 0, 0, 10, 6, 0, 0, 3, 3, 0, 0, 1, 1, 0, 0, 36, 0, 0, 0, 4, 0, 0, 0, 6, 0, 0, 0, 10, 0, 0, 0, 16, 0, 0, 0, 7, 0, 0, 0, 1, 0, 0, 0, 10, 0, 0, 0, 35, 0, 0, 0, 
28, 0, 1, 0, 0, 1, 0, 0, 0, 1, 1, 0, 0, 1, 1, 0, 0, 3, 3, 0, 0, 1, 3, 0, 0, 9, 7, 0, 0, 5, 7, 0, 0, 6, 4, 0, 0, 1, 3, 0, 0, 3, 2, 0, 0, 5, 3, 0, 0, 26, 1, 0, 0, 0, 0, 0, 0, 0, 3, 0, 0, 0, 0, 0, 0, 4, 4, 0, 0, 8, 4, 0, 0, 2, 0, 0, 0, 37, 0, 0, 0, 1, 0, 0, 0, 3, 0, 0, 0, 8, 0, 0, 0, 1, 0, 0, 0, 22, 0, 0, 0, 14, 0, 0, 0, 7, 0, 0, 0, 40, 0, 0, 0, 
29, 0, 1, 0, 0, 2, 5, 0, 0, 2, 1, 0, 0, 1, 0, 0, 0, 0, 1, 0, 0, 1, 0, 0, 0, 1, 1, 0, 0, 2, 1, 0, 0, 0, 2, 0, 0, 3, 0, 0, 0, 10, 2, 0, 0, 4, 4, 0, 0, 26, 2, 0, 0, 1, 1, 0, 0, 11, 0, 0, 0, 7, 3, 0, 0, 0, 1, 0, 0, 5, 4, 0, 0, 7, 1, 0, 0, 23, 0, 0, 0, 0, 0, 0, 0, 20, 0, 0, 0, 4, 0, 0, 0, 4, 0, 0, 0, 24, 0, 0, 0, 2, 0, 0, 0, 0, 0, 0, 0, 34, 0, 0, 0, 
30, 2, 0, 0, 0, 0, 1, 0, 0, 1, 2, 0, 0, 2, 2, 0, 0, 0, 0, 0, 0, 1, 1, 0, 0, 0, 1, 0, 0, 2, 2, 0, 0, 0, 2, 0, 0, 13, 7, 0, 0, 0, 3, 0, 0, 2, 3, 0, 0, 16, 1, 0, 0, 7, 2, 0, 0, 6, 2, 0, 0, 3, 12, 0, 0, 3, 0, 0, 0, 6, 2, 0, 0, 13, 1, 0, 0, 17, 0, 0, 0, 12, 0, 0, 0, 4, 0, 0, 0, 4, 0, 0, 0, 8, 0, 0, 0, 26, 0, 0, 0, 4, 0, 0, 0, 5, 0, 0, 0, 20, 0, 0, 0, 
31, 1, 1, 0, 0, 0, 1, 0, 0, 0, 1, 0, 0, 0, 0, 0, 0, 2, 0, 0, 0, 0, 2, 0, 0, 1, 1, 0, 0, 14, 1, 0, 0, 5, 2, 0, 0, 8, 8, 0, 0, 3, 1, 0, 0, 4, 2, 0, 0, 9, 1, 0, 0, 0, 0, 0, 0, 5, 5, 0, 0, 3, 9, 0, 0, 2, 5, 0, 0, 1, 0, 0, 0, 3, 2, 0, 0, 20, 0, 0, 0, 0, 0, 0, 0, 13, 0, 0, 0, 13, 0, 0, 0, 10, 0, 0, 0, 24, 0, 0, 0, 13, 0, 0, 0, 2, 0, 0, 0, 15, 0, 0, 0, 
32, 0, 3, 0, 0, 0, 2, 0, 0, 2, 0, 0, 0, 0, 0, 0, 0, 0, 0, 0, 0, 0, 0, 0, 0, 6, 4, 0, 0, 0, 0, 0, 0, 1, 2, 0, 0, 0, 1, 0, 0, 0, 1, 0, 0, 2, 1, 0, 0, 2, 0, 0, 0, 5, 4, 0, 0, 9, 6, 0, 0, 6, 5, 0, 0, 0, 2, 0, 0, 6, 4, 0, 0, 7, 0, 0, 0, 22, 0, 0, 0, 8, 0, 0, 0, 16, 0, 0, 0, 34, 0, 0, 0, 3, 0, 0, 0, 20, 0, 0, 0, 8, 0, 0, 0, 6, 0, 0, 0, 18, 0, 0, 0, 
33, 0, 0, 0, 0, 2, 1, 0, 0, 1, 2, 0, 0, 0, 2, 0, 0, 1, 1, 0, 0, 0, 0, 0, 0, 8, 8, 0, 0, 3, 1, 0, 0, 0, 0, 0, 0, 3, 5, 0, 0, 2, 7, 0, 0, 8, 9, 0, 0, 9, 3, 0, 0, 6, 1, 0, 0, 0, 1, 0, 0, 2, 3, 0, 0, 10, 2, 0, 0, 6, 3, 0, 0, 1, 0, 0, 0, 12, 0, 0, 0, 2, 0, 0, 0, 14, 0, 0, 0, 23, 0, 0, 0, 5, 0, 0, 0, 13, 0, 0, 0, 4, 0, 0, 0, 8, 0, 0, 0, 19, 0, 0, 0, 
34, 0, 1, 0, 0, 2, 1, 0, 0, 0, 1, 0, 0, 1, 0, 0, 0, 0, 0, 0, 0, 0, 0, 0, 0, 14, 15, 0, 0, 6, 2, 0, 0, 0, 0, 0, 0, 5, 12, 0, 0, 3, 1, 0, 0, 10, 5, 0, 0, 3, 6, 0, 0, 4, 3, 0, 0, 5, 3, 0, 0, 9, 8, 0, 0, 2, 1, 0, 0, 9, 9, 0, 0, 5, 6, 0, 0, 4, 0, 0, 0, 1, 0, 0, 0, 4, 0, 0, 0, 18, 0, 0, 0, 3, 0, 0, 0, 7, 0, 0, 0, 9, 0, 0, 0, 7, 0, 0, 0, 7, 0, 0, 0, 
35, 4, 3, 0, 0, 0, 0, 0, 0, 0, 2, 0, 0, 1, 1, 0, 0, 0, 1, 0, 0, 1, 3, 0, 0, 9, 6, 0, 0, 4, 4, 0, 0, 4, 0, 0, 0, 5, 8, 0, 0, 0, 3, 0, 0, 0, 0, 0, 0, 8, 1, 0, 0, 9, 3, 0, 0, 2, 2, 0, 0, 5, 5, 0, 0, 0, 1, 0, 0, 7, 11, 0, 0, 11, 7, 0, 0, 6, 0, 0, 0, 3, 0, 0, 0, 5, 0, 0, 0, 18, 0, 0, 0, 15, 0, 0, 0, 7, 0, 0, 0, 7, 0, 0, 0, 10, 0, 0, 0, 1, 0, 0, 0, 
36, 3, 1, 0, 0, 0, 1, 0, 0, 1, 0, 0, 0, 0, 1, 0, 0, 1, 4, 0, 0, 0, 0, 0, 0, 10, 9, 0, 0, 3, 3, 0, 0, 2, 2, 0, 0, 14, 3, 0, 0, 0, 0, 0, 0, 1, 1, 0, 0, 10, 13, 0, 0, 5, 3, 0, 0, 5, 2, 0, 0, 5, 2, 0, 0, 5, 1, 0, 0, 6, 7, 0, 0, 7, 4, 0, 0, 3, 0, 0, 0, 7, 0, 0, 0, 9, 0, 0, 0, 23, 0, 0, 0, 0, 0, 0, 0, 15, 0, 0, 0, 5, 0, 0, 0, 0, 0, 0, 0, 4, 0, 0, 0, 
37, 0, 0, 0, 0, 1, 2, 0, 0, 1, 0, 0, 0, 0, 1, 0, 0, 0, 1, 0, 0, 0, 1, 0, 0, 0, 1, 0, 0, 3, 5, 0, 0, 4, 4, 0, 0, 4, 4, 0, 0, 1, 0, 0, 0, 2, 1, 0, 0, 16, 10, 0, 0, 2, 2, 0, 0, 5, 0, 0, 0, 1, 2, 0, 0, 13, 0, 0, 0, 2, 1, 0, 0, 3, 1, 0, 0, 2, 0, 0, 0, 12, 0, 0, 0, 4, 0, 0, 0, 23, 0, 0, 0, 2, 0, 0, 0, 11, 0, 0, 0, 5, 0, 0, 0, 8, 0, 0, 0, 0, 0, 0, 0, 
38, 0, 0, 0, 0, 0, 0, 0, 0, 0, 0, 0, 0, 3, 5, 0, 0, 1, 1, 0, 0, 0, 0, 0, 0, 0, 0, 0, 0, 2, 1, 0, 0, 0, 3, 0, 0, 2, 3, 0, 0, 2, 2, 0, 0, 5, 3, 0, 0, 10, 7, 0, 0, 2, 3, 0, 0, 9, 1, 0, 0, 2, 3, 0, 0, 7, 8, 0, 0, 8, 6, 0, 0, 2, 4, 0, 0, 13, 0, 0, 0, 0, 0, 0, 0, 6, 0, 0, 0, 24, 0, 0, 0, 10, 0, 0, 0, 17, 0, 0, 0, 2, 0, 0, 0, 21, 0, 0, 0, 8, 0, 0, 0, 
39, 0, 0, 0, 0, 0, 0, 0, 0, 0, 0, 0, 0, 1, 1, 0, 0, 1, 0, 0, 0, 1, 2, 0, 0, 1, 4, 0, 0, 0, 2, 0, 0, 1, 3, 0, 0, 5, 0, 0, 0, 2, 0, 0, 0, 1, 1, 0, 0, 9, 7, 0, 0, 3, 0, 0, 0, 0, 0, 0, 0, 3, 6, 0, 0, 6, 8, 0, 0, 8, 7, 0, 0, 7, 0, 0, 0, 15, 0, 0, 0, 3, 0, 0, 0, 1, 0, 0, 0, 11, 0, 0, 0, 11, 0, 0, 0, 6, 0, 0, 0, 15, 0, 0, 0, 12, 0, 0, 0, 1, 0, 0, 0, 
40, 1, 0, 0, 0, 0, 1, 0, 0, 0, 0, 0, 0, 0, 1, 0, 0, 1, 2, 0, 0, 2, 0, 0, 0, 1, 1, 0, 0, 11, 6, 0, 0, 0, 2, 0, 0, 1, 0, 0, 0, 7, 9, 0, 0, 2, 3, 0, 0, 3, 5, 0, 0, 15, 8, 0, 0, 3, 1, 0, 0, 2, 0, 0, 0, 8, 3, 0, 0, 5, 5, 0, 0, 1, 1, 0, 0, 0, 0, 0, 0, 3, 0, 0, 0, 3, 0, 0, 0, 4, 0, 0, 0, 15, 0, 0, 0, 8, 0, 0, 0, 22, 0, 0, 0, 10, 0, 0, 0, 1, 0, 0, 0, 
41, 2, 1, 0, 0, 0, 0, 0, 0, 2, 2, 0, 0, 1, 0, 0, 0, 0, 1, 0, 0, 1, 0, 0, 0, 9, 4, 0, 0, 5, 10, 0, 0, 1, 1, 0, 0, 6, 3, 0, 0, 1, 2, 0, 0, 2, 2, 0, 0, 0, 4, 0, 0, 12, 7, 0, 0, 4, 1, 0, 0, 3, 1, 0, 0, 4, 5, 0, 0, 4, 3, 0, 0, 3, 6, 0, 0, 8, 0, 0, 0, 5, 0, 0, 0, 9, 0, 0, 0, 0, 0, 0, 0, 8, 0, 0, 0, 6, 0, 0, 0, 17, 0, 0, 0, 5, 0, 0, 0, 2, 0, 0, 0, 
42, 1, 0, 0, 0, 1, 0, 0, 0, 0, 0, 0, 0, 2, 0, 0, 0, 2, 0, 0, 0, 2, 2, 0, 0, 3, 8, 0, 0, 15, 5, 0, 0, 0, 2, 0, 0, 3, 3, 0, 0, 5, 7, 0, 0, 0, 0, 0, 0, 4, 4, 0, 0, 4, 2, 0, 0, 11, 7, 0, 0, 1, 3, 0, 0, 8, 3, 0, 0, 4, 4, 0, 0, 0, 0, 0, 0, 1, 0, 0, 0, 6, 0, 0, 0, 6, 0, 0, 0, 6, 0, 0, 0, 1, 0, 0, 0, 4, 0, 0, 0, 12, 0, 0, 0, 17, 0, 0, 0, 5, 0, 0, 0, 
43, 0, 1, 0, 0, 1, 0, 0, 0, 3, 2, 0, 0, 1, 1, 0, 0, 0, 1, 0, 0, 0, 0, 0, 0, 16, 9, 0, 0, 16, 9, 0, 0, 8, 3, 0, 0, 1, 0, 0, 0, 13, 6, 0, 0, 3, 1, 0, 0, 3, 4, 0, 0, 0, 2, 0, 0, 6, 5, 0, 0, 1, 2, 0, 0, 5, 6, 0, 0, 4, 0, 0, 0, 1, 0, 0, 0, 0, 0, 0, 0, 14, 0, 0, 0, 2, 0, 0, 0, 10, 0, 0, 0, 7, 0, 0, 0, 1, 0, 0, 0, 2, 0, 0, 0, 20, 0, 0, 0, 6, 0, 0, 0, 
44, 5, 4, 0, 0, 3, 2, 0, 0, 2, 2, 0, 0, 3, 3, 0, 0, 0, 0, 0, 0, 0, 0, 0, 0, 20, 4, 0, 0, 22, 7, 0, 0, 9, 9, 0, 0, 0, 0, 0, 0, 10, 6, 0, 0, 2, 1, 0, 0, 0, 3, 0, 0, 2, 2, 0, 0, 1, 5, 0, 0, 0, 0, 0, 0, 1, 3, 0, 0, 6, 2, 0, 0, 1, 2, 0, 0, 3, 0, 0, 0, 13, 0, 0, 0, 4, 0, 0, 0, 32, 0, 0, 0, 4, 0, 0, 0, 5, 0, 0, 0, 6, 0, 0, 0, 14, 0, 0, 0, 1, 0, 0, 0, 
45, 6, 0, 0, 0, 0, 0, 0, 0, 0, 0, 0, 0, 2, 0, 0, 0, 0, 1, 0, 0, 0, 0, 0, 0, 9, 8, 0, 0, 19, 8, 0, 0, 3, 2, 0, 0, 4, 2, 0, 0, 3, 4, 0, 0, 0, 2, 0, 0, 1, 5, 0, 0, 3, 3, 0, 0, 1, 1, 0, 0, 3, 2, 0, 0, 5, 12, 0, 0, 6, 1, 0, 0, 5, 4, 0, 0, 0, 0, 0, 0, 12, 0, 0, 0, 6, 0, 0, 0, 28, 0, 0, 0, 4, 0, 0, 0, 8, 0, 0, 0, 0, 0, 0, 0, 1, 0, 0, 0, 0, 0, 0, 0, 
46, 1, 0, 0, 0, 0, 0, 0, 0, 0, 0, 0, 0, 4, 2, 0, 0, 1, 0, 0, 0, 3, 2, 0, 0, 7, 8, 0, 0, 17, 6, 0, 0, 3, 1, 0, 0, 7, 2, 0, 0, 6, 8, 0, 0, 0, 1, 0, 0, 2, 3, 0, 0, 0, 0, 0, 0, 4, 1, 0, 0, 3, 2, 0, 0, 4, 5, 0, 0, 2, 10, 0, 0, 4, 3, 0, 0, 14, 0, 0, 0, 4, 0, 0, 0, 3, 0, 0, 0, 15, 0, 0, 0, 4, 0, 0, 0, 10, 0, 0, 0, 1, 0, 0, 0, 7, 0, 0, 0, 1, 0, 0, 0, 
47, 2, 0, 0, 0, 0, 0, 0, 0, 1, 1, 0, 0, 0, 1, 0, 0, 1, 2, 0, 0, 1, 1, 0, 0, 12, 8, 0, 0, 5, 1, 0, 0, 4, 1, 0, 0, 4, 5, 0, 0, 6, 5, 0, 0, 0, 1, 0, 0, 13, 1, 0, 0, 2, 1, 0, 0, 5, 8, 0, 0, 9, 7, 0, 0, 0, 1, 0, 0, 5, 2, 0, 0, 12, 5, 0, 0, 1, 0, 0, 0, 8, 0, 0, 0, 5, 0, 0, 0, 18, 0, 0, 0, 10, 0, 0, 0, 2, 0, 0, 0, 0, 0, 0, 0, 0, 0, 0, 0, 11, 0, 0, 0, 
48, 2, 0, 0, 0, 0, 0, 0, 0, 1, 0, 0, 0, 0, 1, 0, 0, 1, 0, 0, 0, 0, 1, 0, 0, 3, 1, 0, 0, 1, 3, 0, 0, 4, 2, 0, 0, 8, 3, 0, 0, 0, 0, 0, 0, 8, 2, 0, 0, 4, 6, 0, 0, 3, 3, 0, 0, 7, 6, 0, 0, 8, 3, 0, 0, 5, 2, 0, 0, 3, 6, 0, 0, 2, 0, 0, 0, 4, 0, 0, 0, 3, 0, 0, 0, 1, 0, 0, 0, 27, 0, 0, 0, 6, 0, 0, 0, 5, 0, 0, 0, 2, 0, 0, 0, 6, 0, 0, 0, 6, 0, 0, 0, 
49, 1, 1, 0, 0, 0, 1, 0, 0, 3, 0, 0, 0, 0, 4, 0, 0, 2, 4, 0, 0, 1, 0, 0, 0, 6, 2, 0, 0, 2, 4, 0, 0, 1, 0, 0, 0, 4, 2, 0, 0, 12, 4, 0, 0, 7, 2, 0, 0, 4, 3, 0, 0, 4, 2, 0, 0, 19, 5, 0, 0, 1, 1, 0, 0, 0, 0, 0, 0, 2, 3, 0, 0, 1, 4, 0, 0, 4, 0, 0, 0, 2, 0, 0, 0, 1, 0, 0, 0, 12, 0, 0, 0, 0, 0, 0, 0, 4, 0, 0, 0, 5, 0, 0, 0, 4, 0, 0, 0, 5, 0, 0, 0, 
50, 0, 1, 0, 0, 1, 0, 0, 0, 0, 0, 0, 0, 0, 0, 0, 0, 1, 3, 0, 0, 1, 0, 0, 0, 2, 2, 0, 0, 2, 5, 0, 0, 2, 0, 0, 0, 9, 4, 0, 0, 7, 0, 0, 0, 2, 1, 0, 0, 0, 1, 0, 0, 6, 2, 0, 0, 13, 1, 0, 0, 14, 2, 0, 0, 1, 0, 0, 0, 6, 8, 0, 0, 3, 1, 0, 0, 1, 0, 0, 0, 1, 0, 0, 0, 4, 0, 0, 0, 2, 0, 0, 0, 0, 0, 0, 0, 9, 0, 0, 0, 6, 0, 0, 0, 1, 0, 0, 0, 9, 0, 0, 0, 
51, 4, 0, 0, 0, 2, 3, 0, 0, 0, 0, 0, 0, 0, 1, 0, 0, 0, 1, 0, 0, 0, 0, 0, 0, 3, 1, 0, 0, 3, 0, 0, 0, 2, 3, 0, 0, 4, 2, 0, 0, 1, 1, 0, 0, 6, 3, 0, 0, 3, 1, 0, 0, 5, 4, 0, 0, 5, 3, 0, 0, 2, 1, 0, 0, 0, 1, 0, 0, 10, 6, 0, 0, 1, 2, 0, 0, 3, 0, 0, 0, 11, 0, 0, 0, 9, 0, 0, 0, 3, 0, 0, 0, 2, 0, 0, 0, 8, 0, 0, 0, 13, 0, 0, 0, 21, 0, 0, 0, 1, 0, 0, 0, 
52, 0, 0, 0, 0, 3, 0, 0, 0, 0, 1, 0, 0, 1, 0, 0, 0, 0, 2, 0, 0, 1, 2, 0, 0, 1, 4, 0, 0, 1, 4, 0, 0, 1, 0, 0, 0, 4, 5, 0, 0, 0, 0, 0, 0, 4, 0, 0, 0, 6, 7, 0, 0, 1, 1, 0, 0, 0, 0, 0, 0, 7, 1, 0, 0, 1, 0, 0, 0, 2, 1, 0, 0, 8, 3, 0, 0, 6, 0, 0, 0, 6, 0, 0, 0, 13, 0, 0, 0, 4, 0, 0, 0, 6, 0, 0, 0, 6, 0, 0, 0, 1, 0, 0, 0, 4, 0, 0, 0, 5, 0, 0, 0, 
53, 1, 3, 0, 0, 1, 1, 0, 0, 4, 0, 0, 0, 0, 0, 0, 0, 1, 0, 0, 0, 0, 0, 0, 0, 1, 2, 0, 0, 14, 10, 0, 0, 4, 10, 0, 0, 2, 3, 0, 0, 7, 9, 0, 0, 1, 1, 0, 0, 16, 3, 0, 0, 0, 3, 0, 0, 6, 5, 0, 0, 4, 2, 0, 0, 4, 0, 0, 0, 2, 2, 0, 0, 6, 1, 0, 0, 1, 0, 0, 0, 11, 0, 0, 0, 9, 0, 0, 0, 5, 0, 0, 0, 0, 0, 0, 0, 3, 0, 0, 0, 2, 0, 0, 0, 4, 0, 0, 0, 8, 0, 0, 0, 
54, 4, 1, 0, 0, 1, 0, 0, 0, 1, 1, 0, 0, 1, 1, 0, 0, 0, 1, 0, 0, 0, 0, 0, 0, 2, 1, 0, 0, 3, 4, 0, 0, 12, 7, 0, 0, 6, 3, 0, 0, 0, 0, 0, 0, 2, 3, 0, 0, 7, 3, 0, 0, 4, 2, 0, 0, 5, 4, 0, 0, 0, 1, 0, 0, 3, 1, 0, 0, 0, 2, 0, 0, 1, 2, 0, 0, 3, 0, 0, 0, 17, 0, 0, 0, 5, 0, 0, 0, 11, 0, 0, 0, 5, 0, 0, 0, 2, 0, 0, 0, 6, 0, 0, 0, 1, 0, 0, 0, 6, 0, 0, 0, 
55, 0, 0, 0, 0, 0, 0, 0, 0, 0, 1, 0, 0, 2, 0, 0, 0, 1, 0, 0, 0, 1, 4, 0, 0, 0, 1, 0, 0, 2, 1, 0, 0, 24, 5, 0, 0, 9, 1, 0, 0, 4, 0, 0, 0, 5, 2, 0, 0, 4, 3, 0, 0, 1, 1, 0, 0, 2, 2, 0, 0, 4, 0, 0, 0, 9, 6, 0, 0, 1, 0, 0, 0, 2, 2, 0, 0, 6, 0, 0, 0, 3, 0, 0, 0, 3, 0, 0, 0, 7, 0, 0, 0, 6, 0, 0, 0, 11, 0, 0, 0, 8, 0, 0, 0, 4, 0, 0, 0, 5, 0, 0, 0, 
56, 0, 1, 0, 0, 1, 1, 0, 0, 3, 4, 0, 0, 1, 1, 0, 0, 0, 0, 0, 0, 0, 0, 0, 0, 6, 8, 0, 0, 4, 4, 0, 0, 29, 8, 0, 0, 1, 0, 0, 0, 2, 0, 0, 0, 0, 1, 0, 0, 2, 0, 0, 0, 5, 4, 0, 0, 2, 0, 0, 0, 2, 7, 0, 0, 7, 13, 0, 0, 2, 0, 0, 0, 0, 0, 0, 0, 4, 0, 0, 0, 3, 0, 0, 0, 8, 0, 0, 0, 3, 0, 0, 0, 13, 0, 0, 0, 5, 0, 0, 0, 3, 0, 0, 0, 3, 0, 0, 0, 13, 0, 0, 0, 
57, 0, 2, 0, 0, 0, 0, 0, 0, 0, 0, 0, 0, 1, 0, 0, 0, 0, 2, 0, 0, 1, 1, 0, 0, 6, 2, 0, 0, 6, 1, 0, 0, 30, 11, 0, 0, 3, 3, 0, 0, 1, 1, 0, 0, 4, 1, 0, 0, 4, 3, 0, 0, 7, 3, 0, 0, 5, 1, 0, 0, 3, 2, 0, 0, 7, 10, 0, 0, 5, 4, 0, 0, 0, 0, 0, 0, 3, 0, 0, 0, 2, 0, 0, 0, 17, 0, 0, 0, 6, 0, 0, 0, 13, 0, 0, 0, 0, 0, 0, 0, 5, 0, 0, 0, 7, 0, 0, 0, 8, 0, 0, 0, 
58, 1, 0, 0, 0, 1, 1, 0, 0, 0, 1, 0, 0, 0, 0, 0, 0, 0, 1, 0, 0, 0, 0, 0, 0, 0, 1, 0, 0, 8, 2, 0, 0, 20, 5, 0, 0, 20, 7, 0, 0, 4, 1, 0, 0, 3, 2, 0, 0, 4, 4, 0, 0, 0, 2, 0, 0, 1, 1, 0, 0, 0, 0, 0, 0, 3, 1, 0, 0, 3, 1, 0, 0, 8, 0, 0, 0, 8, 0, 0, 0, 2, 0, 0, 0, 13, 0, 0, 0, 1, 0, 0, 0, 8, 0, 0, 0, 8, 0, 0, 0, 17, 0, 0, 0, 1, 0, 0, 0, 11, 0, 0, 0, 
59, 2, 0, 0, 0, 1, 0, 0, 0, 0, 1, 0, 0, 0, 0, 0, 0, 2, 1, 0, 0, 1, 0, 0, 0, 2, 4, 0, 0, 5, 1, 0, 0, 9, 6, 0, 0, 17, 4, 0, 0, 2, 1, 0, 0, 8, 8, 0, 0, 10, 6, 0, 0, 0, 0, 0, 0, 1, 4, 0, 0, 4, 2, 0, 0, 0, 2, 0, 0, 3, 6, 0, 0, 3, 1, 0, 0, 11, 0, 0, 0, 13, 0, 0, 0, 25, 0, 0, 0, 1, 0, 0, 0, 3, 0, 0, 0, 3, 0, 0, 0, 14, 0, 0, 0, 6, 0, 0, 0, 3, 0, 0, 0, 
60, 0, 0, 0, 0, 0, 4, 0, 0, 0, 1, 0, 0, 4, 1, 0, 0, 0, 1, 0, 0, 2, 0, 0, 0, 5, 0, 0, 0, 2, 1, 0, 0, 7, 5, 0, 0, 26, 2, 0, 0, 1, 0, 0, 0, 11, 8, 0, 0, 9, 9, 0, 0, 0, 1, 0, 0, 2, 3, 0, 0, 2, 2, 0, 0, 8, 3, 0, 0, 2, 1, 0, 0, 4, 5, 0, 0, 15, 0, 0, 0, 2, 0, 0, 0, 13, 0, 0, 0, 6, 0, 0, 0, 11, 0, 0, 0, 9, 0, 0, 0, 4, 0, 0, 0, 1, 0, 0, 0, 8, 0, 0, 0, 
61, 1, 0, 0, 0, 3, 1, 0, 0, 1, 2, 0, 0, 0, 2, 0, 0, 1, 0, 0, 0, 1, 1, 0, 0, 1, 1, 0, 0, 0, 3, 0, 0, 3, 2, 0, 0, 15, 4, 0, 0, 0, 6, 0, 0, 8, 6, 0, 0, 4, 10, 0, 0, 0, 1, 0, 0, 9, 10, 0, 0, 7, 6, 0, 0, 1, 0, 0, 0, 7, 4, 0, 0, 0, 1, 0, 0, 17, 0, 0, 0, 10, 0, 0, 0, 15, 0, 0, 0, 4, 0, 0, 0, 4, 0, 0, 0, 22, 0, 0, 0, 2, 0, 0, 0, 2, 0, 0, 0, 3, 0, 0, 0, 
62, 1, 0, 0, 0, 3, 0, 0, 0, 0, 1, 0, 0, 1, 1, 0, 0, 0, 0, 0, 0, 1, 1, 0, 0, 0, 0, 0, 0, 2, 2, 0, 0, 6, 4, 0, 0, 13, 3, 0, 0, 1, 1, 0, 0, 7, 4, 0, 0, 5, 8, 0, 0, 1, 1, 0, 0, 17, 9, 0, 0, 7, 9, 0, 0, 7, 0, 0, 0, 5, 3, 0, 0, 1, 2, 0, 0, 15, 0, 0, 0, 8, 0, 0, 0, 14, 0, 0, 0, 8, 0, 0, 0, 3, 0, 0, 0, 25, 0, 0, 0, 4, 0, 0, 0, 5, 0, 0, 0, 3, 0, 0, 0, 
63, 0, 3, 0, 0, 1, 0, 0, 0, 2, 0, 0, 0, 1, 0, 0, 0, 4, 0, 0, 0, 0, 0, 0, 0, 6, 2, 0, 0, 1, 3, 0, 0, 2, 0, 0, 0, 6, 10, 0, 0, 4, 2, 0, 0, 2, 4, 0, 0, 7, 10, 0, 0, 11, 3, 0, 0, 11, 10, 0, 0, 5, 6, 0, 0, 1, 0, 0, 0, 1, 1, 0, 0, 0, 1, 0, 0, 33, 0, 0, 0, 4, 0, 0, 0, 8, 0, 0, 0, 17, 0, 0, 0, 6, 0, 0, 0, 19, 0, 0, 0, 5, 0, 0, 0, 6, 0, 0, 0, 12, 0, 0, 0, 
64, 3, 3, 0, 0, 1, 1, 0, 0, 2, 1, 0, 0, 1, 0, 0, 0, 0, 0, 0, 0, 0, 1, 0, 0, 0, 1, 0, 0, 1, 2, 0, 0, 0, 1, 0, 0, 2, 4, 0, 0, 2, 3, 0, 0, 5, 4, 0, 0, 3, 3, 0, 0, 8, 5, 0, 0, 10, 17, 0, 0, 1, 1, 0, 0, 3, 1, 0, 0, 4, 6, 0, 0, 5, 2, 0, 0, 24, 0, 0, 0, 17, 0, 0, 0, 12, 0, 0, 0, 24, 0, 0, 0, 1, 0, 0, 0, 1, 0, 0, 0, 9, 0, 0, 0, 19, 0, 0, 0, 12, 0, 0, 0, 
65, 0, 0, 0, 0, 0, 3, 0, 0, 2, 0, 0, 0, 0, 0, 0, 0, 0, 1, 0, 0, 0, 0, 0, 0, 3, 7, 0, 0, 1, 4, 0, 0, 5, 8, 0, 0, 1, 0, 0, 0, 3, 2, 0, 0, 1, 1, 0, 0, 2, 0, 0, 0, 3, 3, 0, 0, 18, 10, 0, 0, 3, 5, 0, 0, 2, 2, 0, 0, 3, 0, 0, 0, 2, 2, 0, 0, 26, 0, 0, 0, 10, 0, 0, 0, 5, 0, 0, 0, 28, 0, 0, 0, 6, 0, 0, 0, 6, 0, 0, 0, 7, 0, 0, 0, 11, 0, 0, 0, 10, 0, 0, 0, 
66, 0, 1, 0, 0, 0, 0, 0, 0, 1, 3, 0, 0, 0, 0, 0, 0, 0, 0, 0, 0, 5, 1, 0, 0, 5, 3, 0, 0, 2, 1, 0, 0, 2, 3, 0, 0, 8, 2, 0, 0, 0, 0, 0, 0, 2, 4, 0, 0, 4, 0, 0, 0, 3, 2, 0, 0, 4, 12, 0, 0, 3, 1, 0, 0, 1, 0, 0, 0, 7, 1, 0, 0, 8, 0, 0, 0, 35, 0, 0, 0, 5, 0, 0, 0, 11, 0, 0, 0, 17, 0, 0, 0, 7, 0, 0, 0, 6, 0, 0, 0, 6, 0, 0, 0, 4, 0, 0, 0, 10, 0, 0, 0, 
67, 1, 1, 0, 0, 0, 0, 0, 0, 2, 1, 0, 0, 0, 0, 0, 0, 0, 0, 0, 0, 0, 1, 0, 0, 2, 4, 0, 0, 5, 2, 0, 0, 5, 0, 0, 0, 4, 5, 0, 0, 1, 1, 0, 0, 1, 0, 0, 0, 1, 5, 0, 0, 7, 6, 0, 0, 0, 3, 0, 0, 1, 0, 0, 0, 3, 0, 0, 0, 6, 3, 0, 0, 10, 1, 0, 0, 38, 0, 0, 0, 17, 0, 0, 0, 17, 0, 0, 0, 10, 0, 0, 0, 5, 0, 0, 0, 4, 0, 0, 0, 15, 0, 0, 0, 13, 0, 0, 0, 7, 0, 0, 0, 
68, 2, 3, 0, 0, 0, 0, 0, 0, 1, 2, 0, 0, 0, 1, 0, 0, 0, 0, 0, 0, 1, 1, 0, 0, 3, 3, 0, 0, 13, 2, 0, 0, 1, 1, 0, 0, 3, 3, 0, 0, 1, 0, 0, 0, 10, 1, 0, 0, 5, 2, 0, 0, 3, 2, 0, 0, 3, 2, 0, 0, 0, 2, 0, 0, 2, 2, 0, 0, 10, 4, 0, 0, 3, 0, 0, 0, 24, 0, 0, 0, 9, 0, 0, 0, 4, 0, 0, 0, 8, 0, 0, 0, 4, 0, 0, 0, 14, 0, 0, 0, 13, 0, 0, 0, 14, 0, 0, 0, 15, 0, 0, 0, 
69, 1, 1, 0, 0, 3, 0, 0, 0, 1, 1, 0, 0, 1, 1, 0, 0, 0, 0, 0, 0, 0, 2, 0, 0, 2, 0, 0, 0, 3, 4, 0, 0, 4, 1, 0, 0, 8, 4, 0, 0, 2, 6, 0, 0, 1, 0, 0, 0, 2, 0, 0, 0, 2, 0, 0, 0, 3, 4, 0, 0, 0, 0, 0, 0, 0, 0, 0, 0, 1, 2, 0, 0, 5, 5, 0, 0, 18, 0, 0, 0, 4, 0, 0, 0, 6, 0, 0, 0, 5, 0, 0, 0, 6, 0, 0, 0, 2, 0, 0, 0, 12, 0, 0, 0, 4, 0, 0, 0, 17, 0, 0, 0, 
70, 4, 3, 0, 0, 0, 1, 0, 0, 3, 1, 0, 0, 1, 0, 0, 0, 0, 0, 0, 0, 0, 1, 0, 0, 0, 1, 0, 0, 2, 4, 0, 0, 7, 8, 0, 0, 2, 0, 0, 0, 4, 1, 0, 0, 0, 4, 0, 0, 2, 2, 0, 0, 0, 1, 0, 0, 5, 6, 0, 0, 0, 0, 0, 0, 2, 3, 0, 0, 10, 0, 0, 0, 2, 1, 0, 0, 14, 0, 0, 0, 9, 0, 0, 0, 2, 0, 0, 0, 4, 0, 0, 0, 16, 0, 0, 0, 1, 0, 0, 0, 3, 0, 0, 0, 8, 0, 0, 0, 15, 0, 0, 0, 
71, 1, 0, 0, 0, 0, 1, 0, 0, 1, 0, 0, 0, 0, 2, 0, 0, 0, 0, 0, 0, 0, 1, 0, 0, 3, 3, 0, 0, 4, 3, 0, 0, 14, 6, 0, 0, 4, 7, 0, 0, 2, 1, 0, 0, 2, 2, 0, 0, 4, 4, 0, 0, 1, 3, 0, 0, 10, 0, 0, 0, 11, 6, 0, 0, 3, 4, 0, 0, 1, 1, 0, 0, 3, 3, 0, 0, 1, 0, 0, 0, 1, 0, 0, 0, 20, 0, 0, 0, 6, 0, 0, 0, 5, 0, 0, 0, 5, 0, 0, 0, 2, 0, 0, 0, 10, 0, 0, 0, 11, 0, 0, 0, 
72, 0, 0, 0, 0, 2, 0, 0, 0, 0, 1, 0, 0, 0, 0, 0, 0, 1, 0, 0, 0, 2, 0, 0, 0, 2, 3, 0, 0, 4, 6, 0, 0, 1, 4, 0, 0, 15, 1, 0, 0, 1, 1, 0, 0, 7, 5, 0, 0, 9, 10, 0, 0, 3, 3, 0, 0, 3, 0, 0, 0, 5, 5, 0, 0, 1, 0, 0, 0, 1, 2, 0, 0, 6, 1, 0, 0, 6, 0, 0, 0, 0, 0, 0, 0, 25, 0, 0, 0, 15, 0, 0, 0, 15, 0, 0, 0, 20, 0, 0, 0, 6, 0, 0, 0, 4, 0, 0, 0, 19, 0, 0, 0, 
73, 3, 0, 0, 0, 0, 0, 0, 0, 0, 0, 0, 0, 1, 0, 0, 0, 0, 0, 0, 0, 0, 0, 0, 0, 8, 2, 0, 0, 1, 0, 0, 0, 0, 1, 0, 0, 5, 1, 0, 0, 0, 0, 0, 0, 12, 1, 0, 0, 7, 4, 0, 0, 8, 2, 0, 0, 4, 3, 0, 0, 0, 0, 0, 0, 2, 4, 0, 0, 16, 12, 0, 0, 0, 1, 0, 0, 18, 0, 0, 0, 2, 0, 0, 0, 18, 0, 0, 0, 22, 0, 0, 0, 6, 0, 0, 0, 17, 0, 0, 0, 6, 0, 0, 0, 5, 0, 0, 0, 30, 0, 0, 0, 
74, 1, 0, 0, 0, 0, 0, 0, 0, 3, 2, 0, 0, 1, 0, 0, 0, 1, 0, 0, 0, 1, 0, 0, 0, 5, 4, 0, 0, 2, 3, 0, 0, 4, 1, 0, 0, 2, 0, 0, 0, 3, 14, 0, 0, 10, 1, 0, 0, 3, 6, 0, 0, 6, 4, 0, 0, 3, 1, 0, 0, 2, 5, 0, 0, 8, 6, 0, 0, 25, 5, 0, 0, 0, 0, 0, 0, 12, 0, 0, 0, 2, 0, 0, 0, 22, 0, 0, 0, 18, 0, 0, 0, 1, 0, 0, 0, 1, 0, 0, 0, 13, 0, 0, 0, 21, 0, 0, 0, 23, 0, 0, 0, 
75, 0, 0, 0, 0, 0, 0, 0, 0, 2, 0, 0, 0, 2, 2, 0, 0, 0, 0, 0, 0, 0, 0, 0, 0, 3, 5, 0, 0, 1, 0, 0, 0, 4, 6, 0, 0, 22, 1, 0, 0, 1, 2, 0, 0, 4, 6, 0, 0, 6, 5, 0, 0, 3, 2, 0, 0, 2, 2, 0, 0, 10, 9, 0, 0, 1, 2, 0, 0, 19, 7, 0, 0, 1, 2, 0, 0, 20, 0, 0, 0, 0, 0, 0, 0, 29, 0, 0, 0, 10, 0, 0, 0, 2, 0, 0, 0, 2, 0, 0, 0, 5, 0, 0, 0, 30, 0, 0, 0, 24, 0, 0, 0, 
76, 1, 0, 0, 0, 0, 2, 0, 0, 1, 1, 0, 0, 0, 0, 0, 0, 1, 1, 0, 0, 0, 0, 0, 0, 10, 5, 0, 0, 8, 1, 0, 0, 21, 7, 0, 0, 18, 1, 0, 0, 0, 0, 0, 0, 1, 3, 0, 0, 4, 7, 0, 0, 0, 0, 0, 0, 0, 0, 0, 0, 0, 0, 0, 0, 6, 2, 0, 0, 21, 5, 0, 0, 5, 3, 0, 0, 24, 0, 0, 0, 2, 0, 0, 0, 19, 0, 0, 0, 8, 0, 0, 0, 0, 0, 0, 0, 5, 0, 0, 0, 9, 0, 0, 0, 27, 0, 0, 0, 25, 0, 0, 0, 
77, 0, 2, 0, 0, 1, 2, 0, 0, 0, 0, 0, 0, 1, 0, 0, 0, 0, 0, 0, 0, 1, 0, 0, 0, 11, 7, 0, 0, 12, 3, 0, 0, 22, 6, 0, 0, 8, 1, 0, 0, 6, 4, 0, 0, 1, 0, 0, 0, 4, 2, 0, 0, 6, 0, 0, 0, 1, 0, 0, 0, 5, 7, 0, 0, 8, 7, 0, 0, 11, 8, 0, 0, 1, 1, 0, 0, 28, 0, 0, 0, 4, 0, 0, 0, 24, 0, 0, 0, 8, 0, 0, 0, 3, 0, 0, 0, 1, 0, 0, 0, 0, 0, 0, 0, 39, 0, 0, 0, 19, 0, 0, 0, 
78, 1, 0, 0, 0, 0, 0, 0, 0, 2, 3, 0, 0, 0, 1, 0, 0, 0, 0, 0, 0, 1, 0, 0, 0, 13, 16, 0, 0, 6, 2, 0, 0, 13, 4, 0, 0, 3, 2, 0, 0, 14, 5, 0, 0, 1, 0, 0, 0, 2, 3, 0, 0, 2, 4, 0, 0, 1, 0, 0, 0, 3, 5, 0, 0, 9, 5, 0, 0, 4, 6, 0, 0, 2, 3, 0, 0, 23, 0, 0, 0, 12, 0, 0, 0, 24, 0, 0, 0, 3, 0, 0, 0, 5, 0, 0, 0, 5, 0, 0, 0, 2, 0, 0, 0, 37, 0, 0, 0, 15, 0, 0, 0, 
79, 1, 1, 0, 0, 0, 1, 0, 0, 0, 1, 0, 0, 1, 0, 0, 0, 0, 0, 0, 0, 2, 0, 0, 0, 1, 2, 0, 0, 4, 9, 0, 0, 14, 5, 0, 0, 7, 4, 0, 0, 12, 9, 0, 0, 1, 3, 0, 0, 0, 2, 0, 0, 3, 4, 0, 0, 1, 0, 0, 0, 10, 4, 0, 0, 11, 4, 0, 0, 5, 8, 0, 0, 2, 1, 0, 0, 15, 0, 0, 0, 6, 0, 0, 0, 15, 0, 0, 0, 5, 0, 0, 0, 2, 0, 0, 0, 18, 0, 0, 0, 2, 0, 0, 0, 42, 0, 0, 0, 17, 0, 0, 0, 
80, 2, 2, 0, 0, 0, 0, 0, 0, 0, 1, 0, 0, 0, 0, 0, 0, 0, 0, 0, 0, 1, 1, 0, 0, 1, 0, 0, 0, 3, 0, 0, 0, 4, 6, 0, 0, 1, 0, 0, 0, 11, 8, 0, 0, 14, 4, 0, 0, 0, 0, 0, 0, 0, 2, 0, 0, 2, 1, 0, 0, 1, 0, 0, 0, 11, 3, 0, 0, 14, 9, 0, 0, 3, 4, 0, 0, 10, 0, 0, 0, 8, 0, 0, 0, 35, 0, 0, 0, 1, 0, 0, 0, 0, 0, 0, 0, 13, 0, 0, 0, 3, 0, 0, 0, 47, 0, 0, 0, 9, 0, 0, 0, 
81, 0, 0, 0, 0, 7, 0, 0, 0, 1, 1, 0, 0, 0, 1, 0, 0, 0, 1, 0, 0, 0, 2, 0, 0, 4, 0, 0, 0, 0, 0, 0, 0, 1, 1, 0, 0, 4, 1, 0, 0, 2, 4, 0, 0, 10, 13, 0, 0, 4, 4, 0, 0, 2, 1, 0, 0, 7, 1, 0, 0, 0, 2, 0, 0, 1, 1, 0, 0, 6, 4, 0, 0, 5, 4, 0, 0, 10, 0, 0, 0, 25, 0, 0, 0, 41, 0, 0, 0, 5, 0, 0, 0, 3, 0, 0, 0, 0, 0, 0, 0, 2, 0, 0, 0, 54, 0, 0, 0, 20, 0, 0, 0, 
82, 1, 0, 0, 0, 1, 0, 0, 0, 0, 1, 0, 0, 1, 2, 0, 0, 1, 1, 0, 0, 1, 0, 0, 0, 3, 1, 0, 0, 0, 0, 0, 0, 3, 0, 0, 0, 1, 2, 0, 0, 9, 2, 0, 0, 14, 8, 0, 0, 0, 0, 0, 0, 3, 7, 0, 0, 2, 6, 0, 0, 0, 1, 0, 0, 0, 0, 0, 0, 4, 9, 0, 0, 8, 3, 0, 0, 1, 0, 0, 0, 16, 0, 0, 0, 41, 0, 0, 0, 3, 0, 0, 0, 4, 0, 0, 0, 6, 0, 0, 0, 0, 0, 0, 0, 50, 0, 0, 0, 32, 0, 0, 0, 
83, 0, 1, 0, 0, 1, 1, 0, 0, 1, 0, 0, 0, 1, 2, 0, 0, 0, 0, 0, 0, 1, 2, 0, 0, 5, 1, 0, 0, 2, 1, 0, 0, 1, 1, 0, 0, 0, 0, 0, 0, 5, 4, 0, 0, 0, 0, 0, 0, 5, 3, 0, 0, 4, 10, 0, 0, 7, 1, 0, 0, 5, 5, 0, 0, 1, 1, 0, 0, 3, 1, 0, 0, 2, 3, 0, 0, 2, 0, 0, 0, 12, 0, 0, 0, 37, 0, 0, 0, 7, 0, 0, 0, 5, 0, 0, 0, 6, 0, 0, 0, 7, 0, 0, 0, 53, 0, 0, 0, 8, 0, 0, 0, 
84, 0, 2, 0, 0, 0, 0, 0, 0, 0, 2, 0, 0, 1, 1, 0, 0, 0, 1, 0, 0, 0, 0, 0, 0, 4, 1, 0, 0, 2, 2, 0, 0, 1, 0, 0, 0, 6, 6, 0, 0, 1, 0, 0, 0, 2, 3, 0, 0, 1, 0, 0, 0, 1, 1, 0, 0, 3, 4, 0, 0, 18, 1, 0, 0, 3, 1, 0, 0, 12, 1, 0, 0, 2, 1, 0, 0, 6, 0, 0, 0, 2, 0, 0, 0, 29, 0, 0, 0, 13, 0, 0, 0, 7, 0, 0, 0, 10, 0, 0, 0, 6, 0, 0, 0, 46, 0, 0, 0, 4, 0, 0, 0, 
85, 1, 0, 0, 0, 0, 2, 0, 0, 0, 0, 0, 0, 1, 0, 0, 0, 1, 1, 0, 0, 0, 0, 0, 0, 1, 1, 0, 0, 7, 5, 0, 0, 8, 2, 0, 0, 2, 1, 0, 0, 2, 2, 0, 0, 1, 1, 0, 0, 2, 1, 0, 0, 0, 1, 0, 0, 5, 5, 0, 0, 4, 5, 0, 0, 3, 1, 0, 0, 0, 0, 0, 0, 2, 2, 0, 0, 9, 0, 0, 0, 2, 0, 0, 0, 23, 0, 0, 0, 1, 0, 0, 0, 1, 0, 0, 0, 6, 0, 0, 0, 2, 0, 0, 0, 56, 0, 0, 0, 2, 0, 0, 0, 
86, 1, 1, 0, 0, 1, 0, 0, 0, 0, 0, 0, 0, 0, 0, 0, 0, 4, 1, 0, 0, 0, 0, 0, 0, 1, 0, 0, 0, 3, 7, 0, 0, 0, 1, 0, 0, 9, 4, 0, 0, 6, 4, 0, 0, 10, 3, 0, 0, 5, 2, 0, 0, 1, 1, 0, 0, 1, 0, 0, 0, 1, 1, 0, 0, 0, 0, 0, 0, 6, 4, 0, 0, 3, 3, 0, 0, 11, 0, 0, 0, 9, 0, 0, 0, 20, 0, 0, 0, 1, 0, 0, 0, 12, 0, 0, 0, 9, 0, 0, 0, 2, 0, 0, 0, 55, 0, 0, 0, 6, 0, 0, 0, 
87, 1, 0, 0, 0, 2, 1, 0, 0, 1, 1, 0, 0, 0, 0, 0, 0, 2, 3, 0, 0, 1, 0, 0, 0, 2, 3, 0, 0, 0, 1, 0, 0, 17, 7, 0, 0, 1, 0, 0, 0, 7, 4, 0, 0, 9, 3, 0, 0, 2, 3, 0, 0, 1, 0, 0, 0, 0, 1, 0, 0, 4, 1, 0, 0, 8, 1, 0, 0, 4, 10, 0, 0, 7, 0, 0, 0, 17, 0, 0, 0, 3, 0, 0, 0, 15, 0, 0, 0, 0, 0, 0, 0, 9, 0, 0, 0, 0, 0, 0, 0, 2, 0, 0, 0, 59, 0, 0, 0, 5, 0, 0, 0, 
88, 1, 1, 0, 0, 1, 1, 0, 0, 1, 1, 0, 0, 0, 0, 0, 0, 0, 0, 0, 0, 0, 0, 0, 0, 4, 3, 0, 0, 5, 4, 0, 0, 4, 11, 0, 0, 5, 1, 0, 0, 2, 0, 0, 0, 4, 2, 0, 0, 8, 0, 0, 0, 4, 2, 0, 0, 3, 4, 0, 0, 6, 5, 0, 0, 4, 6, 0, 0, 9, 7, 0, 0, 0, 2, 0, 0, 11, 0, 0, 0, 1, 0, 0, 0, 12, 0, 0, 0, 3, 0, 0, 0, 1, 0, 0, 0, 6, 0, 0, 0, 7, 0, 0, 0, 53, 0, 0, 0, 9, 0, 0, 0, 
89, 2, 0, 0, 0, 0, 1, 0, 0, 0, 1, 0, 0, 0, 2, 0, 0, 0, 2, 0, 0, 0, 0, 0, 0, 0, 0, 0, 0, 3, 1, 0, 0, 3, 6, 0, 0, 7, 5, 0, 0, 2, 0, 0, 0, 2, 1, 0, 0, 0, 2, 0, 0, 0, 0, 0, 0, 4, 5, 0, 0, 0, 2, 0, 0, 5, 1, 0, 0, 9, 15, 0, 0, 5, 2, 0, 0, 7, 0, 0, 0, 5, 0, 0, 0, 6, 0, 0, 0, 6, 0, 0, 0, 2, 0, 0, 0, 10, 0, 0, 0, 6, 0, 0, 0, 61, 0, 0, 0, 1, 0, 0, 0, 
90, 0, 1, 0, 0, 0, 1, 0, 0, 0, 0, 0, 0, 0, 4, 0, 0, 1, 0, 0, 0, 1, 1, 0, 0, 1, 0, 0, 0, 5, 2, 0, 0, 3, 1, 0, 0, 11, 8, 0, 0, 3, 6, 0, 0, 13, 1, 0, 0, 7, 4, 0, 0, 4, 4, 0, 0, 1, 3, 0, 0, 3, 2, 0, 0, 2, 3, 0, 0, 7, 9, 0, 0, 4, 1, 0, 0, 0, 0, 0, 0, 18, 0, 0, 0, 6, 0, 0, 0, 10, 0, 0, 0, 0, 0, 0, 0, 13, 0, 0, 0, 8, 0, 0, 0, 47, 0, 0, 0, 3, 0, 0, 0, 
91, 1, 0, 0, 0, 0, 1, 0, 0, 3, 1, 0, 0, 0, 1, 0, 0, 1, 1, 0, 0, 0, 0, 0, 0, 2, 1, 0, 0, 15, 7, 0, 0, 9, 9, 0, 0, 2, 6, 0, 0, 1, 3, 0, 0, 13, 8, 0, 0, 1, 0, 0, 0, 2, 0, 0, 0, 13, 0, 0, 0, 4, 3, 0, 0, 3, 3, 0, 0, 8, 3, 0, 0, 2, 3, 0, 0, 10, 0, 0, 0, 12, 0, 0, 0, 1, 0, 0, 0, 10, 0, 0, 0, 3, 0, 0, 0, 7, 0, 0, 0, 3, 0, 0, 0, 48, 0, 0, 0, 0, 0, 0, 0, 
92, 0, 0, 0, 0, 0, 0, 0, 0, 2, 1, 0, 0, 0, 2, 0, 0, 0, 0, 0, 0, 0, 0, 0, 0, 2, 1, 0, 0, 3, 1, 0, 0, 9, 6, 0, 0, 1, 1, 0, 0, 3, 3, 0, 0, 13, 1, 0, 0, 0, 1, 0, 0, 7, 0, 0, 0, 13, 8, 0, 0, 2, 5, 0, 0, 1, 0, 0, 0, 4, 0, 0, 0, 0, 1, 0, 0, 22, 0, 0, 0, 2, 0, 0, 0, 3, 0, 0, 0, 2, 0, 0, 0, 21, 0, 0, 0, 17, 0, 0, 0, 6, 0, 0, 0, 31, 0, 0, 0, 11, 0, 0, 0, 
93, 1, 0, 0, 0, 1, 2, 0, 0, 0, 0, 0, 0, 0, 1, 0, 0, 1, 0, 0, 0, 1, 0, 0, 0, 4, 2, 0, 0, 0, 0, 0, 0, 9, 4, 0, 0, 3, 4, 0, 0, 1, 3, 0, 0, 23, 7, 0, 0, 11, 0, 0, 0, 0, 1, 0, 0, 11, 5, 0, 0, 2, 9, 0, 0, 4, 0, 0, 0, 8, 3, 0, 0, 0, 1, 0, 0, 10, 0, 0, 0, 11, 0, 0, 0, 12, 0, 0, 0, 0, 0, 0, 0, 15, 0, 0, 0, 22, 0, 0, 0, 13, 0, 0, 0, 37, 0, 0, 0, 3, 0, 0, 0, 
94, 0, 5, 0, 0, 0, 0, 0, 0, 3, 2, 0, 0, 1, 1, 0, 0, 1, 0, 0, 0, 0, 0, 0, 0, 5, 0, 0, 0, 5, 3, 0, 0, 2, 3, 0, 0, 0, 0, 0, 0, 1, 3, 0, 0, 32, 6, 0, 0, 4, 0, 0, 0, 1, 0, 0, 0, 0, 0, 0, 0, 8, 3, 0, 0, 5, 11, 0, 0, 13, 0, 0, 0, 1, 2, 0, 0, 12, 0, 0, 0, 5, 0, 0, 0, 19, 0, 0, 0, 9, 0, 0, 0, 18, 0, 0, 0, 9, 0, 0, 0, 8, 0, 0, 0, 33, 0, 0, 0, 0, 0, 0, 0, 
95, 2, 0, 0, 0, 4, 2, 0, 0, 0, 0, 0, 0, 0, 0, 0, 0, 0, 0, 0, 0, 3, 0, 0, 0, 1, 3, 0, 0, 2, 2, 0, 0, 3, 1, 0, 0, 5, 3, 0, 0, 1, 0, 0, 0, 27, 6, 0, 0, 3, 5, 0, 0, 1, 1, 0, 0, 6, 0, 0, 0, 11, 7, 0, 0, 21, 4, 0, 0, 20, 2, 0, 0, 1, 1, 0, 0, 1, 0, 0, 0, 5, 0, 0, 0, 30, 0, 0, 0, 3, 0, 0, 0, 11, 0, 0, 0, 6, 0, 0, 0, 5, 0, 0, 0, 30, 0, 0, 0, 0, 0, 0, 0, 
96, 1, 1, 0, 0, 0, 0, 0, 0, 0, 0, 0, 0, 4, 2, 0, 0, 1, 0, 0, 0, 1, 0, 0, 0, 6, 2, 0, 0, 0, 0, 0, 0, 3, 2, 0, 0, 5, 4, 0, 0, 1, 0, 0, 0, 24, 8, 0, 0, 5, 4, 0, 0, 3, 2, 0, 0, 3, 3, 0, 0, 6, 4, 0, 0, 10, 4, 0, 0, 34, 0, 0, 0, 5, 6, 0, 0, 11, 0, 0, 0, 11, 0, 0, 0, 36, 0, 0, 0, 5, 0, 0, 0, 9, 0, 0, 0, 2, 0, 0, 0, 6, 0, 0, 0, 36, 0, 0, 0, 4, 0, 0, 0, 
97, 2, 0, 0, 0, 1, 1, 0, 0, 0, 1, 0, 0, 2, 1, 0, 0, 0, 1, 0, 0, 1, 1, 0, 0, 2, 2, 0, 0, 10, 7, 0, 0, 1, 1, 0, 0, 5, 2, 0, 0, 10, 1, 0, 0, 30, 3, 0, 0, 5, 4, 0, 0, 3, 0, 0, 0, 6, 3, 0, 0, 4, 4, 0, 0, 2, 2, 0, 0, 21, 3, 0, 0, 0, 1, 0, 0, 9, 0, 0, 0, 2, 0, 0, 0, 41, 0, 0, 0, 3, 0, 0, 0, 15, 0, 0, 0, 6, 0, 0, 0, 3, 0, 0, 0, 31, 0, 0, 0, 4, 0, 0, 0, 
98, 0, 0, 0, 0, 0, 1, 0, 0, 2, 0, 0, 0, 0, 0, 0, 0, 1, 0, 0, 0, 1, 0, 0, 0, 2, 2, 0, 0, 2, 0, 0, 0, 1, 4, 0, 0, 9, 9, 0, 0, 9, 1, 0, 0, 10, 4, 0, 0, 12, 10, 0, 0, 4, 4, 0, 0, 7, 5, 0, 0, 2, 0, 0, 0, 1, 1, 0, 0, 13, 1, 0, 0, 1, 1, 0, 0, 15, 0, 0, 0, 14, 0, 0, 0, 27, 0, 0, 0, 12, 0, 0, 0, 9, 0, 0, 0, 8, 0, 0, 0, 5, 0, 0, 0, 19, 0, 0, 0, 27, 0, 0, 0, 
99, 0, 1, 0, 0, 1, 2, 0, 0, 0, 1, 0, 0, 0, 0, 0, 0, 1, 1, 0, 0, 1, 0, 0, 0, 1, 1, 0, 0, 2, 5, 0, 0, 9, 6, 0, 0, 1, 2, 0, 0, 4, 0, 0, 0, 7, 7, 0, 0, 8, 6, 0, 0, 4, 5, 0, 0, 3, 2, 0, 0, 7, 2, 0, 0, 5, 1, 0, 0, 20, 2, 0, 0, 7, 2, 0, 0, 20, 0, 0, 0, 7, 0, 0, 0, 17, 0, 0, 0, 2, 0, 0, 0, 8, 0, 0, 0, 0, 0, 0, 0, 2, 0, 0, 0, 13, 0, 0, 0, 24, 0, 0, 0, 