0, 2, 0, 0, 0, 0, 1, 0, 0, 0, 1, 0, 0, 0, 0, 0, 0, 0, 1, 0, 0, 0, 0, 0, 0, 1, 1, 0, 0, 0, 3, 0, 0, 2, 1, 0, 0, 3, 0, 0, 0, 2, 2, 0, 0, 9, 10, 0, 0, 0, 0, 0, 0, 2, 0, 0, 0, 0, 2, 0, 0, 5, 5, 0, 0, 3, 2, 0, 0, 0, 1, 0, 0, 5, 6, 0, 0, 9, 0, 0, 0, 5, 0, 0, 0, 9, 0, 0, 0, 1, 0, 0, 0, 0, 0, 0, 0, 0, 0, 0, 0, 1, 0, 0, 0, 5, 0, 0, 0, 2, 0, 0, 0, 
1, 1, 0, 0, 0, 1, 0, 0, 0, 0, 1, 0, 0, 1, 1, 0, 0, 0, 0, 0, 0, 0, 2, 0, 0, 0, 0, 0, 0, 2, 7, 0, 0, 0, 3, 0, 0, 3, 2, 0, 0, 2, 0, 0, 0, 11, 7, 0, 0, 6, 2, 0, 0, 6, 5, 0, 0, 0, 0, 0, 0, 2, 1, 0, 0, 1, 0, 0, 0, 1, 1, 0, 0, 2, 2, 0, 0, 3, 0, 0, 0, 3, 0, 0, 0, 5, 0, 0, 0, 0, 0, 0, 0, 2, 0, 0, 0, 4, 0, 0, 0, 2, 0, 0, 0, 4, 0, 0, 0, 2, 0, 0, 0, 
2, 1, 0, 0, 0, 0, 0, 0, 0, 1, 0, 0, 0, 1, 2, 0, 0, 0, 0, 0, 0, 0, 3, 0, 0, 2, 1, 0, 0, 1, 3, 0, 0, 1, 2, 0, 0, 4, 7, 0, 0, 1, 1, 0, 0, 0, 1, 0, 0, 1, 0, 0, 0, 2, 1, 0, 0, 1, 2, 0, 0, 4, 2, 0, 0, 4, 3, 0, 0, 1, 0, 0, 0, 1, 1, 0, 0, 2, 0, 0, 0, 0, 0, 0, 0, 2, 0, 0, 0, 3, 0, 0, 0, 1, 0, 0, 0, 2, 0, 0, 0, 3, 0, 0, 0, 9, 0, 0, 0, 3, 0, 0, 0, 
3, 0, 1, 0, 0, 2, 0, 0, 0, 0, 0, 0, 0, 2, 1, 0, 0, 2, 3, 0, 0, 0, 2, 0, 0, 6, 1, 0, 0, 7, 8, 0, 0, 0, 0, 0, 0, 1, 3, 0, 0, 1, 3, 0, 0, 0, 1, 0, 0, 5, 6, 0, 0, 0, 5, 0, 0, 6, 0, 0, 0, 2, 1, 0, 0, 19, 3, 0, 0, 8, 0, 0, 0, 8, 6, 0, 0, 4, 0, 0, 0, 9, 0, 0, 0, 1, 0, 0, 0, 0, 0, 0, 0, 13, 0, 0, 0, 2, 0, 0, 0, 4, 0, 0, 0, 0, 0, 0, 0, 11, 0, 0, 0, 
4, 4, 0, 0, 0, 1, 0, 0, 0, 0, 0, 0, 0, 0, 0, 0, 0, 0, 2, 0, 0, 1, 0, 0, 0, 9, 8, 0, 0, 7, 5, 0, 0, 0, 0, 0, 0, 0, 1, 0, 0, 2, 0, 0, 0, 1, 2, 0, 0, 1, 1, 0, 0, 1, 1, 0, 0, 21, 5, 0, 0, 7, 2, 0, 0, 25, 3, 0, 0, 3, 5, 0, 0, 7, 4, 0, 0, 9, 0, 0, 0, 1, 0, 0, 0, 11, 0, 0, 0, 4, 0, 0, 0, 13, 0, 0, 0, 5, 0, 0, 0, 9, 0, 0, 0, 10, 0, 0, 0, 19, 0, 0, 0, 
5, 0, 0, 0, 0, 1, 0, 0, 0, 2, 1, 0, 0, 0, 2, 0, 0, 1, 1, 0, 0, 1, 1, 0, 0, 15, 10, 0, 0, 12, 7, 0, 0, 1, 3, 0, 0, 3, 2, 0, 0, 2, 5, 0, 0, 4, 5, 0, 0, 0, 6, 0, 0, 1, 1, 0, 0, 20, 9, 0, 0, 0, 1, 0, 0, 17, 2, 0, 0, 3, 5, 0, 0, 7, 4, 0, 0, 15, 0, 0, 0, 5, 0, 0, 0, 1, 0, 0, 0, 6, 0, 0, 0, 5, 0, 0, 0, 6, 0, 0, 0, 18, 0, 0, 0, 17, 0, 0, 0, 14, 0, 0, 0, 
6, 0, 0, 0, 0, 4, 0, 0, 0, 1, 0, 0, 0, 1, 0, 0, 0, 2, 1, 0, 0, 2, 1, 0, 0, 13, 9, 0, 0, 8, 4, 0, 0, 0, 2, 0, 0, 3, 2, 0, 0, 10, 5, 0, 0, 14, 11, 0, 0, 1, 3, 0, 0, 1, 1, 0, 0, 14, 10, 0, 0, 1, 0, 0, 0, 6, 2, 0, 0, 8, 6, 0, 0, 2, 0, 0, 0, 21, 0, 0, 0, 10, 0, 0, 0, 2, 0, 0, 0, 6, 0, 0, 0, 0, 0, 0, 0, 6, 0, 0, 0, 13, 0, 0, 0, 28, 0, 0, 0, 9, 0, 0, 0, 
7, 1, 1, 0, 0, 0, 0, 0, 0, 1, 0, 0, 0, 1, 0, 0, 0, 1, 1, 0, 0, 1, 1, 0, 0, 2, 5, 0, 0, 13, 13, 0, 0, 7, 3, 0, 0, 0, 0, 0, 0, 16, 8, 0, 0, 21, 8, 0, 0, 1, 4, 0, 0, 4, 1, 0, 0, 9, 6, 0, 0, 2, 2, 0, 0, 1, 1, 0, 0, 25, 5, 0, 0, 2, 3, 0, 0, 35, 0, 0, 0, 0, 0, 0, 0, 8, 0, 0, 0, 3, 0, 0, 0, 3, 0, 0, 0, 13, 0, 0, 0, 14, 0, 0, 0, 21, 0, 0, 0, 3, 0, 0, 0, 
8, 0, 0, 0, 0, 0, 0, 0, 0, 0, 0, 0, 0, 1, 0, 0, 0, 1, 0, 0, 0, 0, 0, 0, 0, 15, 5, 0, 0, 17, 22, 0, 0, 2, 1, 0, 0, 6, 2, 0, 0, 19, 7, 0, 0, 9, 7, 0, 0, 2, 3, 0, 0, 1, 1, 0, 0, 12, 5, 0, 0, 1, 5, 0, 0, 7, 5, 0, 0, 28, 2, 0, 0, 5, 2, 0, 0, 23, 0, 0, 0, 5, 0, 0, 0, 3, 0, 0, 0, 11, 0, 0, 0, 7, 0, 0, 0, 24, 0, 0, 0, 13, 0, 0, 0, 33, 0, 0, 0, 9, 0, 0, 0, 
9, 1, 0, 0, 0, 3, 1, 0, 0, 0, 0, 0, 0, 0, 0, 0, 0, 0, 0, 0, 0, 3, 0, 0, 0, 15, 2, 0, 0, 20, 26, 0, 0, 7, 5, 0, 0, 3, 1, 0, 0, 18, 5, 0, 0, 4, 1, 0, 0, 1, 0, 0, 0, 2, 6, 0, 0, 9, 8, 0, 0, 2, 6, 0, 0, 8, 14, 0, 0, 10, 6, 0, 0, 5, 6, 0, 0, 44, 0, 0, 0, 2, 0, 0, 0, 3, 0, 0, 0, 3, 0, 0, 0, 1, 0, 0, 0, 35, 0, 0, 0, 15, 0, 0, 0, 13, 0, 0, 0, 4, 0, 0, 0, 
10, 1, 1, 0, 0, 0, 0, 0, 0, 1, 4, 0, 0, 0, 1, 0, 0, 0, 1, 0, 0, 1, 0, 0, 0, 9, 3, 0, 0, 26, 20, 0, 0, 5, 3, 0, 0, 3, 0, 0, 0, 28, 7, 0, 0, 2, 1, 0, 0, 1, 2, 0, 0, 0, 0, 0, 0, 1, 1, 0, 0, 6, 6, 0, 0, 4, 7, 0, 0, 9, 7, 0, 0, 1, 1, 0, 0, 44, 0, 0, 0, 2, 0, 0, 0, 0, 0, 0, 0, 4, 0, 0, 0, 6, 0, 0, 0, 25, 0, 0, 0, 15, 0, 0, 0, 20, 0, 0, 0, 2, 0, 0, 0, 
11, 0, 1, 0, 0, 1, 1, 0, 0, 1, 0, 0, 0, 0, 0, 0, 0, 1, 0, 0, 0, 0, 0, 0, 0, 15, 4, 0, 0, 19, 22, 0, 0, 5, 6, 0, 0, 2, 3, 0, 0, 44, 3, 0, 0, 12, 6, 0, 0, 1, 0, 0, 0, 1, 2, 0, 0, 1, 3, 0, 0, 4, 0, 0, 0, 4, 2, 0, 0, 4, 8, 0, 0, 2, 2, 0, 0, 46, 0, 0, 0, 1, 0, 0, 0, 20, 0, 0, 0, 8, 0, 0, 0, 7, 0, 0, 0, 19, 0, 0, 0, 1, 0, 0, 0, 15, 0, 0, 0, 0, 0, 0, 0, 
12, 5, 2, 0, 0, 0, 0, 0, 0, 3, 3, 0, 0, 0, 1, 0, 0, 0, 0, 0, 0, 1, 1, 0, 0, 10, 5, 0, 0, 18, 13, 0, 0, 3, 2, 0, 0, 0, 1, 0, 0, 34, 3, 0, 0, 2, 1, 0, 0, 2, 4, 0, 0, 4, 5, 0, 0, 1, 0, 0, 0, 5, 9, 0, 0, 10, 2, 0, 0, 11, 12, 0, 0, 6, 6, 0, 0, 49, 0, 0, 0, 8, 0, 0, 0, 20, 0, 0, 0, 20, 0, 0, 0, 15, 0, 0, 0, 2, 0, 0, 0, 0, 0, 0, 0, 5, 0, 0, 0, 0, 0, 0, 0, 
13, 2, 0, 0, 0, 0, 1, 0, 0, 2, 3, 0, 0, 1, 0, 0, 0, 1, 1, 0, 0, 0, 0, 0, 0, 1, 3, 0, 0, 30, 14, 0, 0, 0, 5, 0, 0, 0, 0, 0, 0, 21, 2, 0, 0, 20, 2, 0, 0, 4, 7, 0, 0, 25, 5, 0, 0, 9, 0, 0, 0, 9, 4, 0, 0, 2, 0, 0, 0, 10, 11, 0, 0, 8, 4, 0, 0, 35, 0, 0, 0, 5, 0, 0, 0, 31, 0, 0, 0, 12, 0, 0, 0, 19, 0, 0, 0, 5, 0, 0, 0, 5, 0, 0, 0, 8, 0, 0, 0, 2, 0, 0, 0, 
14, 1, 1, 0, 0, 1, 0, 0, 0, 2, 2, 0, 0, 1, 3, 0, 0, 2, 3, 0, 0, 1, 0, 0, 0, 0, 2, 0, 0, 15, 18, 0, 0, 1, 0, 0, 0, 8, 5, 0, 0, 20, 0, 0, 0, 11, 0, 0, 0, 2, 2, 0, 0, 29, 1, 0, 0, 5, 3, 0, 0, 0, 1, 0, 0, 4, 2, 0, 0, 19, 6, 0, 0, 4, 0, 0, 0, 34, 0, 0, 0, 26, 0, 0, 0, 26, 0, 0, 0, 14, 0, 0, 0, 22, 0, 0, 0, 24, 0, 0, 0, 4, 0, 0, 0, 2, 0, 0, 0, 2, 0, 0, 0, 
15, 1, 0, 0, 0, 1, 1, 0, 0, 2, 0, 0, 0, 1, 3, 0, 0, 0, 1, 0, 0, 0, 0, 0, 0, 2, 3, 0, 0, 13, 11, 0, 0, 1, 3, 0, 0, 7, 6, 0, 0, 14, 11, 0, 0, 2, 0, 0, 0, 3, 2, 0, 0, 26, 1, 0, 0, 5, 7, 0, 0, 0, 1, 0, 0, 3, 2, 0, 0, 7, 3, 0, 0, 19, 7, 0, 0, 18, 0, 0, 0, 22, 0, 0, 0, 9, 0, 0, 0, 13, 0, 0, 0, 5, 0, 0, 0, 21, 0, 0, 0, 13, 0, 0, 0, 4, 0, 0, 0, 4, 0, 0, 0, 
16, 1, 2, 0, 0, 0, 0, 0, 0, 1, 1, 0, 0, 1, 1, 0, 0, 0, 2, 0, 0, 3, 0, 0, 0, 0, 1, 0, 0, 11, 9, 0, 0, 2, 3, 0, 0, 5, 7, 0, 0, 16, 11, 0, 0, 3, 1, 0, 0, 3, 3, 0, 0, 13, 3, 0, 0, 2, 0, 0, 0, 4, 3, 0, 0, 2, 1, 0, 0, 6, 7, 0, 0, 23, 6, 0, 0, 16, 0, 0, 0, 8, 0, 0, 0, 10, 0, 0, 0, 1, 0, 0, 0, 7, 0, 0, 0, 16, 0, 0, 0, 13, 0, 0, 0, 11, 0, 0, 0, 16, 0, 0, 0, 
17, 1, 1, 0, 0, 3, 0, 0, 0, 0, 0, 0, 0, 1, 2, 0, 0, 2, 1, 0, 0, 2, 1, 0, 0, 0, 0, 0, 0, 11, 16, 0, 0, 2, 0, 0, 0, 4, 4, 0, 0, 17, 9, 0, 0, 5, 4, 0, 0, 1, 0, 0, 0, 4, 3, 0, 0, 0, 0, 0, 0, 2, 2, 0, 0, 1, 0, 0, 0, 7, 5, 0, 0, 18, 7, 0, 0, 10, 0, 0, 0, 2, 0, 0, 0, 6, 0, 0, 0, 3, 0, 0, 0, 3, 0, 0, 0, 30, 0, 0, 0, 3, 0, 0, 0, 26, 0, 0, 0, 2, 0, 0, 0, 
18, 0, 0, 0, 0, 0, 0, 0, 0, 1, 1, 0, 0, 0, 1, 0, 0, 5, 1, 0, 0, 1, 0, 0, 0, 1, 2, 0, 0, 7, 9, 0, 0, 0, 2, 0, 0, 2, 0, 0, 0, 14, 16, 0, 0, 0, 1, 0, 0, 2, 0, 0, 0, 3, 1, 0, 0, 3, 4, 0, 0, 0, 2, 0, 0, 7, 11, 0, 0, 10, 3, 0, 0, 18, 7, 0, 0, 7, 0, 0, 0, 1, 0, 0, 0, 6, 0, 0, 0, 3, 0, 0, 0, 7, 0, 0, 0, 15, 0, 0, 0, 2, 0, 0, 0, 28, 0, 0, 0, 5, 0, 0, 0, 
19, 1, 0, 0, 0, 1, 0, 0, 0, 0, 1, 0, 0, 0, 0, 0, 0, 2, 3, 0, 0, 0, 0, 0, 0, 7, 8, 0, 0, 11, 7, 0, 0, 3, 2, 0, 0, 8, 5, 0, 0, 25, 10, 0, 0, 2, 0, 0, 0, 3, 2, 0, 0, 3, 0, 0, 0, 0, 0, 0, 0, 0, 5, 0, 0, 10, 15, 0, 0, 1, 2, 0, 0, 7, 8, 0, 0, 1, 0, 0, 0, 4, 0, 0, 0, 2, 0, 0, 0, 6, 0, 0, 0, 4, 0, 0, 0, 13, 0, 0, 0, 7, 0, 0, 0, 23, 0, 0, 0, 2, 0, 0, 0, 
20, 0, 0, 0, 0, 0, 0, 0, 0, 0, 1, 0, 0, 0, 0, 0, 0, 0, 0, 0, 0, 1, 1, 0, 0, 3, 0, 0, 0, 2, 1, 0, 0, 3, 4, 0, 0, 16, 2, 0, 0, 20, 18, 0, 0, 0, 0, 0, 0, 1, 2, 0, 0, 2, 1, 0, 0, 13, 4, 0, 0, 3, 1, 0, 0, 7, 14, 0, 0, 1, 3, 0, 0, 9, 9, 0, 0, 10, 0, 0, 0, 1, 0, 0, 0, 2, 0, 0, 0, 4, 0, 0, 0, 12, 0, 0, 0, 7, 0, 0, 0, 16, 0, 0, 0, 2, 0, 0, 0, 1, 0, 0, 0, 
21, 1, 2, 0, 0, 0, 0, 0, 0, 0, 0, 0, 0, 1, 1, 0, 0, 1, 0, 0, 0, 0, 2, 0, 0, 10, 3, 0, 0, 6, 0, 0, 0, 1, 2, 0, 0, 13, 3, 0, 0, 8, 22, 0, 0, 1, 0, 0, 0, 0, 1, 0, 0, 7, 9, 0, 0, 0, 1, 0, 0, 6, 4, 0, 0, 10, 5, 0, 0, 0, 1, 0, 0, 3, 2, 0, 0, 3, 0, 0, 0, 11, 0, 0, 0, 6, 0, 0, 0, 9, 0, 0, 0, 5, 0, 0, 0, 3, 0, 0, 0, 14, 0, 0, 0, 19, 0, 0, 0, 1, 0, 0, 0, 
22, 1, 0, 0, 0, 1, 1, 0, 0, 1, 0, 0, 0, 1, 1, 0, 0, 0, 1, 0, 0, 0, 3, 0, 0, 0, 0, 0, 0, 2, 3, 0, 0, 2, 4, 0, 0, 15, 4, 0, 0, 12, 9, 0, 0, 4, 2, 0, 0, 7, 1, 0, 0, 12, 8, 0, 0, 13, 6, 0, 0, 1, 3, 0, 0, 14, 14, 0, 0, 0, 0, 0, 0, 2, 4, 0, 0, 1, 0, 0, 0, 11, 0, 0, 0, 5, 0, 0, 0, 4, 0, 0, 0, 4, 0, 0, 0, 1, 0, 0, 0, 5, 0, 0, 0, 8, 0, 0, 0, 18, 0, 0, 0, 
23, 5, 0, 0, 0, 1, 1, 0, 0, 0, 1, 0, 0, 1, 3, 0, 0, 0, 0, 0, 0, 2, 2, 0, 0, 0, 0, 0, 0, 1, 1, 0, 0, 1, 0, 0, 0, 4, 3, 0, 0, 6, 2, 0, 0, 0, 0, 0, 0, 7, 0, 0, 0, 9, 4, 0, 0, 1, 6, 0, 0, 8, 5, 0, 0, 21, 15, 0, 0, 5, 3, 0, 0, 5, 5, 0, 0, 2, 0, 0, 0, 11, 0, 0, 0, 7, 0, 0, 0, 5, 0, 0, 0, 5, 0, 0, 0, 4, 0, 0, 0, 13, 0, 0, 0, 5, 0, 0, 0, 20, 0, 0, 0, 
24, 0, 0, 0, 0, 0, 0, 0, 0, 0, 2, 0, 0, 0, 0, 0, 0, 1, 2, 0, 0, 2, 0, 0, 0, 1, 1, 0, 0, 2, 0, 0, 0, 1, 0, 0, 0, 6, 1, 0, 0, 13, 4, 0, 0, 1, 3, 0, 0, 5, 10, 0, 0, 1, 3, 0, 0, 7, 5, 0, 0, 8, 1, 0, 0, 14, 13, 0, 0, 3, 0, 0, 0, 8, 4, 0, 0, 1, 0, 0, 0, 19, 0, 0, 0, 1, 0, 0, 0, 8, 0, 0, 0, 2, 0, 0, 0, 2, 0, 0, 0, 8, 0, 0, 0, 10, 0, 0, 0, 12, 0, 0, 0, 
25, 1, 2, 0, 0, 3, 0, 0, 0, 1, 0, 0, 0, 2, 0, 0, 0, 0, 1, 0, 0, 0, 0, 0, 0, 3, 4, 0, 0, 5, 9, 0, 0, 3, 3, 0, 0, 10, 1, 0, 0, 1, 0, 0, 0, 3, 2, 0, 0, 3, 0, 0, 0, 4, 6, 0, 0, 5, 6, 0, 0, 12, 1, 0, 0, 12, 9, 0, 0, 15, 2, 0, 0, 10, 7, 0, 0, 8, 0, 0, 0, 5, 0, 0, 0, 1, 0, 0, 0, 6, 0, 0, 0, 8, 0, 0, 0, 4, 0, 0, 0, 2, 0, 0, 0, 5, 0, 0, 0, 8, 0, 0, 0, 
26, 0, 0, 0, 0, 1, 0, 0, 0, 5, 5, 0, 0, 0, 2, 0, 0, 1, 0, 0, 0, 0, 0, 0, 0, 12, 4, 0, 0, 3, 3, 0, 0, 0, 1, 0, 0, 15, 0, 0, 0, 5, 0, 0, 0, 5, 8, 0, 0, 7, 2, 0, 0, 5, 6, 0, 0, 6, 2, 0, 0, 5, 2, 0, 0, 11, 6, 0, 0, 17, 3, 0, 0, 3, 0, 0, 0, 4, 0, 0, 0, 5, 0, 0, 0, 8, 0, 0, 0, 5, 0, 0, 0, 0, 0, 0, 0, 4, 0, 0, 0, 7, 0, 0, 0, 14, 0, 0, 0, 4, 0, 0, 0, 
27, 0, 2, 0, 0, 1, 2, 0, 0, 0, 0, 0, 0, 2, 1, 0, 0, 1, 0, 0, 0, 0, 0, 0, 0, 0, 0, 0, 0, 7, 5, 0, 0, 6, 3, 0, 0, 8, 1, 0, 0, 8, 14, 0, 0, 13, 4, 0, 0, 3, 1, 0, 0, 3, 5, 0, 0, 5, 1, 0, 0, 12, 3, 0, 0, 12, 6, 0, 0, 8, 2, 0, 0, 0, 0, 0, 0, 3, 0, 0, 0, 27, 0, 0, 0, 15, 0, 0, 0, 4, 0, 0, 0, 6, 0, 0, 0, 0, 0, 0, 0, 2, 0, 0, 0, 2, 0, 0, 0, 6, 0, 0, 0, 
28, 0, 1, 0, 0, 2, 2, 0, 0, 0, 1, 0, 0, 0, 1, 0, 0, 1, 0, 0, 0, 0, 0, 0, 0, 2, 1, 0, 0, 1, 2, 0, 0, 15, 9, 0, 0, 5, 0, 0, 0, 8, 3, 0, 0, 7, 6, 0, 0, 5, 4, 0, 0, 1, 1, 0, 0, 7, 1, 0, 0, 14, 2, 0, 0, 10, 7, 0, 0, 1, 4, 0, 0, 13, 2, 0, 0, 2, 0, 0, 0, 23, 0, 0, 0, 10, 0, 0, 0, 2, 0, 0, 0, 7, 0, 0, 0, 11, 0, 0, 0, 7, 0, 0, 0, 2, 0, 0, 0, 6, 0, 0, 0, 
29, 0, 2, 0, 0, 1, 0, 0, 0, 3, 3, 0, 0, 0, 2, 0, 0, 0, 0, 0, 0, 4, 0, 0, 0, 2, 3, 0, 0, 0, 1, 0, 0, 13, 8, 0, 0, 5, 3, 0, 0, 1, 3, 0, 0, 1, 1, 0, 0, 0, 1, 0, 0, 0, 0, 0, 0, 3, 2, 0, 0, 19, 3, 0, 0, 4, 7, 0, 0, 1, 1, 0, 0, 0, 1, 0, 0, 3, 0, 0, 0, 13, 0, 0, 0, 12, 0, 0, 0, 5, 0, 0, 0, 6, 0, 0, 0, 8, 0, 0, 0, 2, 0, 0, 0, 18, 0, 0, 0, 12, 0, 0, 0, 
30, 0, 0, 0, 0, 1, 1, 0, 0, 4, 2, 0, 0, 0, 0, 0, 0, 1, 0, 0, 0, 0, 0, 0, 0, 1, 1, 0, 0, 0, 0, 0, 0, 3, 2, 0, 0, 9, 8, 0, 0, 1, 1, 0, 0, 1, 4, 0, 0, 12, 4, 0, 0, 0, 0, 0, 0, 0, 0, 0, 0, 20, 1, 0, 0, 5, 2, 0, 0, 0, 2, 0, 0, 4, 1, 0, 0, 3, 0, 0, 0, 1, 0, 0, 0, 13, 0, 0, 0, 2, 0, 0, 0, 5, 0, 0, 0, 3, 0, 0, 0, 9, 0, 0, 0, 17, 0, 0, 0, 1, 0, 0, 0, 
31, 0, 1, 0, 0, 0, 0, 0, 0, 2, 2, 0, 0, 1, 1, 0, 0, 0, 0, 0, 0, 0, 2, 0, 0, 3, 0, 0, 0, 1, 0, 0, 0, 2, 2, 0, 0, 5, 2, 0, 0, 0, 3, 0, 0, 2, 0, 0, 0, 10, 14, 0, 0, 5, 3, 0, 0, 1, 3, 0, 0, 9, 4, 0, 0, 5, 2, 0, 0, 5, 7, 0, 0, 6, 3, 0, 0, 4, 0, 0, 0, 4, 0, 0, 0, 2, 0, 0, 0, 7, 0, 0, 0, 6, 0, 0, 0, 8, 0, 0, 0, 10, 0, 0, 0, 8, 0, 0, 0, 0, 0, 0, 0, 
32, 0, 2, 0, 0, 0, 1, 0, 0, 0, 0, 0, 0, 4, 0, 0, 0, 1, 1, 0, 0, 0, 2, 0, 0, 5, 6, 0, 0, 3, 2, 0, 0, 0, 2, 0, 0, 2, 2, 0, 0, 0, 0, 0, 0, 9, 7, 0, 0, 1, 1, 0, 0, 5, 5, 0, 0, 1, 3, 0, 0, 1, 1, 0, 0, 5, 1, 0, 0, 3, 5, 0, 0, 10, 8, 0, 0, 17, 0, 0, 0, 4, 0, 0, 0, 2, 0, 0, 0, 1, 0, 0, 0, 1, 0, 0, 0, 6, 0, 0, 0, 1, 0, 0, 0, 3, 0, 0, 0, 10, 0, 0, 0, 
33, 1, 1, 0, 0, 1, 0, 0, 0, 0, 0, 0, 0, 2, 0, 0, 0, 1, 0, 0, 0, 3, 2, 0, 0, 1, 0, 0, 0, 0, 0, 0, 0, 1, 3, 0, 0, 12, 4, 0, 0, 2, 1, 0, 0, 6, 2, 0, 0, 2, 0, 0, 0, 5, 2, 0, 0, 1, 2, 0, 0, 1, 2, 0, 0, 2, 1, 0, 0, 1, 0, 0, 0, 6, 9, 0, 0, 3, 0, 0, 0, 11, 0, 0, 0, 9, 0, 0, 0, 20, 0, 0, 0, 1, 0, 0, 0, 7, 0, 0, 0, 5, 0, 0, 0, 5, 0, 0, 0, 8, 0, 0, 0, 
34, 1, 1, 0, 0, 1, 1, 0, 0, 1, 2, 0, 0, 0, 0, 0, 0, 1, 0, 0, 0, 0, 0, 0, 0, 2, 0, 0, 0, 1, 3, 0, 0, 2, 3, 0, 0, 14, 3, 0, 0, 12, 4, 0, 0, 4, 1, 0, 0, 1, 0, 0, 0, 4, 3, 0, 0, 0, 0, 0, 0, 1, 0, 0, 0, 2, 1, 0, 0, 7, 4, 0, 0, 8, 6, 0, 0, 5, 0, 0, 0, 8, 0, 0, 0, 3, 0, 0, 0, 9, 0, 0, 0, 0, 0, 0, 0, 0, 0, 0, 0, 1, 0, 0, 0, 2, 0, 0, 0, 11, 0, 0, 0, 
35, 1, 1, 0, 0, 2, 0, 0, 0, 0, 1, 0, 0, 0, 0, 0, 0, 1, 0, 0, 0, 1, 1, 0, 0, 4, 3, 0, 0, 0, 0, 0, 0, 2, 1, 0, 0, 0, 2, 0, 0, 7, 3, 0, 0, 2, 3, 0, 0, 24, 1, 0, 0, 1, 1, 0, 0, 3, 1, 0, 0, 0, 0, 0, 0, 9, 8, 0, 0, 2, 1, 0, 0, 0, 0, 0, 0, 1, 0, 0, 0, 8, 0, 0, 0, 5, 0, 0, 0, 9, 0, 0, 0, 6, 0, 0, 0, 10, 0, 0, 0, 1, 0, 0, 0, 4, 0, 0, 0, 28, 0, 0, 0, 
36, 1, 0, 0, 0, 3, 1, 0, 0, 2, 0, 0, 0, 2, 0, 0, 0, 1, 0, 0, 0, 1, 1, 0, 0, 1, 5, 0, 0, 0, 1, 0, 0, 3, 2, 0, 0, 0, 2, 0, 0, 2, 2, 0, 0, 4, 2, 0, 0, 12, 0, 0, 0, 5, 2, 0, 0, 3, 0, 0, 0, 1, 0, 0, 0, 0, 0, 0, 0, 0, 0, 0, 0, 9, 3, 0, 0, 5, 0, 0, 0, 2, 0, 0, 0, 3, 0, 0, 0, 32, 0, 0, 0, 0, 0, 0, 0, 23, 0, 0, 0, 6, 0, 0, 0, 3, 0, 0, 0, 35, 0, 0, 0, 
37, 1, 2, 0, 0, 1, 0, 0, 0, 6, 0, 0, 0, 0, 0, 0, 0, 1, 1, 0, 0, 1, 0, 0, 0, 8, 4, 0, 0, 0, 1, 0, 0, 19, 11, 0, 0, 3, 2, 0, 0, 1, 1, 0, 0, 4, 8, 0, 0, 20, 0, 0, 0, 1, 3, 0, 0, 0, 1, 0, 0, 0, 0, 0, 0, 1, 2, 0, 0, 2, 2, 0, 0, 12, 12, 0, 0, 1, 0, 0, 0, 1, 0, 0, 0, 2, 0, 0, 0, 25, 0, 0, 0, 2, 0, 0, 0, 14, 0, 0, 0, 19, 0, 0, 0, 3, 0, 0, 0, 44, 0, 0, 0, 
38, 1, 0, 0, 0, 0, 1, 0, 0, 0, 0, 0, 0, 1, 0, 0, 0, 2, 0, 0, 0, 1, 4, 0, 0, 2, 0, 0, 0, 0, 0, 0, 0, 6, 10, 0, 0, 2, 4, 0, 0, 5, 5, 0, 0, 1, 1, 0, 0, 7, 1, 0, 0, 1, 1, 0, 0, 1, 2, 0, 0, 20, 5, 0, 0, 4, 1, 0, 0, 2, 2, 0, 0, 19, 14, 0, 0, 18, 0, 0, 0, 0, 0, 0, 0, 2, 0, 0, 0, 9, 0, 0, 0, 15, 0, 0, 0, 14, 0, 0, 0, 13, 0, 0, 0, 1, 0, 0, 0, 30, 0, 0, 0, 
39, 1, 0, 0, 0, 0, 1, 0, 0, 0, 1, 0, 0, 0, 0, 0, 0, 0, 1, 0, 0, 2, 0, 0, 0, 5, 1, 0, 0, 5, 9, 0, 0, 2, 1, 0, 0, 0, 0, 0, 0, 10, 1, 0, 0, 2, 1, 0, 0, 13, 5, 0, 0, 1, 0, 0, 0, 1, 0, 0, 0, 21, 3, 0, 0, 1, 0, 0, 0, 0, 1, 0, 0, 5, 11, 0, 0, 11, 0, 0, 0, 1, 0, 0, 0, 3, 0, 0, 0, 13, 0, 0, 0, 1, 0, 0, 0, 3, 0, 0, 0, 9, 0, 0, 0, 4, 0, 0, 0, 38, 0, 0, 0, 
40, 4, 2, 0, 0, 2, 1, 0, 0, 2, 0, 0, 0, 2, 1, 0, 0, 0, 0, 0, 0, 0, 1, 0, 0, 0, 3, 0, 0, 7, 9, 0, 0, 5, 1, 0, 0, 12, 0, 0, 0, 22, 1, 0, 0, 0, 0, 0, 0, 7, 7, 0, 0, 5, 7, 0, 0, 3, 2, 0, 0, 18, 1, 0, 0, 0, 1, 0, 0, 2, 1, 0, 0, 5, 2, 0, 0, 7, 0, 0, 0, 10, 0, 0, 0, 4, 0, 0, 0, 16, 0, 0, 0, 3, 0, 0, 0, 12, 0, 0, 0, 5, 0, 0, 0, 15, 0, 0, 0, 40, 0, 0, 0, 
41, 1, 0, 0, 0, 0, 0, 0, 0, 1, 1, 0, 0, 2, 1, 0, 0, 1, 5, 0, 0, 1, 1, 0, 0, 4, 7, 0, 0, 2, 1, 0, 0, 7, 3, 0, 0, 18, 7, 0, 0, 15, 0, 0, 0, 0, 1, 0, 0, 9, 13, 0, 0, 6, 3, 0, 0, 2, 2, 0, 0, 2, 6, 0, 0, 1, 1, 0, 0, 1, 1, 0, 0, 9, 3, 0, 0, 15, 0, 0, 0, 3, 0, 0, 0, 2, 0, 0, 0, 1, 0, 0, 0, 7, 0, 0, 0, 4, 0, 0, 0, 18, 0, 0, 0, 14, 0, 0, 0, 34, 0, 0, 0, 
42, 0, 0, 0, 0, 0, 1, 0, 0, 1, 3, 0, 0, 1, 0, 0, 0, 0, 1, 0, 0, 1, 0, 0, 0, 9, 7, 0, 0, 8, 7, 0, 0, 3, 0, 0, 0, 5, 4, 0, 0, 3, 0, 0, 0, 5, 4, 0, 0, 16, 9, 0, 0, 0, 1, 0, 0, 2, 0, 0, 0, 3, 2, 0, 0, 2, 3, 0, 0, 11, 4, 0, 0, 7, 8, 0, 0, 4, 0, 0, 0, 8, 0, 0, 0, 6, 0, 0, 0, 5, 0, 0, 0, 5, 0, 0, 0, 8, 0, 0, 0, 7, 0, 0, 0, 14, 0, 0, 0, 19, 0, 0, 0, 
43, 6, 0, 0, 0, 0, 1, 0, 0, 3, 1, 0, 0, 0, 0, 0, 0, 1, 0, 0, 0, 1, 1, 0, 0, 5, 6, 0, 0, 4, 2, 0, 0, 1, 0, 0, 0, 5, 7, 0, 0, 4, 0, 0, 0, 1, 0, 0, 0, 17, 6, 0, 0, 1, 3, 0, 0, 4, 4, 0, 0, 3, 1, 0, 0, 2, 5, 0, 0, 6, 4, 0, 0, 5, 8, 0, 0, 13, 0, 0, 0, 4, 0, 0, 0, 13, 0, 0, 0, 1, 0, 0, 0, 5, 0, 0, 0, 10, 0, 0, 0, 9, 0, 0, 0, 7, 0, 0, 0, 18, 0, 0, 0, 
44, 1, 1, 0, 0, 1, 0, 0, 0, 1, 1, 0, 0, 0, 0, 0, 0, 0, 0, 0, 0, 0, 0, 0, 0, 0, 7, 0, 0, 6, 0, 0, 0, 2, 2, 0, 0, 3, 5, 0, 0, 7, 1, 0, 0, 2, 2, 0, 0, 6, 13, 0, 0, 2, 2, 0, 0, 14, 4, 0, 0, 4, 1, 0, 0, 0, 2, 0, 0, 6, 8, 0, 0, 6, 2, 0, 0, 10, 0, 0, 0, 15, 0, 0, 0, 21, 0, 0, 0, 7, 0, 0, 0, 5, 0, 0, 0, 7, 0, 0, 0, 11, 0, 0, 0, 2, 0, 0, 0, 2, 0, 0, 0, 
45, 0, 0, 0, 0, 4, 1, 0, 0, 1, 1, 0, 0, 1, 1, 0, 0, 1, 1, 0, 0, 0, 1, 0, 0, 1, 5, 0, 0, 6, 7, 0, 0, 2, 8, 0, 0, 1, 1, 0, 0, 10, 4, 0, 0, 1, 0, 0, 0, 12, 8, 0, 0, 5, 2, 0, 0, 4, 0, 0, 0, 13, 4, 0, 0, 4, 3, 0, 0, 2, 2, 0, 0, 7, 1, 0, 0, 8, 0, 0, 0, 4, 0, 0, 0, 22, 0, 0, 0, 17, 0, 0, 0, 4, 0, 0, 0, 0, 0, 0, 0, 19, 0, 0, 0, 4, 0, 0, 0, 9, 0, 0, 0, 
46, 1, 0, 0, 0, 0, 0, 0, 0, 0, 1, 0, 0, 1, 0, 0, 0, 0, 3, 0, 0, 4, 4, 0, 0, 4, 4, 0, 0, 5, 7, 0, 0, 5, 2, 0, 0, 0, 0, 0, 0, 0, 0, 0, 0, 7, 3, 0, 0, 8, 2, 0, 0, 2, 4, 0, 0, 2, 3, 0, 0, 4, 7, 0, 0, 2, 3, 0, 0, 2, 7, 0, 0, 9, 2, 0, 0, 9, 0, 0, 0, 2, 0, 0, 0, 13, 0, 0, 0, 6, 0, 0, 0, 15, 0, 0, 0, 9, 0, 0, 0, 19, 0, 0, 0, 2, 0, 0, 0, 1, 0, 0, 0, 
47, 1, 2, 0, 0, 0, 0, 0, 0, 1, 1, 0, 0, 1, 0, 0, 0, 1, 0, 0, 0, 1, 2, 0, 0, 2, 0, 0, 0, 2, 0, 0, 0, 4, 0, 0, 0, 0, 3, 0, 0, 1, 0, 0, 0, 2, 2, 0, 0, 1, 4, 0, 0, 1, 1, 0, 0, 0, 0, 0, 0, 2, 3, 0, 0, 7, 3, 0, 0, 0, 0, 0, 0, 23, 9, 0, 0, 5, 0, 0, 0, 11, 0, 0, 0, 3, 0, 0, 0, 10, 0, 0, 0, 13, 0, 0, 0, 1, 0, 0, 0, 21, 0, 0, 0, 5, 0, 0, 0, 12, 0, 0, 0, 
48, 1, 0, 0, 0, 4, 2, 0, 0, 0, 2, 0, 0, 3, 0, 0, 0, 0, 1, 0, 0, 0, 0, 0, 0, 0, 0, 0, 0, 11, 3, 0, 0, 1, 4, 0, 0, 3, 1, 0, 0, 2, 1, 0, 0, 1, 0, 0, 0, 2, 1, 0, 0, 1, 5, 0, 0, 1, 2, 0, 0, 9, 8, 0, 0, 9, 0, 0, 0, 4, 7, 0, 0, 17, 7, 0, 0, 7, 0, 0, 0, 5, 0, 0, 0, 2, 0, 0, 0, 4, 0, 0, 0, 4, 0, 0, 0, 5, 0, 0, 0, 6, 0, 0, 0, 9, 0, 0, 0, 16, 0, 0, 0, 
49, 1, 0, 0, 0, 0, 0, 0, 0, 1, 1, 0, 0, 0, 1, 0, 0, 0, 1, 0, 0, 0, 1, 0, 0, 1, 2, 0, 0, 1, 1, 0, 0, 3, 4, 0, 0, 1, 3, 0, 0, 6, 0, 0, 0, 0, 0, 0, 0, 3, 5, 0, 0, 2, 2, 0, 0, 5, 4, 0, 0, 16, 1, 0, 0, 11, 1, 0, 0, 2, 4, 0, 0, 14, 6, 0, 0, 9, 0, 0, 0, 8, 0, 0, 0, 10, 0, 0, 0, 14, 0, 0, 0, 8, 0, 0, 0, 4, 0, 0, 0, 6, 0, 0, 0, 8, 0, 0, 0, 0, 0, 0, 0, 
50, 0, 1, 0, 0, 0, 0, 0, 0, 0, 1, 0, 0, 2, 2, 0, 0, 0, 1, 0, 0, 0, 1, 0, 0, 0, 0, 0, 0, 3, 1, 0, 0, 3, 0, 0, 0, 1, 4, 0, 0, 10, 4, 0, 0, 3, 3, 0, 0, 7, 3, 0, 0, 11, 3, 0, 0, 1, 3, 0, 0, 11, 5, 0, 0, 0, 0, 0, 0, 5, 4, 0, 0, 11, 6, 0, 0, 3, 0, 0, 0, 1, 0, 0, 0, 4, 0, 0, 0, 16, 0, 0, 0, 7, 0, 0, 0, 4, 0, 0, 0, 1, 0, 0, 0, 4, 0, 0, 0, 3, 0, 0, 0, 
51, 2, 2, 0, 0, 0, 5, 0, 0, 0, 0, 0, 0, 0, 0, 0, 0, 0, 2, 0, 0, 2, 1, 0, 0, 1, 0, 0, 0, 1, 0, 0, 0, 3, 4, 0, 0, 6, 6, 0, 0, 12, 8, 0, 0, 1, 1, 0, 0, 15, 3, 0, 0, 3, 4, 0, 0, 4, 3, 0, 0, 27, 2, 0, 0, 0, 0, 0, 0, 0, 0, 0, 0, 7, 3, 0, 0, 22, 0, 0, 0, 4, 0, 0, 0, 18, 0, 0, 0, 3, 0, 0, 0, 2, 0, 0, 0, 1, 0, 0, 0, 9, 0, 0, 0, 11, 0, 0, 0, 4, 0, 0, 0, 
52, 0, 0, 0, 0, 1, 2, 0, 0, 1, 0, 0, 0, 0, 0, 0, 0, 0, 0, 0, 0, 0, 0, 0, 0, 1, 1, 0, 0, 12, 6, 0, 0, 10, 0, 0, 0, 3, 9, 0, 0, 11, 9, 0, 0, 2, 4, 0, 0, 10, 4, 0, 0, 0, 0, 0, 0, 4, 2, 0, 0, 16, 1, 0, 0, 3, 1, 0, 0, 3, 1, 0, 0, 0, 0, 0, 0, 18, 0, 0, 0, 3, 0, 0, 0, 9, 0, 0, 0, 7, 0, 0, 0, 4, 0, 0, 0, 5, 0, 0, 0, 7, 0, 0, 0, 2, 0, 0, 0, 2, 0, 0, 0, 
53, 3, 2, 0, 0, 1, 0, 0, 0, 5, 1, 0, 0, 0, 3, 0, 0, 0, 1, 0, 0, 0, 0, 0, 0, 2, 0, 0, 0, 28, 4, 0, 0, 0, 1, 0, 0, 2, 1, 0, 0, 8, 9, 0, 0, 10, 2, 0, 0, 9, 0, 0, 0, 1, 0, 0, 0, 0, 1, 0, 0, 10, 4, 0, 0, 0, 1, 0, 0, 0, 0, 0, 0, 1, 4, 0, 0, 14, 0, 0, 0, 4, 0, 0, 0, 1, 0, 0, 0, 2, 0, 0, 0, 8, 0, 0, 0, 2, 0, 0, 0, 0, 0, 0, 0, 7, 0, 0, 0, 6, 0, 0, 0, 
54, 0, 0, 0, 0, 1, 1, 0, 0, 2, 1, 0, 0, 1, 0, 0, 0, 0, 0, 0, 0, 1, 0, 0, 0, 2, 2, 0, 0, 14, 7, 0, 0, 0, 2, 0, 0, 1, 1, 0, 0, 3, 0, 0, 0, 5, 3, 0, 0, 1, 2, 0, 0, 1, 2, 0, 0, 16, 0, 0, 0, 2, 6, 0, 0, 4, 2, 0, 0, 3, 1, 0, 0, 2, 3, 0, 0, 5, 0, 0, 0, 7, 0, 0, 0, 3, 0, 0, 0, 3, 0, 0, 0, 6, 0, 0, 0, 6, 0, 0, 0, 7, 0, 0, 0, 5, 0, 0, 0, 4, 0, 0, 0, 
55, 2, 1, 0, 0, 0, 0, 0, 0, 2, 1, 0, 0, 1, 0, 0, 0, 3, 2, 0, 0, 1, 0, 0, 0, 0, 0, 0, 0, 17, 6, 0, 0, 0, 3, 0, 0, 3, 2, 0, 0, 11, 0, 0, 0, 7, 2, 0, 0, 1, 1, 0, 0, 1, 1, 0, 0, 7, 0, 0, 0, 1, 2, 0, 0, 1, 0, 0, 0, 2, 6, 0, 0, 3, 4, 0, 0, 2, 0, 0, 0, 4, 0, 0, 0, 3, 0, 0, 0, 5, 0, 0, 0, 7, 0, 0, 0, 7, 0, 0, 0, 1, 0, 0, 0, 25, 0, 0, 0, 1, 0, 0, 0, 
56, 1, 1, 0, 0, 4, 0, 0, 0, 2, 0, 0, 0, 0, 0, 0, 0, 0, 0, 0, 0, 1, 1, 0, 0, 1, 0, 0, 0, 10, 4, 0, 0, 5, 4, 0, 0, 0, 3, 0, 0, 3, 0, 0, 0, 2, 1, 0, 0, 7, 2, 0, 0, 0, 0, 0, 0, 1, 0, 0, 0, 2, 2, 0, 0, 3, 3, 0, 0, 11, 11, 0, 0, 8, 6, 0, 0, 9, 0, 0, 0, 4, 0, 0, 0, 7, 0, 0, 0, 6, 0, 0, 0, 7, 0, 0, 0, 11, 0, 0, 0, 7, 0, 0, 0, 31, 0, 0, 0, 14, 0, 0, 0, 
57, 1, 0, 0, 0, 0, 0, 0, 0, 2, 2, 0, 0, 0, 1, 0, 0, 1, 0, 0, 0, 3, 1, 0, 0, 2, 1, 0, 0, 5, 2, 0, 0, 12, 2, 0, 0, 0, 0, 0, 0, 10, 5, 0, 0, 4, 3, 0, 0, 3, 5, 0, 0, 4, 7, 0, 0, 3, 3, 0, 0, 0, 0, 0, 0, 7, 6, 0, 0, 4, 4, 0, 0, 4, 3, 0, 0, 3, 0, 0, 0, 7, 0, 0, 0, 6, 0, 0, 0, 1, 0, 0, 0, 6, 0, 0, 0, 10, 0, 0, 0, 0, 0, 0, 0, 39, 0, 0, 0, 13, 0, 0, 0, 
58, 1, 1, 0, 0, 0, 0, 0, 0, 1, 0, 0, 0, 0, 1, 0, 0, 1, 0, 0, 0, 2, 1, 0, 0, 6, 5, 0, 0, 5, 2, 0, 0, 7, 1, 0, 0, 5, 7, 0, 0, 1, 2, 0, 0, 10, 10, 0, 0, 1, 1, 0, 0, 5, 6, 0, 0, 1, 2, 0, 0, 1, 0, 0, 0, 12, 11, 0, 0, 1, 4, 0, 0, 1, 0, 0, 0, 11, 0, 0, 0, 13, 0, 0, 0, 4, 0, 0, 0, 1, 0, 0, 0, 1, 0, 0, 0, 17, 0, 0, 0, 3, 0, 0, 0, 42, 0, 0, 0, 18, 0, 0, 0, 
59, 2, 0, 0, 0, 0, 1, 0, 0, 0, 0, 0, 0, 1, 2, 0, 0, 0, 0, 0, 0, 0, 0, 0, 0, 4, 3, 0, 0, 0, 1, 0, 0, 1, 0, 0, 0, 0, 0, 0, 0, 5, 2, 0, 0, 5, 5, 0, 0, 1, 0, 0, 0, 2, 0, 0, 0, 1, 1, 0, 0, 2, 2, 0, 0, 16, 18, 0, 0, 4, 4, 0, 0, 9, 2, 0, 0, 18, 0, 0, 0, 11, 0, 0, 0, 8, 0, 0, 0, 3, 0, 0, 0, 10, 0, 0, 0, 16, 0, 0, 0, 5, 0, 0, 0, 36, 0, 0, 0, 20, 0, 0, 0, 
60, 1, 2, 0, 0, 0, 0, 0, 0, 0, 1, 0, 0, 3, 1, 0, 0, 2, 1, 0, 0, 1, 0, 0, 0, 1, 2, 0, 0, 2, 0, 0, 0, 1, 0, 0, 0, 2, 3, 0, 0, 0, 0, 0, 0, 9, 3, 0, 0, 0, 0, 0, 0, 1, 1, 0, 0, 5, 9, 0, 0, 3, 3, 0, 0, 22, 12, 0, 0, 5, 2, 0, 0, 13, 1, 0, 0, 5, 0, 0, 0, 3, 0, 0, 0, 5, 0, 0, 0, 0, 0, 0, 0, 20, 0, 0, 0, 34, 0, 0, 0, 1, 0, 0, 0, 30, 0, 0, 0, 9, 0, 0, 0, 
61, 3, 3, 0, 0, 1, 1, 0, 0, 0, 0, 0, 0, 0, 1, 0, 0, 0, 1, 0, 0, 0, 0, 0, 0, 2, 0, 0, 0, 2, 1, 0, 0, 2, 2, 0, 0, 3, 3, 0, 0, 1, 0, 0, 0, 7, 10, 0, 0, 1, 2, 0, 0, 4, 2, 0, 0, 0, 2, 0, 0, 1, 0, 0, 0, 8, 15, 0, 0, 7, 4, 0, 0, 17, 3, 0, 0, 0, 0, 0, 0, 1, 0, 0, 0, 11, 0, 0, 0, 4, 0, 0, 0, 9, 0, 0, 0, 44, 0, 0, 0, 4, 0, 0, 0, 33, 0, 0, 0, 4, 0, 0, 0, 
62, 1, 1, 0, 0, 0, 0, 0, 0, 3, 0, 0, 0, 0, 0, 0, 0, 1, 0, 0, 0, 1, 0, 0, 0, 0, 0, 0, 0, 1, 0, 0, 0, 2, 0, 0, 0, 4, 9, 0, 0, 12, 3, 0, 0, 5, 6, 0, 0, 1, 3, 0, 0, 0, 1, 0, 0, 3, 6, 0, 0, 1, 3, 0, 0, 19, 19, 0, 0, 0, 0, 0, 0, 2, 3, 0, 0, 14, 0, 0, 0, 14, 0, 0, 0, 5, 0, 0, 0, 8, 0, 0, 0, 10, 0, 0, 0, 37, 0, 0, 0, 3, 0, 0, 0, 21, 0, 0, 0, 2, 0, 0, 0, 
63, 1, 1, 0, 0, 1, 0, 0, 0, 2, 4, 0, 0, 0, 0, 0, 0, 1, 1, 0, 0, 0, 1, 0, 0, 8, 3, 0, 0, 3, 5, 0, 0, 7, 6, 0, 0, 5, 3, 0, 0, 6, 7, 0, 0, 3, 2, 0, 0, 0, 2, 0, 0, 0, 1, 0, 0, 7, 3, 0, 0, 0, 1, 0, 0, 24, 19, 0, 0, 1, 4, 0, 0, 4, 4, 0, 0, 6, 0, 0, 0, 13, 0, 0, 0, 2, 0, 0, 0, 2, 0, 0, 0, 2, 0, 0, 0, 30, 0, 0, 0, 6, 0, 0, 0, 14, 0, 0, 0, 12, 0, 0, 0, 
64, 1, 4, 0, 0, 0, 2, 0, 0, 0, 0, 0, 0, 0, 1, 0, 0, 1, 2, 0, 0, 1, 0, 0, 0, 6, 5, 0, 0, 12, 9, 0, 0, 4, 3, 0, 0, 3, 0, 0, 0, 6, 8, 0, 0, 1, 1, 0, 0, 0, 1, 0, 0, 2, 4, 0, 0, 5, 6, 0, 0, 1, 3, 0, 0, 24, 12, 0, 0, 1, 1, 0, 0, 4, 9, 0, 0, 10, 0, 0, 0, 2, 0, 0, 0, 13, 0, 0, 0, 2, 0, 0, 0, 8, 0, 0, 0, 22, 0, 0, 0, 5, 0, 0, 0, 9, 0, 0, 0, 22, 0, 0, 0, 
65, 1, 0, 0, 0, 0, 0, 0, 0, 3, 1, 0, 0, 0, 0, 0, 0, 1, 0, 0, 0, 0, 0, 0, 0, 21, 5, 0, 0, 4, 8, 0, 0, 4, 4, 0, 0, 1, 1, 0, 0, 11, 5, 0, 0, 4, 2, 0, 0, 0, 0, 0, 0, 6, 3, 0, 0, 4, 2, 0, 0, 0, 1, 0, 0, 20, 17, 0, 0, 12, 1, 0, 0, 5, 2, 0, 0, 4, 0, 0, 0, 6, 0, 0, 0, 21, 0, 0, 0, 8, 0, 0, 0, 2, 0, 0, 0, 21, 0, 0, 0, 16, 0, 0, 0, 5, 0, 0, 0, 6, 0, 0, 0, 
66, 1, 0, 0, 0, 1, 4, 0, 0, 2, 2, 0, 0, 0, 0, 0, 0, 0, 0, 0, 0, 0, 0, 0, 0, 18, 3, 0, 0, 1, 1, 0, 0, 2, 1, 0, 0, 2, 4, 0, 0, 4, 5, 0, 0, 5, 0, 0, 0, 4, 2, 0, 0, 5, 1, 0, 0, 3, 1, 0, 0, 0, 0, 0, 0, 16, 15, 0, 0, 12, 1, 0, 0, 6, 7, 0, 0, 0, 0, 0, 0, 15, 0, 0, 0, 10, 0, 0, 0, 6, 0, 0, 0, 12, 0, 0, 0, 16, 0, 0, 0, 16, 0, 0, 0, 2, 0, 0, 0, 17, 0, 0, 0, 
67, 0, 0, 0, 0, 2, 0, 0, 0, 0, 0, 0, 0, 0, 0, 0, 0, 1, 1, 0, 0, 0, 0, 0, 0, 26, 6, 0, 0, 0, 3, 0, 0, 0, 1, 0, 0, 8, 4, 0, 0, 2, 0, 0, 0, 4, 3, 0, 0, 5, 2, 0, 0, 5, 7, 0, 0, 3, 2, 0, 0, 3, 3, 0, 0, 24, 13, 0, 0, 24, 0, 0, 0, 3, 2, 0, 0, 10, 0, 0, 0, 15, 0, 0, 0, 4, 0, 0, 0, 2, 0, 0, 0, 2, 0, 0, 0, 26, 0, 0, 0, 17, 0, 0, 0, 3, 0, 0, 0, 21, 0, 0, 0, 
68, 0, 1, 0, 0, 0, 0, 0, 0, 1, 1, 0, 0, 1, 1, 0, 0, 0, 0, 0, 0, 0, 0, 0, 0, 34, 2, 0, 0, 4, 5, 0, 0, 11, 2, 0, 0, 10, 3, 0, 0, 2, 1, 0, 0, 2, 0, 0, 0, 1, 2, 0, 0, 7, 11, 0, 0, 5, 2, 0, 0, 2, 1, 0, 0, 17, 18, 0, 0, 9, 1, 0, 0, 1, 2, 0, 0, 7, 0, 0, 0, 3, 0, 0, 0, 4, 0, 0, 0, 3, 0, 0, 0, 7, 0, 0, 0, 26, 0, 0, 0, 0, 0, 0, 0, 0, 0, 0, 0, 24, 0, 0, 0, 
69, 5, 3, 0, 0, 1, 0, 0, 0, 0, 0, 0, 0, 0, 1, 0, 0, 0, 0, 0, 0, 0, 1, 0, 0, 31, 7, 0, 0, 2, 0, 0, 0, 1, 5, 0, 0, 0, 2, 0, 0, 4, 1, 0, 0, 0, 0, 0, 0, 3, 3, 0, 0, 0, 2, 0, 0, 8, 0, 0, 0, 8, 1, 0, 0, 15, 14, 0, 0, 15, 0, 0, 0, 4, 1, 0, 0, 4, 0, 0, 0, 4, 0, 0, 0, 13, 0, 0, 0, 7, 0, 0, 0, 4, 0, 0, 0, 24, 0, 0, 0, 8, 0, 0, 0, 4, 0, 0, 0, 13, 0, 0, 0, 
70, 1, 0, 0, 0, 0, 1, 0, 0, 0, 0, 0, 0, 1, 1, 0, 0, 0, 0, 0, 0, 1, 1, 0, 0, 42, 4, 0, 0, 4, 3, 0, 0, 4, 1, 0, 0, 1, 3, 0, 0, 3, 3, 0, 0, 1, 0, 0, 0, 0, 0, 0, 0, 2, 2, 0, 0, 3, 6, 0, 0, 3, 4, 0, 0, 24, 10, 0, 0, 17, 0, 0, 0, 3, 4, 0, 0, 11, 0, 0, 0, 11, 0, 0, 0, 7, 0, 0, 0, 1, 0, 0, 0, 0, 0, 0, 0, 36, 0, 0, 0, 7, 0, 0, 0, 12, 0, 0, 0, 18, 0, 0, 0, 
71, 0, 0, 0, 0, 4, 1, 0, 0, 2, 1, 0, 0, 0, 0, 0, 0, 0, 0, 0, 0, 3, 0, 0, 0, 35, 3, 0, 0, 2, 1, 0, 0, 0, 2, 0, 0, 4, 7, 0, 0, 1, 0, 0, 0, 3, 4, 0, 0, 0, 3, 0, 0, 5, 1, 0, 0, 11, 7, 0, 0, 2, 3, 0, 0, 8, 10, 0, 0, 4, 0, 0, 0, 2, 1, 0, 0, 1, 0, 0, 0, 7, 0, 0, 0, 8, 0, 0, 0, 11, 0, 0, 0, 1, 0, 0, 0, 42, 0, 0, 0, 5, 0, 0, 0, 13, 0, 0, 0, 5, 0, 0, 0, 
72, 0, 0, 0, 0, 1, 1, 0, 0, 1, 2, 0, 0, 3, 0, 0, 0, 0, 0, 0, 0, 1, 2, 0, 0, 31, 3, 0, 0, 2, 0, 0, 0, 1, 4, 0, 0, 3, 0, 0, 0, 8, 1, 0, 0, 1, 1, 0, 0, 4, 0, 0, 0, 2, 2, 0, 0, 16, 7, 0, 0, 2, 3, 0, 0, 20, 9, 0, 0, 3, 1, 0, 0, 1, 2, 0, 0, 2, 0, 0, 0, 17, 0, 0, 0, 3, 0, 0, 0, 18, 0, 0, 0, 1, 0, 0, 0, 37, 0, 0, 0, 6, 0, 0, 0, 14, 0, 0, 0, 2, 0, 0, 0, 
73, 1, 0, 0, 0, 1, 0, 0, 0, 1, 0, 0, 0, 2, 0, 0, 0, 1, 0, 0, 0, 0, 2, 0, 0, 25, 6, 0, 0, 2, 1, 0, 0, 0, 0, 0, 0, 1, 1, 0, 0, 8, 2, 0, 0, 1, 2, 0, 0, 10, 0, 0, 0, 1, 0, 0, 0, 8, 5, 0, 0, 7, 4, 0, 0, 11, 16, 0, 0, 0, 1, 0, 0, 1, 0, 0, 0, 15, 0, 0, 0, 5, 0, 0, 0, 4, 0, 0, 0, 13, 0, 0, 0, 2, 0, 0, 0, 29, 0, 0, 0, 2, 0, 0, 0, 20, 0, 0, 0, 10, 0, 0, 0, 
74, 1, 0, 0, 0, 4, 0, 0, 0, 0, 1, 0, 0, 0, 1, 0, 0, 0, 0, 0, 0, 0, 1, 0, 0, 35, 6, 0, 0, 2, 7, 0, 0, 5, 0, 0, 0, 1, 1, 0, 0, 2, 1, 0, 0, 17, 2, 0, 0, 2, 0, 0, 0, 3, 1, 0, 0, 8, 6, 0, 0, 0, 1, 0, 0, 11, 7, 0, 0, 7, 10, 0, 0, 3, 3, 0, 0, 7, 0, 0, 0, 0, 0, 0, 0, 10, 0, 0, 0, 6, 0, 0, 0, 2, 0, 0, 0, 18, 0, 0, 0, 5, 0, 0, 0, 16, 0, 0, 0, 1, 0, 0, 0, 
75, 0, 0, 0, 0, 2, 1, 0, 0, 0, 0, 0, 0, 1, 1, 0, 0, 1, 1, 0, 0, 0, 0, 0, 0, 27, 4, 0, 0, 9, 5, 0, 0, 4, 2, 0, 0, 1, 0, 0, 0, 1, 0, 0, 0, 20, 4, 0, 0, 4, 0, 0, 0, 4, 2, 0, 0, 2, 2, 0, 0, 1, 0, 0, 0, 7, 12, 0, 0, 5, 4, 0, 0, 1, 2, 0, 0, 4, 0, 0, 0, 1, 0, 0, 0, 1, 0, 0, 0, 2, 0, 0, 0, 6, 0, 0, 0, 13, 0, 0, 0, 20, 0, 0, 0, 14, 0, 0, 0, 5, 0, 0, 0, 
76, 1, 1, 0, 0, 0, 1, 0, 0, 1, 0, 0, 0, 0, 0, 0, 0, 1, 1, 0, 0, 0, 0, 0, 0, 33, 4, 0, 0, 4, 11, 0, 0, 2, 4, 0, 0, 4, 3, 0, 0, 11, 3, 0, 0, 24, 3, 0, 0, 2, 1, 0, 0, 4, 2, 0, 0, 2, 0, 0, 0, 3, 3, 0, 0, 10, 3, 0, 0, 1, 0, 0, 0, 1, 1, 0, 0, 4, 0, 0, 0, 0, 0, 0, 0, 2, 0, 0, 0, 10, 0, 0, 0, 13, 0, 0, 0, 5, 0, 0, 0, 3, 0, 0, 0, 5, 0, 0, 0, 1, 0, 0, 0, 
77, 0, 0, 0, 0, 0, 0, 0, 0, 0, 2, 0, 0, 0, 0, 0, 0, 1, 1, 0, 0, 1, 0, 0, 0, 38, 5, 0, 0, 6, 2, 0, 0, 9, 2, 0, 0, 2, 3, 0, 0, 14, 3, 0, 0, 15, 4, 0, 0, 2, 4, 0, 0, 6, 9, 0, 0, 3, 1, 0, 0, 0, 1, 0, 0, 9, 9, 0, 0, 3, 3, 0, 0, 3, 1, 0, 0, 3, 0, 0, 0, 5, 0, 0, 0, 10, 0, 0, 0, 13, 0, 0, 0, 0, 0, 0, 0, 10, 0, 0, 0, 4, 0, 0, 0, 5, 0, 0, 0, 5, 0, 0, 0, 
78, 1, 1, 0, 0, 0, 0, 0, 0, 1, 1, 0, 0, 2, 1, 0, 0, 2, 1, 0, 0, 3, 0, 0, 0, 52, 4, 0, 0, 1, 1, 0, 0, 6, 1, 0, 0, 13, 0, 0, 0, 3, 5, 0, 0, 5, 3, 0, 0, 2, 3, 0, 0, 4, 9, 0, 0, 0, 1, 0, 0, 0, 1, 0, 0, 10, 7, 0, 0, 4, 10, 0, 0, 0, 1, 0, 0, 6, 0, 0, 0, 1, 0, 0, 0, 1, 0, 0, 0, 4, 0, 0, 0, 16, 0, 0, 0, 2, 0, 0, 0, 15, 0, 0, 0, 4, 0, 0, 0, 4, 0, 0, 0, 
79, 1, 0, 0, 0, 0, 2, 0, 0, 0, 1, 0, 0, 0, 1, 0, 0, 0, 2, 0, 0, 1, 0, 0, 0, 42, 3, 0, 0, 3, 0, 0, 0, 0, 2, 0, 0, 4, 3, 0, 0, 0, 1, 0, 0, 0, 2, 0, 0, 4, 5, 0, 0, 0, 1, 0, 0, 5, 1, 0, 0, 3, 5, 0, 0, 17, 18, 0, 0, 4, 4, 0, 0, 1, 1, 0, 0, 2, 0, 0, 0, 1, 0, 0, 0, 5, 0, 0, 0, 6, 0, 0, 0, 15, 0, 0, 0, 1, 0, 0, 0, 8, 0, 0, 0, 19, 0, 0, 0, 4, 0, 0, 0, 
80, 2, 0, 0, 0, 1, 0, 0, 0, 0, 0, 0, 0, 2, 0, 0, 0, 0, 0, 0, 0, 0, 1, 0, 0, 42, 3, 0, 0, 4, 7, 0, 0, 7, 5, 0, 0, 1, 1, 0, 0, 8, 8, 0, 0, 2, 5, 0, 0, 2, 2, 0, 0, 1, 2, 0, 0, 10, 4, 0, 0, 4, 3, 0, 0, 28, 18, 0, 0, 2, 3, 0, 0, 1, 0, 0, 0, 2, 0, 0, 0, 2, 0, 0, 0, 1, 0, 0, 0, 19, 0, 0, 0, 17, 0, 0, 0, 5, 0, 0, 0, 8, 0, 0, 0, 6, 0, 0, 0, 1, 0, 0, 0, 
81, 0, 1, 0, 0, 6, 2, 0, 0, 0, 0, 0, 0, 0, 0, 0, 0, 0, 0, 0, 0, 0, 1, 0, 0, 49, 4, 0, 0, 3, 0, 0, 0, 7, 1, 0, 0, 4, 4, 0, 0, 9, 13, 0, 0, 0, 1, 0, 0, 5, 2, 0, 0, 8, 5, 0, 0, 1, 0, 0, 0, 1, 1, 0, 0, 29, 11, 0, 0, 19, 12, 0, 0, 4, 0, 0, 0, 11, 0, 0, 0, 4, 0, 0, 0, 5, 0, 0, 0, 12, 0, 0, 0, 8, 0, 0, 0, 14, 0, 0, 0, 13, 0, 0, 0, 7, 0, 0, 0, 1, 0, 0, 0, 
82, 1, 1, 0, 0, 2, 2, 0, 0, 0, 0, 0, 0, 0, 1, 0, 0, 1, 2, 0, 0, 0, 0, 0, 0, 34, 5, 0, 0, 0, 0, 0, 0, 1, 3, 0, 0, 9, 2, 0, 0, 3, 5, 0, 0, 0, 0, 0, 0, 7, 2, 0, 0, 8, 10, 0, 0, 2, 4, 0, 0, 6, 13, 0, 0, 28, 19, 0, 0, 19, 17, 0, 0, 5, 2, 0, 0, 6, 0, 0, 0, 5, 0, 0, 0, 13, 0, 0, 0, 19, 0, 0, 0, 4, 0, 0, 0, 16, 0, 0, 0, 3, 0, 0, 0, 3, 0, 0, 0, 0, 0, 0, 0, 
83, 1, 1, 0, 0, 0, 0, 0, 0, 1, 2, 0, 0, 2, 1, 0, 0, 0, 0, 0, 0, 0, 0, 0, 0, 37, 3, 0, 0, 1, 1, 0, 0, 0, 1, 0, 0, 13, 2, 0, 0, 2, 1, 0, 0, 2, 1, 0, 0, 12, 7, 0, 0, 10, 8, 0, 0, 2, 3, 0, 0, 7, 8, 0, 0, 19, 11, 0, 0, 19, 12, 0, 0, 2, 1, 0, 0, 1, 0, 0, 0, 2, 0, 0, 0, 24, 0, 0, 0, 7, 0, 0, 0, 1, 0, 0, 0, 19, 0, 0, 0, 9, 0, 0, 0, 4, 0, 0, 0, 6, 0, 0, 0, 
84, 1, 2, 0, 0, 1, 1, 0, 0, 1, 0, 0, 0, 0, 1, 0, 0, 0, 2, 0, 0, 1, 1, 0, 0, 27, 3, 0, 0, 1, 0, 0, 0, 1, 0, 0, 0, 9, 0, 0, 0, 1, 1, 0, 0, 8, 2, 0, 0, 20, 3, 0, 0, 10, 4, 0, 0, 4, 3, 0, 0, 4, 6, 0, 0, 26, 12, 0, 0, 13, 8, 0, 0, 6, 7, 0, 0, 9, 0, 0, 0, 2, 0, 0, 0, 17, 0, 0, 0, 14, 0, 0, 0, 11, 0, 0, 0, 14, 0, 0, 0, 17, 0, 0, 0, 6, 0, 0, 0, 8, 0, 0, 0, 
85, 4, 0, 0, 0, 1, 0, 0, 0, 0, 0, 0, 0, 0, 1, 0, 0, 2, 3, 0, 0, 1, 0, 0, 0, 17, 4, 0, 0, 3, 6, 0, 0, 4, 1, 0, 0, 3, 2, 0, 0, 5, 8, 0, 0, 12, 7, 0, 0, 40, 0, 0, 0, 2, 4, 0, 0, 6, 4, 0, 0, 5, 10, 0, 0, 25, 20, 0, 0, 7, 7, 0, 0, 1, 1, 0, 0, 13, 0, 0, 0, 0, 0, 0, 0, 1, 0, 0, 0, 3, 0, 0, 0, 15, 0, 0, 0, 16, 0, 0, 0, 15, 0, 0, 0, 3, 0, 0, 0, 7, 0, 0, 0, 
86, 1, 0, 0, 0, 1, 2, 0, 0, 1, 0, 0, 0, 1, 1, 0, 0, 1, 4, 0, 0, 0, 0, 0, 0, 23, 2, 0, 0, 1, 3, 0, 0, 1, 0, 0, 0, 10, 0, 0, 0, 10, 10, 0, 0, 3, 7, 0, 0, 34, 4, 0, 0, 0, 0, 0, 0, 6, 4, 0, 0, 0, 0, 0, 0, 27, 15, 0, 0, 4, 5, 0, 0, 11, 2, 0, 0, 11, 0, 0, 0, 2, 0, 0, 0, 3, 0, 0, 0, 7, 0, 0, 0, 14, 0, 0, 0, 17, 0, 0, 0, 4, 0, 0, 0, 2, 0, 0, 0, 7, 0, 0, 0, 
87, 0, 1, 0, 0, 1, 0, 0, 0, 0, 1, 0, 0, 0, 0, 0, 0, 3, 0, 0, 0, 1, 0, 0, 0, 33, 2, 0, 0, 2, 1, 0, 0, 4, 0, 0, 0, 0, 2, 0, 0, 11, 7, 0, 0, 1, 1, 0, 0, 45, 0, 0, 0, 4, 3, 0, 0, 2, 1, 0, 0, 3, 9, 0, 0, 25, 13, 0, 0, 8, 2, 0, 0, 2, 1, 0, 0, 9, 0, 0, 0, 1, 0, 0, 0, 6, 0, 0, 0, 8, 0, 0, 0, 23, 0, 0, 0, 24, 0, 0, 0, 8, 0, 0, 0, 8, 0, 0, 0, 2, 0, 0, 0, 
88, 1, 0, 0, 0, 1, 1, 0, 0, 1, 0, 0, 0, 0, 1, 0, 0, 0, 0, 0, 0, 0, 0, 0, 0, 43, 5, 0, 0, 5, 0, 0, 0, 11, 0, 0, 0, 2, 1, 0, 0, 6, 10, 0, 0, 0, 3, 0, 0, 33, 5, 0, 0, 6, 7, 0, 0, 1, 3, 0, 0, 3, 2, 0, 0, 15, 17, 0, 0, 2, 5, 0, 0, 7, 7, 0, 0, 7, 0, 0, 0, 6, 0, 0, 0, 4, 0, 0, 0, 10, 0, 0, 0, 21, 0, 0, 0, 21, 0, 0, 0, 2, 0, 0, 0, 0, 0, 0, 0, 1, 0, 0, 0, 
89, 6, 0, 0, 0, 1, 1, 0, 0, 2, 1, 0, 0, 0, 0, 0, 0, 2, 2, 0, 0, 0, 1, 0, 0, 47, 5, 0, 0, 1, 3, 0, 0, 12, 2, 0, 0, 1, 3, 0, 0, 15, 12, 0, 0, 2, 1, 0, 0, 31, 2, 0, 0, 2, 3, 0, 0, 1, 1, 0, 0, 30, 6, 0, 0, 8, 12, 0, 0, 0, 0, 0, 0, 6, 6, 0, 0, 2, 0, 0, 0, 9, 0, 0, 0, 2, 0, 0, 0, 0, 0, 0, 0, 32, 0, 0, 0, 12, 0, 0, 0, 16, 0, 0, 0, 8, 0, 0, 0, 2, 0, 0, 0, 
90, 0, 0, 0, 0, 1, 0, 0, 0, 1, 0, 0, 0, 3, 2, 0, 0, 1, 2, 0, 0, 0, 2, 0, 0, 33, 4, 0, 0, 8, 8, 0, 0, 4, 4, 0, 0, 0, 0, 0, 0, 7, 0, 0, 0, 4, 8, 0, 0, 36, 4, 0, 0, 0, 0, 0, 0, 7, 4, 0, 0, 40, 2, 0, 0, 1, 0, 0, 0, 2, 1, 0, 0, 1, 6, 0, 0, 2, 0, 0, 0, 5, 0, 0, 0, 0, 0, 0, 0, 15, 0, 0, 0, 32, 0, 0, 0, 2, 0, 0, 0, 4, 0, 0, 0, 1, 0, 0, 0, 6, 0, 0, 0, 
91, 0, 1, 0, 0, 2, 0, 0, 0, 0, 0, 0, 0, 3, 1, 0, 0, 1, 2, 0, 0, 0, 1, 0, 0, 32, 2, 0, 0, 6, 15, 0, 0, 2, 3, 0, 0, 2, 0, 0, 0, 2, 0, 0, 0, 7, 8, 0, 0, 22, 1, 0, 0, 5, 8, 0, 0, 0, 1, 0, 0, 40, 1, 0, 0, 12, 4, 0, 0, 3, 3, 0, 0, 3, 1, 0, 0, 0, 0, 0, 0, 13, 0, 0, 0, 6, 0, 0, 0, 10, 0, 0, 0, 24, 0, 0, 0, 3, 0, 0, 0, 2, 0, 0, 0, 7, 0, 0, 0, 2, 0, 0, 0, 
92, 1, 0, 0, 0, 0, 0, 0, 0, 0, 1, 0, 0, 1, 0, 0, 0, 0, 1, 0, 0, 0, 0, 0, 0, 20, 9, 0, 0, 15, 11, 0, 0, 1, 3, 0, 0, 1, 1, 0, 0, 2, 1, 0, 0, 7, 8, 0, 0, 3, 2, 0, 0, 1, 0, 0, 0, 1, 3, 0, 0, 26, 4, 0, 0, 9, 9, 0, 0, 8, 1, 0, 0, 8, 1, 0, 0, 7, 0, 0, 0, 25, 0, 0, 0, 4, 0, 0, 0, 14, 0, 0, 0, 8, 0, 0, 0, 14, 0, 0, 0, 4, 0, 0, 0, 1, 0, 0, 0, 20, 0, 0, 0, 
93, 1, 0, 0, 0, 2, 1, 0, 0, 1, 0, 0, 0, 0, 1, 0, 0, 0, 0, 0, 0, 1, 0, 0, 0, 14, 2, 0, 0, 12, 12, 0, 0, 2, 0, 0, 0, 2, 2, 0, 0, 2, 2, 0, 0, 11, 4, 0, 0, 5, 1, 0, 0, 5, 5, 0, 0, 10, 7, 0, 0, 23, 4, 0, 0, 1, 1, 0, 0, 9, 3, 0, 0, 14, 0, 0, 0, 10, 0, 0, 0, 24, 0, 0, 0, 2, 0, 0, 0, 18, 0, 0, 0, 12, 0, 0, 0, 17, 0, 0, 0, 1, 0, 0, 0, 2, 0, 0, 0, 15, 0, 0, 0, 
94, 1, 0, 0, 0, 3, 1, 0, 0, 0, 0, 0, 0, 0, 0, 0, 0, 0, 1, 0, 0, 1, 2, 0, 0, 5, 2, 0, 0, 9, 11, 0, 0, 0, 2, 0, 0, 4, 5, 0, 0, 5, 3, 0, 0, 5, 1, 0, 0, 6, 3, 0, 0, 0, 0, 0, 0, 3, 2, 0, 0, 12, 4, 0, 0, 11, 10, 0, 0, 10, 2, 0, 0, 9, 0, 0, 0, 2, 0, 0, 0, 20, 0, 0, 0, 7, 0, 0, 0, 32, 0, 0, 0, 2, 0, 0, 0, 9, 0, 0, 0, 2, 0, 0, 0, 1, 0, 0, 0, 23, 0, 0, 0, 
95, 1, 0, 0, 0, 0, 0, 0, 0, 2, 1, 0, 0, 0, 0, 0, 0, 0, 1, 0, 0, 2, 0, 0, 0, 1, 3, 0, 0, 9, 7, 0, 0, 0, 4, 0, 0, 1, 1, 0, 0, 4, 6, 0, 0, 3, 3, 0, 0, 2, 0, 0, 0, 2, 0, 0, 0, 7, 7, 0, 0, 13, 2, 0, 0, 2, 7, 0, 0, 0, 1, 0, 0, 6, 3, 0, 0, 15, 0, 0, 0, 22, 0, 0, 0, 4, 0, 0, 0, 33, 0, 0, 0, 2, 0, 0, 0, 7, 0, 0, 0, 1, 0, 0, 0, 5, 0, 0, 0, 15, 0, 0, 0, 
96, 1, 0, 0, 0, 5, 3, 0, 0, 2, 1, 0, 0, 0, 1, 0, 0, 2, 0, 0, 0, 0, 1, 0, 0, 1, 0, 0, 0, 3, 4, 0, 0, 2, 0, 0, 0, 9, 1, 0, 0, 1, 2, 0, 0, 5, 0, 0, 0, 0, 0, 0, 0, 4, 5, 0, 0, 23, 9, 0, 0, 1, 3, 0, 0, 0, 0, 0, 0, 1, 3, 0, 0, 1, 0, 0, 0, 12, 0, 0, 0, 17, 0, 0, 0, 1, 0, 0, 0, 38, 0, 0, 0, 3, 0, 0, 0, 2, 0, 0, 0, 4, 0, 0, 0, 3, 0, 0, 0, 13, 0, 0, 0, 
97, 3, 0, 0, 0, 1, 1, 0, 0, 0, 1, 0, 0, 2, 0, 0, 0, 0, 0, 0, 0, 1, 0, 0, 0, 1, 1, 0, 0, 2, 3, 0, 0, 3, 5, 0, 0, 9, 0, 0, 0, 1, 0, 0, 0, 1, 2, 0, 0, 4, 4, 0, 0, 2, 2, 0, 0, 25, 5, 0, 0, 15, 10, 0, 0, 0, 2, 0, 0, 1, 2, 0, 0, 9, 10, 0, 0, 7, 0, 0, 0, 9, 0, 0, 0, 7, 0, 0, 0, 36, 0, 0, 0, 9, 0, 0, 0, 8, 0, 0, 0, 4, 0, 0, 0, 1, 0, 0, 0, 15, 0, 0, 0, 
98, 3, 3, 0, 0, 0, 1, 0, 0, 1, 2, 0, 0, 1, 0, 0, 0, 0, 0, 0, 0, 0, 1, 0, 0, 0, 0, 0, 0, 5, 3, 0, 0, 9, 4, 0, 0, 8, 1, 0, 0, 4, 0, 0, 0, 2, 1, 0, 0, 2, 1, 0, 0, 2, 8, 0, 0, 14, 3, 0, 0, 17, 15, 0, 0, 7, 9, 0, 0, 1, 2, 0, 0, 16, 6, 0, 0, 0, 0, 0, 0, 3, 0, 0, 0, 4, 0, 0, 0, 37, 0, 0, 0, 7, 0, 0, 0, 4, 0, 0, 0, 2, 0, 0, 0, 6, 0, 0, 0, 18, 0, 0, 0, 
99, 2, 0, 0, 0, 2, 0, 0, 0, 0, 0, 0, 0, 1, 1, 0, 0, 0, 3, 0, 0, 0, 0, 0, 0, 5, 2, 0, 0, 0, 0, 0, 0, 12, 11, 0, 0, 5, 1, 0, 0, 3, 3, 0, 0, 6, 5, 0, 0, 1, 3, 0, 0, 15, 3, 0, 0, 0, 1, 0, 0, 22, 10, 0, 0, 7, 3, 0, 0, 1, 2, 0, 0, 8, 6, 0, 0, 7, 0, 0, 0, 4, 0, 0, 0, 19, 0, 0, 0, 37, 0, 0, 0, 2, 0, 0, 0, 3, 0, 0, 0, 2, 0, 0, 0, 6, 0, 0, 0, 8, 0, 0, 0, 