0, 0, 0, 0, 0, 0, 1, 0, 0, 5, 3, 0, 0, 3, 1, 0, 0, 0, 0, 0, 0, 0, 1, 0, 0, 0, 0, 0, 0, 1, 1, 0, 0, 2, 2, 0, 0, 2, 4, 0, 0, 0, 0, 0, 0, 2, 2, 0, 0, 0, 0, 0, 0, 4, 1, 0, 0, 0, 1, 0, 0, 11, 4, 0, 0, 3, 1, 0, 0, 1, 2, 0, 0, 0, 0, 0, 0, 4, 0, 0, 0, 4, 0, 0, 0, 0, 0, 0, 0, 3, 0, 0, 0, 1, 0, 0, 0, 1, 0, 0, 0, 2, 0, 0, 0, 1, 0, 0, 0, 1, 0, 0, 0, 
1, 0, 0, 0, 0, 2, 0, 0, 0, 1, 0, 0, 0, 0, 0, 0, 0, 1, 1, 0, 0, 0, 0, 0, 0, 2, 2, 0, 0, 3, 0, 0, 0, 1, 1, 0, 0, 0, 3, 0, 0, 5, 4, 0, 0, 6, 6, 0, 0, 1, 2, 0, 0, 2, 0, 0, 0, 0, 2, 0, 0, 4, 2, 0, 0, 2, 0, 0, 0, 1, 0, 0, 0, 0, 2, 0, 0, 1, 0, 0, 0, 7, 0, 0, 0, 1, 0, 0, 0, 1, 0, 0, 0, 9, 0, 0, 0, 2, 0, 0, 0, 1, 0, 0, 0, 4, 0, 0, 0, 1, 0, 0, 0, 
2, 0, 0, 0, 0, 1, 2, 0, 0, 0, 3, 0, 0, 0, 0, 0, 0, 0, 0, 0, 0, 2, 1, 0, 0, 0, 0, 0, 0, 2, 1, 0, 0, 3, 0, 0, 0, 3, 5, 0, 0, 1, 1, 0, 0, 0, 1, 0, 0, 1, 3, 0, 0, 7, 0, 0, 0, 2, 4, 0, 0, 4, 2, 0, 0, 2, 0, 0, 0, 2, 0, 0, 0, 0, 0, 0, 0, 0, 0, 0, 0, 16, 0, 0, 0, 1, 0, 0, 0, 7, 0, 0, 0, 0, 0, 0, 0, 4, 0, 0, 0, 1, 0, 0, 0, 4, 0, 0, 0, 3, 0, 0, 0, 
3, 0, 1, 0, 0, 1, 0, 0, 0, 0, 3, 0, 0, 0, 0, 0, 0, 0, 0, 0, 0, 0, 0, 0, 0, 8, 7, 0, 0, 1, 0, 0, 0, 5, 3, 0, 0, 1, 3, 0, 0, 2, 3, 0, 0, 0, 2, 0, 0, 6, 5, 0, 0, 5, 1, 0, 0, 3, 3, 0, 0, 2, 2, 0, 0, 4, 2, 0, 0, 6, 2, 0, 0, 3, 1, 0, 0, 6, 0, 0, 0, 17, 0, 0, 0, 3, 0, 0, 0, 2, 0, 0, 0, 8, 0, 0, 0, 6, 0, 0, 0, 12, 0, 0, 0, 14, 0, 0, 0, 0, 0, 0, 0, 
4, 0, 1, 0, 0, 1, 0, 0, 0, 1, 1, 0, 0, 3, 4, 0, 0, 0, 0, 0, 0, 0, 0, 0, 0, 4, 2, 0, 0, 0, 1, 0, 0, 21, 5, 0, 0, 2, 5, 0, 0, 0, 0, 0, 0, 7, 6, 0, 0, 9, 5, 0, 0, 3, 2, 0, 0, 9, 4, 0, 0, 2, 5, 0, 0, 6, 4, 0, 0, 10, 2, 0, 0, 1, 0, 0, 0, 9, 0, 0, 0, 22, 0, 0, 0, 9, 0, 0, 0, 1, 0, 0, 0, 11, 0, 0, 0, 10, 0, 0, 0, 18, 0, 0, 0, 18, 0, 0, 0, 10, 0, 0, 0, 
5, 0, 1, 0, 0, 0, 2, 0, 0, 1, 0, 0, 0, 0, 1, 0, 0, 1, 1, 0, 0, 0, 3, 0, 0, 5, 4, 0, 0, 5, 1, 0, 0, 14, 4, 0, 0, 12, 11, 0, 0, 2, 2, 0, 0, 14, 15, 0, 0, 1, 3, 0, 0, 3, 1, 0, 0, 11, 16, 0, 0, 10, 4, 0, 0, 7, 8, 0, 0, 1, 2, 0, 0, 0, 2, 0, 0, 8, 0, 0, 0, 20, 0, 0, 0, 17, 0, 0, 0, 4, 0, 0, 0, 13, 0, 0, 0, 0, 0, 0, 0, 4, 0, 0, 0, 20, 0, 0, 0, 2, 0, 0, 0, 
6, 11, 3, 0, 0, 0, 2, 0, 0, 2, 1, 0, 0, 1, 0, 0, 0, 0, 1, 0, 0, 0, 4, 0, 0, 3, 1, 0, 0, 9, 9, 0, 0, 1, 1, 0, 0, 1, 10, 0, 0, 7, 6, 0, 0, 24, 21, 0, 0, 1, 2, 0, 0, 1, 2, 0, 0, 20, 12, 0, 0, 8, 5, 0, 0, 16, 4, 0, 0, 1, 1, 0, 0, 6, 2, 0, 0, 4, 0, 0, 0, 8, 0, 0, 0, 7, 0, 0, 0, 3, 0, 0, 0, 11, 0, 0, 0, 6, 0, 0, 0, 16, 0, 0, 0, 22, 0, 0, 0, 5, 0, 0, 0, 
7, 2, 3, 0, 0, 0, 1, 0, 0, 0, 0, 0, 0, 0, 0, 0, 0, 1, 1, 0, 0, 6, 0, 0, 0, 2, 0, 0, 0, 12, 6, 0, 0, 6, 2, 0, 0, 9, 9, 0, 0, 7, 7, 0, 0, 19, 17, 0, 0, 3, 2, 0, 0, 1, 2, 0, 0, 20, 12, 0, 0, 3, 6, 0, 0, 14, 7, 0, 0, 4, 4, 0, 0, 0, 0, 0, 0, 11, 0, 0, 0, 18, 0, 0, 0, 19, 0, 0, 0, 3, 0, 0, 0, 20, 0, 0, 0, 11, 0, 0, 0, 8, 0, 0, 0, 16, 0, 0, 0, 4, 0, 0, 0, 
8, 1, 0, 0, 0, 0, 3, 0, 0, 0, 0, 0, 0, 0, 0, 0, 0, 2, 0, 0, 0, 0, 1, 0, 0, 6, 3, 0, 0, 4, 3, 0, 0, 0, 0, 0, 0, 4, 12, 0, 0, 12, 5, 0, 0, 11, 11, 0, 0, 8, 10, 0, 0, 2, 0, 0, 0, 12, 9, 0, 0, 3, 1, 0, 0, 19, 4, 0, 0, 16, 5, 0, 0, 9, 5, 0, 0, 14, 0, 0, 0, 20, 0, 0, 0, 40, 0, 0, 0, 7, 0, 0, 0, 13, 0, 0, 0, 5, 0, 0, 0, 3, 0, 0, 0, 12, 0, 0, 0, 5, 0, 0, 0, 
9, 1, 0, 0, 0, 3, 1, 0, 0, 1, 2, 0, 0, 2, 0, 0, 0, 0, 0, 0, 0, 1, 1, 0, 0, 0, 1, 0, 0, 1, 1, 0, 0, 7, 5, 0, 0, 12, 4, 0, 0, 11, 2, 0, 0, 14, 16, 0, 0, 4, 5, 0, 0, 3, 3, 0, 0, 15, 12, 0, 0, 4, 2, 0, 0, 13, 6, 0, 0, 1, 4, 0, 0, 14, 12, 0, 0, 3, 0, 0, 0, 16, 0, 0, 0, 24, 0, 0, 0, 8, 0, 0, 0, 7, 0, 0, 0, 5, 0, 0, 0, 1, 0, 0, 0, 3, 0, 0, 0, 15, 0, 0, 0, 
10, 0, 0, 0, 0, 1, 0, 0, 0, 0, 0, 0, 0, 2, 0, 0, 0, 0, 2, 0, 0, 3, 5, 0, 0, 1, 0, 0, 0, 4, 5, 0, 0, 21, 4, 0, 0, 20, 3, 0, 0, 12, 11, 0, 0, 8, 10, 0, 0, 5, 3, 0, 0, 1, 0, 0, 0, 9, 18, 0, 0, 0, 5, 0, 0, 13, 5, 0, 0, 2, 0, 0, 0, 5, 7, 0, 0, 1, 0, 0, 0, 10, 0, 0, 0, 13, 0, 0, 0, 9, 0, 0, 0, 11, 0, 0, 0, 3, 0, 0, 0, 18, 0, 0, 0, 12, 0, 0, 0, 2, 0, 0, 0, 
11, 1, 2, 0, 0, 1, 2, 0, 0, 0, 3, 0, 0, 2, 2, 0, 0, 0, 1, 0, 0, 1, 0, 0, 0, 2, 1, 0, 0, 0, 0, 0, 0, 17, 6, 0, 0, 18, 1, 0, 0, 3, 2, 0, 0, 5, 5, 0, 0, 9, 3, 0, 0, 7, 3, 0, 0, 12, 19, 0, 0, 3, 2, 0, 0, 3, 7, 0, 0, 5, 3, 0, 0, 13, 9, 0, 0, 13, 0, 0, 0, 7, 0, 0, 0, 5, 0, 0, 0, 3, 0, 0, 0, 4, 0, 0, 0, 7, 0, 0, 0, 4, 0, 0, 0, 9, 0, 0, 0, 10, 0, 0, 0, 
12, 2, 3, 0, 0, 1, 0, 0, 0, 1, 0, 0, 0, 0, 0, 0, 0, 1, 3, 0, 0, 1, 0, 0, 0, 1, 2, 0, 0, 5, 5, 0, 0, 31, 5, 0, 0, 0, 0, 0, 0, 2, 3, 0, 0, 3, 6, 0, 0, 0, 0, 0, 0, 4, 3, 0, 0, 8, 20, 0, 0, 4, 3, 0, 0, 0, 3, 0, 0, 9, 3, 0, 0, 1, 1, 0, 0, 12, 0, 0, 0, 0, 0, 0, 0, 9, 0, 0, 0, 11, 0, 0, 0, 3, 0, 0, 0, 5, 0, 0, 0, 3, 0, 0, 0, 14, 0, 0, 0, 20, 0, 0, 0, 
13, 2, 2, 0, 0, 1, 1, 0, 0, 2, 5, 0, 0, 0, 0, 0, 0, 1, 0, 0, 0, 1, 0, 0, 0, 4, 2, 0, 0, 5, 9, 0, 0, 13, 4, 0, 0, 2, 1, 0, 0, 2, 3, 0, 0, 2, 6, 0, 0, 0, 2, 0, 0, 1, 6, 0, 0, 6, 1, 0, 0, 1, 1, 0, 0, 2, 3, 0, 0, 0, 1, 0, 0, 18, 3, 0, 0, 12, 0, 0, 0, 4, 0, 0, 0, 7, 0, 0, 0, 11, 0, 0, 0, 7, 0, 0, 0, 0, 0, 0, 0, 1, 0, 0, 0, 6, 0, 0, 0, 18, 0, 0, 0, 
14, 0, 0, 0, 0, 2, 1, 0, 0, 0, 0, 0, 0, 0, 0, 0, 0, 0, 2, 0, 0, 0, 1, 0, 0, 1, 0, 0, 0, 5, 4, 0, 0, 3, 5, 0, 0, 0, 0, 0, 0, 1, 1, 0, 0, 4, 4, 0, 0, 3, 1, 0, 0, 0, 2, 0, 0, 6, 3, 0, 0, 1, 4, 0, 0, 3, 0, 0, 0, 9, 2, 0, 0, 13, 2, 0, 0, 4, 0, 0, 0, 4, 0, 0, 0, 1, 0, 0, 0, 10, 0, 0, 0, 1, 0, 0, 0, 6, 0, 0, 0, 12, 0, 0, 0, 16, 0, 0, 0, 15, 0, 0, 0, 
15, 2, 1, 0, 0, 1, 0, 0, 0, 0, 1, 0, 0, 2, 0, 0, 0, 2, 0, 0, 0, 1, 0, 0, 0, 0, 1, 0, 0, 4, 2, 0, 0, 3, 3, 0, 0, 0, 0, 0, 0, 3, 7, 0, 0, 5, 3, 0, 0, 3, 3, 0, 0, 3, 2, 0, 0, 2, 0, 0, 0, 3, 6, 0, 0, 7, 5, 0, 0, 13, 1, 0, 0, 3, 0, 0, 0, 1, 0, 0, 0, 3, 0, 0, 0, 20, 0, 0, 0, 11, 0, 0, 0, 2, 0, 0, 0, 13, 0, 0, 0, 19, 0, 0, 0, 36, 0, 0, 0, 14, 0, 0, 0, 
16, 4, 0, 0, 0, 0, 3, 0, 0, 0, 0, 0, 0, 0, 0, 0, 0, 0, 0, 0, 0, 2, 0, 0, 0, 1, 1, 0, 0, 9, 0, 0, 0, 1, 1, 0, 0, 0, 2, 0, 0, 4, 1, 0, 0, 3, 2, 0, 0, 4, 3, 0, 0, 1, 1, 0, 0, 9, 7, 0, 0, 3, 10, 0, 0, 3, 2, 0, 0, 5, 2, 0, 0, 3, 1, 0, 0, 3, 0, 0, 0, 3, 0, 0, 0, 23, 0, 0, 0, 24, 0, 0, 0, 3, 0, 0, 0, 25, 0, 0, 0, 11, 0, 0, 0, 38, 0, 0, 0, 18, 0, 0, 0, 
17, 0, 0, 0, 0, 1, 1, 0, 0, 1, 0, 0, 0, 1, 0, 0, 0, 2, 1, 0, 0, 1, 2, 0, 0, 5, 4, 0, 0, 0, 2, 0, 0, 7, 4, 0, 0, 3, 1, 0, 0, 10, 0, 0, 0, 14, 1, 0, 0, 3, 2, 0, 0, 2, 1, 0, 0, 14, 1, 0, 0, 5, 2, 0, 0, 12, 12, 0, 0, 0, 1, 0, 0, 1, 2, 0, 0, 2, 0, 0, 0, 7, 0, 0, 0, 6, 0, 0, 0, 31, 0, 0, 0, 9, 0, 0, 0, 28, 0, 0, 0, 8, 0, 0, 0, 34, 0, 0, 0, 8, 0, 0, 0, 
18, 2, 1, 0, 0, 3, 0, 0, 0, 2, 0, 0, 0, 0, 1, 0, 0, 1, 3, 0, 0, 4, 1, 0, 0, 2, 2, 0, 0, 9, 9, 0, 0, 0, 1, 0, 0, 3, 5, 0, 0, 1, 1, 0, 0, 1, 0, 0, 0, 8, 3, 0, 0, 1, 1, 0, 0, 3, 0, 0, 0, 6, 3, 0, 0, 20, 6, 0, 0, 4, 1, 0, 0, 5, 4, 0, 0, 2, 0, 0, 0, 4, 0, 0, 0, 14, 0, 0, 0, 17, 0, 0, 0, 4, 0, 0, 0, 16, 0, 0, 0, 4, 0, 0, 0, 40, 0, 0, 0, 9, 0, 0, 0, 
19, 0, 2, 0, 0, 1, 0, 0, 0, 0, 1, 0, 0, 2, 1, 0, 0, 2, 1, 0, 0, 1, 0, 0, 0, 2, 0, 0, 0, 8, 7, 0, 0, 1, 0, 0, 0, 6, 13, 0, 0, 1, 0, 0, 0, 6, 0, 0, 0, 6, 1, 0, 0, 5, 1, 0, 0, 0, 1, 0, 0, 3, 3, 0, 0, 12, 6, 0, 0, 9, 2, 0, 0, 7, 7, 0, 0, 4, 0, 0, 0, 1, 0, 0, 0, 3, 0, 0, 0, 1, 0, 0, 0, 12, 0, 0, 0, 1, 0, 0, 0, 2, 0, 0, 0, 45, 0, 0, 0, 9, 0, 0, 0, 
20, 1, 1, 0, 0, 3, 2, 0, 0, 0, 3, 0, 0, 0, 0, 0, 0, 0, 0, 0, 0, 1, 0, 0, 0, 7, 3, 0, 0, 3, 7, 0, 0, 1, 0, 0, 0, 25, 10, 0, 0, 8, 3, 0, 0, 3, 3, 0, 0, 3, 5, 0, 0, 13, 2, 0, 0, 9, 2, 0, 0, 0, 1, 0, 0, 0, 1, 0, 0, 2, 3, 0, 0, 1, 2, 0, 0, 6, 0, 0, 0, 0, 0, 0, 0, 24, 0, 0, 0, 3, 0, 0, 0, 15, 0, 0, 0, 0, 0, 0, 0, 8, 0, 0, 0, 29, 0, 0, 0, 8, 0, 0, 0, 
21, 2, 1, 0, 0, 3, 2, 0, 0, 0, 0, 0, 0, 0, 1, 0, 0, 0, 0, 0, 0, 2, 2, 0, 0, 2, 0, 0, 0, 7, 5, 0, 0, 0, 0, 0, 0, 20, 22, 0, 0, 13, 2, 0, 0, 3, 5, 0, 0, 1, 1, 0, 0, 0, 1, 0, 0, 7, 7, 0, 0, 6, 1, 0, 0, 1, 1, 0, 0, 2, 1, 0, 0, 3, 7, 0, 0, 9, 0, 0, 0, 22, 0, 0, 0, 23, 0, 0, 0, 9, 0, 0, 0, 3, 0, 0, 0, 12, 0, 0, 0, 17, 0, 0, 0, 21, 0, 0, 0, 2, 0, 0, 0, 
22, 1, 1, 0, 0, 0, 0, 0, 0, 0, 1, 0, 0, 0, 0, 0, 0, 2, 0, 0, 0, 0, 0, 0, 0, 13, 8, 0, 0, 1, 0, 0, 0, 11, 6, 0, 0, 16, 20, 0, 0, 12, 4, 0, 0, 5, 11, 0, 0, 1, 0, 0, 0, 7, 5, 0, 0, 3, 2, 0, 0, 1, 2, 0, 0, 1, 3, 0, 0, 0, 0, 0, 0, 8, 8, 0, 0, 1, 0, 0, 0, 13, 0, 0, 0, 11, 0, 0, 0, 1, 0, 0, 0, 12, 0, 0, 0, 18, 0, 0, 0, 24, 0, 0, 0, 9, 0, 0, 0, 16, 0, 0, 0, 
23, 0, 1, 0, 0, 0, 1, 0, 0, 0, 0, 0, 0, 3, 0, 0, 0, 0, 0, 0, 0, 1, 0, 0, 0, 12, 4, 0, 0, 1, 2, 0, 0, 3, 3, 0, 0, 25, 18, 0, 0, 21, 1, 0, 0, 7, 7, 0, 0, 2, 0, 0, 0, 7, 3, 0, 0, 11, 3, 0, 0, 0, 0, 0, 0, 2, 2, 0, 0, 1, 3, 0, 0, 2, 0, 0, 0, 7, 0, 0, 0, 15, 0, 0, 0, 10, 0, 0, 0, 5, 0, 0, 0, 5, 0, 0, 0, 14, 0, 0, 0, 9, 0, 0, 0, 18, 0, 0, 0, 12, 0, 0, 0, 
24, 1, 0, 0, 0, 0, 2, 0, 0, 2, 0, 0, 0, 3, 3, 0, 0, 0, 1, 0, 0, 1, 0, 0, 0, 0, 1, 0, 0, 0, 0, 0, 0, 1, 2, 0, 0, 24, 10, 0, 0, 27, 4, 0, 0, 0, 0, 0, 0, 3, 0, 0, 0, 8, 4, 0, 0, 11, 1, 0, 0, 3, 3, 0, 0, 3, 10, 0, 0, 7, 2, 0, 0, 12, 11, 0, 0, 11, 0, 0, 0, 3, 0, 0, 0, 4, 0, 0, 0, 26, 0, 0, 0, 1, 0, 0, 0, 7, 0, 0, 0, 18, 0, 0, 0, 9, 0, 0, 0, 15, 0, 0, 0, 
25, 0, 1, 0, 0, 1, 0, 0, 0, 0, 1, 0, 0, 1, 0, 0, 0, 1, 1, 0, 0, 1, 0, 0, 0, 0, 0, 0, 0, 4, 2, 0, 0, 3, 2, 0, 0, 14, 16, 0, 0, 30, 3, 0, 0, 3, 3, 0, 0, 4, 5, 0, 0, 1, 1, 0, 0, 11, 5, 0, 0, 1, 0, 0, 0, 4, 7, 0, 0, 4, 6, 0, 0, 9, 5, 0, 0, 17, 0, 0, 0, 11, 0, 0, 0, 5, 0, 0, 0, 23, 0, 0, 0, 3, 0, 0, 0, 12, 0, 0, 0, 10, 0, 0, 0, 10, 0, 0, 0, 16, 0, 0, 0, 
26, 0, 1, 0, 0, 3, 2, 0, 0, 0, 0, 0, 0, 1, 0, 0, 0, 0, 2, 0, 0, 1, 1, 0, 0, 10, 8, 0, 0, 6, 4, 0, 0, 1, 1, 0, 0, 9, 17, 0, 0, 41, 6, 0, 0, 14, 1, 0, 0, 1, 3, 0, 0, 1, 0, 0, 0, 20, 1, 0, 0, 1, 1, 0, 0, 2, 5, 0, 0, 3, 5, 0, 0, 16, 6, 0, 0, 8, 0, 0, 0, 14, 0, 0, 0, 3, 0, 0, 0, 31, 0, 0, 0, 14, 0, 0, 0, 18, 0, 0, 0, 11, 0, 0, 0, 0, 0, 0, 0, 2, 0, 0, 0, 
27, 0, 0, 0, 0, 1, 6, 0, 0, 1, 0, 0, 0, 0, 2, 0, 0, 1, 0, 0, 0, 1, 1, 0, 0, 8, 8, 0, 0, 5, 1, 0, 0, 3, 1, 0, 0, 9, 9, 0, 0, 33, 5, 0, 0, 13, 3, 0, 0, 2, 5, 0, 0, 4, 2, 0, 0, 19, 3, 0, 0, 4, 1, 0, 0, 5, 0, 0, 0, 0, 1, 0, 0, 17, 8, 0, 0, 0, 0, 0, 0, 3, 0, 0, 0, 11, 0, 0, 0, 15, 0, 0, 0, 14, 0, 0, 0, 13, 0, 0, 0, 1, 0, 0, 0, 3, 0, 0, 0, 14, 0, 0, 0, 
28, 1, 2, 0, 0, 0, 2, 0, 0, 0, 0, 0, 0, 0, 2, 0, 0, 0, 1, 0, 0, 0, 3, 0, 0, 3, 7, 0, 0, 8, 8, 0, 0, 5, 3, 0, 0, 8, 6, 0, 0, 32, 3, 0, 0, 4, 3, 0, 0, 4, 2, 0, 0, 5, 11, 0, 0, 19, 2, 0, 0, 0, 1, 0, 0, 9, 3, 0, 0, 10, 0, 0, 0, 11, 3, 0, 0, 4, 0, 0, 0, 3, 0, 0, 0, 4, 0, 0, 0, 14, 0, 0, 0, 4, 0, 0, 0, 25, 0, 0, 0, 4, 0, 0, 0, 19, 0, 0, 0, 25, 0, 0, 0, 
29, 2, 3, 0, 0, 0, 0, 0, 0, 0, 2, 0, 0, 2, 2, 0, 0, 2, 3, 0, 0, 0, 0, 0, 0, 8, 5, 0, 0, 5, 6, 0, 0, 2, 2, 0, 0, 16, 12, 0, 0, 24, 2, 0, 0, 18, 2, 0, 0, 0, 0, 0, 0, 3, 3, 0, 0, 9, 1, 0, 0, 0, 3, 0, 0, 6, 7, 0, 0, 1, 1, 0, 0, 2, 3, 0, 0, 7, 0, 0, 0, 4, 0, 0, 0, 5, 0, 0, 0, 12, 0, 0, 0, 5, 0, 0, 0, 19, 0, 0, 0, 11, 0, 0, 0, 10, 0, 0, 0, 27, 0, 0, 0, 
30, 0, 0, 0, 0, 1, 2, 0, 0, 1, 1, 0, 0, 2, 4, 0, 0, 1, 0, 0, 0, 0, 0, 0, 0, 9, 8, 0, 0, 3, 6, 0, 0, 1, 1, 0, 0, 11, 5, 0, 0, 11, 2, 0, 0, 19, 4, 0, 0, 5, 4, 0, 0, 3, 2, 0, 0, 9, 2, 0, 0, 5, 1, 0, 0, 4, 1, 0, 0, 1, 2, 0, 0, 0, 1, 0, 0, 3, 0, 0, 0, 0, 0, 0, 0, 5, 0, 0, 0, 12, 0, 0, 0, 3, 0, 0, 0, 1, 0, 0, 0, 1, 0, 0, 0, 2, 0, 0, 0, 23, 0, 0, 0, 
31, 1, 1, 0, 0, 0, 0, 0, 0, 3, 1, 0, 0, 2, 2, 0, 0, 2, 2, 0, 0, 1, 3, 0, 0, 0, 2, 0, 0, 11, 5, 0, 0, 0, 2, 0, 0, 6, 6, 0, 0, 1, 0, 0, 0, 2, 0, 0, 0, 3, 1, 0, 0, 1, 1, 0, 0, 9, 6, 0, 0, 0, 0, 0, 0, 3, 2, 0, 0, 4, 0, 0, 0, 1, 3, 0, 0, 6, 0, 0, 0, 5, 0, 0, 0, 5, 0, 0, 0, 12, 0, 0, 0, 14, 0, 0, 0, 4, 0, 0, 0, 4, 0, 0, 0, 1, 0, 0, 0, 20, 0, 0, 0, 
32, 1, 2, 0, 0, 0, 0, 0, 0, 0, 2, 0, 0, 0, 1, 0, 0, 0, 0, 0, 0, 2, 1, 0, 0, 4, 9, 0, 0, 2, 1, 0, 0, 4, 1, 0, 0, 8, 10, 0, 0, 0, 3, 0, 0, 5, 6, 0, 0, 4, 1, 0, 0, 0, 1, 0, 0, 11, 9, 0, 0, 0, 0, 0, 0, 1, 0, 0, 0, 3, 0, 0, 0, 3, 2, 0, 0, 11, 0, 0, 0, 6, 0, 0, 0, 7, 0, 0, 0, 19, 0, 0, 0, 8, 0, 0, 0, 3, 0, 0, 0, 3, 0, 0, 0, 6, 0, 0, 0, 13, 0, 0, 0, 
33, 2, 3, 0, 0, 0, 1, 0, 0, 1, 1, 0, 0, 0, 0, 0, 0, 0, 1, 0, 0, 0, 1, 0, 0, 5, 8, 0, 0, 4, 2, 0, 0, 2, 3, 0, 0, 2, 1, 0, 0, 2, 2, 0, 0, 0, 0, 0, 0, 3, 6, 0, 0, 6, 3, 0, 0, 29, 9, 0, 0, 5, 8, 0, 0, 4, 2, 0, 0, 2, 2, 0, 0, 5, 7, 0, 0, 22, 0, 0, 0, 1, 0, 0, 0, 0, 0, 0, 0, 13, 0, 0, 0, 0, 0, 0, 0, 8, 0, 0, 0, 1, 0, 0, 0, 0, 0, 0, 0, 14, 0, 0, 0, 
34, 3, 0, 0, 0, 1, 2, 0, 0, 0, 1, 0, 0, 1, 0, 0, 0, 3, 5, 0, 0, 1, 3, 0, 0, 4, 6, 0, 0, 0, 2, 0, 0, 5, 6, 0, 0, 2, 1, 0, 0, 4, 4, 0, 0, 4, 2, 0, 0, 5, 2, 0, 0, 2, 5, 0, 0, 35, 11, 0, 0, 4, 0, 0, 0, 6, 1, 0, 0, 4, 4, 0, 0, 8, 9, 0, 0, 13, 0, 0, 0, 2, 0, 0, 0, 4, 0, 0, 0, 0, 0, 0, 0, 1, 0, 0, 0, 1, 0, 0, 0, 3, 0, 0, 0, 5, 0, 0, 0, 2, 0, 0, 0, 
35, 0, 1, 0, 0, 0, 4, 0, 0, 1, 0, 0, 0, 2, 5, 0, 0, 6, 1, 0, 0, 0, 0, 0, 0, 5, 0, 0, 0, 2, 0, 0, 0, 3, 3, 0, 0, 3, 2, 0, 0, 2, 2, 0, 0, 1, 2, 0, 0, 2, 2, 0, 0, 4, 1, 0, 0, 21, 3, 0, 0, 2, 3, 0, 0, 12, 12, 0, 0, 3, 0, 0, 0, 3, 4, 0, 0, 3, 0, 0, 0, 3, 0, 0, 0, 6, 0, 0, 0, 12, 0, 0, 0, 6, 0, 0, 0, 0, 0, 0, 0, 2, 0, 0, 0, 8, 0, 0, 0, 1, 0, 0, 0, 
36, 0, 0, 0, 0, 2, 0, 0, 0, 1, 0, 0, 0, 0, 0, 0, 0, 0, 1, 0, 0, 0, 0, 0, 0, 6, 0, 0, 0, 2, 2, 0, 0, 1, 1, 0, 0, 4, 2, 0, 0, 3, 3, 0, 0, 2, 4, 0, 0, 12, 4, 0, 0, 6, 4, 0, 0, 17, 9, 0, 0, 1, 3, 0, 0, 14, 12, 0, 0, 11, 9, 0, 0, 4, 2, 0, 0, 1, 0, 0, 0, 2, 0, 0, 0, 7, 0, 0, 0, 7, 0, 0, 0, 3, 0, 0, 0, 20, 0, 0, 0, 13, 0, 0, 0, 3, 0, 0, 0, 0, 0, 0, 0, 
37, 0, 0, 0, 0, 0, 1, 0, 0, 0, 0, 0, 0, 1, 1, 0, 0, 1, 0, 0, 0, 0, 1, 0, 0, 0, 1, 0, 0, 1, 1, 0, 0, 0, 0, 0, 0, 0, 0, 0, 0, 0, 3, 0, 0, 0, 0, 0, 0, 4, 3, 0, 0, 13, 4, 0, 0, 12, 11, 0, 0, 6, 1, 0, 0, 14, 13, 0, 0, 12, 4, 0, 0, 9, 4, 0, 0, 5, 0, 0, 0, 4, 0, 0, 0, 12, 0, 0, 0, 1, 0, 0, 0, 2, 0, 0, 0, 29, 0, 0, 0, 11, 0, 0, 0, 14, 0, 0, 0, 2, 0, 0, 0, 
38, 0, 2, 0, 0, 0, 0, 0, 0, 1, 1, 0, 0, 5, 1, 0, 0, 2, 0, 0, 0, 1, 0, 0, 0, 0, 1, 0, 0, 11, 0, 0, 0, 8, 3, 0, 0, 3, 0, 0, 0, 2, 1, 0, 0, 12, 1, 0, 0, 2, 1, 0, 0, 1, 6, 0, 0, 11, 13, 0, 0, 2, 6, 0, 0, 8, 10, 0, 0, 6, 5, 0, 0, 1, 1, 0, 0, 6, 0, 0, 0, 4, 0, 0, 0, 2, 0, 0, 0, 4, 0, 0, 0, 22, 0, 0, 0, 36, 0, 0, 0, 11, 0, 0, 0, 7, 0, 0, 0, 3, 0, 0, 0, 
39, 0, 0, 0, 0, 2, 4, 0, 0, 1, 0, 0, 0, 0, 2, 0, 0, 0, 1, 0, 0, 1, 1, 0, 0, 1, 0, 0, 0, 7, 6, 0, 0, 1, 6, 0, 0, 6, 1, 0, 0, 0, 3, 0, 0, 3, 2, 0, 0, 1, 3, 0, 0, 1, 1, 0, 0, 17, 8, 0, 0, 19, 0, 0, 0, 4, 1, 0, 0, 2, 3, 0, 0, 4, 4, 0, 0, 3, 0, 0, 0, 3, 0, 0, 0, 1, 0, 0, 0, 4, 0, 0, 0, 16, 0, 0, 0, 31, 0, 0, 0, 4, 0, 0, 0, 20, 0, 0, 0, 2, 0, 0, 0, 
40, 11, 5, 0, 0, 2, 1, 0, 0, 0, 0, 0, 0, 0, 0, 0, 0, 0, 0, 0, 0, 0, 0, 0, 0, 5, 3, 0, 0, 8, 11, 0, 0, 4, 0, 0, 0, 4, 6, 0, 0, 0, 3, 0, 0, 3, 2, 0, 0, 1, 1, 0, 0, 4, 2, 0, 0, 15, 7, 0, 0, 5, 0, 0, 0, 2, 1, 0, 0, 3, 3, 0, 0, 3, 2, 0, 0, 0, 0, 0, 0, 21, 0, 0, 0, 21, 0, 0, 0, 1, 0, 0, 0, 11, 0, 0, 0, 23, 0, 0, 0, 1, 0, 0, 0, 1, 0, 0, 0, 13, 0, 0, 0, 
41, 0, 2, 0, 0, 3, 0, 0, 0, 1, 0, 0, 0, 3, 2, 0, 0, 1, 0, 0, 0, 1, 0, 0, 0, 9, 5, 0, 0, 7, 6, 0, 0, 0, 0, 0, 0, 0, 2, 0, 0, 2, 1, 0, 0, 1, 0, 0, 0, 0, 3, 0, 0, 3, 1, 0, 0, 10, 7, 0, 0, 2, 7, 0, 0, 1, 2, 0, 0, 5, 0, 0, 0, 1, 3, 0, 0, 7, 0, 0, 0, 9, 0, 0, 0, 23, 0, 0, 0, 4, 0, 0, 0, 5, 0, 0, 0, 32, 0, 0, 0, 13, 0, 0, 0, 8, 0, 0, 0, 13, 0, 0, 0, 
42, 0, 1, 0, 0, 0, 0, 0, 0, 4, 2, 0, 0, 0, 0, 0, 0, 0, 0, 0, 0, 3, 0, 0, 0, 5, 5, 0, 0, 10, 7, 0, 0, 0, 2, 0, 0, 12, 4, 0, 0, 0, 0, 0, 0, 5, 2, 0, 0, 0, 2, 0, 0, 1, 4, 0, 0, 6, 1, 0, 0, 9, 0, 0, 0, 1, 0, 0, 0, 0, 1, 0, 0, 6, 1, 0, 0, 2, 0, 0, 0, 23, 0, 0, 0, 22, 0, 0, 0, 2, 0, 0, 0, 11, 0, 0, 0, 24, 0, 0, 0, 1, 0, 0, 0, 23, 0, 0, 0, 15, 0, 0, 0, 
43, 0, 0, 0, 0, 0, 2, 0, 0, 2, 1, 0, 0, 1, 0, 0, 0, 1, 0, 0, 0, 0, 4, 0, 0, 2, 3, 0, 0, 18, 8, 0, 0, 9, 6, 0, 0, 5, 1, 0, 0, 1, 0, 0, 0, 2, 1, 0, 0, 1, 1, 0, 0, 5, 9, 0, 0, 2, 2, 0, 0, 0, 1, 0, 0, 3, 1, 0, 0, 2, 2, 0, 0, 2, 1, 0, 0, 13, 0, 0, 0, 20, 0, 0, 0, 31, 0, 0, 0, 2, 0, 0, 0, 5, 0, 0, 0, 29, 0, 0, 0, 5, 0, 0, 0, 31, 0, 0, 0, 9, 0, 0, 0, 
44, 4, 2, 0, 0, 1, 0, 0, 0, 2, 1, 0, 0, 1, 1, 0, 0, 1, 0, 0, 0, 0, 1, 0, 0, 9, 4, 0, 0, 11, 10, 0, 0, 3, 8, 0, 0, 6, 5, 0, 0, 7, 1, 0, 0, 1, 3, 0, 0, 2, 1, 0, 0, 17, 3, 0, 0, 9, 6, 0, 0, 6, 4, 0, 0, 6, 7, 0, 0, 3, 9, 0, 0, 2, 3, 0, 0, 3, 0, 0, 0, 24, 0, 0, 0, 18, 0, 0, 0, 23, 0, 0, 0, 8, 0, 0, 0, 23, 0, 0, 0, 1, 0, 0, 0, 24, 0, 0, 0, 2, 0, 0, 0, 
45, 0, 2, 0, 0, 0, 0, 0, 0, 2, 1, 0, 0, 2, 0, 0, 0, 0, 1, 0, 0, 1, 1, 0, 0, 0, 0, 0, 0, 13, 8, 0, 0, 18, 10, 0, 0, 2, 2, 0, 0, 4, 6, 0, 0, 1, 1, 0, 0, 3, 4, 0, 0, 5, 6, 0, 0, 10, 3, 0, 0, 2, 2, 0, 0, 1, 2, 0, 0, 4, 5, 0, 0, 15, 2, 0, 0, 9, 0, 0, 0, 28, 0, 0, 0, 16, 0, 0, 0, 26, 0, 0, 0, 5, 0, 0, 0, 41, 0, 0, 0, 6, 0, 0, 0, 14, 0, 0, 0, 2, 0, 0, 0, 
46, 1, 1, 0, 0, 1, 0, 0, 0, 0, 0, 0, 0, 0, 2, 0, 0, 1, 1, 0, 0, 0, 0, 0, 0, 6, 3, 0, 0, 16, 23, 0, 0, 17, 11, 0, 0, 1, 3, 0, 0, 7, 4, 0, 0, 2, 4, 0, 0, 6, 7, 0, 0, 7, 8, 0, 0, 0, 1, 0, 0, 1, 1, 0, 0, 2, 3, 0, 0, 7, 8, 0, 0, 18, 1, 0, 0, 0, 0, 0, 0, 19, 0, 0, 0, 1, 0, 0, 0, 27, 0, 0, 0, 2, 0, 0, 0, 32, 0, 0, 0, 2, 0, 0, 0, 4, 0, 0, 0, 5, 0, 0, 0, 
47, 1, 1, 0, 0, 1, 1, 0, 0, 0, 1, 0, 0, 0, 1, 0, 0, 0, 0, 0, 0, 1, 0, 0, 0, 2, 7, 0, 0, 14, 11, 0, 0, 11, 19, 0, 0, 5, 2, 0, 0, 6, 4, 0, 0, 0, 3, 0, 0, 6, 4, 0, 0, 2, 3, 0, 0, 0, 1, 0, 0, 2, 2, 0, 0, 2, 1, 0, 0, 10, 8, 0, 0, 31, 2, 0, 0, 13, 0, 0, 0, 9, 0, 0, 0, 12, 0, 0, 0, 12, 0, 0, 0, 2, 0, 0, 0, 34, 0, 0, 0, 3, 0, 0, 0, 2, 0, 0, 0, 11, 0, 0, 0, 
48, 3, 2, 0, 0, 0, 2, 0, 0, 2, 3, 0, 0, 1, 0, 0, 0, 2, 1, 0, 0, 0, 0, 0, 0, 1, 3, 0, 0, 16, 7, 0, 0, 9, 7, 0, 0, 4, 1, 0, 0, 6, 3, 0, 0, 1, 0, 0, 0, 10, 6, 0, 0, 11, 0, 0, 0, 0, 3, 0, 0, 2, 1, 0, 0, 3, 1, 0, 0, 24, 10, 0, 0, 32, 3, 0, 0, 7, 0, 0, 0, 8, 0, 0, 0, 9, 0, 0, 0, 4, 0, 0, 0, 6, 0, 0, 0, 21, 0, 0, 0, 6, 0, 0, 0, 1, 0, 0, 0, 3, 0, 0, 0, 
49, 1, 0, 0, 0, 0, 1, 0, 0, 0, 2, 0, 0, 0, 4, 0, 0, 1, 2, 0, 0, 0, 1, 0, 0, 3, 1, 0, 0, 6, 4, 0, 0, 1, 2, 0, 0, 16, 1, 0, 0, 3, 0, 0, 0, 7, 3, 0, 0, 1, 1, 0, 0, 15, 1, 0, 0, 2, 4, 0, 0, 5, 4, 0, 0, 1, 1, 0, 0, 22, 7, 0, 0, 31, 3, 0, 0, 4, 0, 0, 0, 31, 0, 0, 0, 5, 0, 0, 0, 4, 0, 0, 0, 5, 0, 0, 0, 2, 0, 0, 0, 1, 0, 0, 0, 1, 0, 0, 0, 3, 0, 0, 0, 
50, 0, 1, 0, 0, 0, 1, 0, 0, 5, 1, 0, 0, 1, 0, 0, 0, 0, 1, 0, 0, 3, 1, 0, 0, 6, 1, 0, 0, 6, 6, 0, 0, 1, 1, 0, 0, 4, 0, 0, 0, 1, 3, 0, 0, 1, 0, 0, 0, 3, 3, 0, 0, 7, 3, 0, 0, 0, 0, 0, 0, 2, 2, 0, 0, 0, 0, 0, 0, 20, 11, 0, 0, 27, 1, 0, 0, 5, 0, 0, 0, 33, 0, 0, 0, 20, 0, 0, 0, 4, 0, 0, 0, 7, 0, 0, 0, 9, 0, 0, 0, 1, 0, 0, 0, 12, 0, 0, 0, 6, 0, 0, 0, 
51, 2, 2, 0, 0, 1, 0, 0, 0, 1, 0, 0, 0, 0, 0, 0, 0, 1, 2, 0, 0, 1, 2, 0, 0, 1, 0, 0, 0, 1, 0, 0, 0, 2, 0, 0, 0, 11, 1, 0, 0, 0, 1, 0, 0, 1, 3, 0, 0, 0, 1, 0, 0, 4, 5, 0, 0, 1, 0, 0, 0, 3, 3, 0, 0, 0, 1, 0, 0, 25, 6, 0, 0, 20, 1, 0, 0, 2, 0, 0, 0, 21, 0, 0, 0, 24, 0, 0, 0, 4, 0, 0, 0, 3, 0, 0, 0, 1, 0, 0, 0, 17, 0, 0, 0, 7, 0, 0, 0, 9, 0, 0, 0, 
52, 1, 0, 0, 0, 2, 2, 0, 0, 0, 0, 0, 0, 3, 0, 0, 0, 1, 2, 0, 0, 1, 1, 0, 0, 1, 2, 0, 0, 9, 3, 0, 0, 2, 6, 0, 0, 1, 0, 0, 0, 1, 1, 0, 0, 1, 2, 0, 0, 1, 1, 0, 0, 5, 5, 0, 0, 9, 11, 0, 0, 1, 1, 0, 0, 5, 1, 0, 0, 5, 7, 0, 0, 11, 1, 0, 0, 8, 0, 0, 0, 15, 0, 0, 0, 30, 0, 0, 0, 9, 0, 0, 0, 3, 0, 0, 0, 4, 0, 0, 0, 5, 0, 0, 0, 3, 0, 0, 0, 5, 0, 0, 0, 
53, 0, 0, 0, 0, 0, 0, 0, 0, 1, 0, 0, 0, 0, 1, 0, 0, 0, 0, 0, 0, 0, 0, 0, 0, 1, 0, 0, 0, 0, 0, 0, 0, 9, 6, 0, 0, 5, 3, 0, 0, 4, 3, 0, 0, 2, 5, 0, 0, 5, 1, 0, 0, 2, 1, 0, 0, 10, 6, 0, 0, 0, 1, 0, 0, 4, 2, 0, 0, 5, 1, 0, 0, 4, 0, 0, 0, 17, 0, 0, 0, 9, 0, 0, 0, 26, 0, 0, 0, 11, 0, 0, 0, 4, 0, 0, 0, 9, 0, 0, 0, 1, 0, 0, 0, 10, 0, 0, 0, 15, 0, 0, 0, 
54, 3, 3, 0, 0, 3, 3, 0, 0, 2, 3, 0, 0, 0, 0, 0, 0, 0, 0, 0, 0, 1, 1, 0, 0, 3, 6, 0, 0, 0, 1, 0, 0, 9, 9, 0, 0, 0, 1, 0, 0, 9, 1, 0, 0, 7, 6, 0, 0, 1, 0, 0, 0, 1, 2, 0, 0, 8, 6, 0, 0, 8, 4, 0, 0, 0, 1, 0, 0, 12, 1, 0, 0, 2, 1, 0, 0, 21, 0, 0, 0, 11, 0, 0, 0, 12, 0, 0, 0, 2, 0, 0, 0, 12, 0, 0, 0, 6, 0, 0, 0, 6, 0, 0, 0, 4, 0, 0, 0, 18, 0, 0, 0, 
55, 0, 0, 0, 0, 2, 0, 0, 0, 1, 3, 0, 0, 1, 0, 0, 0, 1, 1, 0, 0, 1, 2, 0, 0, 9, 7, 0, 0, 1, 1, 0, 0, 23, 5, 0, 0, 9, 4, 0, 0, 3, 1, 0, 0, 1, 2, 0, 0, 0, 0, 0, 0, 8, 5, 0, 0, 9, 4, 0, 0, 0, 0, 0, 0, 1, 1, 0, 0, 3, 3, 0, 0, 0, 1, 0, 0, 18, 0, 0, 0, 15, 0, 0, 0, 12, 0, 0, 0, 3, 0, 0, 0, 6, 0, 0, 0, 10, 0, 0, 0, 9, 0, 0, 0, 7, 0, 0, 0, 15, 0, 0, 0, 
56, 0, 3, 0, 0, 0, 2, 0, 0, 1, 0, 0, 0, 4, 3, 0, 0, 0, 2, 0, 0, 0, 0, 0, 0, 8, 6, 0, 0, 3, 4, 0, 0, 8, 5, 0, 0, 4, 2, 0, 0, 3, 5, 0, 0, 1, 3, 0, 0, 1, 2, 0, 0, 5, 7, 0, 0, 1, 1, 0, 0, 3, 7, 0, 0, 4, 4, 0, 0, 8, 6, 0, 0, 0, 0, 0, 0, 7, 0, 0, 0, 16, 0, 0, 0, 7, 0, 0, 0, 4, 0, 0, 0, 3, 0, 0, 0, 2, 0, 0, 0, 1, 0, 0, 0, 7, 0, 0, 0, 4, 0, 0, 0, 
57, 0, 1, 0, 0, 0, 0, 0, 0, 2, 3, 0, 0, 1, 2, 0, 0, 1, 2, 0, 0, 3, 3, 0, 0, 2, 5, 0, 0, 7, 3, 0, 0, 9, 7, 0, 0, 4, 0, 0, 0, 0, 1, 0, 0, 2, 0, 0, 0, 2, 0, 0, 0, 5, 5, 0, 0, 12, 5, 0, 0, 0, 1, 0, 0, 2, 1, 0, 0, 3, 5, 0, 0, 0, 2, 0, 0, 2, 0, 0, 0, 22, 0, 0, 0, 3, 0, 0, 0, 3, 0, 0, 0, 11, 0, 0, 0, 6, 0, 0, 0, 13, 0, 0, 0, 1, 0, 0, 0, 4, 0, 0, 0, 
58, 1, 0, 0, 0, 2, 1, 0, 0, 0, 2, 0, 0, 0, 1, 0, 0, 1, 0, 0, 0, 1, 0, 0, 0, 1, 2, 0, 0, 13, 6, 0, 0, 9, 2, 0, 0, 0, 0, 0, 0, 1, 2, 0, 0, 2, 3, 0, 0, 3, 2, 0, 0, 1, 3, 0, 0, 2, 6, 0, 0, 0, 1, 0, 0, 2, 0, 0, 0, 3, 6, 0, 0, 2, 2, 0, 0, 14, 0, 0, 0, 4, 0, 0, 0, 15, 0, 0, 0, 18, 0, 0, 0, 6, 0, 0, 0, 12, 0, 0, 0, 23, 0, 0, 0, 6, 0, 0, 0, 1, 0, 0, 0, 
59, 0, 2, 0, 0, 0, 1, 0, 0, 0, 1, 0, 0, 1, 0, 0, 0, 2, 0, 0, 0, 1, 2, 0, 0, 3, 2, 0, 0, 2, 3, 0, 0, 3, 1, 0, 0, 5, 0, 0, 0, 4, 1, 0, 0, 1, 0, 0, 0, 1, 2, 0, 0, 7, 2, 0, 0, 1, 1, 0, 0, 1, 0, 0, 0, 11, 1, 0, 0, 0, 0, 0, 0, 0, 0, 0, 0, 5, 0, 0, 0, 7, 0, 0, 0, 1, 0, 0, 0, 5, 0, 0, 0, 0, 0, 0, 0, 14, 0, 0, 0, 24, 0, 0, 0, 15, 0, 0, 0, 14, 0, 0, 0, 
60, 1, 0, 0, 0, 1, 0, 0, 0, 0, 1, 0, 0, 1, 0, 0, 0, 0, 0, 0, 0, 1, 1, 0, 0, 5, 6, 0, 0, 2, 2, 0, 0, 0, 1, 0, 0, 5, 0, 0, 0, 0, 1, 0, 0, 0, 1, 0, 0, 4, 0, 0, 0, 4, 1, 0, 0, 1, 0, 0, 0, 1, 2, 0, 0, 2, 0, 0, 0, 3, 1, 0, 0, 0, 1, 0, 0, 6, 0, 0, 0, 10, 0, 0, 0, 2, 0, 0, 0, 21, 0, 0, 0, 2, 0, 0, 0, 8, 0, 0, 0, 29, 0, 0, 0, 0, 0, 0, 0, 6, 0, 0, 0, 
61, 0, 7, 0, 0, 3, 1, 0, 0, 1, 2, 0, 0, 0, 0, 0, 0, 2, 0, 0, 0, 1, 2, 0, 0, 0, 1, 0, 0, 2, 2, 0, 0, 0, 0, 0, 0, 10, 9, 0, 0, 2, 1, 0, 0, 3, 4, 0, 0, 0, 1, 0, 0, 6, 4, 0, 0, 1, 1, 0, 0, 7, 5, 0, 0, 3, 10, 0, 0, 0, 0, 0, 0, 2, 2, 0, 0, 0, 0, 0, 0, 23, 0, 0, 0, 16, 0, 0, 0, 7, 0, 0, 0, 4, 0, 0, 0, 18, 0, 0, 0, 33, 0, 0, 0, 10, 0, 0, 0, 6, 0, 0, 0, 
62, 0, 1, 0, 0, 2, 4, 0, 0, 0, 1, 0, 0, 0, 0, 0, 0, 1, 0, 0, 0, 1, 0, 0, 0, 1, 1, 0, 0, 3, 1, 0, 0, 4, 1, 0, 0, 18, 7, 0, 0, 3, 0, 0, 0, 2, 2, 0, 0, 12, 3, 0, 0, 1, 1, 0, 0, 5, 4, 0, 0, 6, 5, 0, 0, 1, 2, 0, 0, 4, 3, 0, 0, 2, 2, 0, 0, 19, 0, 0, 0, 11, 0, 0, 0, 17, 0, 0, 0, 9, 0, 0, 0, 11, 0, 0, 0, 2, 0, 0, 0, 46, 0, 0, 0, 2, 0, 0, 0, 15, 0, 0, 0, 
63, 3, 1, 0, 0, 0, 2, 0, 0, 1, 5, 0, 0, 0, 1, 0, 0, 1, 1, 0, 0, 1, 1, 0, 0, 4, 4, 0, 0, 1, 3, 0, 0, 0, 1, 0, 0, 6, 7, 0, 0, 0, 1, 0, 0, 3, 6, 0, 0, 10, 3, 0, 0, 3, 2, 0, 0, 6, 5, 0, 0, 4, 4, 0, 0, 3, 0, 0, 0, 2, 2, 0, 0, 0, 1, 0, 0, 16, 0, 0, 0, 10, 0, 0, 0, 10, 0, 0, 0, 7, 0, 0, 0, 4, 0, 0, 0, 7, 0, 0, 0, 48, 0, 0, 0, 14, 0, 0, 0, 2, 0, 0, 0, 
64, 3, 0, 0, 0, 5, 3, 0, 0, 1, 2, 0, 0, 1, 0, 0, 0, 0, 0, 0, 0, 1, 0, 0, 0, 0, 2, 0, 0, 1, 0, 0, 0, 2, 3, 0, 0, 9, 8, 0, 0, 1, 1, 0, 0, 0, 1, 0, 0, 3, 1, 0, 0, 9, 7, 0, 0, 0, 1, 0, 0, 2, 2, 0, 0, 3, 2, 0, 0, 0, 5, 0, 0, 6, 4, 0, 0, 21, 0, 0, 0, 11, 0, 0, 0, 12, 0, 0, 0, 5, 0, 0, 0, 3, 0, 0, 0, 10, 0, 0, 0, 50, 0, 0, 0, 8, 0, 0, 0, 2, 0, 0, 0, 
65, 2, 0, 0, 0, 0, 0, 0, 0, 1, 1, 0, 0, 1, 0, 0, 0, 0, 0, 0, 0, 1, 0, 0, 0, 2, 1, 0, 0, 1, 1, 0, 0, 3, 3, 0, 0, 5, 5, 0, 0, 7, 2, 0, 0, 2, 2, 0, 0, 0, 1, 0, 0, 3, 4, 0, 0, 6, 7, 0, 0, 9, 1, 0, 0, 2, 2, 0, 0, 4, 2, 0, 0, 2, 2, 0, 0, 29, 0, 0, 0, 13, 0, 0, 0, 3, 0, 0, 0, 4, 0, 0, 0, 8, 0, 0, 0, 13, 0, 0, 0, 44, 0, 0, 0, 7, 0, 0, 0, 5, 0, 0, 0, 
66, 2, 0, 0, 0, 1, 0, 0, 0, 1, 0, 0, 0, 0, 1, 0, 0, 0, 1, 0, 0, 0, 1, 0, 0, 0, 2, 0, 0, 1, 0, 0, 0, 4, 4, 0, 0, 5, 2, 0, 0, 1, 1, 0, 0, 3, 2, 0, 0, 5, 3, 0, 0, 8, 6, 0, 0, 9, 6, 0, 0, 17, 0, 0, 0, 5, 4, 0, 0, 4, 7, 0, 0, 6, 5, 0, 0, 12, 0, 0, 0, 7, 0, 0, 0, 6, 0, 0, 0, 3, 0, 0, 0, 16, 0, 0, 0, 4, 0, 0, 0, 48, 0, 0, 0, 7, 0, 0, 0, 5, 0, 0, 0, 
67, 3, 2, 0, 0, 3, 1, 0, 0, 1, 0, 0, 0, 2, 2, 0, 0, 0, 0, 0, 0, 1, 0, 0, 0, 13, 9, 0, 0, 0, 2, 0, 0, 1, 0, 0, 0, 9, 3, 0, 0, 2, 1, 0, 0, 5, 3, 0, 0, 7, 2, 0, 0, 9, 8, 0, 0, 6, 5, 0, 0, 1, 0, 0, 0, 5, 0, 0, 0, 0, 3, 0, 0, 6, 1, 0, 0, 13, 0, 0, 0, 2, 0, 0, 0, 6, 0, 0, 0, 3, 0, 0, 0, 15, 0, 0, 0, 6, 0, 0, 0, 40, 0, 0, 0, 9, 0, 0, 0, 7, 0, 0, 0, 
68, 1, 5, 0, 0, 0, 0, 0, 0, 1, 0, 0, 0, 0, 0, 0, 0, 1, 1, 0, 0, 0, 0, 0, 0, 16, 14, 0, 0, 1, 1, 0, 0, 3, 0, 0, 0, 15, 4, 0, 0, 4, 1, 0, 0, 0, 1, 0, 0, 11, 0, 0, 0, 15, 13, 0, 0, 1, 0, 0, 0, 1, 2, 0, 0, 0, 3, 0, 0, 1, 3, 0, 0, 11, 7, 0, 0, 12, 0, 0, 0, 10, 0, 0, 0, 16, 0, 0, 0, 1, 0, 0, 0, 10, 0, 0, 0, 15, 0, 0, 0, 28, 0, 0, 0, 14, 0, 0, 0, 8, 0, 0, 0, 
69, 1, 1, 0, 0, 0, 1, 0, 0, 2, 2, 0, 0, 1, 3, 0, 0, 0, 0, 0, 0, 0, 0, 0, 0, 21, 22, 0, 0, 2, 3, 0, 0, 4, 2, 0, 0, 8, 0, 0, 0, 3, 4, 0, 0, 3, 1, 0, 0, 16, 1, 0, 0, 26, 9, 0, 0, 0, 1, 0, 0, 0, 1, 0, 0, 1, 1, 0, 0, 2, 0, 0, 0, 4, 3, 0, 0, 16, 0, 0, 0, 21, 0, 0, 0, 8, 0, 0, 0, 2, 0, 0, 0, 3, 0, 0, 0, 5, 0, 0, 0, 20, 0, 0, 0, 2, 0, 0, 0, 8, 0, 0, 0, 
70, 2, 4, 0, 0, 0, 0, 0, 0, 0, 0, 0, 0, 2, 2, 0, 0, 2, 2, 0, 0, 1, 1, 0, 0, 13, 19, 0, 0, 4, 0, 0, 0, 2, 2, 0, 0, 8, 3, 0, 0, 1, 1, 0, 0, 4, 3, 0, 0, 13, 0, 0, 0, 20, 16, 0, 0, 1, 5, 0, 0, 3, 2, 0, 0, 10, 3, 0, 0, 2, 1, 0, 0, 2, 2, 0, 0, 15, 0, 0, 0, 16, 0, 0, 0, 12, 0, 0, 0, 2, 0, 0, 0, 4, 0, 0, 0, 3, 0, 0, 0, 3, 0, 0, 0, 4, 0, 0, 0, 2, 0, 0, 0, 
71, 2, 1, 0, 0, 0, 0, 0, 0, 5, 1, 0, 0, 4, 1, 0, 0, 1, 0, 0, 0, 0, 0, 0, 0, 8, 11, 0, 0, 2, 2, 0, 0, 0, 1, 0, 0, 4, 3, 0, 0, 0, 3, 0, 0, 2, 2, 0, 0, 13, 1, 0, 0, 18, 4, 0, 0, 1, 0, 0, 0, 1, 1, 0, 0, 5, 6, 0, 0, 0, 1, 0, 0, 1, 0, 0, 0, 8, 0, 0, 0, 24, 0, 0, 0, 12, 0, 0, 0, 4, 0, 0, 0, 4, 0, 0, 0, 3, 0, 0, 0, 7, 0, 0, 0, 10, 0, 0, 0, 2, 0, 0, 0, 
72, 1, 0, 0, 0, 1, 0, 0, 0, 0, 1, 0, 0, 0, 0, 0, 0, 1, 1, 0, 0, 0, 0, 0, 0, 11, 7, 0, 0, 2, 1, 0, 0, 4, 0, 0, 0, 0, 2, 0, 0, 0, 0, 0, 0, 6, 6, 0, 0, 3, 0, 0, 0, 8, 8, 0, 0, 0, 0, 0, 0, 6, 8, 0, 0, 2, 1, 0, 0, 1, 2, 0, 0, 4, 1, 0, 0, 25, 0, 0, 0, 26, 0, 0, 0, 4, 0, 0, 0, 7, 0, 0, 0, 19, 0, 0, 0, 2, 0, 0, 0, 10, 0, 0, 0, 9, 0, 0, 0, 9, 0, 0, 0, 
73, 1, 2, 0, 0, 2, 4, 0, 0, 0, 1, 0, 0, 2, 1, 0, 0, 0, 0, 0, 0, 1, 0, 0, 0, 9, 8, 0, 0, 1, 2, 0, 0, 3, 1, 0, 0, 1, 0, 0, 0, 4, 6, 0, 0, 6, 3, 0, 0, 2, 1, 0, 0, 1, 1, 0, 0, 0, 0, 0, 0, 4, 11, 0, 0, 3, 2, 0, 0, 3, 2, 0, 0, 4, 4, 0, 0, 22, 0, 0, 0, 24, 0, 0, 0, 10, 0, 0, 0, 3, 0, 0, 0, 4, 0, 0, 0, 4, 0, 0, 0, 7, 0, 0, 0, 15, 0, 0, 0, 13, 0, 0, 0, 
74, 1, 0, 0, 0, 1, 1, 0, 0, 2, 4, 0, 0, 0, 1, 0, 0, 0, 1, 0, 0, 1, 0, 0, 0, 8, 9, 0, 0, 3, 0, 0, 0, 1, 0, 0, 0, 1, 0, 0, 0, 1, 2, 0, 0, 5, 11, 0, 0, 2, 0, 0, 0, 1, 2, 0, 0, 0, 2, 0, 0, 6, 10, 0, 0, 6, 3, 0, 0, 4, 3, 0, 0, 2, 10, 0, 0, 29, 0, 0, 0, 21, 0, 0, 0, 15, 0, 0, 0, 5, 0, 0, 0, 4, 0, 0, 0, 7, 0, 0, 0, 10, 0, 0, 0, 18, 0, 0, 0, 16, 0, 0, 0, 
75, 1, 2, 0, 0, 4, 4, 0, 0, 2, 0, 0, 0, 0, 0, 0, 0, 0, 0, 0, 0, 0, 0, 0, 0, 11, 4, 0, 0, 6, 9, 0, 0, 0, 2, 0, 0, 0, 0, 0, 0, 4, 1, 0, 0, 4, 4, 0, 0, 1, 0, 0, 0, 1, 0, 0, 0, 1, 0, 0, 0, 21, 11, 0, 0, 1, 6, 0, 0, 0, 2, 0, 0, 6, 5, 0, 0, 49, 0, 0, 0, 18, 0, 0, 0, 7, 0, 0, 0, 1, 0, 0, 0, 13, 0, 0, 0, 9, 0, 0, 0, 15, 0, 0, 0, 20, 0, 0, 0, 5, 0, 0, 0, 
76, 2, 1, 0, 0, 1, 0, 0, 0, 0, 1, 0, 0, 2, 0, 0, 0, 0, 0, 0, 0, 1, 0, 0, 0, 0, 3, 0, 0, 18, 11, 0, 0, 2, 1, 0, 0, 1, 1, 0, 0, 5, 5, 0, 0, 13, 4, 0, 0, 5, 2, 0, 0, 1, 3, 0, 0, 5, 3, 0, 0, 17, 6, 0, 0, 0, 0, 0, 0, 1, 0, 0, 0, 0, 2, 0, 0, 44, 0, 0, 0, 32, 0, 0, 0, 1, 0, 0, 0, 6, 0, 0, 0, 18, 0, 0, 0, 4, 0, 0, 0, 10, 0, 0, 0, 3, 0, 0, 0, 3, 0, 0, 0, 
77, 0, 1, 0, 0, 0, 0, 0, 0, 0, 0, 0, 0, 0, 0, 0, 0, 0, 2, 0, 0, 0, 0, 0, 0, 3, 0, 0, 0, 8, 6, 0, 0, 2, 0, 0, 0, 8, 9, 0, 0, 4, 5, 0, 0, 11, 6, 0, 0, 4, 0, 0, 0, 5, 7, 0, 0, 9, 3, 0, 0, 10, 17, 0, 0, 3, 1, 0, 0, 1, 3, 0, 0, 1, 2, 0, 0, 54, 0, 0, 0, 24, 0, 0, 0, 4, 0, 0, 0, 1, 0, 0, 0, 12, 0, 0, 0, 0, 0, 0, 0, 1, 0, 0, 0, 5, 0, 0, 0, 4, 0, 0, 0, 
78, 1, 0, 0, 0, 2, 1, 0, 0, 2, 2, 0, 0, 0, 0, 0, 0, 2, 1, 0, 0, 0, 1, 0, 0, 0, 0, 0, 0, 4, 9, 0, 0, 3, 3, 0, 0, 6, 4, 0, 0, 2, 2, 0, 0, 10, 7, 0, 0, 9, 3, 0, 0, 0, 1, 0, 0, 2, 1, 0, 0, 12, 6, 0, 0, 5, 6, 0, 0, 1, 4, 0, 0, 5, 3, 0, 0, 50, 0, 0, 0, 26, 0, 0, 0, 14, 0, 0, 0, 5, 0, 0, 0, 10, 0, 0, 0, 8, 0, 0, 0, 10, 0, 0, 0, 7, 0, 0, 0, 17, 0, 0, 0, 
79, 1, 1, 0, 0, 1, 0, 0, 0, 1, 1, 0, 0, 0, 1, 0, 0, 0, 2, 0, 0, 4, 1, 0, 0, 1, 1, 0, 0, 7, 9, 0, 0, 2, 0, 0, 0, 1, 0, 0, 0, 8, 5, 0, 0, 5, 4, 0, 0, 10, 5, 0, 0, 1, 1, 0, 0, 0, 0, 0, 0, 1, 9, 0, 0, 6, 5, 0, 0, 3, 1, 0, 0, 0, 3, 0, 0, 28, 0, 0, 0, 37, 0, 0, 0, 19, 0, 0, 0, 6, 0, 0, 0, 4, 0, 0, 0, 6, 0, 0, 0, 26, 0, 0, 0, 4, 0, 0, 0, 11, 0, 0, 0, 
80, 2, 0, 0, 0, 0, 3, 0, 0, 2, 0, 0, 0, 0, 0, 0, 0, 1, 1, 0, 0, 1, 1, 0, 0, 9, 3, 0, 0, 1, 0, 0, 0, 1, 1, 0, 0, 4, 2, 0, 0, 3, 1, 0, 0, 0, 0, 0, 0, 2, 2, 0, 0, 0, 3, 0, 0, 2, 4, 0, 0, 4, 4, 0, 0, 18, 3, 0, 0, 3, 1, 0, 0, 2, 1, 0, 0, 25, 0, 0, 0, 29, 0, 0, 0, 1, 0, 0, 0, 1, 0, 0, 0, 8, 0, 0, 0, 6, 0, 0, 0, 28, 0, 0, 0, 6, 0, 0, 0, 12, 0, 0, 0, 
81, 1, 0, 0, 0, 1, 1, 0, 0, 2, 0, 0, 0, 0, 0, 0, 0, 0, 1, 0, 0, 2, 1, 0, 0, 0, 0, 0, 0, 5, 6, 0, 0, 3, 2, 0, 0, 4, 5, 0, 0, 3, 3, 0, 0, 7, 1, 0, 0, 0, 1, 0, 0, 2, 0, 0, 0, 8, 3, 0, 0, 2, 3, 0, 0, 5, 5, 0, 0, 9, 5, 0, 0, 6, 2, 0, 0, 43, 0, 0, 0, 16, 0, 0, 0, 2, 0, 0, 0, 4, 0, 0, 0, 10, 0, 0, 0, 14, 0, 0, 0, 24, 0, 0, 0, 5, 0, 0, 0, 4, 0, 0, 0, 
82, 5, 5, 0, 0, 1, 0, 0, 0, 2, 1, 0, 0, 2, 0, 0, 0, 1, 1, 0, 0, 1, 1, 0, 0, 7, 0, 0, 0, 0, 2, 0, 0, 9, 4, 0, 0, 7, 6, 0, 0, 6, 3, 0, 0, 3, 4, 0, 0, 12, 3, 0, 0, 2, 4, 0, 0, 2, 1, 0, 0, 1, 1, 0, 0, 5, 1, 0, 0, 3, 10, 0, 0, 1, 2, 0, 0, 40, 0, 0, 0, 15, 0, 0, 0, 3, 0, 0, 0, 2, 0, 0, 0, 6, 0, 0, 0, 25, 0, 0, 0, 29, 0, 0, 0, 3, 0, 0, 0, 1, 0, 0, 0, 
83, 2, 3, 0, 0, 1, 1, 0, 0, 1, 0, 0, 0, 2, 0, 0, 0, 1, 0, 0, 0, 0, 2, 0, 0, 9, 3, 0, 0, 2, 0, 0, 0, 9, 4, 0, 0, 9, 6, 0, 0, 2, 3, 0, 0, 10, 9, 0, 0, 0, 0, 0, 0, 11, 2, 0, 0, 1, 1, 0, 0, 3, 0, 0, 0, 2, 1, 0, 0, 2, 4, 0, 0, 2, 5, 0, 0, 36, 0, 0, 0, 3, 0, 0, 0, 11, 0, 0, 0, 7, 0, 0, 0, 1, 0, 0, 0, 13, 0, 0, 0, 19, 0, 0, 0, 8, 0, 0, 0, 1, 0, 0, 0, 
84, 1, 0, 0, 0, 0, 0, 0, 0, 1, 1, 0, 0, 2, 3, 0, 0, 1, 0, 0, 0, 5, 0, 0, 0, 4, 1, 0, 0, 0, 1, 0, 0, 9, 5, 0, 0, 5, 8, 0, 0, 7, 6, 0, 0, 5, 8, 0, 0, 12, 2, 0, 0, 1, 1, 0, 0, 0, 1, 0, 0, 1, 0, 0, 0, 6, 3, 0, 0, 6, 6, 0, 0, 1, 0, 0, 0, 24, 0, 0, 0, 2, 0, 0, 0, 2, 0, 0, 0, 3, 0, 0, 0, 8, 0, 0, 0, 14, 0, 0, 0, 13, 0, 0, 0, 6, 0, 0, 0, 10, 0, 0, 0, 
85, 3, 5, 0, 0, 5, 1, 0, 0, 2, 0, 0, 0, 1, 1, 0, 0, 1, 0, 0, 0, 0, 0, 0, 0, 2, 0, 0, 0, 2, 1, 0, 0, 2, 3, 0, 0, 7, 11, 0, 0, 8, 7, 0, 0, 2, 6, 0, 0, 9, 1, 0, 0, 4, 1, 0, 0, 3, 7, 0, 0, 1, 3, 0, 0, 3, 0, 0, 0, 1, 1, 0, 0, 1, 1, 0, 0, 30, 0, 0, 0, 5, 0, 0, 0, 2, 0, 0, 0, 7, 0, 0, 0, 5, 0, 0, 0, 21, 0, 0, 0, 23, 0, 0, 0, 3, 0, 0, 0, 15, 0, 0, 0, 
86, 2, 0, 0, 0, 0, 0, 0, 0, 1, 1, 0, 0, 3, 0, 0, 0, 1, 0, 0, 0, 2, 1, 0, 0, 0, 3, 0, 0, 5, 3, 0, 0, 6, 4, 0, 0, 6, 5, 0, 0, 14, 8, 0, 0, 3, 1, 0, 0, 0, 0, 0, 0, 0, 3, 0, 0, 5, 3, 0, 0, 5, 3, 0, 0, 1, 1, 0, 0, 1, 0, 0, 0, 1, 0, 0, 0, 33, 0, 0, 0, 5, 0, 0, 0, 4, 0, 0, 0, 9, 0, 0, 0, 9, 0, 0, 0, 18, 0, 0, 0, 22, 0, 0, 0, 1, 0, 0, 0, 24, 0, 0, 0, 
87, 1, 0, 0, 0, 1, 2, 0, 0, 0, 2, 0, 0, 2, 0, 0, 0, 1, 0, 0, 0, 3, 1, 0, 0, 1, 1, 0, 0, 1, 0, 0, 0, 3, 1, 0, 0, 4, 5, 0, 0, 6, 8, 0, 0, 0, 1, 0, 0, 1, 1, 0, 0, 0, 0, 0, 0, 4, 3, 0, 0, 0, 0, 0, 0, 3, 3, 0, 0, 10, 3, 0, 0, 2, 0, 0, 0, 37, 0, 0, 0, 4, 0, 0, 0, 0, 0, 0, 0, 4, 0, 0, 0, 4, 0, 0, 0, 13, 0, 0, 0, 3, 0, 0, 0, 6, 0, 0, 0, 19, 0, 0, 0, 
88, 2, 2, 0, 0, 0, 0, 0, 0, 0, 1, 0, 0, 0, 0, 0, 0, 2, 1, 0, 0, 0, 0, 0, 0, 1, 0, 0, 0, 4, 1, 0, 0, 19, 2, 0, 0, 5, 1, 0, 0, 2, 1, 0, 0, 10, 4, 0, 0, 1, 2, 0, 0, 2, 1, 0, 0, 4, 2, 0, 0, 0, 2, 0, 0, 1, 0, 0, 0, 0, 0, 0, 0, 0, 0, 0, 0, 35, 0, 0, 0, 6, 0, 0, 0, 7, 0, 0, 0, 5, 0, 0, 0, 9, 0, 0, 0, 10, 0, 0, 0, 5, 0, 0, 0, 6, 0, 0, 0, 30, 0, 0, 0, 
89, 2, 0, 0, 0, 0, 2, 0, 0, 0, 0, 0, 0, 0, 1, 0, 0, 1, 1, 0, 0, 2, 0, 0, 0, 7, 5, 0, 0, 0, 0, 0, 0, 23, 7, 0, 0, 1, 2, 0, 0, 1, 3, 0, 0, 13, 5, 0, 0, 0, 1, 0, 0, 8, 0, 0, 0, 10, 6, 0, 0, 4, 4, 0, 0, 1, 0, 0, 0, 16, 3, 0, 0, 6, 3, 0, 0, 25, 0, 0, 0, 5, 0, 0, 0, 2, 0, 0, 0, 6, 0, 0, 0, 13, 0, 0, 0, 3, 0, 0, 0, 5, 0, 0, 0, 12, 0, 0, 0, 27, 0, 0, 0, 
90, 0, 1, 0, 0, 1, 1, 0, 0, 0, 0, 0, 0, 3, 1, 0, 0, 0, 2, 0, 0, 3, 1, 0, 0, 19, 6, 0, 0, 5, 0, 0, 0, 23, 1, 0, 0, 0, 4, 0, 0, 1, 1, 0, 0, 16, 13, 0, 0, 2, 7, 0, 0, 0, 2, 0, 0, 8, 9, 0, 0, 12, 6, 0, 0, 1, 0, 0, 0, 9, 3, 0, 0, 4, 1, 0, 0, 17, 0, 0, 0, 2, 0, 0, 0, 5, 0, 0, 0, 5, 0, 0, 0, 6, 0, 0, 0, 6, 0, 0, 0, 1, 0, 0, 0, 19, 0, 0, 0, 25, 0, 0, 0, 
91, 1, 2, 0, 0, 6, 0, 0, 0, 1, 2, 0, 0, 2, 2, 0, 0, 2, 0, 0, 0, 0, 2, 0, 0, 19, 4, 0, 0, 2, 3, 0, 0, 10, 3, 0, 0, 2, 2, 0, 0, 2, 1, 0, 0, 1, 5, 0, 0, 2, 1, 0, 0, 1, 0, 0, 0, 1, 1, 0, 0, 18, 3, 0, 0, 2, 6, 0, 0, 9, 0, 0, 0, 2, 4, 0, 0, 5, 0, 0, 0, 4, 0, 0, 0, 5, 0, 0, 0, 1, 0, 0, 0, 8, 0, 0, 0, 2, 0, 0, 0, 8, 0, 0, 0, 6, 0, 0, 0, 21, 0, 0, 0, 
92, 2, 1, 0, 0, 2, 1, 0, 0, 0, 0, 0, 0, 1, 0, 0, 0, 3, 1, 0, 0, 0, 1, 0, 0, 1, 0, 0, 0, 4, 2, 0, 0, 2, 0, 0, 0, 1, 2, 0, 0, 3, 2, 0, 0, 1, 3, 0, 0, 4, 0, 0, 0, 4, 1, 0, 0, 5, 1, 0, 0, 4, 2, 0, 0, 7, 2, 0, 0, 10, 2, 0, 0, 0, 0, 0, 0, 2, 0, 0, 0, 8, 0, 0, 0, 21, 0, 0, 0, 3, 0, 0, 0, 5, 0, 0, 0, 15, 0, 0, 0, 4, 0, 0, 0, 4, 0, 0, 0, 40, 0, 0, 0, 
93, 1, 1, 0, 0, 1, 0, 0, 0, 1, 0, 0, 0, 1, 2, 0, 0, 0, 1, 0, 0, 0, 1, 0, 0, 2, 2, 0, 0, 5, 2, 0, 0, 2, 1, 0, 0, 3, 7, 0, 0, 0, 0, 0, 0, 10, 3, 0, 0, 2, 0, 0, 0, 3, 0, 0, 0, 1, 0, 0, 0, 1, 2, 0, 0, 1, 2, 0, 0, 0, 2, 0, 0, 1, 1, 0, 0, 10, 0, 0, 0, 12, 0, 0, 0, 13, 0, 0, 0, 1, 0, 0, 0, 6, 0, 0, 0, 10, 0, 0, 0, 19, 0, 0, 0, 3, 0, 0, 0, 26, 0, 0, 0, 
94, 6, 0, 0, 0, 1, 0, 0, 0, 2, 2, 0, 0, 0, 1, 0, 0, 3, 1, 0, 0, 0, 0, 0, 0, 1, 0, 0, 0, 0, 0, 0, 0, 4, 2, 0, 0, 11, 3, 0, 0, 4, 5, 0, 0, 4, 5, 0, 0, 1, 0, 0, 0, 5, 5, 0, 0, 0, 1, 0, 0, 2, 1, 0, 0, 2, 6, 0, 0, 0, 0, 0, 0, 1, 0, 0, 0, 18, 0, 0, 0, 11, 0, 0, 0, 7, 0, 0, 0, 7, 0, 0, 0, 5, 0, 0, 0, 16, 0, 0, 0, 2, 0, 0, 0, 6, 0, 0, 0, 8, 0, 0, 0, 
95, 5, 1, 0, 0, 1, 2, 0, 0, 1, 2, 0, 0, 0, 0, 0, 0, 0, 0, 0, 0, 1, 0, 0, 0, 3, 5, 0, 0, 4, 1, 0, 0, 4, 1, 0, 0, 3, 5, 0, 0, 1, 3, 0, 0, 0, 0, 0, 0, 1, 1, 0, 0, 1, 2, 0, 0, 5, 4, 0, 0, 1, 1, 0, 0, 8, 10, 0, 0, 6, 2, 0, 0, 1, 1, 0, 0, 10, 0, 0, 0, 7, 0, 0, 0, 7, 0, 0, 0, 2, 0, 0, 0, 23, 0, 0, 0, 3, 0, 0, 0, 5, 0, 0, 0, 3, 0, 0, 0, 14, 0, 0, 0, 
96, 1, 1, 0, 0, 1, 1, 0, 0, 0, 0, 0, 0, 2, 0, 0, 0, 0, 0, 0, 0, 0, 1, 0, 0, 6, 5, 0, 0, 7, 9, 0, 0, 3, 4, 0, 0, 14, 5, 0, 0, 3, 1, 0, 0, 5, 8, 0, 0, 2, 1, 0, 0, 1, 1, 0, 0, 8, 4, 0, 0, 1, 0, 0, 0, 8, 7, 0, 0, 0, 0, 0, 0, 5, 3, 0, 0, 13, 0, 0, 0, 5, 0, 0, 0, 3, 0, 0, 0, 5, 0, 0, 0, 13, 0, 0, 0, 5, 0, 0, 0, 3, 0, 0, 0, 0, 0, 0, 0, 4, 0, 0, 0, 
97, 0, 0, 0, 0, 0, 0, 0, 0, 1, 2, 0, 0, 1, 2, 0, 0, 0, 0, 0, 0, 1, 0, 0, 0, 11, 4, 0, 0, 6, 7, 0, 0, 1, 0, 0, 0, 11, 10, 0, 0, 9, 6, 0, 0, 3, 3, 0, 0, 0, 1, 0, 0, 0, 5, 0, 0, 4, 3, 0, 0, 3, 4, 0, 0, 5, 8, 0, 0, 2, 3, 0, 0, 10, 5, 0, 0, 14, 0, 0, 0, 9, 0, 0, 0, 9, 0, 0, 0, 5, 0, 0, 0, 4, 0, 0, 0, 8, 0, 0, 0, 6, 0, 0, 0, 1, 0, 0, 0, 5, 0, 0, 0, 
98, 0, 0, 0, 0, 0, 0, 0, 0, 1, 0, 0, 0, 3, 1, 0, 0, 1, 2, 0, 0, 0, 0, 0, 0, 3, 7, 0, 0, 6, 1, 0, 0, 1, 2, 0, 0, 6, 10, 0, 0, 8, 7, 0, 0, 2, 1, 0, 0, 5, 0, 0, 0, 2, 1, 0, 0, 0, 0, 0, 0, 2, 0, 0, 0, 8, 8, 0, 0, 7, 1, 0, 0, 10, 6, 0, 0, 10, 0, 0, 0, 13, 0, 0, 0, 6, 0, 0, 0, 1, 0, 0, 0, 17, 0, 0, 0, 5, 0, 0, 0, 10, 0, 0, 0, 5, 0, 0, 0, 3, 0, 0, 0, 
99, 6, 9, 0, 0, 0, 2, 0, 0, 2, 1, 0, 0, 1, 1, 0, 0, 0, 0, 0, 0, 0, 0, 0, 0, 5, 2, 0, 0, 0, 2, 0, 0, 7, 3, 0, 0, 3, 1, 0, 0, 2, 7, 0, 0, 2, 1, 0, 0, 1, 1, 0, 0, 2, 1, 0, 0, 2, 2, 0, 0, 2, 6, 0, 0, 13, 10, 0, 0, 1, 0, 0, 0, 22, 7, 0, 0, 9, 0, 0, 0, 10, 0, 0, 0, 8, 0, 0, 0, 0, 0, 0, 0, 29, 0, 0, 0, 16, 0, 0, 0, 9, 0, 0, 0, 11, 0, 0, 0, 2, 0, 0, 0, 