0, 5, 0, 0, 0, 0, 0, 0, 0, 1, 0, 0, 0, 0, 1, 0, 0, 0, 0, 0, 0, 2, 1, 0, 0, 3, 2, 0, 0, 2, 4, 0, 0, 5, 1, 0, 0, 0, 0, 0, 0, 0, 1, 0, 0, 1, 1, 0, 0, 0, 0, 0, 0, 1, 0, 0, 0, 2, 3, 0, 0, 1, 8, 0, 0, 5, 1, 0, 0, 0, 1, 0, 0, 3, 0, 0, 0, 6, 0, 0, 0, 1, 0, 0, 0, 1, 0, 0, 0, 1, 0, 0, 0, 4, 0, 0, 0, 4, 0, 0, 0, 1, 0, 0, 0, 2, 0, 0, 0, 14, 0, 0, 0, 
1, 2, 1, 0, 0, 2, 0, 0, 0, 0, 1, 0, 0, 2, 3, 0, 0, 0, 0, 0, 0, 0, 0, 0, 0, 2, 2, 0, 0, 0, 0, 0, 0, 2, 2, 0, 0, 0, 2, 0, 0, 0, 3, 0, 0, 1, 2, 0, 0, 0, 2, 0, 0, 10, 1, 0, 0, 0, 2, 0, 0, 1, 3, 0, 0, 0, 0, 0, 0, 1, 0, 0, 0, 6, 1, 0, 0, 0, 0, 0, 0, 5, 0, 0, 0, 11, 0, 0, 0, 7, 0, 0, 0, 1, 0, 0, 0, 1, 0, 0, 0, 0, 0, 0, 0, 1, 0, 0, 0, 6, 0, 0, 0, 
2, 0, 0, 0, 0, 1, 0, 0, 0, 2, 1, 0, 0, 0, 1, 0, 0, 0, 0, 0, 0, 1, 0, 0, 0, 2, 2, 0, 0, 4, 4, 0, 0, 0, 1, 0, 0, 9, 0, 0, 0, 4, 0, 0, 0, 6, 4, 0, 0, 0, 1, 0, 0, 8, 0, 0, 0, 0, 1, 0, 0, 2, 0, 0, 0, 0, 1, 0, 0, 0, 3, 0, 0, 2, 1, 0, 0, 3, 0, 0, 0, 0, 0, 0, 0, 3, 0, 0, 0, 6, 0, 0, 0, 5, 0, 0, 0, 9, 0, 0, 0, 2, 0, 0, 0, 1, 0, 0, 0, 4, 0, 0, 0, 
3, 5, 4, 0, 0, 1, 5, 0, 0, 2, 4, 0, 0, 2, 0, 0, 0, 1, 2, 0, 0, 1, 2, 0, 0, 7, 7, 0, 0, 8, 5, 0, 0, 0, 1, 0, 0, 0, 0, 0, 0, 1, 1, 0, 0, 0, 0, 0, 0, 1, 0, 0, 0, 8, 1, 0, 0, 2, 2, 0, 0, 4, 0, 0, 0, 9, 3, 0, 0, 16, 0, 0, 0, 2, 1, 0, 0, 0, 0, 0, 0, 12, 0, 0, 0, 2, 0, 0, 0, 4, 0, 0, 0, 15, 0, 0, 0, 14, 0, 0, 0, 9, 0, 0, 0, 6, 0, 0, 0, 0, 0, 0, 0, 
4, 2, 1, 0, 0, 1, 0, 0, 0, 0, 2, 0, 0, 2, 1, 0, 0, 0, 1, 0, 0, 0, 0, 0, 0, 1, 1, 0, 0, 9, 6, 0, 0, 5, 6, 0, 0, 7, 4, 0, 0, 4, 2, 0, 0, 1, 3, 0, 0, 1, 0, 0, 0, 9, 0, 0, 0, 11, 2, 0, 0, 1, 0, 0, 0, 8, 5, 0, 0, 6, 6, 0, 0, 10, 2, 0, 0, 1, 0, 0, 0, 10, 0, 0, 0, 1, 0, 0, 0, 7, 0, 0, 0, 18, 0, 0, 0, 28, 0, 0, 0, 7, 0, 0, 0, 3, 0, 0, 0, 14, 0, 0, 0, 
5, 1, 1, 0, 0, 2, 3, 0, 0, 1, 1, 0, 0, 1, 2, 0, 0, 0, 0, 0, 0, 0, 2, 0, 0, 1, 1, 0, 0, 16, 16, 0, 0, 1, 3, 0, 0, 9, 11, 0, 0, 10, 0, 0, 0, 1, 5, 0, 0, 7, 3, 0, 0, 4, 4, 0, 0, 15, 6, 0, 0, 1, 1, 0, 0, 11, 3, 0, 0, 6, 1, 0, 0, 8, 1, 0, 0, 12, 0, 0, 0, 4, 0, 0, 0, 0, 0, 0, 0, 8, 0, 0, 0, 15, 0, 0, 0, 19, 0, 0, 0, 15, 0, 0, 0, 4, 0, 0, 0, 7, 0, 0, 0, 
6, 11, 4, 0, 0, 0, 1, 0, 0, 0, 0, 0, 0, 1, 1, 0, 0, 0, 0, 0, 0, 3, 4, 0, 0, 11, 1, 0, 0, 11, 9, 0, 0, 2, 3, 0, 0, 13, 12, 0, 0, 2, 4, 0, 0, 3, 1, 0, 0, 4, 2, 0, 0, 10, 8, 0, 0, 18, 4, 0, 0, 1, 2, 0, 0, 7, 4, 0, 0, 1, 4, 0, 0, 7, 7, 0, 0, 3, 0, 0, 0, 7, 0, 0, 0, 4, 0, 0, 0, 2, 0, 0, 0, 20, 0, 0, 0, 31, 0, 0, 0, 31, 0, 0, 0, 12, 0, 0, 0, 7, 0, 0, 0, 
7, 2, 4, 0, 0, 1, 1, 0, 0, 0, 1, 0, 0, 3, 0, 0, 0, 1, 0, 0, 0, 0, 0, 0, 0, 7, 0, 0, 0, 23, 20, 0, 0, 4, 6, 0, 0, 20, 15, 0, 0, 1, 1, 0, 0, 0, 0, 0, 0, 9, 2, 0, 0, 9, 5, 0, 0, 6, 6, 0, 0, 3, 2, 0, 0, 1, 0, 0, 0, 6, 7, 0, 0, 0, 0, 0, 0, 2, 0, 0, 0, 4, 0, 0, 0, 8, 0, 0, 0, 5, 0, 0, 0, 17, 0, 0, 0, 28, 0, 0, 0, 26, 0, 0, 0, 3, 0, 0, 0, 6, 0, 0, 0, 
8, 1, 1, 0, 0, 1, 2, 0, 0, 2, 3, 0, 0, 0, 1, 0, 0, 0, 0, 0, 0, 0, 0, 0, 0, 4, 7, 0, 0, 40, 13, 0, 0, 0, 2, 0, 0, 17, 6, 0, 0, 5, 10, 0, 0, 3, 1, 0, 0, 15, 3, 0, 0, 14, 15, 0, 0, 9, 1, 0, 0, 4, 2, 0, 0, 0, 1, 0, 0, 2, 1, 0, 0, 5, 2, 0, 0, 4, 0, 0, 0, 1, 0, 0, 0, 12, 0, 0, 0, 0, 0, 0, 0, 13, 0, 0, 0, 22, 0, 0, 0, 25, 0, 0, 0, 1, 0, 0, 0, 14, 0, 0, 0, 
9, 0, 0, 0, 0, 0, 0, 0, 0, 2, 1, 0, 0, 0, 0, 0, 0, 3, 0, 0, 0, 0, 0, 0, 0, 3, 1, 0, 0, 43, 19, 0, 0, 7, 6, 0, 0, 9, 9, 0, 0, 1, 5, 0, 0, 9, 3, 0, 0, 9, 2, 0, 0, 16, 17, 0, 0, 3, 4, 0, 0, 1, 2, 0, 0, 2, 0, 0, 0, 1, 1, 0, 0, 4, 1, 0, 0, 19, 0, 0, 0, 13, 0, 0, 0, 4, 0, 0, 0, 6, 0, 0, 0, 1, 0, 0, 0, 7, 0, 0, 0, 31, 0, 0, 0, 3, 0, 0, 0, 34, 0, 0, 0, 
10, 3, 2, 0, 0, 0, 0, 0, 0, 0, 3, 0, 0, 1, 0, 0, 0, 3, 2, 0, 0, 0, 0, 0, 0, 0, 1, 0, 0, 39, 21, 0, 0, 1, 0, 0, 0, 10, 9, 0, 0, 3, 4, 0, 0, 13, 5, 0, 0, 9, 2, 0, 0, 10, 6, 0, 0, 7, 2, 0, 0, 1, 1, 0, 0, 4, 1, 0, 0, 6, 6, 0, 0, 4, 1, 0, 0, 20, 0, 0, 0, 13, 0, 0, 0, 7, 0, 0, 0, 7, 0, 0, 0, 4, 0, 0, 0, 9, 0, 0, 0, 30, 0, 0, 0, 2, 0, 0, 0, 16, 0, 0, 0, 
11, 2, 1, 0, 0, 0, 0, 0, 0, 0, 1, 0, 0, 0, 0, 0, 0, 1, 1, 0, 0, 0, 0, 0, 0, 3, 1, 0, 0, 67, 13, 0, 0, 4, 1, 0, 0, 6, 3, 0, 0, 4, 3, 0, 0, 10, 2, 0, 0, 7, 9, 0, 0, 12, 10, 0, 0, 1, 1, 0, 0, 7, 3, 0, 0, 2, 0, 0, 0, 4, 2, 0, 0, 1, 3, 0, 0, 6, 0, 0, 0, 0, 0, 0, 0, 9, 0, 0, 0, 2, 0, 0, 0, 7, 0, 0, 0, 1, 0, 0, 0, 23, 0, 0, 0, 8, 0, 0, 0, 4, 0, 0, 0, 
12, 2, 0, 0, 0, 0, 0, 0, 0, 0, 0, 0, 0, 0, 1, 0, 0, 0, 0, 0, 0, 0, 0, 0, 0, 6, 3, 0, 0, 61, 12, 0, 0, 0, 1, 0, 0, 5, 15, 0, 0, 1, 1, 0, 0, 4, 4, 0, 0, 4, 3, 0, 0, 8, 5, 0, 0, 2, 4, 0, 0, 1, 6, 0, 0, 2, 1, 0, 0, 6, 5, 0, 0, 1, 1, 0, 0, 0, 0, 0, 0, 13, 0, 0, 0, 1, 0, 0, 0, 4, 0, 0, 0, 7, 0, 0, 0, 10, 0, 0, 0, 23, 0, 0, 0, 3, 0, 0, 0, 2, 0, 0, 0, 
13, 2, 0, 0, 0, 1, 1, 0, 0, 1, 0, 0, 0, 1, 0, 0, 0, 0, 0, 0, 0, 3, 2, 0, 0, 7, 4, 0, 0, 49, 9, 0, 0, 7, 1, 0, 0, 11, 13, 0, 0, 1, 2, 0, 0, 0, 0, 0, 0, 1, 2, 0, 0, 9, 3, 0, 0, 2, 2, 0, 0, 5, 4, 0, 0, 8, 3, 0, 0, 6, 0, 0, 0, 4, 5, 0, 0, 10, 0, 0, 0, 22, 0, 0, 0, 3, 0, 0, 0, 6, 0, 0, 0, 4, 0, 0, 0, 6, 0, 0, 0, 28, 0, 0, 0, 5, 0, 0, 0, 8, 0, 0, 0, 
14, 2, 1, 0, 0, 0, 0, 0, 0, 2, 1, 0, 0, 0, 0, 0, 0, 0, 0, 0, 0, 2, 0, 0, 0, 17, 2, 0, 0, 41, 10, 0, 0, 5, 5, 0, 0, 11, 12, 0, 0, 2, 4, 0, 0, 2, 5, 0, 0, 1, 2, 0, 0, 8, 4, 0, 0, 3, 3, 0, 0, 4, 7, 0, 0, 18, 3, 0, 0, 0, 1, 0, 0, 6, 1, 0, 0, 0, 0, 0, 0, 28, 0, 0, 0, 5, 0, 0, 0, 15, 0, 0, 0, 4, 0, 0, 0, 0, 0, 0, 0, 3, 0, 0, 0, 6, 0, 0, 0, 5, 0, 0, 0, 
15, 0, 1, 0, 0, 1, 1, 0, 0, 0, 1, 0, 0, 0, 0, 0, 0, 0, 2, 0, 0, 0, 1, 0, 0, 7, 0, 0, 0, 43, 16, 0, 0, 4, 5, 0, 0, 14, 11, 0, 0, 16, 6, 0, 0, 0, 2, 0, 0, 5, 2, 0, 0, 5, 7, 0, 0, 5, 4, 0, 0, 1, 0, 0, 0, 11, 1, 0, 0, 1, 0, 0, 0, 1, 0, 0, 0, 2, 0, 0, 0, 20, 0, 0, 0, 2, 0, 0, 0, 6, 0, 0, 0, 3, 0, 0, 0, 1, 0, 0, 0, 8, 0, 0, 0, 5, 0, 0, 0, 6, 0, 0, 0, 
16, 1, 0, 0, 0, 1, 0, 0, 0, 0, 0, 0, 0, 1, 1, 0, 0, 3, 4, 0, 0, 0, 2, 0, 0, 6, 1, 0, 0, 46, 9, 0, 0, 2, 3, 0, 0, 8, 5, 0, 0, 5, 1, 0, 0, 1, 0, 0, 0, 1, 1, 0, 0, 6, 11, 0, 0, 4, 2, 0, 0, 2, 1, 0, 0, 0, 0, 0, 0, 2, 2, 0, 0, 2, 3, 0, 0, 10, 0, 0, 0, 27, 0, 0, 0, 6, 0, 0, 0, 4, 0, 0, 0, 2, 0, 0, 0, 9, 0, 0, 0, 5, 0, 0, 0, 2, 0, 0, 0, 7, 0, 0, 0, 
17, 2, 1, 0, 0, 0, 1, 0, 0, 2, 2, 0, 0, 0, 0, 0, 0, 0, 5, 0, 0, 4, 1, 0, 0, 3, 3, 0, 0, 31, 9, 0, 0, 6, 8, 0, 0, 4, 1, 0, 0, 2, 2, 0, 0, 5, 2, 0, 0, 2, 2, 0, 0, 24, 3, 0, 0, 3, 1, 0, 0, 1, 0, 0, 0, 2, 2, 0, 0, 5, 6, 0, 0, 0, 2, 0, 0, 9, 0, 0, 0, 19, 0, 0, 0, 21, 0, 0, 0, 0, 0, 0, 0, 5, 0, 0, 0, 5, 0, 0, 0, 19, 0, 0, 0, 9, 0, 0, 0, 2, 0, 0, 0, 
18, 2, 3, 0, 0, 3, 1, 0, 0, 0, 0, 0, 0, 2, 1, 0, 0, 2, 0, 0, 0, 1, 0, 0, 0, 1, 0, 0, 0, 19, 7, 0, 0, 4, 7, 0, 0, 1, 0, 0, 0, 2, 4, 0, 0, 1, 2, 0, 0, 0, 0, 0, 0, 23, 4, 0, 0, 2, 3, 0, 0, 2, 3, 0, 0, 1, 1, 0, 0, 4, 2, 0, 0, 4, 4, 0, 0, 10, 0, 0, 0, 29, 0, 0, 0, 19, 0, 0, 0, 2, 0, 0, 0, 8, 0, 0, 0, 2, 0, 0, 0, 16, 0, 0, 0, 2, 0, 0, 0, 10, 0, 0, 0, 
19, 1, 1, 0, 0, 2, 0, 0, 0, 3, 3, 0, 0, 0, 0, 0, 0, 3, 0, 0, 0, 1, 2, 0, 0, 4, 5, 0, 0, 11, 8, 0, 0, 5, 6, 0, 0, 0, 2, 0, 0, 3, 1, 0, 0, 1, 0, 0, 0, 0, 1, 0, 0, 20, 9, 0, 0, 13, 2, 0, 0, 1, 0, 0, 0, 4, 1, 0, 0, 8, 6, 0, 0, 5, 5, 0, 0, 13, 0, 0, 0, 14, 0, 0, 0, 10, 0, 0, 0, 8, 0, 0, 0, 12, 0, 0, 0, 5, 0, 0, 0, 11, 0, 0, 0, 6, 0, 0, 0, 17, 0, 0, 0, 
20, 0, 0, 0, 0, 0, 0, 0, 0, 1, 0, 0, 0, 1, 1, 0, 0, 1, 0, 0, 0, 1, 0, 0, 0, 2, 3, 0, 0, 6, 4, 0, 0, 0, 0, 0, 0, 4, 7, 0, 0, 5, 2, 0, 0, 1, 1, 0, 0, 0, 0, 0, 0, 13, 9, 0, 0, 11, 4, 0, 0, 5, 2, 0, 0, 1, 0, 0, 0, 2, 6, 0, 0, 0, 0, 0, 0, 18, 0, 0, 0, 3, 0, 0, 0, 9, 0, 0, 0, 4, 0, 0, 0, 9, 0, 0, 0, 6, 0, 0, 0, 10, 0, 0, 0, 5, 0, 0, 0, 11, 0, 0, 0, 
21, 1, 0, 0, 0, 0, 0, 0, 0, 1, 1, 0, 0, 1, 3, 0, 0, 0, 0, 0, 0, 1, 1, 0, 0, 2, 2, 0, 0, 11, 10, 0, 0, 1, 1, 0, 0, 4, 6, 0, 0, 6, 5, 0, 0, 1, 2, 0, 0, 0, 1, 0, 0, 6, 3, 0, 0, 0, 1, 0, 0, 3, 1, 0, 0, 1, 1, 0, 0, 1, 1, 0, 0, 4, 2, 0, 0, 12, 0, 0, 0, 2, 0, 0, 0, 6, 0, 0, 0, 7, 0, 0, 0, 11, 0, 0, 0, 13, 0, 0, 0, 11, 0, 0, 0, 2, 0, 0, 0, 23, 0, 0, 0, 
22, 3, 3, 0, 0, 1, 5, 0, 0, 2, 0, 0, 0, 1, 0, 0, 0, 1, 1, 0, 0, 0, 1, 0, 0, 7, 4, 0, 0, 11, 9, 0, 0, 0, 2, 0, 0, 8, 6, 0, 0, 0, 1, 0, 0, 4, 6, 0, 0, 3, 2, 0, 0, 4, 1, 0, 0, 8, 6, 0, 0, 2, 1, 0, 0, 0, 0, 0, 0, 3, 1, 0, 0, 0, 0, 0, 0, 13, 0, 0, 0, 1, 0, 0, 0, 1, 0, 0, 0, 5, 0, 0, 0, 11, 0, 0, 0, 5, 0, 0, 0, 20, 0, 0, 0, 0, 0, 0, 0, 8, 0, 0, 0, 
23, 0, 1, 0, 0, 4, 2, 0, 0, 0, 1, 0, 0, 1, 0, 0, 0, 2, 0, 0, 0, 2, 1, 0, 0, 14, 1, 0, 0, 17, 17, 0, 0, 12, 1, 0, 0, 10, 9, 0, 0, 1, 1, 0, 0, 2, 4, 0, 0, 1, 2, 0, 0, 0, 1, 0, 0, 0, 0, 0, 0, 4, 3, 0, 0, 0, 1, 0, 0, 2, 2, 0, 0, 0, 1, 0, 0, 1, 0, 0, 0, 5, 0, 0, 0, 2, 0, 0, 0, 7, 0, 0, 0, 24, 0, 0, 0, 5, 0, 0, 0, 20, 0, 0, 0, 11, 0, 0, 0, 0, 0, 0, 0, 
24, 0, 0, 0, 0, 6, 0, 0, 0, 3, 0, 0, 0, 4, 0, 0, 0, 2, 0, 0, 0, 1, 2, 0, 0, 8, 2, 0, 0, 9, 14, 0, 0, 18, 1, 0, 0, 7, 10, 0, 0, 5, 4, 0, 0, 2, 0, 0, 0, 2, 2, 0, 0, 0, 0, 0, 0, 0, 2, 0, 0, 0, 0, 0, 0, 0, 1, 0, 0, 4, 1, 0, 0, 9, 2, 0, 0, 5, 0, 0, 0, 18, 0, 0, 0, 9, 0, 0, 0, 8, 0, 0, 0, 31, 0, 0, 0, 3, 0, 0, 0, 8, 0, 0, 0, 16, 0, 0, 0, 6, 0, 0, 0, 
25, 0, 1, 0, 0, 0, 0, 0, 0, 1, 0, 0, 0, 0, 1, 0, 0, 0, 0, 0, 0, 0, 2, 0, 0, 3, 3, 0, 0, 11, 10, 0, 0, 25, 3, 0, 0, 4, 9, 0, 0, 0, 1, 0, 0, 3, 3, 0, 0, 13, 0, 0, 0, 7, 3, 0, 0, 0, 2, 0, 0, 2, 0, 0, 0, 11, 5, 0, 0, 1, 1, 0, 0, 5, 2, 0, 0, 8, 0, 0, 0, 25, 0, 0, 0, 3, 0, 0, 0, 3, 0, 0, 0, 39, 0, 0, 0, 2, 0, 0, 0, 7, 0, 0, 0, 6, 0, 0, 0, 4, 0, 0, 0, 
26, 2, 4, 0, 0, 1, 0, 0, 0, 1, 0, 0, 0, 0, 0, 0, 0, 0, 1, 0, 0, 1, 1, 0, 0, 0, 0, 0, 0, 10, 9, 0, 0, 19, 1, 0, 0, 7, 8, 0, 0, 1, 0, 0, 0, 3, 4, 0, 0, 0, 2, 0, 0, 0, 0, 0, 0, 4, 1, 0, 0, 1, 1, 0, 0, 1, 3, 0, 0, 11, 6, 0, 0, 4, 2, 0, 0, 21, 0, 0, 0, 26, 0, 0, 0, 7, 0, 0, 0, 4, 0, 0, 0, 32, 0, 0, 0, 2, 0, 0, 0, 14, 0, 0, 0, 3, 0, 0, 0, 2, 0, 0, 0, 
27, 1, 3, 0, 0, 1, 1, 0, 0, 1, 1, 0, 0, 1, 2, 0, 0, 2, 0, 0, 0, 0, 1, 0, 0, 3, 3, 0, 0, 5, 5, 0, 0, 4, 3, 0, 0, 9, 5, 0, 0, 1, 4, 0, 0, 10, 7, 0, 0, 0, 0, 0, 0, 6, 1, 0, 0, 0, 0, 0, 0, 4, 0, 0, 0, 3, 1, 0, 0, 9, 4, 0, 0, 6, 3, 0, 0, 9, 0, 0, 0, 13, 0, 0, 0, 1, 0, 0, 0, 12, 0, 0, 0, 14, 0, 0, 0, 12, 0, 0, 0, 17, 0, 0, 0, 11, 0, 0, 0, 1, 0, 0, 0, 
28, 0, 0, 0, 0, 2, 2, 0, 0, 0, 0, 0, 0, 1, 1, 0, 0, 0, 1, 0, 0, 0, 0, 0, 0, 3, 1, 0, 0, 5, 1, 0, 0, 16, 2, 0, 0, 1, 2, 0, 0, 3, 1, 0, 0, 6, 1, 0, 0, 5, 5, 0, 0, 0, 1, 0, 0, 4, 1, 0, 0, 0, 0, 0, 0, 1, 2, 0, 0, 11, 3, 0, 0, 3, 6, 0, 0, 6, 0, 0, 0, 2, 0, 0, 0, 1, 0, 0, 0, 14, 0, 0, 0, 3, 0, 0, 0, 9, 0, 0, 0, 11, 0, 0, 0, 2, 0, 0, 0, 10, 0, 0, 0, 
29, 0, 2, 0, 0, 1, 1, 0, 0, 2, 0, 0, 0, 1, 1, 0, 0, 0, 1, 0, 0, 1, 2, 0, 0, 0, 3, 0, 0, 3, 0, 0, 0, 3, 1, 0, 0, 0, 2, 0, 0, 1, 2, 0, 0, 0, 1, 0, 0, 2, 4, 0, 0, 5, 2, 0, 0, 7, 2, 0, 0, 5, 8, 0, 0, 14, 1, 0, 0, 8, 4, 0, 0, 9, 4, 0, 0, 7, 0, 0, 0, 0, 0, 0, 0, 8, 0, 0, 0, 16, 0, 0, 0, 0, 0, 0, 0, 10, 0, 0, 0, 10, 0, 0, 0, 2, 0, 0, 0, 11, 0, 0, 0, 
30, 8, 3, 0, 0, 1, 1, 0, 0, 1, 0, 0, 0, 0, 0, 0, 0, 0, 0, 0, 0, 0, 0, 0, 0, 2, 0, 0, 0, 7, 2, 0, 0, 5, 6, 0, 0, 0, 3, 0, 0, 0, 2, 0, 0, 10, 11, 0, 0, 1, 3, 0, 0, 1, 2, 0, 0, 8, 2, 0, 0, 3, 2, 0, 0, 13, 0, 0, 0, 2, 1, 0, 0, 0, 0, 0, 0, 1, 0, 0, 0, 3, 0, 0, 0, 2, 0, 0, 0, 8, 0, 0, 0, 10, 0, 0, 0, 7, 0, 0, 0, 8, 0, 0, 0, 12, 0, 0, 0, 7, 0, 0, 0, 
31, 0, 3, 0, 0, 1, 0, 0, 0, 2, 1, 0, 0, 1, 1, 0, 0, 1, 0, 0, 0, 0, 1, 0, 0, 0, 0, 0, 0, 2, 2, 0, 0, 4, 3, 0, 0, 15, 7, 0, 0, 1, 1, 0, 0, 13, 14, 0, 0, 1, 1, 0, 0, 3, 2, 0, 0, 0, 0, 0, 0, 1, 1, 0, 0, 4, 4, 0, 0, 1, 1, 0, 0, 14, 3, 0, 0, 5, 0, 0, 0, 7, 0, 0, 0, 1, 0, 0, 0, 6, 0, 0, 0, 14, 0, 0, 0, 21, 0, 0, 0, 8, 0, 0, 0, 15, 0, 0, 0, 3, 0, 0, 0, 
32, 2, 3, 0, 0, 2, 2, 0, 0, 0, 1, 0, 0, 0, 0, 0, 0, 2, 2, 0, 0, 0, 0, 0, 0, 1, 1, 0, 0, 1, 4, 0, 0, 1, 3, 0, 0, 2, 1, 0, 0, 3, 2, 0, 0, 9, 8, 0, 0, 1, 0, 0, 0, 8, 6, 0, 0, 6, 0, 0, 0, 0, 0, 0, 0, 11, 0, 0, 0, 0, 1, 0, 0, 6, 2, 0, 0, 4, 0, 0, 0, 1, 0, 0, 0, 9, 0, 0, 0, 4, 0, 0, 0, 1, 0, 0, 0, 17, 0, 0, 0, 5, 0, 0, 0, 4, 0, 0, 0, 0, 0, 0, 0, 
33, 3, 1, 0, 0, 0, 1, 0, 0, 0, 0, 0, 0, 3, 1, 0, 0, 0, 4, 0, 0, 3, 0, 0, 0, 3, 3, 0, 0, 5, 3, 0, 0, 1, 1, 0, 0, 4, 4, 0, 0, 0, 1, 0, 0, 10, 3, 0, 0, 17, 6, 0, 0, 3, 4, 0, 0, 10, 1, 0, 0, 0, 0, 0, 0, 9, 0, 0, 0, 0, 3, 0, 0, 0, 0, 0, 0, 5, 0, 0, 0, 11, 0, 0, 0, 7, 0, 0, 0, 2, 0, 0, 0, 4, 0, 0, 0, 6, 0, 0, 0, 10, 0, 0, 0, 9, 0, 0, 0, 7, 0, 0, 0, 
34, 2, 1, 0, 0, 2, 1, 0, 0, 2, 0, 0, 0, 0, 2, 0, 0, 1, 0, 0, 0, 0, 1, 0, 0, 0, 2, 0, 0, 7, 0, 0, 0, 4, 0, 0, 0, 10, 12, 0, 0, 4, 5, 0, 0, 12, 6, 0, 0, 15, 3, 0, 0, 5, 6, 0, 0, 4, 4, 0, 0, 2, 0, 0, 0, 13, 5, 0, 0, 5, 9, 0, 0, 1, 1, 0, 0, 8, 0, 0, 0, 6, 0, 0, 0, 10, 0, 0, 0, 0, 0, 0, 0, 9, 0, 0, 0, 5, 0, 0, 0, 11, 0, 0, 0, 9, 0, 0, 0, 0, 0, 0, 0, 
35, 0, 0, 0, 0, 0, 0, 0, 0, 0, 1, 0, 0, 0, 0, 0, 0, 1, 0, 0, 0, 0, 1, 0, 0, 5, 3, 0, 0, 9, 3, 0, 0, 3, 0, 0, 0, 11, 13, 0, 0, 0, 1, 0, 0, 3, 2, 0, 0, 15, 3, 0, 0, 5, 6, 0, 0, 10, 5, 0, 0, 1, 0, 0, 0, 7, 3, 0, 0, 10, 4, 0, 0, 5, 2, 0, 0, 7, 0, 0, 0, 12, 0, 0, 0, 12, 0, 0, 0, 8, 0, 0, 0, 3, 0, 0, 0, 4, 0, 0, 0, 11, 0, 0, 0, 0, 0, 0, 0, 2, 0, 0, 0, 
36, 0, 0, 0, 0, 1, 0, 0, 0, 0, 0, 0, 0, 2, 0, 0, 0, 1, 1, 0, 0, 4, 0, 0, 0, 0, 0, 0, 0, 13, 3, 0, 0, 6, 11, 0, 0, 3, 4, 0, 0, 1, 2, 0, 0, 1, 0, 0, 0, 27, 4, 0, 0, 6, 3, 0, 0, 6, 5, 0, 0, 2, 1, 0, 0, 2, 1, 0, 0, 9, 7, 0, 0, 0, 2, 0, 0, 1, 0, 0, 0, 16, 0, 0, 0, 2, 0, 0, 0, 1, 0, 0, 0, 8, 0, 0, 0, 13, 0, 0, 0, 9, 0, 0, 0, 1, 0, 0, 0, 6, 0, 0, 0, 
37, 2, 1, 0, 0, 0, 0, 0, 0, 0, 0, 0, 0, 1, 0, 0, 0, 0, 0, 0, 0, 1, 1, 0, 0, 3, 1, 0, 0, 2, 3, 0, 0, 11, 4, 0, 0, 1, 2, 0, 0, 1, 2, 0, 0, 12, 5, 0, 0, 14, 6, 0, 0, 18, 4, 0, 0, 10, 11, 0, 0, 0, 1, 0, 0, 0, 0, 0, 0, 5, 2, 0, 0, 7, 3, 0, 0, 9, 0, 0, 0, 30, 0, 0, 0, 5, 0, 0, 0, 2, 0, 0, 0, 13, 0, 0, 0, 7, 0, 0, 0, 24, 0, 0, 0, 5, 0, 0, 0, 1, 0, 0, 0, 
38, 3, 1, 0, 0, 0, 0, 0, 0, 1, 3, 0, 0, 0, 1, 0, 0, 0, 2, 0, 0, 2, 0, 0, 0, 14, 1, 0, 0, 2, 3, 0, 0, 14, 5, 0, 0, 6, 0, 0, 0, 7, 4, 0, 0, 8, 1, 0, 0, 14, 2, 0, 0, 10, 2, 0, 0, 4, 5, 0, 0, 1, 0, 0, 0, 3, 1, 0, 0, 0, 3, 0, 0, 2, 0, 0, 0, 2, 0, 0, 0, 30, 0, 0, 0, 12, 0, 0, 0, 7, 0, 0, 0, 5, 0, 0, 0, 0, 0, 0, 0, 15, 0, 0, 0, 4, 0, 0, 0, 6, 0, 0, 0, 
39, 2, 1, 0, 0, 1, 3, 0, 0, 2, 1, 0, 0, 1, 2, 0, 0, 0, 1, 0, 0, 0, 0, 0, 0, 25, 0, 0, 0, 1, 2, 0, 0, 19, 2, 0, 0, 3, 3, 0, 0, 4, 4, 0, 0, 2, 2, 0, 0, 13, 5, 0, 0, 5, 1, 0, 0, 4, 2, 0, 0, 9, 2, 0, 0, 1, 0, 0, 0, 3, 0, 0, 0, 0, 0, 0, 0, 2, 0, 0, 0, 27, 0, 0, 0, 24, 0, 0, 0, 2, 0, 0, 0, 3, 0, 0, 0, 5, 0, 0, 0, 3, 0, 0, 0, 3, 0, 0, 0, 7, 0, 0, 0, 
40, 0, 0, 0, 0, 0, 2, 0, 0, 0, 1, 0, 0, 1, 0, 0, 0, 1, 0, 0, 0, 2, 4, 0, 0, 7, 0, 0, 0, 2, 0, 0, 0, 16, 7, 0, 0, 6, 1, 0, 0, 6, 3, 0, 0, 0, 0, 0, 0, 3, 1, 0, 0, 3, 3, 0, 0, 1, 0, 0, 0, 6, 1, 0, 0, 3, 1, 0, 0, 0, 4, 0, 0, 5, 5, 0, 0, 33, 0, 0, 0, 11, 0, 0, 0, 16, 0, 0, 0, 1, 0, 0, 0, 5, 0, 0, 0, 4, 0, 0, 0, 3, 0, 0, 0, 1, 0, 0, 0, 2, 0, 0, 0, 
41, 1, 0, 0, 0, 0, 0, 0, 0, 0, 0, 0, 0, 2, 0, 0, 0, 1, 0, 0, 0, 0, 0, 0, 0, 21, 0, 0, 0, 0, 0, 0, 0, 6, 2, 0, 0, 3, 1, 0, 0, 2, 1, 0, 0, 1, 1, 0, 0, 4, 1, 0, 0, 9, 8, 0, 0, 0, 2, 0, 0, 2, 1, 0, 0, 3, 2, 0, 0, 0, 1, 0, 0, 6, 7, 0, 0, 36, 0, 0, 0, 12, 0, 0, 0, 5, 0, 0, 0, 3, 0, 0, 0, 4, 0, 0, 0, 2, 0, 0, 0, 4, 0, 0, 0, 1, 0, 0, 0, 3, 0, 0, 0, 
42, 6, 2, 0, 0, 0, 1, 0, 0, 0, 1, 0, 0, 1, 1, 0, 0, 0, 0, 0, 0, 0, 1, 0, 0, 18, 1, 0, 0, 3, 0, 0, 0, 2, 1, 0, 0, 8, 4, 0, 0, 1, 1, 0, 0, 0, 1, 0, 0, 1, 2, 0, 0, 11, 10, 0, 0, 0, 1, 0, 0, 2, 0, 0, 0, 17, 1, 0, 0, 2, 2, 0, 0, 6, 4, 0, 0, 36, 0, 0, 0, 4, 0, 0, 0, 6, 0, 0, 0, 0, 0, 0, 0, 2, 0, 0, 0, 0, 0, 0, 0, 6, 0, 0, 0, 2, 0, 0, 0, 1, 0, 0, 0, 
43, 1, 0, 0, 0, 1, 0, 0, 0, 3, 0, 0, 0, 0, 0, 0, 0, 0, 1, 0, 0, 0, 2, 0, 0, 17, 3, 0, 0, 10, 0, 0, 0, 1, 0, 0, 0, 11, 3, 0, 0, 5, 5, 0, 0, 2, 0, 0, 0, 3, 2, 0, 0, 5, 7, 0, 0, 2, 0, 0, 0, 1, 0, 0, 0, 1, 0, 0, 0, 2, 6, 0, 0, 2, 1, 0, 0, 33, 0, 0, 0, 4, 0, 0, 0, 11, 0, 0, 0, 1, 0, 0, 0, 1, 0, 0, 0, 4, 0, 0, 0, 5, 0, 0, 0, 15, 0, 0, 0, 6, 0, 0, 0, 
44, 3, 0, 0, 0, 0, 1, 0, 0, 0, 1, 0, 0, 0, 0, 0, 0, 2, 1, 0, 0, 0, 3, 0, 0, 18, 2, 0, 0, 5, 4, 0, 0, 4, 4, 0, 0, 2, 1, 0, 0, 3, 2, 0, 0, 6, 7, 0, 0, 1, 1, 0, 0, 3, 1, 0, 0, 3, 9, 0, 0, 5, 3, 0, 0, 3, 6, 0, 0, 4, 3, 0, 0, 1, 0, 0, 0, 31, 0, 0, 0, 8, 0, 0, 0, 5, 0, 0, 0, 3, 0, 0, 0, 0, 0, 0, 0, 3, 0, 0, 0, 11, 0, 0, 0, 11, 0, 0, 0, 11, 0, 0, 0, 
45, 3, 2, 0, 0, 0, 1, 0, 0, 0, 0, 0, 0, 0, 0, 0, 0, 0, 0, 0, 0, 0, 2, 0, 0, 21, 1, 0, 0, 13, 8, 0, 0, 1, 3, 0, 0, 1, 6, 0, 0, 2, 3, 0, 0, 15, 5, 0, 0, 10, 3, 0, 0, 2, 0, 0, 0, 1, 2, 0, 0, 3, 0, 0, 0, 3, 4, 0, 0, 3, 4, 0, 0, 4, 3, 0, 0, 33, 0, 0, 0, 7, 0, 0, 0, 6, 0, 0, 0, 15, 0, 0, 0, 11, 0, 0, 0, 0, 0, 0, 0, 17, 0, 0, 0, 3, 0, 0, 0, 3, 0, 0, 0, 
46, 7, 2, 0, 0, 0, 0, 0, 0, 0, 0, 0, 0, 0, 0, 0, 0, 0, 1, 0, 0, 1, 1, 0, 0, 15, 0, 0, 0, 8, 2, 0, 0, 2, 4, 0, 0, 1, 0, 0, 0, 6, 1, 0, 0, 22, 5, 0, 0, 3, 4, 0, 0, 1, 3, 0, 0, 4, 4, 0, 0, 0, 1, 0, 0, 5, 6, 0, 0, 2, 10, 0, 0, 1, 2, 0, 0, 18, 0, 0, 0, 4, 0, 0, 0, 3, 0, 0, 0, 15, 0, 0, 0, 12, 0, 0, 0, 5, 0, 0, 0, 15, 0, 0, 0, 4, 0, 0, 0, 8, 0, 0, 0, 
47, 20, 0, 0, 0, 1, 0, 0, 0, 2, 0, 0, 0, 1, 1, 0, 0, 0, 0, 0, 0, 0, 1, 0, 0, 3, 3, 0, 0, 0, 4, 0, 0, 2, 3, 0, 0, 0, 1, 0, 0, 11, 2, 0, 0, 15, 2, 0, 0, 10, 9, 0, 0, 1, 1, 0, 0, 1, 0, 0, 0, 4, 5, 0, 0, 9, 7, 0, 0, 0, 1, 0, 0, 2, 1, 0, 0, 13, 0, 0, 0, 6, 0, 0, 0, 13, 0, 0, 0, 19, 0, 0, 0, 4, 0, 0, 0, 5, 0, 0, 0, 4, 0, 0, 0, 4, 0, 0, 0, 11, 0, 0, 0, 
48, 9, 2, 0, 0, 0, 1, 0, 0, 1, 0, 0, 0, 1, 0, 0, 0, 1, 4, 0, 0, 1, 0, 0, 0, 1, 2, 0, 0, 7, 5, 0, 0, 1, 1, 0, 0, 5, 2, 0, 0, 3, 2, 0, 0, 7, 3, 0, 0, 7, 9, 0, 0, 4, 1, 0, 0, 1, 2, 0, 0, 1, 2, 0, 0, 8, 3, 0, 0, 0, 2, 0, 0, 2, 3, 0, 0, 9, 0, 0, 0, 7, 0, 0, 0, 12, 0, 0, 0, 23, 0, 0, 0, 9, 0, 0, 0, 7, 0, 0, 0, 3, 0, 0, 0, 3, 0, 0, 0, 14, 0, 0, 0, 
49, 4, 2, 0, 0, 1, 0, 0, 0, 0, 1, 0, 0, 0, 0, 0, 0, 0, 0, 0, 0, 0, 0, 0, 0, 7, 5, 0, 0, 4, 4, 0, 0, 4, 4, 0, 0, 8, 6, 0, 0, 7, 3, 0, 0, 1, 2, 0, 0, 14, 6, 0, 0, 0, 2, 0, 0, 1, 3, 0, 0, 2, 3, 0, 0, 6, 6, 0, 0, 1, 3, 0, 0, 4, 8, 0, 0, 16, 0, 0, 0, 3, 0, 0, 0, 13, 0, 0, 0, 24, 0, 0, 0, 1, 0, 0, 0, 4, 0, 0, 0, 0, 0, 0, 0, 1, 0, 0, 0, 22, 0, 0, 0, 
50, 1, 1, 0, 0, 0, 1, 0, 0, 0, 0, 0, 0, 1, 1, 0, 0, 0, 0, 0, 0, 4, 1, 0, 0, 13, 8, 0, 0, 7, 10, 0, 0, 2, 1, 0, 0, 10, 3, 0, 0, 10, 3, 0, 0, 3, 1, 0, 0, 10, 5, 0, 0, 8, 4, 0, 0, 0, 0, 0, 0, 2, 3, 0, 0, 5, 4, 0, 0, 0, 0, 0, 0, 3, 3, 0, 0, 13, 0, 0, 0, 2, 0, 0, 0, 11, 0, 0, 0, 16, 0, 0, 0, 0, 0, 0, 0, 2, 0, 0, 0, 3, 0, 0, 0, 6, 0, 0, 0, 16, 0, 0, 0, 
51, 2, 1, 0, 0, 2, 4, 0, 0, 1, 0, 0, 0, 1, 3, 0, 0, 1, 1, 0, 0, 1, 0, 0, 0, 12, 3, 0, 0, 5, 8, 0, 0, 4, 2, 0, 0, 2, 2, 0, 0, 2, 2, 0, 0, 0, 2, 0, 0, 0, 1, 0, 0, 3, 1, 0, 0, 2, 3, 0, 0, 1, 2, 0, 0, 2, 2, 0, 0, 2, 3, 0, 0, 2, 1, 0, 0, 13, 0, 0, 0, 2, 0, 0, 0, 3, 0, 0, 0, 16, 0, 0, 0, 9, 0, 0, 0, 3, 0, 0, 0, 0, 0, 0, 0, 11, 0, 0, 0, 0, 0, 0, 0, 
52, 3, 1, 0, 0, 2, 2, 0, 0, 0, 0, 0, 0, 2, 0, 0, 0, 3, 0, 0, 0, 0, 1, 0, 0, 5, 0, 0, 0, 7, 2, 0, 0, 0, 1, 0, 0, 5, 5, 0, 0, 0, 0, 0, 0, 6, 1, 0, 0, 2, 2, 0, 0, 0, 3, 0, 0, 0, 1, 0, 0, 1, 1, 0, 0, 3, 5, 0, 0, 4, 6, 0, 0, 0, 0, 0, 0, 0, 0, 0, 0, 8, 0, 0, 0, 2, 0, 0, 0, 20, 0, 0, 0, 0, 0, 0, 0, 2, 0, 0, 0, 15, 0, 0, 0, 6, 0, 0, 0, 1, 0, 0, 0, 
53, 0, 0, 0, 0, 0, 1, 0, 0, 3, 2, 0, 0, 0, 1, 0, 0, 1, 0, 0, 0, 1, 0, 0, 0, 9, 5, 0, 0, 1, 2, 0, 0, 1, 1, 0, 0, 7, 2, 0, 0, 4, 9, 0, 0, 18, 6, 0, 0, 1, 0, 0, 0, 0, 3, 0, 0, 0, 3, 0, 0, 0, 2, 0, 0, 0, 3, 0, 0, 1, 3, 0, 0, 7, 0, 0, 0, 3, 0, 0, 0, 6, 0, 0, 0, 7, 0, 0, 0, 23, 0, 0, 0, 0, 0, 0, 0, 0, 0, 0, 0, 10, 0, 0, 0, 6, 0, 0, 0, 11, 0, 0, 0, 
54, 1, 0, 0, 0, 1, 1, 0, 0, 1, 0, 0, 0, 0, 3, 0, 0, 0, 0, 0, 0, 1, 1, 0, 0, 2, 0, 0, 0, 2, 1, 0, 0, 7, 0, 0, 0, 12, 4, 0, 0, 7, 8, 0, 0, 16, 9, 0, 0, 9, 5, 0, 0, 8, 2, 0, 0, 4, 6, 0, 0, 14, 0, 0, 0, 3, 3, 0, 0, 2, 10, 0, 0, 9, 6, 0, 0, 0, 0, 0, 0, 14, 0, 0, 0, 0, 0, 0, 0, 33, 0, 0, 0, 10, 0, 0, 0, 6, 0, 0, 0, 22, 0, 0, 0, 2, 0, 0, 0, 1, 0, 0, 0, 
55, 0, 1, 0, 0, 2, 0, 0, 0, 1, 0, 0, 0, 0, 1, 0, 0, 0, 2, 0, 0, 0, 0, 0, 0, 10, 4, 0, 0, 1, 0, 0, 0, 13, 2, 0, 0, 0, 1, 0, 0, 7, 11, 0, 0, 33, 7, 0, 0, 16, 1, 0, 0, 1, 2, 0, 0, 7, 5, 0, 0, 3, 0, 0, 0, 6, 7, 0, 0, 6, 11, 0, 0, 7, 2, 0, 0, 6, 0, 0, 0, 1, 0, 0, 0, 2, 0, 0, 0, 26, 0, 0, 0, 12, 0, 0, 0, 9, 0, 0, 0, 37, 0, 0, 0, 4, 0, 0, 0, 4, 0, 0, 0, 
56, 0, 3, 0, 0, 3, 3, 0, 0, 0, 3, 0, 0, 1, 2, 0, 0, 1, 1, 0, 0, 1, 1, 0, 0, 7, 3, 0, 0, 3, 2, 0, 0, 8, 0, 0, 0, 7, 7, 0, 0, 6, 5, 0, 0, 29, 5, 0, 0, 0, 0, 0, 0, 1, 0, 0, 0, 8, 7, 0, 0, 6, 4, 0, 0, 9, 3, 0, 0, 1, 5, 0, 0, 0, 0, 0, 0, 2, 0, 0, 0, 19, 0, 0, 0, 1, 0, 0, 0, 26, 0, 0, 0, 1, 0, 0, 0, 6, 0, 0, 0, 13, 0, 0, 0, 10, 0, 0, 0, 16, 0, 0, 0, 
57, 2, 2, 0, 0, 4, 0, 0, 0, 2, 1, 0, 0, 2, 1, 0, 0, 0, 0, 0, 0, 0, 0, 0, 0, 21, 1, 0, 0, 0, 0, 0, 0, 0, 3, 0, 0, 3, 1, 0, 0, 13, 11, 0, 0, 21, 4, 0, 0, 1, 1, 0, 0, 1, 0, 0, 0, 9, 11, 0, 0, 0, 0, 0, 0, 1, 5, 0, 0, 2, 2, 0, 0, 0, 0, 0, 0, 4, 0, 0, 0, 11, 0, 0, 0, 15, 0, 0, 0, 20, 0, 0, 0, 11, 0, 0, 0, 1, 0, 0, 0, 9, 0, 0, 0, 7, 0, 0, 0, 10, 0, 0, 0, 
58, 6, 1, 0, 0, 1, 0, 0, 0, 0, 3, 0, 0, 0, 0, 0, 0, 0, 1, 0, 0, 4, 1, 0, 0, 20, 4, 0, 0, 3, 4, 0, 0, 10, 3, 0, 0, 3, 2, 0, 0, 8, 3, 0, 0, 8, 3, 0, 0, 1, 1, 0, 0, 0, 0, 0, 0, 3, 10, 0, 0, 4, 3, 0, 0, 3, 4, 0, 0, 0, 1, 0, 0, 1, 0, 0, 0, 15, 0, 0, 0, 10, 0, 0, 0, 1, 0, 0, 0, 12, 0, 0, 0, 1, 0, 0, 0, 8, 0, 0, 0, 15, 0, 0, 0, 6, 0, 0, 0, 3, 0, 0, 0, 
59, 0, 1, 0, 0, 1, 2, 0, 0, 0, 1, 0, 0, 0, 0, 0, 0, 4, 2, 0, 0, 0, 0, 0, 0, 24, 2, 0, 0, 0, 0, 0, 0, 0, 1, 0, 0, 1, 0, 0, 0, 3, 11, 0, 0, 2, 2, 0, 0, 7, 5, 0, 0, 5, 5, 0, 0, 2, 2, 0, 0, 16, 4, 0, 0, 5, 1, 0, 0, 4, 6, 0, 0, 6, 7, 0, 0, 2, 0, 0, 0, 2, 0, 0, 0, 2, 0, 0, 0, 0, 0, 0, 0, 11, 0, 0, 0, 28, 0, 0, 0, 19, 0, 0, 0, 12, 0, 0, 0, 7, 0, 0, 0, 
60, 4, 4, 0, 0, 1, 2, 0, 0, 0, 0, 0, 0, 0, 2, 0, 0, 0, 1, 0, 0, 1, 0, 0, 0, 19, 2, 0, 0, 12, 2, 0, 0, 2, 0, 0, 0, 2, 5, 0, 0, 10, 6, 0, 0, 4, 6, 0, 0, 3, 4, 0, 0, 4, 7, 0, 0, 1, 1, 0, 0, 22, 3, 0, 0, 1, 1, 0, 0, 1, 1, 0, 0, 5, 3, 0, 0, 5, 0, 0, 0, 5, 0, 0, 0, 12, 0, 0, 0, 11, 0, 0, 0, 18, 0, 0, 0, 28, 0, 0, 0, 16, 0, 0, 0, 14, 0, 0, 0, 8, 0, 0, 0, 
61, 3, 0, 0, 0, 1, 0, 0, 0, 1, 0, 0, 0, 0, 2, 0, 0, 0, 1, 0, 0, 0, 0, 0, 0, 27, 3, 0, 0, 3, 3, 0, 0, 1, 0, 0, 0, 0, 0, 0, 0, 5, 5, 0, 0, 5, 1, 0, 0, 3, 5, 0, 0, 9, 5, 0, 0, 7, 3, 0, 0, 17, 4, 0, 0, 2, 1, 0, 0, 1, 1, 0, 0, 1, 1, 0, 0, 5, 0, 0, 0, 12, 0, 0, 0, 5, 0, 0, 0, 11, 0, 0, 0, 28, 0, 0, 0, 27, 0, 0, 0, 27, 0, 0, 0, 12, 0, 0, 0, 1, 0, 0, 0, 
62, 1, 0, 0, 0, 0, 1, 0, 0, 2, 1, 0, 0, 0, 2, 0, 0, 2, 2, 0, 0, 0, 1, 0, 0, 24, 4, 0, 0, 4, 4, 0, 0, 7, 1, 0, 0, 8, 0, 0, 0, 5, 6, 0, 0, 2, 2, 0, 0, 0, 0, 0, 0, 8, 4, 0, 0, 6, 4, 0, 0, 22, 4, 0, 0, 10, 0, 0, 0, 3, 1, 0, 0, 0, 1, 0, 0, 4, 0, 0, 0, 6, 0, 0, 0, 4, 0, 0, 0, 9, 0, 0, 0, 24, 0, 0, 0, 3, 0, 0, 0, 34, 0, 0, 0, 3, 0, 0, 0, 12, 0, 0, 0, 
63, 0, 0, 0, 0, 0, 0, 0, 0, 0, 0, 0, 0, 0, 0, 0, 0, 2, 1, 0, 0, 0, 0, 0, 0, 37, 1, 0, 0, 1, 2, 0, 0, 4, 4, 0, 0, 5, 1, 0, 0, 7, 9, 0, 0, 8, 2, 0, 0, 2, 1, 0, 0, 4, 1, 0, 0, 1, 0, 0, 0, 20, 2, 0, 0, 0, 1, 0, 0, 3, 2, 0, 0, 2, 4, 0, 0, 2, 0, 0, 0, 0, 0, 0, 0, 2, 0, 0, 0, 11, 0, 0, 0, 17, 0, 0, 0, 2, 0, 0, 0, 30, 0, 0, 0, 1, 0, 0, 0, 10, 0, 0, 0, 
64, 2, 0, 0, 0, 1, 0, 0, 0, 3, 2, 0, 0, 0, 0, 0, 0, 2, 2, 0, 0, 3, 2, 0, 0, 24, 1, 0, 0, 0, 1, 0, 0, 3, 5, 0, 0, 0, 1, 0, 0, 4, 2, 0, 0, 0, 0, 0, 0, 0, 0, 0, 0, 10, 5, 0, 0, 3, 0, 0, 0, 15, 2, 0, 0, 6, 1, 0, 0, 0, 4, 0, 0, 7, 8, 0, 0, 4, 0, 0, 0, 8, 0, 0, 0, 19, 0, 0, 0, 14, 0, 0, 0, 1, 0, 0, 0, 12, 0, 0, 0, 11, 0, 0, 0, 3, 0, 0, 0, 0, 0, 0, 0, 
65, 3, 0, 0, 0, 0, 0, 0, 0, 0, 0, 0, 0, 0, 0, 0, 0, 6, 1, 0, 0, 0, 2, 0, 0, 29, 1, 0, 0, 1, 4, 0, 0, 0, 2, 0, 0, 7, 3, 0, 0, 1, 0, 0, 0, 4, 4, 0, 0, 5, 1, 0, 0, 2, 1, 0, 0, 0, 2, 0, 0, 1, 4, 0, 0, 0, 1, 0, 0, 3, 3, 0, 0, 9, 5, 0, 0, 2, 0, 0, 0, 5, 0, 0, 0, 28, 0, 0, 0, 13, 0, 0, 0, 6, 0, 0, 0, 17, 0, 0, 0, 7, 0, 0, 0, 3, 0, 0, 0, 1, 0, 0, 0, 
66, 0, 0, 0, 0, 3, 2, 0, 0, 3, 0, 0, 0, 1, 0, 0, 0, 0, 0, 0, 0, 3, 4, 0, 0, 6, 4, 0, 0, 6, 2, 0, 0, 5, 6, 0, 0, 3, 2, 0, 0, 1, 3, 0, 0, 5, 7, 0, 0, 2, 1, 0, 0, 8, 4, 0, 0, 14, 3, 0, 0, 0, 0, 0, 0, 0, 1, 0, 0, 3, 1, 0, 0, 6, 8, 0, 0, 2, 0, 0, 0, 6, 0, 0, 0, 23, 0, 0, 0, 9, 0, 0, 0, 1, 0, 0, 0, 0, 0, 0, 0, 5, 0, 0, 0, 1, 0, 0, 0, 11, 0, 0, 0, 
67, 0, 1, 0, 0, 0, 1, 0, 0, 2, 0, 0, 0, 1, 1, 0, 0, 0, 0, 0, 0, 1, 0, 0, 0, 2, 5, 0, 0, 1, 2, 0, 0, 0, 0, 0, 0, 0, 0, 0, 0, 2, 0, 0, 0, 7, 10, 0, 0, 11, 10, 0, 0, 5, 5, 0, 0, 9, 2, 0, 0, 0, 1, 0, 0, 8, 11, 0, 0, 2, 9, 0, 0, 8, 5, 0, 0, 9, 0, 0, 0, 1, 0, 0, 0, 27, 0, 0, 0, 0, 0, 0, 0, 5, 0, 0, 0, 7, 0, 0, 0, 2, 0, 0, 0, 0, 0, 0, 0, 4, 0, 0, 0, 
68, 1, 0, 0, 0, 1, 1, 0, 0, 0, 1, 0, 0, 2, 1, 0, 0, 0, 0, 0, 0, 0, 0, 0, 0, 11, 6, 0, 0, 2, 2, 0, 0, 0, 0, 0, 0, 3, 0, 0, 0, 0, 0, 0, 0, 13, 11, 0, 0, 11, 7, 0, 0, 2, 1, 0, 0, 0, 1, 0, 0, 4, 3, 0, 0, 12, 14, 0, 0, 3, 1, 0, 0, 5, 3, 0, 0, 6, 0, 0, 0, 1, 0, 0, 0, 20, 0, 0, 0, 5, 0, 0, 0, 2, 0, 0, 0, 5, 0, 0, 0, 4, 0, 0, 0, 2, 0, 0, 0, 14, 0, 0, 0, 
69, 2, 0, 0, 0, 0, 0, 0, 0, 0, 0, 0, 0, 1, 3, 0, 0, 1, 1, 0, 0, 1, 1, 0, 0, 4, 2, 0, 0, 1, 4, 0, 0, 1, 2, 0, 0, 1, 1, 0, 0, 0, 1, 0, 0, 7, 8, 0, 0, 20, 10, 0, 0, 1, 0, 0, 0, 0, 1, 0, 0, 0, 0, 0, 0, 11, 8, 0, 0, 2, 1, 0, 0, 4, 5, 0, 0, 10, 0, 0, 0, 16, 0, 0, 0, 26, 0, 0, 0, 10, 0, 0, 0, 19, 0, 0, 0, 2, 0, 0, 0, 13, 0, 0, 0, 2, 0, 0, 0, 15, 0, 0, 0, 
70, 1, 0, 0, 0, 0, 0, 0, 0, 1, 3, 0, 0, 1, 0, 0, 0, 0, 3, 0, 0, 0, 0, 0, 0, 4, 4, 0, 0, 1, 0, 0, 0, 9, 4, 0, 0, 0, 2, 0, 0, 0, 0, 0, 0, 12, 8, 0, 0, 27, 4, 0, 0, 2, 1, 0, 0, 1, 1, 0, 0, 4, 2, 0, 0, 12, 1, 0, 0, 4, 8, 0, 0, 3, 1, 0, 0, 12, 0, 0, 0, 6, 0, 0, 0, 19, 0, 0, 0, 9, 0, 0, 0, 20, 0, 0, 0, 2, 0, 0, 0, 22, 0, 0, 0, 9, 0, 0, 0, 12, 0, 0, 0, 
71, 1, 0, 0, 0, 1, 0, 0, 0, 1, 0, 0, 0, 0, 2, 0, 0, 0, 0, 0, 0, 2, 5, 0, 0, 0, 2, 0, 0, 2, 1, 0, 0, 7, 2, 0, 0, 2, 1, 0, 0, 3, 1, 0, 0, 6, 5, 0, 0, 7, 11, 0, 0, 4, 2, 0, 0, 3, 6, 0, 0, 8, 8, 0, 0, 4, 7, 0, 0, 9, 8, 0, 0, 6, 3, 0, 0, 21, 0, 0, 0, 2, 0, 0, 0, 22, 0, 0, 0, 26, 0, 0, 0, 13, 0, 0, 0, 5, 0, 0, 0, 23, 0, 0, 0, 0, 0, 0, 0, 2, 0, 0, 0, 
72, 1, 0, 0, 0, 1, 3, 0, 0, 1, 1, 0, 0, 0, 1, 0, 0, 3, 0, 0, 0, 0, 0, 0, 0, 3, 6, 0, 0, 4, 6, 0, 0, 14, 3, 0, 0, 4, 6, 0, 0, 5, 0, 0, 0, 3, 2, 0, 0, 14, 8, 0, 0, 1, 1, 0, 0, 3, 5, 0, 0, 13, 6, 0, 0, 4, 1, 0, 0, 6, 6, 0, 0, 0, 1, 0, 0, 6, 0, 0, 0, 0, 0, 0, 0, 22, 0, 0, 0, 17, 0, 0, 0, 24, 0, 0, 0, 0, 0, 0, 0, 21, 0, 0, 0, 2, 0, 0, 0, 8, 0, 0, 0, 
73, 2, 1, 0, 0, 0, 3, 0, 0, 1, 0, 0, 0, 5, 0, 0, 0, 0, 0, 0, 0, 2, 0, 0, 0, 6, 6, 0, 0, 4, 2, 0, 0, 8, 1, 0, 0, 1, 2, 0, 0, 6, 1, 0, 0, 0, 0, 0, 0, 10, 11, 0, 0, 4, 5, 0, 0, 5, 3, 0, 0, 5, 10, 0, 0, 4, 7, 0, 0, 3, 3, 0, 0, 17, 2, 0, 0, 6, 0, 0, 0, 1, 0, 0, 0, 15, 0, 0, 0, 8, 0, 0, 0, 18, 0, 0, 0, 3, 0, 0, 0, 31, 0, 0, 0, 8, 0, 0, 0, 2, 0, 0, 0, 
74, 8, 4, 0, 0, 1, 0, 0, 0, 1, 0, 0, 0, 1, 2, 0, 0, 0, 0, 0, 0, 0, 2, 0, 0, 0, 0, 0, 0, 2, 2, 0, 0, 5, 2, 0, 0, 4, 1, 0, 0, 0, 0, 0, 0, 2, 7, 0, 0, 9, 17, 0, 0, 8, 12, 0, 0, 1, 1, 0, 0, 10, 9, 0, 0, 4, 3, 0, 0, 0, 3, 0, 0, 4, 7, 0, 0, 4, 0, 0, 0, 9, 0, 0, 0, 3, 0, 0, 0, 12, 0, 0, 0, 22, 0, 0, 0, 20, 0, 0, 0, 25, 0, 0, 0, 7, 0, 0, 0, 1, 0, 0, 0, 
75, 0, 0, 0, 0, 1, 0, 0, 0, 0, 0, 0, 0, 0, 0, 0, 0, 1, 1, 0, 0, 0, 0, 0, 0, 0, 0, 0, 0, 6, 3, 0, 0, 7, 2, 0, 0, 1, 0, 0, 0, 4, 1, 0, 0, 14, 12, 0, 0, 5, 3, 0, 0, 13, 12, 0, 0, 5, 2, 0, 0, 7, 7, 0, 0, 2, 2, 0, 0, 3, 4, 0, 0, 1, 1, 0, 0, 5, 0, 0, 0, 1, 0, 0, 0, 4, 0, 0, 0, 7, 0, 0, 0, 29, 0, 0, 0, 35, 0, 0, 0, 20, 0, 0, 0, 1, 0, 0, 0, 9, 0, 0, 0, 
76, 1, 0, 0, 0, 0, 1, 0, 0, 0, 1, 0, 0, 4, 0, 0, 0, 0, 1, 0, 0, 1, 1, 0, 0, 0, 0, 0, 0, 8, 5, 0, 0, 2, 0, 0, 0, 0, 4, 0, 0, 2, 1, 0, 0, 17, 21, 0, 0, 15, 4, 0, 0, 5, 6, 0, 0, 1, 0, 0, 0, 0, 3, 0, 0, 0, 0, 0, 0, 13, 1, 0, 0, 0, 1, 0, 0, 14, 0, 0, 0, 3, 0, 0, 0, 8, 0, 0, 0, 7, 0, 0, 0, 18, 0, 0, 0, 47, 0, 0, 0, 4, 0, 0, 0, 9, 0, 0, 0, 4, 0, 0, 0, 
77, 3, 2, 0, 0, 2, 0, 0, 0, 2, 0, 0, 0, 1, 2, 0, 0, 0, 0, 0, 0, 3, 4, 0, 0, 1, 0, 0, 0, 13, 8, 0, 0, 3, 0, 0, 0, 2, 0, 0, 0, 2, 2, 0, 0, 21, 7, 0, 0, 11, 5, 0, 0, 7, 9, 0, 0, 1, 3, 0, 0, 0, 1, 0, 0, 0, 1, 0, 0, 19, 7, 0, 0, 4, 4, 0, 0, 12, 0, 0, 0, 6, 0, 0, 0, 7, 0, 0, 0, 16, 0, 0, 0, 8, 0, 0, 0, 34, 0, 0, 0, 3, 0, 0, 0, 8, 0, 0, 0, 14, 0, 0, 0, 
78, 1, 1, 0, 0, 1, 1, 0, 0, 2, 1, 0, 0, 3, 3, 0, 0, 1, 0, 0, 0, 0, 2, 0, 0, 5, 1, 0, 0, 14, 9, 0, 0, 0, 0, 0, 0, 6, 3, 0, 0, 6, 4, 0, 0, 13, 6, 0, 0, 29, 10, 0, 0, 9, 8, 0, 0, 3, 5, 0, 0, 1, 1, 0, 0, 2, 2, 0, 0, 11, 4, 0, 0, 3, 0, 0, 0, 10, 0, 0, 0, 4, 0, 0, 0, 14, 0, 0, 0, 7, 0, 0, 0, 8, 0, 0, 0, 10, 0, 0, 0, 5, 0, 0, 0, 6, 0, 0, 0, 8, 0, 0, 0, 
79, 0, 1, 0, 0, 1, 0, 0, 0, 1, 0, 0, 0, 1, 2, 0, 0, 0, 1, 0, 0, 0, 1, 0, 0, 0, 0, 0, 0, 12, 5, 0, 0, 5, 4, 0, 0, 4, 2, 0, 0, 0, 0, 0, 0, 9, 16, 0, 0, 27, 5, 0, 0, 2, 0, 0, 0, 5, 4, 0, 0, 3, 0, 0, 0, 2, 2, 0, 0, 18, 7, 0, 0, 7, 4, 0, 0, 9, 0, 0, 0, 14, 0, 0, 0, 17, 0, 0, 0, 11, 0, 0, 0, 0, 0, 0, 0, 10, 0, 0, 0, 2, 0, 0, 0, 2, 0, 0, 0, 5, 0, 0, 0, 
80, 4, 0, 0, 0, 0, 0, 0, 0, 2, 0, 0, 0, 0, 1, 0, 0, 1, 0, 0, 0, 1, 0, 0, 0, 3, 3, 0, 0, 13, 13, 0, 0, 11, 3, 0, 0, 0, 3, 0, 0, 0, 0, 0, 0, 8, 12, 0, 0, 27, 5, 0, 0, 2, 2, 0, 0, 7, 8, 0, 0, 9, 2, 0, 0, 0, 1, 0, 0, 20, 3, 0, 0, 0, 0, 0, 0, 1, 0, 0, 0, 6, 0, 0, 0, 5, 0, 0, 0, 12, 0, 0, 0, 2, 0, 0, 0, 12, 0, 0, 0, 6, 0, 0, 0, 2, 0, 0, 0, 4, 0, 0, 0, 
81, 0, 0, 0, 0, 3, 0, 0, 0, 2, 0, 0, 0, 1, 0, 0, 0, 1, 0, 0, 0, 0, 0, 0, 0, 3, 0, 0, 0, 12, 4, 0, 0, 8, 5, 0, 0, 0, 0, 0, 0, 1, 1, 0, 0, 2, 5, 0, 0, 22, 8, 0, 0, 6, 1, 0, 0, 8, 15, 0, 0, 3, 2, 0, 0, 1, 3, 0, 0, 19, 5, 0, 0, 4, 5, 0, 0, 7, 0, 0, 0, 5, 0, 0, 0, 7, 0, 0, 0, 4, 0, 0, 0, 12, 0, 0, 0, 6, 0, 0, 0, 12, 0, 0, 0, 6, 0, 0, 0, 7, 0, 0, 0, 
82, 0, 0, 0, 0, 1, 3, 0, 0, 2, 1, 0, 0, 5, 1, 0, 0, 1, 0, 0, 0, 1, 0, 0, 0, 1, 3, 0, 0, 5, 1, 0, 0, 1, 0, 0, 0, 0, 2, 0, 0, 0, 0, 0, 0, 0, 7, 0, 0, 11, 8, 0, 0, 1, 1, 0, 0, 11, 10, 0, 0, 1, 1, 0, 0, 5, 4, 0, 0, 25, 10, 0, 0, 0, 1, 0, 0, 4, 0, 0, 0, 1, 0, 0, 0, 8, 0, 0, 0, 7, 0, 0, 0, 19, 0, 0, 0, 4, 0, 0, 0, 17, 0, 0, 0, 4, 0, 0, 0, 10, 0, 0, 0, 
83, 1, 0, 0, 0, 2, 0, 0, 0, 2, 0, 0, 0, 0, 0, 0, 0, 2, 1, 0, 0, 0, 0, 0, 0, 8, 3, 0, 0, 1, 1, 0, 0, 1, 0, 0, 0, 3, 2, 0, 0, 3, 4, 0, 0, 8, 9, 0, 0, 0, 1, 0, 0, 5, 2, 0, 0, 5, 10, 0, 0, 2, 2, 0, 0, 2, 1, 0, 0, 36, 8, 0, 0, 2, 3, 0, 0, 3, 0, 0, 0, 1, 0, 0, 0, 5, 0, 0, 0, 19, 0, 0, 0, 2, 0, 0, 0, 4, 0, 0, 0, 8, 0, 0, 0, 17, 0, 0, 0, 10, 0, 0, 0, 
84, 3, 1, 0, 0, 0, 1, 0, 0, 1, 0, 0, 0, 0, 0, 0, 0, 0, 0, 0, 0, 0, 1, 0, 0, 0, 0, 0, 0, 5, 1, 0, 0, 3, 0, 0, 0, 3, 2, 0, 0, 7, 0, 0, 0, 12, 12, 0, 0, 1, 3, 0, 0, 0, 3, 0, 0, 6, 8, 0, 0, 4, 2, 0, 0, 2, 4, 0, 0, 42, 8, 0, 0, 2, 2, 0, 0, 4, 0, 0, 0, 10, 0, 0, 0, 1, 0, 0, 0, 18, 0, 0, 0, 3, 0, 0, 0, 8, 0, 0, 0, 19, 0, 0, 0, 13, 0, 0, 0, 8, 0, 0, 0, 
85, 5, 1, 0, 0, 0, 1, 0, 0, 2, 1, 0, 0, 1, 0, 0, 0, 0, 1, 0, 0, 0, 0, 0, 0, 3, 3, 0, 0, 5, 4, 0, 0, 10, 3, 0, 0, 2, 2, 0, 0, 6, 1, 0, 0, 16, 21, 0, 0, 12, 0, 0, 0, 0, 0, 0, 0, 1, 2, 0, 0, 2, 3, 0, 0, 2, 0, 0, 0, 41, 4, 0, 0, 5, 3, 0, 0, 2, 0, 0, 0, 12, 0, 0, 0, 7, 0, 0, 0, 7, 0, 0, 0, 2, 0, 0, 0, 9, 0, 0, 0, 15, 0, 0, 0, 7, 0, 0, 0, 17, 0, 0, 0, 
86, 1, 3, 0, 0, 3, 1, 0, 0, 0, 2, 0, 0, 1, 0, 0, 0, 1, 2, 0, 0, 0, 0, 0, 0, 10, 0, 0, 0, 1, 2, 0, 0, 8, 1, 0, 0, 4, 3, 0, 0, 1, 1, 0, 0, 14, 8, 0, 0, 0, 0, 0, 0, 2, 0, 0, 0, 3, 0, 0, 0, 5, 1, 0, 0, 0, 0, 0, 0, 36, 4, 0, 0, 4, 9, 0, 0, 19, 0, 0, 0, 3, 0, 0, 0, 1, 0, 0, 0, 18, 0, 0, 0, 11, 0, 0, 0, 10, 0, 0, 0, 15, 0, 0, 0, 20, 0, 0, 0, 7, 0, 0, 0, 
87, 2, 0, 0, 0, 0, 1, 0, 0, 1, 0, 0, 0, 3, 2, 0, 0, 0, 2, 0, 0, 0, 1, 0, 0, 5, 0, 0, 0, 0, 1, 0, 0, 1, 0, 0, 0, 6, 0, 0, 0, 20, 8, 0, 0, 14, 6, 0, 0, 3, 3, 0, 0, 5, 0, 0, 0, 5, 4, 0, 0, 0, 0, 0, 0, 3, 5, 0, 0, 37, 6, 0, 0, 4, 1, 0, 0, 21, 0, 0, 0, 0, 0, 0, 0, 0, 0, 0, 0, 22, 0, 0, 0, 8, 0, 0, 0, 2, 0, 0, 0, 7, 0, 0, 0, 18, 0, 0, 0, 4, 0, 0, 0, 
88, 0, 2, 0, 0, 2, 2, 0, 0, 0, 0, 0, 0, 0, 0, 0, 0, 0, 0, 0, 0, 2, 0, 0, 0, 0, 1, 0, 0, 5, 4, 0, 0, 9, 2, 0, 0, 4, 3, 0, 0, 11, 5, 0, 0, 10, 4, 0, 0, 5, 3, 0, 0, 7, 6, 0, 0, 13, 9, 0, 0, 3, 1, 0, 0, 2, 4, 0, 0, 40, 7, 0, 0, 2, 0, 0, 0, 28, 0, 0, 0, 1, 0, 0, 0, 9, 0, 0, 0, 25, 0, 0, 0, 6, 0, 0, 0, 2, 0, 0, 0, 2, 0, 0, 0, 16, 0, 0, 0, 7, 0, 0, 0, 
89, 1, 0, 0, 0, 0, 3, 0, 0, 2, 1, 0, 0, 0, 0, 0, 0, 0, 1, 0, 0, 1, 0, 0, 0, 1, 6, 0, 0, 3, 3, 0, 0, 7, 5, 0, 0, 1, 0, 0, 0, 18, 10, 0, 0, 5, 14, 0, 0, 7, 9, 0, 0, 3, 2, 0, 0, 0, 0, 0, 0, 4, 2, 0, 0, 2, 2, 0, 0, 34, 4, 0, 0, 6, 0, 0, 0, 18, 0, 0, 0, 1, 0, 0, 0, 8, 0, 0, 0, 27, 0, 0, 0, 0, 0, 0, 0, 1, 0, 0, 0, 5, 0, 0, 0, 11, 0, 0, 0, 8, 0, 0, 0, 
90, 2, 2, 0, 0, 0, 1, 0, 0, 0, 0, 0, 0, 2, 0, 0, 0, 0, 0, 0, 0, 5, 2, 0, 0, 7, 5, 0, 0, 1, 0, 0, 0, 1, 1, 0, 0, 3, 1, 0, 0, 24, 6, 0, 0, 10, 9, 0, 0, 5, 8, 0, 0, 2, 2, 0, 0, 2, 6, 0, 0, 2, 2, 0, 0, 2, 5, 0, 0, 32, 6, 0, 0, 1, 0, 0, 0, 17, 0, 0, 0, 0, 0, 0, 0, 11, 0, 0, 0, 28, 0, 0, 0, 2, 0, 0, 0, 5, 0, 0, 0, 11, 0, 0, 0, 16, 0, 0, 0, 9, 0, 0, 0, 
91, 0, 0, 0, 0, 1, 1, 0, 0, 0, 0, 0, 0, 0, 0, 0, 0, 2, 0, 0, 0, 2, 0, 0, 0, 6, 3, 0, 0, 7, 2, 0, 0, 0, 1, 0, 0, 1, 0, 0, 0, 15, 9, 0, 0, 3, 4, 0, 0, 5, 3, 0, 0, 1, 1, 0, 0, 7, 1, 0, 0, 1, 1, 0, 0, 2, 2, 0, 0, 21, 4, 0, 0, 4, 3, 0, 0, 36, 0, 0, 0, 2, 0, 0, 0, 20, 0, 0, 0, 39, 0, 0, 0, 4, 0, 0, 0, 1, 0, 0, 0, 16, 0, 0, 0, 11, 0, 0, 0, 19, 0, 0, 0, 
92, 3, 5, 0, 0, 0, 1, 0, 0, 0, 4, 0, 0, 0, 1, 0, 0, 1, 2, 0, 0, 0, 0, 0, 0, 3, 6, 0, 0, 13, 4, 0, 0, 1, 1, 0, 0, 5, 2, 0, 0, 8, 6, 0, 0, 9, 4, 0, 0, 2, 2, 0, 0, 3, 9, 0, 0, 1, 0, 0, 0, 5, 2, 0, 0, 1, 1, 0, 0, 8, 2, 0, 0, 2, 1, 0, 0, 55, 0, 0, 0, 16, 0, 0, 0, 25, 0, 0, 0, 32, 0, 0, 0, 7, 0, 0, 0, 1, 0, 0, 0, 5, 0, 0, 0, 8, 0, 0, 0, 20, 0, 0, 0, 
93, 4, 0, 0, 0, 0, 1, 0, 0, 1, 2, 0, 0, 0, 0, 0, 0, 1, 0, 0, 0, 1, 0, 0, 0, 4, 3, 0, 0, 12, 7, 0, 0, 16, 1, 0, 0, 11, 8, 0, 0, 1, 0, 0, 0, 1, 5, 0, 0, 2, 1, 0, 0, 4, 1, 0, 0, 5, 2, 0, 0, 1, 1, 0, 0, 1, 3, 0, 0, 8, 2, 0, 0, 2, 2, 0, 0, 48, 0, 0, 0, 6, 0, 0, 0, 15, 0, 0, 0, 35, 0, 0, 0, 5, 0, 0, 0, 7, 0, 0, 0, 11, 0, 0, 0, 4, 0, 0, 0, 19, 0, 0, 0, 
94, 2, 0, 0, 0, 1, 0, 0, 0, 0, 2, 0, 0, 0, 0, 0, 0, 0, 2, 0, 0, 1, 1, 0, 0, 5, 0, 0, 0, 13, 11, 0, 0, 14, 1, 0, 0, 14, 12, 0, 0, 3, 4, 0, 0, 4, 1, 0, 0, 3, 2, 0, 0, 12, 7, 0, 0, 2, 1, 0, 0, 0, 0, 0, 0, 12, 0, 0, 0, 15, 3, 0, 0, 0, 2, 0, 0, 39, 0, 0, 0, 1, 0, 0, 0, 7, 0, 0, 0, 25, 0, 0, 0, 1, 0, 0, 0, 10, 0, 0, 0, 12, 0, 0, 0, 13, 0, 0, 0, 1, 0, 0, 0, 
95, 0, 0, 0, 0, 1, 0, 0, 0, 1, 1, 0, 0, 0, 0, 0, 0, 3, 1, 0, 0, 0, 0, 0, 0, 1, 5, 0, 0, 12, 9, 0, 0, 3, 1, 0, 0, 1, 0, 0, 0, 7, 5, 0, 0, 7, 1, 0, 0, 0, 2, 0, 0, 4, 4, 0, 0, 10, 7, 0, 0, 2, 1, 0, 0, 16, 1, 0, 0, 12, 0, 0, 0, 7, 7, 0, 0, 30, 0, 0, 0, 8, 0, 0, 0, 5, 0, 0, 0, 20, 0, 0, 0, 14, 0, 0, 0, 7, 0, 0, 0, 10, 0, 0, 0, 1, 0, 0, 0, 4, 0, 0, 0, 
96, 2, 0, 0, 0, 4, 1, 0, 0, 0, 0, 0, 0, 0, 0, 0, 0, 1, 3, 0, 0, 0, 1, 0, 0, 1, 0, 0, 0, 3, 5, 0, 0, 12, 1, 0, 0, 3, 3, 0, 0, 13, 4, 0, 0, 0, 0, 0, 0, 2, 3, 0, 0, 4, 1, 0, 0, 7, 6, 0, 0, 1, 2, 0, 0, 9, 1, 0, 0, 8, 3, 0, 0, 9, 6, 0, 0, 16, 0, 0, 0, 17, 0, 0, 0, 0, 0, 0, 0, 15, 0, 0, 0, 8, 0, 0, 0, 9, 0, 0, 0, 3, 0, 0, 0, 2, 0, 0, 0, 5, 0, 0, 0, 
97, 10, 0, 0, 0, 2, 0, 0, 0, 0, 1, 0, 0, 2, 0, 0, 0, 2, 0, 0, 0, 2, 1, 0, 0, 4, 0, 0, 0, 5, 4, 0, 0, 5, 2, 0, 0, 3, 2, 0, 0, 6, 6, 0, 0, 1, 1, 0, 0, 2, 3, 0, 0, 11, 1, 0, 0, 2, 3, 0, 0, 0, 3, 0, 0, 0, 0, 0, 0, 11, 3, 0, 0, 3, 2, 0, 0, 3, 0, 0, 0, 13, 0, 0, 0, 9, 0, 0, 0, 13, 0, 0, 0, 12, 0, 0, 0, 2, 0, 0, 0, 13, 0, 0, 0, 2, 0, 0, 0, 3, 0, 0, 0, 
98, 0, 0, 0, 0, 1, 1, 0, 0, 3, 0, 0, 0, 3, 0, 0, 0, 1, 0, 0, 0, 0, 1, 0, 0, 2, 2, 0, 0, 3, 8, 0, 0, 0, 1, 0, 0, 1, 0, 0, 0, 1, 4, 0, 0, 5, 7, 0, 0, 0, 3, 0, 0, 2, 1, 0, 0, 8, 5, 0, 0, 1, 0, 0, 0, 3, 1, 0, 0, 12, 1, 0, 0, 5, 4, 0, 0, 2, 0, 0, 0, 18, 0, 0, 0, 5, 0, 0, 0, 11, 0, 0, 0, 12, 0, 0, 0, 5, 0, 0, 0, 15, 0, 0, 0, 10, 0, 0, 0, 8, 0, 0, 0, 
99, 0, 0, 0, 0, 3, 1, 0, 0, 2, 0, 0, 0, 0, 0, 0, 0, 0, 1, 0, 0, 3, 2, 0, 0, 4, 2, 0, 0, 2, 4, 0, 0, 6, 8, 0, 0, 2, 1, 0, 0, 1, 2, 0, 0, 16, 4, 0, 0, 4, 3, 0, 0, 5, 1, 0, 0, 2, 0, 0, 0, 2, 3, 0, 0, 2, 3, 0, 0, 5, 7, 0, 0, 4, 0, 0, 0, 13, 0, 0, 0, 2, 0, 0, 0, 1, 0, 0, 0, 4, 0, 0, 0, 7, 0, 0, 0, 0, 0, 0, 0, 8, 0, 0, 0, 7, 0, 0, 0, 14, 0, 0, 0, 