0, 4, 0, 0, 0, 2, 0, 0, 0, 0, 1, 0, 0, 0, 0, 0, 0, 1, 2, 0, 0, 1, 0, 0, 0, 1, 3, 0, 0, 1, 1, 0, 0, 1, 1, 0, 0, 2, 2, 0, 0, 2, 1, 0, 0, 2, 6, 0, 0, 0, 2, 0, 0, 4, 1, 0, 0, 1, 2, 0, 0, 1, 1, 0, 0, 0, 0, 0, 0, 4, 4, 0, 0, 2, 0, 0, 0, 1, 0, 0, 0, 5, 0, 0, 0, 6, 0, 0, 0, 0, 0, 0, 0, 3, 0, 0, 0, 1, 0, 0, 0, 3, 0, 0, 0, 1, 0, 0, 0, 3, 0, 0, 0, 
1, 6, 1, 0, 0, 1, 1, 0, 0, 1, 0, 0, 0, 0, 0, 0, 0, 2, 0, 0, 0, 0, 0, 0, 0, 4, 6, 0, 0, 1, 1, 0, 0, 2, 1, 0, 0, 7, 2, 0, 0, 1, 1, 0, 0, 0, 0, 0, 0, 1, 4, 0, 0, 1, 0, 0, 0, 1, 1, 0, 0, 1, 0, 0, 0, 0, 1, 0, 0, 8, 8, 0, 0, 1, 2, 0, 0, 8, 0, 0, 0, 3, 0, 0, 0, 1, 0, 0, 0, 3, 0, 0, 0, 1, 0, 0, 0, 7, 0, 0, 0, 4, 0, 0, 0, 2, 0, 0, 0, 4, 0, 0, 0, 
2, 0, 0, 0, 0, 1, 1, 0, 0, 0, 0, 0, 0, 1, 1, 0, 0, 0, 2, 0, 0, 1, 0, 0, 0, 0, 1, 0, 0, 0, 0, 0, 0, 5, 5, 0, 0, 15, 0, 0, 0, 0, 0, 0, 0, 1, 0, 0, 0, 0, 0, 0, 0, 3, 3, 0, 0, 3, 2, 0, 0, 0, 0, 0, 0, 3, 2, 0, 0, 1, 3, 0, 0, 1, 1, 0, 0, 4, 0, 0, 0, 4, 0, 0, 0, 2, 0, 0, 0, 0, 0, 0, 0, 3, 0, 0, 0, 1, 0, 0, 0, 7, 0, 0, 0, 4, 0, 0, 0, 2, 0, 0, 0, 
3, 0, 1, 0, 0, 0, 0, 0, 0, 0, 0, 0, 0, 2, 2, 0, 0, 1, 1, 0, 0, 2, 1, 0, 0, 2, 1, 0, 0, 3, 1, 0, 0, 8, 7, 0, 0, 9, 2, 0, 0, 10, 0, 0, 0, 0, 1, 0, 0, 4, 1, 0, 0, 4, 1, 0, 0, 3, 2, 0, 0, 5, 4, 0, 0, 1, 3, 0, 0, 4, 7, 0, 0, 0, 0, 0, 0, 10, 0, 0, 0, 5, 0, 0, 0, 10, 0, 0, 0, 1, 0, 0, 0, 10, 0, 0, 0, 6, 0, 0, 0, 2, 0, 0, 0, 4, 0, 0, 0, 4, 0, 0, 0, 
4, 1, 2, 0, 0, 3, 0, 0, 0, 1, 0, 0, 0, 0, 1, 0, 0, 0, 0, 0, 0, 0, 1, 0, 0, 12, 1, 0, 0, 4, 4, 0, 0, 7, 3, 0, 0, 19, 4, 0, 0, 14, 0, 0, 0, 11, 3, 0, 0, 0, 2, 0, 0, 4, 2, 0, 0, 15, 2, 0, 0, 1, 0, 0, 0, 2, 4, 0, 0, 2, 4, 0, 0, 1, 1, 0, 0, 5, 0, 0, 0, 17, 0, 0, 0, 0, 0, 0, 0, 10, 0, 0, 0, 2, 0, 0, 0, 9, 0, 0, 0, 1, 0, 0, 0, 2, 0, 0, 0, 2, 0, 0, 0, 
5, 4, 0, 0, 0, 0, 1, 0, 0, 0, 0, 0, 0, 1, 1, 0, 0, 0, 1, 0, 0, 4, 1, 0, 0, 30, 2, 0, 0, 3, 4, 0, 0, 3, 0, 0, 0, 17, 0, 0, 0, 5, 3, 0, 0, 2, 3, 0, 0, 3, 3, 0, 0, 4, 4, 0, 0, 17, 7, 0, 0, 4, 4, 0, 0, 2, 2, 0, 0, 11, 4, 0, 0, 5, 4, 0, 0, 4, 0, 0, 0, 2, 0, 0, 0, 3, 0, 0, 0, 5, 0, 0, 0, 14, 0, 0, 0, 1, 0, 0, 0, 1, 0, 0, 0, 13, 0, 0, 0, 18, 0, 0, 0, 
6, 0, 3, 0, 0, 0, 0, 0, 0, 1, 0, 0, 0, 1, 0, 0, 0, 2, 0, 0, 0, 0, 1, 0, 0, 30, 1, 0, 0, 4, 10, 0, 0, 6, 2, 0, 0, 19, 1, 0, 0, 4, 4, 0, 0, 9, 1, 0, 0, 1, 0, 0, 0, 10, 1, 0, 0, 10, 1, 0, 0, 14, 1, 0, 0, 1, 1, 0, 0, 3, 1, 0, 0, 3, 7, 0, 0, 2, 0, 0, 0, 10, 0, 0, 0, 4, 0, 0, 0, 7, 0, 0, 0, 8, 0, 0, 0, 1, 0, 0, 0, 5, 0, 0, 0, 24, 0, 0, 0, 19, 0, 0, 0, 
7, 0, 0, 0, 0, 0, 1, 0, 0, 0, 0, 0, 0, 1, 1, 0, 0, 1, 1, 0, 0, 1, 0, 0, 0, 21, 2, 0, 0, 14, 6, 0, 0, 3, 4, 0, 0, 23, 0, 0, 0, 7, 5, 0, 0, 12, 1, 0, 0, 4, 10, 0, 0, 13, 3, 0, 0, 6, 10, 0, 0, 3, 0, 0, 0, 3, 5, 0, 0, 4, 4, 0, 0, 4, 2, 0, 0, 18, 0, 0, 0, 6, 0, 0, 0, 20, 0, 0, 0, 2, 0, 0, 0, 14, 0, 0, 0, 0, 0, 0, 0, 14, 0, 0, 0, 11, 0, 0, 0, 21, 0, 0, 0, 
8, 0, 3, 0, 0, 1, 2, 0, 0, 3, 1, 0, 0, 0, 2, 0, 0, 0, 0, 0, 0, 1, 0, 0, 0, 11, 1, 0, 0, 17, 5, 0, 0, 1, 1, 0, 0, 8, 2, 0, 0, 6, 9, 0, 0, 7, 0, 0, 0, 2, 3, 0, 0, 18, 2, 0, 0, 5, 6, 0, 0, 7, 5, 0, 0, 24, 1, 0, 0, 7, 3, 0, 0, 4, 3, 0, 0, 13, 0, 0, 0, 15, 0, 0, 0, 21, 0, 0, 0, 7, 0, 0, 0, 11, 0, 0, 0, 12, 0, 0, 0, 9, 0, 0, 0, 2, 0, 0, 0, 25, 0, 0, 0, 
9, 2, 2, 0, 0, 0, 0, 0, 0, 0, 2, 0, 0, 1, 0, 0, 0, 0, 0, 0, 0, 2, 0, 0, 0, 20, 3, 0, 0, 18, 2, 0, 0, 2, 1, 0, 0, 2, 3, 0, 0, 5, 3, 0, 0, 2, 3, 0, 0, 4, 4, 0, 0, 8, 2, 0, 0, 2, 0, 0, 0, 5, 3, 0, 0, 15, 2, 0, 0, 7, 4, 0, 0, 0, 1, 0, 0, 21, 0, 0, 0, 26, 0, 0, 0, 23, 0, 0, 0, 0, 0, 0, 0, 0, 0, 0, 0, 2, 0, 0, 0, 12, 0, 0, 0, 15, 0, 0, 0, 12, 0, 0, 0, 
10, 0, 0, 0, 0, 0, 1, 0, 0, 0, 2, 0, 0, 1, 1, 0, 0, 1, 0, 0, 0, 0, 0, 0, 0, 13, 1, 0, 0, 6, 7, 0, 0, 1, 6, 0, 0, 3, 1, 0, 0, 6, 4, 0, 0, 6, 2, 0, 0, 2, 2, 0, 0, 1, 1, 0, 0, 0, 1, 0, 0, 1, 0, 0, 0, 11, 3, 0, 0, 1, 1, 0, 0, 7, 4, 0, 0, 28, 0, 0, 0, 16, 0, 0, 0, 16, 0, 0, 0, 20, 0, 0, 0, 14, 0, 0, 0, 9, 0, 0, 0, 14, 0, 0, 0, 15, 0, 0, 0, 22, 0, 0, 0, 
11, 0, 0, 0, 0, 1, 1, 0, 0, 0, 1, 0, 0, 0, 0, 0, 0, 2, 1, 0, 0, 1, 0, 0, 0, 8, 0, 0, 0, 1, 2, 0, 0, 4, 7, 0, 0, 3, 1, 0, 0, 8, 5, 0, 0, 5, 4, 0, 0, 4, 7, 0, 0, 16, 7, 0, 0, 22, 7, 0, 0, 0, 0, 0, 0, 1, 0, 0, 0, 0, 0, 0, 0, 6, 3, 0, 0, 34, 0, 0, 0, 6, 0, 0, 0, 8, 0, 0, 0, 18, 0, 0, 0, 10, 0, 0, 0, 3, 0, 0, 0, 22, 0, 0, 0, 1, 0, 0, 0, 18, 0, 0, 0, 
12, 0, 0, 0, 0, 0, 1, 0, 0, 1, 1, 0, 0, 2, 0, 0, 0, 0, 1, 0, 0, 1, 1, 0, 0, 1, 5, 0, 0, 6, 5, 0, 0, 16, 4, 0, 0, 2, 5, 0, 0, 1, 0, 0, 0, 1, 0, 0, 0, 12, 9, 0, 0, 20, 9, 0, 0, 31, 2, 0, 0, 1, 0, 0, 0, 9, 5, 0, 0, 0, 2, 0, 0, 6, 1, 0, 0, 27, 0, 0, 0, 9, 0, 0, 0, 8, 0, 0, 0, 4, 0, 0, 0, 7, 0, 0, 0, 0, 0, 0, 0, 4, 0, 0, 0, 4, 0, 0, 0, 7, 0, 0, 0, 
13, 2, 0, 0, 0, 4, 0, 0, 0, 0, 0, 0, 0, 1, 1, 0, 0, 0, 1, 0, 0, 2, 1, 0, 0, 0, 2, 0, 0, 1, 1, 0, 0, 33, 3, 0, 0, 6, 5, 0, 0, 0, 0, 0, 0, 1, 2, 0, 0, 8, 6, 0, 0, 17, 8, 0, 0, 7, 6, 0, 0, 3, 9, 0, 0, 8, 1, 0, 0, 5, 4, 0, 0, 2, 3, 0, 0, 28, 0, 0, 0, 8, 0, 0, 0, 14, 0, 0, 0, 3, 0, 0, 0, 0, 0, 0, 0, 2, 0, 0, 0, 2, 0, 0, 0, 6, 0, 0, 0, 7, 0, 0, 0, 
14, 2, 2, 0, 0, 0, 1, 0, 0, 2, 0, 0, 0, 0, 0, 0, 0, 0, 0, 0, 0, 1, 0, 0, 0, 1, 1, 0, 0, 4, 6, 0, 0, 33, 5, 0, 0, 17, 1, 0, 0, 2, 3, 0, 0, 8, 4, 0, 0, 20, 4, 0, 0, 20, 9, 0, 0, 7, 1, 0, 0, 6, 3, 0, 0, 18, 1, 0, 0, 2, 0, 0, 0, 0, 1, 0, 0, 26, 0, 0, 0, 4, 0, 0, 0, 4, 0, 0, 0, 8, 0, 0, 0, 2, 0, 0, 0, 9, 0, 0, 0, 3, 0, 0, 0, 4, 0, 0, 0, 17, 0, 0, 0, 
15, 3, 0, 0, 0, 2, 0, 0, 0, 2, 1, 0, 0, 1, 0, 0, 0, 1, 0, 0, 0, 0, 1, 0, 0, 16, 2, 0, 0, 3, 4, 0, 0, 18, 2, 0, 0, 11, 1, 0, 0, 3, 3, 0, 0, 0, 0, 0, 0, 2, 2, 0, 0, 17, 10, 0, 0, 11, 6, 0, 0, 5, 4, 0, 0, 7, 1, 0, 0, 0, 2, 0, 0, 1, 1, 0, 0, 17, 0, 0, 0, 10, 0, 0, 0, 5, 0, 0, 0, 2, 0, 0, 0, 2, 0, 0, 0, 3, 0, 0, 0, 3, 0, 0, 0, 10, 0, 0, 0, 18, 0, 0, 0, 
16, 1, 0, 0, 0, 1, 1, 0, 0, 1, 0, 0, 0, 2, 3, 0, 0, 1, 1, 0, 0, 1, 0, 0, 0, 20, 3, 0, 0, 0, 0, 0, 0, 17, 3, 0, 0, 7, 4, 0, 0, 4, 8, 0, 0, 4, 3, 0, 0, 5, 6, 0, 0, 18, 15, 0, 0, 11, 13, 0, 0, 0, 0, 0, 0, 12, 0, 0, 0, 0, 0, 0, 0, 0, 2, 0, 0, 10, 0, 0, 0, 11, 0, 0, 0, 3, 0, 0, 0, 0, 0, 0, 0, 6, 0, 0, 0, 0, 0, 0, 0, 9, 0, 0, 0, 10, 0, 0, 0, 5, 0, 0, 0, 
17, 1, 0, 0, 0, 0, 0, 0, 0, 0, 2, 0, 0, 0, 1, 0, 0, 0, 0, 0, 0, 3, 0, 0, 0, 18, 1, 0, 0, 1, 1, 0, 0, 4, 3, 0, 0, 12, 1, 0, 0, 5, 0, 0, 0, 3, 2, 0, 0, 2, 6, 0, 0, 12, 3, 0, 0, 13, 11, 0, 0, 5, 1, 0, 0, 2, 1, 0, 0, 0, 0, 0, 0, 1, 1, 0, 0, 11, 0, 0, 0, 2, 0, 0, 0, 0, 0, 0, 0, 4, 0, 0, 0, 1, 0, 0, 0, 1, 0, 0, 0, 26, 0, 0, 0, 4, 0, 0, 0, 14, 0, 0, 0, 
18, 0, 3, 0, 0, 2, 0, 0, 0, 2, 2, 0, 0, 1, 1, 0, 0, 1, 1, 0, 0, 1, 1, 0, 0, 29, 1, 0, 0, 3, 1, 0, 0, 9, 2, 0, 0, 5, 4, 0, 0, 3, 1, 0, 0, 2, 2, 0, 0, 12, 11, 0, 0, 0, 1, 0, 0, 6, 2, 0, 0, 1, 0, 0, 0, 5, 5, 0, 0, 0, 0, 0, 0, 4, 1, 0, 0, 0, 0, 0, 0, 4, 0, 0, 0, 0, 0, 0, 0, 0, 0, 0, 0, 5, 0, 0, 0, 6, 0, 0, 0, 20, 0, 0, 0, 12, 0, 0, 0, 10, 0, 0, 0, 
19, 0, 0, 0, 0, 2, 0, 0, 0, 0, 1, 0, 0, 2, 0, 0, 0, 3, 2, 0, 0, 0, 0, 0, 0, 20, 1, 0, 0, 14, 6, 0, 0, 15, 7, 0, 0, 1, 0, 0, 0, 0, 2, 0, 0, 2, 3, 0, 0, 5, 11, 0, 0, 0, 0, 0, 0, 19, 6, 0, 0, 2, 3, 0, 0, 2, 1, 0, 0, 2, 2, 0, 0, 11, 11, 0, 0, 11, 0, 0, 0, 14, 0, 0, 0, 1, 0, 0, 0, 1, 0, 0, 0, 2, 0, 0, 0, 3, 0, 0, 0, 17, 0, 0, 0, 8, 0, 0, 0, 13, 0, 0, 0, 
20, 0, 1, 0, 0, 1, 2, 0, 0, 2, 0, 0, 0, 1, 1, 0, 0, 2, 1, 0, 0, 3, 1, 0, 0, 12, 0, 0, 0, 25, 9, 0, 0, 11, 4, 0, 0, 9, 5, 0, 0, 0, 0, 0, 0, 1, 4, 0, 0, 2, 2, 0, 0, 2, 1, 0, 0, 13, 14, 0, 0, 0, 1, 0, 0, 1, 1, 0, 0, 2, 1, 0, 0, 9, 3, 0, 0, 1, 0, 0, 0, 5, 0, 0, 0, 12, 0, 0, 0, 4, 0, 0, 0, 5, 0, 0, 0, 4, 0, 0, 0, 28, 0, 0, 0, 5, 0, 0, 0, 5, 0, 0, 0, 
21, 1, 0, 0, 0, 2, 3, 0, 0, 4, 1, 0, 0, 0, 1, 0, 0, 2, 1, 0, 0, 1, 0, 0, 0, 11, 1, 0, 0, 16, 8, 0, 0, 5, 2, 0, 0, 3, 2, 0, 0, 7, 3, 0, 0, 5, 5, 0, 0, 0, 0, 0, 0, 3, 0, 0, 0, 9, 13, 0, 0, 0, 1, 0, 0, 6, 2, 0, 0, 5, 11, 0, 0, 12, 12, 0, 0, 6, 0, 0, 0, 12, 0, 0, 0, 15, 0, 0, 0, 2, 0, 0, 0, 12, 0, 0, 0, 1, 0, 0, 0, 14, 0, 0, 0, 6, 0, 0, 0, 3, 0, 0, 0, 
22, 1, 0, 0, 0, 0, 3, 0, 0, 1, 1, 0, 0, 2, 0, 0, 0, 0, 0, 0, 0, 0, 2, 0, 0, 3, 4, 0, 0, 5, 6, 0, 0, 11, 2, 0, 0, 5, 0, 0, 0, 4, 6, 0, 0, 1, 2, 0, 0, 5, 3, 0, 0, 0, 2, 0, 0, 5, 4, 0, 0, 1, 1, 0, 0, 13, 2, 0, 0, 8, 8, 0, 0, 11, 21, 0, 0, 5, 0, 0, 0, 19, 0, 0, 0, 0, 0, 0, 0, 8, 0, 0, 0, 10, 0, 0, 0, 1, 0, 0, 0, 4, 0, 0, 0, 7, 0, 0, 0, 0, 0, 0, 0, 
23, 1, 1, 0, 0, 3, 1, 0, 0, 2, 0, 0, 0, 2, 0, 0, 0, 0, 0, 0, 0, 1, 0, 0, 0, 0, 1, 0, 0, 2, 7, 0, 0, 0, 3, 0, 0, 12, 0, 0, 0, 9, 8, 0, 0, 0, 1, 0, 0, 3, 2, 0, 0, 4, 2, 0, 0, 8, 4, 0, 0, 2, 0, 0, 0, 1, 2, 0, 0, 14, 12, 0, 0, 12, 11, 0, 0, 5, 0, 0, 0, 22, 0, 0, 0, 6, 0, 0, 0, 2, 0, 0, 0, 13, 0, 0, 0, 8, 0, 0, 0, 6, 0, 0, 0, 9, 0, 0, 0, 4, 0, 0, 0, 
24, 0, 0, 0, 0, 2, 2, 0, 0, 1, 0, 0, 0, 0, 0, 0, 0, 1, 0, 0, 0, 0, 2, 0, 0, 5, 1, 0, 0, 4, 2, 0, 0, 3, 7, 0, 0, 12, 1, 0, 0, 7, 4, 0, 0, 1, 1, 0, 0, 4, 4, 0, 0, 3, 1, 0, 0, 5, 4, 0, 0, 1, 0, 0, 0, 0, 1, 0, 0, 11, 15, 0, 0, 9, 7, 0, 0, 2, 0, 0, 0, 19, 0, 0, 0, 10, 0, 0, 0, 11, 0, 0, 0, 3, 0, 0, 0, 13, 0, 0, 0, 5, 0, 0, 0, 4, 0, 0, 0, 17, 0, 0, 0, 
25, 1, 0, 0, 0, 1, 2, 0, 0, 0, 2, 0, 0, 2, 2, 0, 0, 0, 0, 0, 0, 0, 0, 0, 0, 4, 2, 0, 0, 0, 0, 0, 0, 0, 0, 0, 0, 16, 0, 0, 0, 9, 5, 0, 0, 2, 3, 0, 0, 4, 2, 0, 0, 3, 4, 0, 0, 6, 4, 0, 0, 14, 5, 0, 0, 2, 0, 0, 0, 8, 4, 0, 0, 5, 6, 0, 0, 8, 0, 0, 0, 30, 0, 0, 0, 4, 0, 0, 0, 33, 0, 0, 0, 4, 0, 0, 0, 13, 0, 0, 0, 8, 0, 0, 0, 2, 0, 0, 0, 17, 0, 0, 0, 
26, 7, 0, 0, 0, 2, 0, 0, 0, 0, 1, 0, 0, 1, 2, 0, 0, 1, 1, 0, 0, 1, 1, 0, 0, 5, 3, 0, 0, 11, 0, 0, 0, 1, 2, 0, 0, 23, 3, 0, 0, 1, 0, 0, 0, 0, 1, 0, 0, 5, 7, 0, 0, 4, 5, 0, 0, 3, 2, 0, 0, 16, 2, 0, 0, 0, 3, 0, 0, 9, 5, 0, 0, 2, 0, 0, 0, 14, 0, 0, 0, 23, 0, 0, 0, 8, 0, 0, 0, 19, 0, 0, 0, 8, 0, 0, 0, 4, 0, 0, 0, 2, 0, 0, 0, 2, 0, 0, 0, 6, 0, 0, 0, 
27, 4, 0, 0, 0, 1, 3, 0, 0, 0, 0, 0, 0, 0, 0, 0, 0, 0, 0, 0, 0, 1, 0, 0, 0, 3, 6, 0, 0, 7, 6, 0, 0, 2, 2, 0, 0, 18, 1, 0, 0, 10, 3, 0, 0, 2, 4, 0, 0, 2, 3, 0, 0, 5, 1, 0, 0, 13, 2, 0, 0, 3, 1, 0, 0, 1, 4, 0, 0, 4, 1, 0, 0, 1, 1, 0, 0, 20, 0, 0, 0, 19, 0, 0, 0, 3, 0, 0, 0, 27, 0, 0, 0, 9, 0, 0, 0, 2, 0, 0, 0, 18, 0, 0, 0, 1, 0, 0, 0, 4, 0, 0, 0, 
28, 1, 2, 0, 0, 1, 0, 0, 0, 2, 1, 0, 0, 1, 1, 0, 0, 0, 0, 0, 0, 1, 0, 0, 0, 0, 1, 0, 0, 6, 7, 0, 0, 0, 1, 0, 0, 4, 3, 0, 0, 8, 2, 0, 0, 1, 0, 0, 0, 2, 1, 0, 0, 1, 1, 0, 0, 17, 4, 0, 0, 19, 3, 0, 0, 4, 0, 0, 0, 22, 2, 0, 0, 4, 1, 0, 0, 9, 0, 0, 0, 6, 0, 0, 0, 7, 0, 0, 0, 40, 0, 0, 0, 6, 0, 0, 0, 10, 0, 0, 0, 30, 0, 0, 0, 6, 0, 0, 0, 20, 0, 0, 0, 
29, 0, 1, 0, 0, 0, 0, 0, 0, 1, 1, 0, 0, 0, 1, 0, 0, 3, 3, 0, 0, 1, 1, 0, 0, 7, 4, 0, 0, 0, 0, 0, 0, 0, 5, 0, 0, 3, 5, 0, 0, 7, 3, 0, 0, 0, 1, 0, 0, 3, 2, 0, 0, 3, 2, 0, 0, 18, 3, 0, 0, 28, 1, 0, 0, 2, 1, 0, 0, 15, 0, 0, 0, 0, 0, 0, 0, 0, 0, 0, 0, 1, 0, 0, 0, 7, 0, 0, 0, 29, 0, 0, 0, 4, 0, 0, 0, 25, 0, 0, 0, 19, 0, 0, 0, 2, 0, 0, 0, 22, 0, 0, 0, 
30, 3, 0, 0, 0, 0, 0, 0, 0, 0, 0, 0, 0, 0, 0, 0, 0, 1, 0, 0, 0, 0, 1, 0, 0, 6, 0, 0, 0, 3, 3, 0, 0, 1, 3, 0, 0, 8, 2, 0, 0, 7, 7, 0, 0, 2, 2, 0, 0, 2, 1, 0, 0, 12, 4, 0, 0, 12, 5, 0, 0, 17, 3, 0, 0, 4, 5, 0, 0, 8, 1, 0, 0, 3, 2, 0, 0, 3, 0, 0, 0, 7, 0, 0, 0, 2, 0, 0, 0, 25, 0, 0, 0, 2, 0, 0, 0, 28, 0, 0, 0, 34, 0, 0, 0, 10, 0, 0, 0, 9, 0, 0, 0, 
31, 0, 2, 0, 0, 0, 1, 0, 0, 1, 1, 0, 0, 0, 1, 0, 0, 2, 1, 0, 0, 0, 1, 0, 0, 5, 1, 0, 0, 8, 2, 0, 0, 0, 0, 0, 0, 7, 1, 0, 0, 4, 6, 0, 0, 0, 0, 0, 0, 15, 3, 0, 0, 1, 2, 0, 0, 19, 4, 0, 0, 7, 1, 0, 0, 1, 1, 0, 0, 1, 2, 0, 0, 10, 0, 0, 0, 4, 0, 0, 0, 1, 0, 0, 0, 5, 0, 0, 0, 13, 0, 0, 0, 5, 0, 0, 0, 20, 0, 0, 0, 18, 0, 0, 0, 23, 0, 0, 0, 9, 0, 0, 0, 
32, 0, 0, 0, 0, 2, 0, 0, 0, 1, 0, 0, 0, 1, 2, 0, 0, 0, 0, 0, 0, 0, 1, 0, 0, 4, 2, 0, 0, 8, 3, 0, 0, 0, 0, 0, 0, 6, 4, 0, 0, 4, 0, 0, 0, 1, 0, 0, 0, 17, 2, 0, 0, 0, 0, 0, 0, 20, 5, 0, 0, 2, 4, 0, 0, 5, 6, 0, 0, 0, 0, 0, 0, 6, 2, 0, 0, 10, 0, 0, 0, 3, 0, 0, 0, 1, 0, 0, 0, 10, 0, 0, 0, 2, 0, 0, 0, 22, 0, 0, 0, 10, 0, 0, 0, 19, 0, 0, 0, 2, 0, 0, 0, 
33, 1, 1, 0, 0, 2, 2, 0, 0, 0, 0, 0, 0, 0, 0, 0, 0, 0, 0, 0, 0, 0, 0, 0, 0, 3, 0, 0, 0, 1, 0, 0, 0, 4, 4, 0, 0, 3, 4, 0, 0, 0, 1, 0, 0, 3, 1, 0, 0, 17, 3, 0, 0, 0, 2, 0, 0, 12, 7, 0, 0, 4, 2, 0, 0, 8, 1, 0, 0, 0, 3, 0, 0, 1, 0, 0, 0, 17, 0, 0, 0, 4, 0, 0, 0, 2, 0, 0, 0, 11, 0, 0, 0, 11, 0, 0, 0, 23, 0, 0, 0, 0, 0, 0, 0, 15, 0, 0, 0, 4, 0, 0, 0, 
34, 0, 1, 0, 0, 2, 1, 0, 0, 0, 1, 0, 0, 0, 0, 0, 0, 0, 0, 0, 0, 0, 0, 0, 0, 0, 0, 0, 0, 5, 3, 0, 0, 6, 2, 0, 0, 2, 8, 0, 0, 3, 0, 0, 0, 4, 5, 0, 0, 11, 2, 0, 0, 9, 0, 0, 0, 15, 6, 0, 0, 2, 4, 0, 0, 1, 0, 0, 0, 0, 0, 0, 0, 2, 1, 0, 0, 16, 0, 0, 0, 9, 0, 0, 0, 14, 0, 0, 0, 28, 0, 0, 0, 18, 0, 0, 0, 19, 0, 0, 0, 11, 0, 0, 0, 12, 0, 0, 0, 4, 0, 0, 0, 
35, 0, 0, 0, 0, 1, 0, 0, 0, 0, 1, 0, 0, 1, 2, 0, 0, 1, 1, 0, 0, 0, 0, 0, 0, 5, 6, 0, 0, 11, 1, 0, 0, 4, 1, 0, 0, 1, 3, 0, 0, 4, 3, 0, 0, 1, 2, 0, 0, 8, 2, 0, 0, 15, 0, 0, 0, 16, 4, 0, 0, 4, 4, 0, 0, 10, 3, 0, 0, 1, 2, 0, 0, 1, 0, 0, 0, 7, 0, 0, 0, 13, 0, 0, 0, 2, 0, 0, 0, 24, 0, 0, 0, 15, 0, 0, 0, 13, 0, 0, 0, 3, 0, 0, 0, 1, 0, 0, 0, 1, 0, 0, 0, 
36, 0, 4, 0, 0, 0, 1, 0, 0, 2, 0, 0, 0, 1, 0, 0, 0, 1, 0, 0, 0, 1, 1, 0, 0, 9, 4, 0, 0, 1, 2, 0, 0, 0, 1, 0, 0, 0, 2, 0, 0, 21, 0, 0, 0, 0, 0, 0, 0, 1, 1, 0, 0, 3, 0, 0, 0, 13, 4, 0, 0, 2, 2, 0, 0, 6, 4, 0, 0, 2, 1, 0, 0, 0, 3, 0, 0, 2, 0, 0, 0, 3, 0, 0, 0, 4, 0, 0, 0, 40, 0, 0, 0, 16, 0, 0, 0, 4, 0, 0, 0, 4, 0, 0, 0, 1, 0, 0, 0, 2, 0, 0, 0, 
37, 0, 2, 0, 0, 0, 1, 0, 0, 0, 0, 0, 0, 0, 0, 0, 0, 0, 0, 0, 0, 1, 2, 0, 0, 5, 3, 0, 0, 4, 3, 0, 0, 5, 6, 0, 0, 1, 0, 0, 0, 1, 2, 0, 0, 6, 1, 0, 0, 6, 1, 0, 0, 16, 2, 0, 0, 6, 10, 0, 0, 8, 9, 0, 0, 13, 3, 0, 0, 6, 6, 0, 0, 5, 9, 0, 0, 3, 0, 0, 0, 0, 0, 0, 0, 10, 0, 0, 0, 23, 0, 0, 0, 20, 0, 0, 0, 7, 0, 0, 0, 3, 0, 0, 0, 1, 0, 0, 0, 5, 0, 0, 0, 
38, 2, 0, 0, 0, 1, 0, 0, 0, 0, 2, 0, 0, 0, 0, 0, 0, 0, 1, 0, 0, 3, 1, 0, 0, 0, 3, 0, 0, 6, 1, 0, 0, 0, 6, 0, 0, 0, 0, 0, 0, 6, 1, 0, 0, 7, 3, 0, 0, 1, 2, 0, 0, 24, 3, 0, 0, 4, 4, 0, 0, 7, 8, 0, 0, 17, 1, 0, 0, 4, 2, 0, 0, 5, 0, 0, 0, 6, 0, 0, 0, 2, 0, 0, 0, 5, 0, 0, 0, 12, 0, 0, 0, 18, 0, 0, 0, 18, 0, 0, 0, 1, 0, 0, 0, 5, 0, 0, 0, 14, 0, 0, 0, 
39, 1, 1, 0, 0, 4, 3, 0, 0, 2, 0, 0, 0, 0, 0, 0, 0, 0, 0, 0, 0, 0, 0, 0, 0, 1, 2, 0, 0, 1, 0, 0, 0, 1, 0, 0, 0, 10, 4, 0, 0, 5, 0, 0, 0, 27, 3, 0, 0, 2, 1, 0, 0, 22, 2, 0, 0, 6, 3, 0, 0, 0, 0, 0, 0, 15, 2, 0, 0, 3, 1, 0, 0, 0, 2, 0, 0, 7, 0, 0, 0, 2, 0, 0, 0, 4, 0, 0, 0, 3, 0, 0, 0, 23, 0, 0, 0, 10, 0, 0, 0, 8, 0, 0, 0, 9, 0, 0, 0, 18, 0, 0, 0, 
40, 1, 0, 0, 0, 4, 1, 0, 0, 0, 0, 0, 0, 0, 2, 0, 0, 0, 1, 0, 0, 0, 0, 0, 0, 4, 4, 0, 0, 1, 0, 0, 0, 0, 0, 0, 0, 1, 3, 0, 0, 2, 0, 0, 0, 12, 4, 0, 0, 14, 8, 0, 0, 22, 0, 0, 0, 1, 2, 0, 0, 6, 6, 0, 0, 10, 4, 0, 0, 1, 0, 0, 0, 5, 2, 0, 0, 11, 0, 0, 0, 22, 0, 0, 0, 7, 0, 0, 0, 2, 0, 0, 0, 20, 0, 0, 0, 8, 0, 0, 0, 0, 0, 0, 0, 4, 0, 0, 0, 24, 0, 0, 0, 
41, 0, 1, 0, 0, 1, 0, 0, 0, 0, 0, 0, 0, 2, 0, 0, 0, 1, 1, 0, 0, 0, 1, 0, 0, 1, 1, 0, 0, 2, 3, 0, 0, 0, 0, 0, 0, 10, 4, 0, 0, 3, 1, 0, 0, 5, 7, 0, 0, 14, 5, 0, 0, 26, 3, 0, 0, 3, 2, 0, 0, 1, 1, 0, 0, 13, 3, 0, 0, 5, 2, 0, 0, 1, 0, 0, 0, 4, 0, 0, 0, 18, 0, 0, 0, 12, 0, 0, 0, 3, 0, 0, 0, 27, 0, 0, 0, 2, 0, 0, 0, 5, 0, 0, 0, 1, 0, 0, 0, 27, 0, 0, 0, 
42, 2, 3, 0, 0, 0, 1, 0, 0, 2, 1, 0, 0, 1, 1, 0, 0, 0, 0, 0, 0, 0, 2, 0, 0, 2, 1, 0, 0, 1, 2, 0, 0, 1, 0, 0, 0, 5, 1, 0, 0, 2, 2, 0, 0, 4, 4, 0, 0, 15, 5, 0, 0, 32, 1, 0, 0, 0, 1, 0, 0, 4, 2, 0, 0, 3, 2, 0, 0, 3, 0, 0, 0, 1, 1, 0, 0, 8, 0, 0, 0, 32, 0, 0, 0, 3, 0, 0, 0, 2, 0, 0, 0, 25, 0, 0, 0, 11, 0, 0, 0, 7, 0, 0, 0, 3, 0, 0, 0, 32, 0, 0, 0, 
43, 0, 0, 0, 0, 1, 1, 0, 0, 1, 0, 0, 0, 0, 1, 0, 0, 0, 1, 0, 0, 0, 0, 0, 0, 2, 2, 0, 0, 1, 2, 0, 0, 0, 1, 0, 0, 7, 7, 0, 0, 1, 0, 0, 0, 2, 0, 0, 0, 1, 1, 0, 0, 28, 1, 0, 0, 9, 10, 0, 0, 5, 3, 0, 0, 2, 1, 0, 0, 4, 5, 0, 0, 3, 1, 0, 0, 4, 0, 0, 0, 30, 0, 0, 0, 11, 0, 0, 0, 13, 0, 0, 0, 13, 0, 0, 0, 2, 0, 0, 0, 11, 0, 0, 0, 11, 0, 0, 0, 26, 0, 0, 0, 
44, 3, 1, 0, 0, 3, 0, 0, 0, 0, 2, 0, 0, 1, 0, 0, 0, 0, 0, 0, 0, 3, 3, 0, 0, 4, 9, 0, 0, 4, 3, 0, 0, 1, 3, 0, 0, 5, 3, 0, 0, 1, 1, 0, 0, 3, 2, 0, 0, 1, 3, 0, 0, 29, 6, 0, 0, 10, 11, 0, 0, 7, 4, 0, 0, 2, 2, 0, 0, 2, 3, 0, 0, 1, 1, 0, 0, 2, 0, 0, 0, 29, 0, 0, 0, 20, 0, 0, 0, 26, 0, 0, 0, 3, 0, 0, 0, 1, 0, 0, 0, 8, 0, 0, 0, 1, 0, 0, 0, 23, 0, 0, 0, 
45, 0, 1, 0, 0, 1, 1, 0, 0, 0, 1, 0, 0, 0, 0, 0, 0, 3, 0, 0, 0, 1, 4, 0, 0, 3, 2, 0, 0, 5, 3, 0, 0, 1, 0, 0, 0, 8, 10, 0, 0, 3, 3, 0, 0, 7, 0, 0, 0, 3, 0, 0, 0, 24, 0, 0, 0, 7, 8, 0, 0, 0, 0, 0, 0, 10, 9, 0, 0, 1, 1, 0, 0, 0, 0, 0, 0, 5, 0, 0, 0, 5, 0, 0, 0, 29, 0, 0, 0, 22, 0, 0, 0, 1, 0, 0, 0, 6, 0, 0, 0, 18, 0, 0, 0, 10, 0, 0, 0, 24, 0, 0, 0, 
46, 0, 0, 0, 0, 1, 1, 0, 0, 2, 2, 0, 0, 1, 1, 0, 0, 0, 1, 0, 0, 2, 1, 0, 0, 1, 0, 0, 0, 1, 2, 0, 0, 3, 5, 0, 0, 21, 6, 0, 0, 2, 5, 0, 0, 7, 3, 0, 0, 4, 4, 0, 0, 16, 2, 0, 0, 3, 7, 0, 0, 2, 1, 0, 0, 25, 9, 0, 0, 0, 2, 0, 0, 1, 3, 0, 0, 4, 0, 0, 0, 6, 0, 0, 0, 27, 0, 0, 0, 5, 0, 0, 0, 9, 0, 0, 0, 13, 0, 0, 0, 2, 0, 0, 0, 13, 0, 0, 0, 24, 0, 0, 0, 
47, 1, 0, 0, 0, 0, 1, 0, 0, 1, 0, 0, 0, 0, 1, 0, 0, 1, 0, 0, 0, 1, 1, 0, 0, 2, 5, 0, 0, 9, 5, 0, 0, 0, 2, 0, 0, 9, 6, 0, 0, 2, 3, 0, 0, 4, 7, 0, 0, 3, 4, 0, 0, 7, 2, 0, 0, 6, 13, 0, 0, 6, 5, 0, 0, 22, 9, 0, 0, 1, 0, 0, 0, 3, 3, 0, 0, 9, 0, 0, 0, 13, 0, 0, 0, 31, 0, 0, 0, 11, 0, 0, 0, 10, 0, 0, 0, 10, 0, 0, 0, 15, 0, 0, 0, 9, 0, 0, 0, 17, 0, 0, 0, 
48, 4, 4, 0, 0, 0, 0, 0, 0, 0, 0, 0, 0, 1, 0, 0, 0, 0, 0, 0, 0, 0, 3, 0, 0, 6, 3, 0, 0, 10, 6, 0, 0, 9, 3, 0, 0, 8, 10, 0, 0, 1, 0, 0, 0, 3, 0, 0, 0, 7, 4, 0, 0, 8, 4, 0, 0, 3, 14, 0, 0, 2, 2, 0, 0, 20, 10, 0, 0, 3, 4, 0, 0, 0, 1, 0, 0, 10, 0, 0, 0, 4, 0, 0, 0, 34, 0, 0, 0, 0, 0, 0, 0, 9, 0, 0, 0, 2, 0, 0, 0, 1, 0, 0, 0, 5, 0, 0, 0, 13, 0, 0, 0, 
49, 3, 5, 0, 0, 0, 1, 0, 0, 1, 1, 0, 0, 3, 0, 0, 0, 0, 0, 0, 0, 0, 0, 0, 0, 2, 13, 0, 0, 19, 5, 0, 0, 10, 11, 0, 0, 3, 2, 0, 0, 2, 1, 0, 0, 5, 3, 0, 0, 8, 1, 0, 0, 0, 0, 0, 0, 2, 2, 0, 0, 4, 4, 0, 0, 14, 8, 0, 0, 2, 0, 0, 0, 4, 3, 0, 0, 10, 0, 0, 0, 3, 0, 0, 0, 31, 0, 0, 0, 4, 0, 0, 0, 5, 0, 0, 0, 3, 0, 0, 0, 29, 0, 0, 0, 3, 0, 0, 0, 1, 0, 0, 0, 
50, 0, 1, 0, 0, 3, 2, 0, 0, 1, 1, 0, 0, 0, 2, 0, 0, 2, 1, 0, 0, 1, 1, 0, 0, 5, 10, 0, 0, 4, 3, 0, 0, 11, 14, 0, 0, 2, 3, 0, 0, 4, 3, 0, 0, 1, 8, 0, 0, 6, 0, 0, 0, 0, 4, 0, 0, 5, 1, 0, 0, 3, 4, 0, 0, 10, 10, 0, 0, 6, 1, 0, 0, 2, 0, 0, 0, 2, 0, 0, 0, 4, 0, 0, 0, 33, 0, 0, 0, 4, 0, 0, 0, 14, 0, 0, 0, 2, 0, 0, 0, 24, 0, 0, 0, 14, 0, 0, 0, 16, 0, 0, 0, 
51, 0, 0, 0, 0, 3, 2, 0, 0, 0, 0, 0, 0, 1, 1, 0, 0, 1, 1, 0, 0, 1, 1, 0, 0, 2, 2, 0, 0, 6, 9, 0, 0, 9, 8, 0, 0, 2, 1, 0, 0, 4, 3, 0, 0, 2, 1, 0, 0, 4, 7, 0, 0, 1, 1, 0, 0, 1, 0, 0, 0, 6, 10, 0, 0, 9, 3, 0, 0, 1, 0, 0, 0, 1, 0, 0, 0, 0, 0, 0, 0, 3, 0, 0, 0, 32, 0, 0, 0, 8, 0, 0, 0, 10, 0, 0, 0, 2, 0, 0, 0, 27, 0, 0, 0, 6, 0, 0, 0, 19, 0, 0, 0, 
52, 2, 1, 0, 0, 1, 1, 0, 0, 1, 0, 0, 0, 5, 1, 0, 0, 1, 0, 0, 0, 0, 0, 0, 0, 2, 6, 0, 0, 1, 2, 0, 0, 5, 5, 0, 0, 1, 2, 0, 0, 14, 9, 0, 0, 1, 2, 0, 0, 11, 11, 0, 0, 2, 3, 0, 0, 2, 2, 0, 0, 14, 6, 0, 0, 4, 1, 0, 0, 0, 1, 0, 0, 4, 2, 0, 0, 4, 0, 0, 0, 15, 0, 0, 0, 32, 0, 0, 0, 5, 0, 0, 0, 23, 0, 0, 0, 5, 0, 0, 0, 17, 0, 0, 0, 4, 0, 0, 0, 6, 0, 0, 0, 
53, 1, 3, 0, 0, 0, 1, 0, 0, 2, 2, 0, 0, 0, 2, 0, 0, 2, 0, 0, 0, 1, 0, 0, 0, 1, 1, 0, 0, 2, 5, 0, 0, 3, 5, 0, 0, 5, 3, 0, 0, 5, 6, 0, 0, 4, 2, 0, 0, 10, 17, 0, 0, 1, 0, 0, 0, 3, 4, 0, 0, 4, 4, 0, 0, 0, 0, 0, 0, 1, 2, 0, 0, 1, 1, 0, 0, 2, 0, 0, 0, 14, 0, 0, 0, 42, 0, 0, 0, 1, 0, 0, 0, 18, 0, 0, 0, 4, 0, 0, 0, 11, 0, 0, 0, 2, 0, 0, 0, 4, 0, 0, 0, 
54, 4, 1, 0, 0, 2, 2, 0, 0, 0, 1, 0, 0, 0, 0, 0, 0, 0, 0, 0, 0, 1, 0, 0, 0, 3, 2, 0, 0, 3, 4, 0, 0, 7, 1, 0, 0, 1, 6, 0, 0, 4, 6, 0, 0, 2, 1, 0, 0, 12, 11, 0, 0, 7, 2, 0, 0, 2, 2, 0, 0, 4, 3, 0, 0, 6, 6, 0, 0, 7, 4, 0, 0, 2, 2, 0, 0, 9, 0, 0, 0, 10, 0, 0, 0, 51, 0, 0, 0, 2, 0, 0, 0, 0, 0, 0, 0, 0, 0, 0, 0, 11, 0, 0, 0, 3, 0, 0, 0, 4, 0, 0, 0, 
55, 1, 1, 0, 0, 0, 0, 0, 0, 0, 0, 0, 0, 0, 1, 0, 0, 2, 0, 0, 0, 1, 2, 0, 0, 4, 4, 0, 0, 2, 5, 0, 0, 3, 1, 0, 0, 9, 6, 0, 0, 4, 2, 0, 0, 1, 0, 0, 0, 20, 13, 0, 0, 6, 3, 0, 0, 1, 1, 0, 0, 6, 1, 0, 0, 16, 11, 0, 0, 1, 1, 0, 0, 9, 5, 0, 0, 3, 0, 0, 0, 6, 0, 0, 0, 43, 0, 0, 0, 5, 0, 0, 0, 9, 0, 0, 0, 8, 0, 0, 0, 8, 0, 0, 0, 5, 0, 0, 0, 1, 0, 0, 0, 
56, 0, 1, 0, 0, 5, 2, 0, 0, 1, 0, 0, 0, 0, 0, 0, 0, 0, 0, 0, 0, 0, 1, 0, 0, 10, 1, 0, 0, 1, 1, 0, 0, 1, 4, 0, 0, 8, 3, 0, 0, 0, 1, 0, 0, 0, 3, 0, 0, 17, 9, 0, 0, 0, 0, 0, 0, 2, 4, 0, 0, 1, 2, 0, 0, 18, 16, 0, 0, 0, 0, 0, 0, 11, 3, 0, 0, 4, 0, 0, 0, 2, 0, 0, 0, 51, 0, 0, 0, 2, 0, 0, 0, 5, 0, 0, 0, 5, 0, 0, 0, 8, 0, 0, 0, 19, 0, 0, 0, 0, 0, 0, 0, 
57, 3, 3, 0, 0, 1, 0, 0, 0, 0, 2, 0, 0, 0, 0, 0, 0, 0, 0, 0, 0, 0, 1, 0, 0, 0, 2, 0, 0, 5, 2, 0, 0, 7, 5, 0, 0, 2, 3, 0, 0, 10, 3, 0, 0, 4, 0, 0, 0, 11, 5, 0, 0, 2, 6, 0, 0, 1, 1, 0, 0, 1, 1, 0, 0, 6, 13, 0, 0, 5, 3, 0, 0, 26, 3, 0, 0, 5, 0, 0, 0, 18, 0, 0, 0, 30, 0, 0, 0, 7, 0, 0, 0, 1, 0, 0, 0, 10, 0, 0, 0, 21, 0, 0, 0, 6, 0, 0, 0, 5, 0, 0, 0, 
58, 4, 0, 0, 0, 1, 0, 0, 0, 0, 0, 0, 0, 0, 0, 0, 0, 2, 1, 0, 0, 0, 0, 0, 0, 1, 0, 0, 0, 6, 5, 0, 0, 6, 5, 0, 0, 6, 5, 0, 0, 13, 2, 0, 0, 10, 5, 0, 0, 7, 8, 0, 0, 7, 5, 0, 0, 1, 0, 0, 0, 4, 1, 0, 0, 8, 6, 0, 0, 2, 0, 0, 0, 16, 1, 0, 0, 10, 0, 0, 0, 25, 0, 0, 0, 28, 0, 0, 0, 2, 0, 0, 0, 4, 0, 0, 0, 10, 0, 0, 0, 17, 0, 0, 0, 1, 0, 0, 0, 2, 0, 0, 0, 
59, 4, 4, 0, 0, 0, 0, 0, 0, 0, 1, 0, 0, 1, 0, 0, 0, 1, 1, 0, 0, 2, 1, 0, 0, 2, 4, 0, 0, 23, 7, 0, 0, 2, 3, 0, 0, 11, 5, 0, 0, 2, 2, 0, 0, 6, 11, 0, 0, 4, 5, 0, 0, 1, 0, 0, 0, 0, 1, 0, 0, 5, 1, 0, 0, 5, 1, 0, 0, 1, 5, 0, 0, 22, 6, 0, 0, 4, 0, 0, 0, 4, 0, 0, 0, 12, 0, 0, 0, 3, 0, 0, 0, 5, 0, 0, 0, 17, 0, 0, 0, 16, 0, 0, 0, 3, 0, 0, 0, 1, 0, 0, 0, 
60, 0, 1, 0, 0, 1, 0, 0, 0, 0, 1, 0, 0, 1, 1, 0, 0, 0, 0, 0, 0, 1, 0, 0, 0, 5, 1, 0, 0, 7, 3, 0, 0, 4, 1, 0, 0, 11, 6, 0, 0, 0, 0, 0, 0, 0, 1, 0, 0, 2, 3, 0, 0, 0, 0, 0, 0, 2, 2, 0, 0, 4, 6, 0, 0, 15, 2, 0, 0, 2, 0, 0, 0, 17, 1, 0, 0, 1, 0, 0, 0, 2, 0, 0, 0, 18, 0, 0, 0, 9, 0, 0, 0, 2, 0, 0, 0, 28, 0, 0, 0, 18, 0, 0, 0, 8, 0, 0, 0, 18, 0, 0, 0, 
61, 0, 1, 0, 0, 1, 0, 0, 0, 2, 1, 0, 0, 0, 0, 0, 0, 0, 1, 0, 0, 0, 0, 0, 0, 3, 0, 0, 0, 2, 2, 0, 0, 3, 5, 0, 0, 10, 7, 0, 0, 4, 1, 0, 0, 5, 2, 0, 0, 0, 1, 0, 0, 1, 1, 0, 0, 5, 3, 0, 0, 4, 8, 0, 0, 0, 1, 0, 0, 0, 1, 0, 0, 28, 2, 0, 0, 14, 0, 0, 0, 2, 0, 0, 0, 9, 0, 0, 0, 18, 0, 0, 0, 4, 0, 0, 0, 17, 0, 0, 0, 16, 0, 0, 0, 6, 0, 0, 0, 9, 0, 0, 0, 
62, 0, 1, 0, 0, 2, 1, 0, 0, 2, 0, 0, 0, 4, 3, 0, 0, 1, 0, 0, 0, 0, 2, 0, 0, 3, 1, 0, 0, 5, 0, 0, 0, 7, 7, 0, 0, 19, 11, 0, 0, 5, 1, 0, 0, 0, 0, 0, 0, 1, 1, 0, 0, 1, 0, 0, 0, 3, 1, 0, 0, 0, 2, 0, 0, 2, 0, 0, 0, 4, 1, 0, 0, 7, 1, 0, 0, 16, 0, 0, 0, 3, 0, 0, 0, 4, 0, 0, 0, 9, 0, 0, 0, 4, 0, 0, 0, 13, 0, 0, 0, 0, 0, 0, 0, 11, 0, 0, 0, 1, 0, 0, 0, 
63, 0, 2, 0, 0, 1, 0, 0, 0, 0, 0, 0, 0, 0, 0, 0, 0, 1, 1, 0, 0, 1, 1, 0, 0, 1, 5, 0, 0, 0, 2, 0, 0, 7, 10, 0, 0, 16, 9, 0, 0, 7, 6, 0, 0, 1, 1, 0, 0, 8, 1, 0, 0, 5, 2, 0, 0, 0, 2, 0, 0, 5, 2, 0, 0, 5, 1, 0, 0, 3, 0, 0, 0, 1, 2, 0, 0, 9, 0, 0, 0, 3, 0, 0, 0, 2, 0, 0, 0, 1, 0, 0, 0, 13, 0, 0, 0, 9, 0, 0, 0, 10, 0, 0, 0, 4, 0, 0, 0, 2, 0, 0, 0, 
64, 1, 2, 0, 0, 2, 0, 0, 0, 0, 1, 0, 0, 1, 0, 0, 0, 1, 3, 0, 0, 0, 0, 0, 0, 7, 4, 0, 0, 2, 2, 0, 0, 1, 4, 0, 0, 19, 7, 0, 0, 2, 8, 0, 0, 0, 1, 0, 0, 1, 2, 0, 0, 2, 2, 0, 0, 4, 3, 0, 0, 6, 5, 0, 0, 4, 2, 0, 0, 2, 3, 0, 0, 17, 0, 0, 0, 8, 0, 0, 0, 17, 0, 0, 0, 7, 0, 0, 0, 3, 0, 0, 0, 1, 0, 0, 0, 10, 0, 0, 0, 7, 0, 0, 0, 5, 0, 0, 0, 6, 0, 0, 0, 
65, 1, 0, 0, 0, 1, 0, 0, 0, 0, 0, 0, 0, 2, 1, 0, 0, 0, 0, 0, 0, 2, 1, 0, 0, 1, 2, 0, 0, 0, 2, 0, 0, 0, 1, 0, 0, 4, 5, 0, 0, 2, 1, 0, 0, 0, 2, 0, 0, 1, 1, 0, 0, 0, 0, 0, 0, 0, 0, 0, 0, 4, 0, 0, 0, 0, 0, 0, 0, 11, 10, 0, 0, 1, 0, 0, 0, 10, 0, 0, 0, 24, 0, 0, 0, 9, 0, 0, 0, 5, 0, 0, 0, 10, 0, 0, 0, 2, 0, 0, 0, 7, 0, 0, 0, 5, 0, 0, 0, 9, 0, 0, 0, 
66, 1, 2, 0, 0, 0, 1, 0, 0, 0, 0, 0, 0, 0, 2, 0, 0, 0, 1, 0, 0, 0, 2, 0, 0, 1, 5, 0, 0, 2, 5, 0, 0, 0, 0, 0, 0, 1, 0, 0, 0, 2, 1, 0, 0, 10, 3, 0, 0, 6, 8, 0, 0, 0, 3, 0, 0, 6, 5, 0, 0, 0, 1, 0, 0, 2, 0, 0, 0, 3, 3, 0, 0, 8, 3, 0, 0, 7, 0, 0, 0, 31, 0, 0, 0, 17, 0, 0, 0, 0, 0, 0, 0, 9, 0, 0, 0, 6, 0, 0, 0, 6, 0, 0, 0, 1, 0, 0, 0, 0, 0, 0, 0, 
67, 0, 2, 0, 0, 3, 0, 0, 0, 0, 0, 0, 0, 2, 0, 0, 0, 0, 1, 0, 0, 0, 0, 0, 0, 1, 2, 0, 0, 0, 0, 0, 0, 2, 1, 0, 0, 5, 5, 0, 0, 2, 2, 0, 0, 5, 3, 0, 0, 8, 4, 0, 0, 6, 10, 0, 0, 1, 4, 0, 0, 4, 3, 0, 0, 0, 0, 0, 0, 8, 15, 0, 0, 10, 1, 0, 0, 10, 0, 0, 0, 25, 0, 0, 0, 4, 0, 0, 0, 3, 0, 0, 0, 10, 0, 0, 0, 9, 0, 0, 0, 6, 0, 0, 0, 2, 0, 0, 0, 11, 0, 0, 0, 
68, 1, 2, 0, 0, 2, 1, 0, 0, 0, 1, 0, 0, 1, 0, 0, 0, 0, 1, 0, 0, 2, 0, 0, 0, 10, 4, 0, 0, 1, 1, 0, 0, 20, 0, 0, 0, 0, 1, 0, 0, 3, 3, 0, 0, 0, 0, 0, 0, 11, 5, 0, 0, 2, 0, 0, 0, 0, 0, 0, 0, 1, 1, 0, 0, 2, 3, 0, 0, 6, 12, 0, 0, 4, 2, 0, 0, 2, 0, 0, 0, 16, 0, 0, 0, 9, 0, 0, 0, 6, 0, 0, 0, 8, 0, 0, 0, 5, 0, 0, 0, 8, 0, 0, 0, 8, 0, 0, 0, 5, 0, 0, 0, 
69, 2, 0, 0, 0, 2, 0, 0, 0, 5, 1, 0, 0, 1, 0, 0, 0, 1, 0, 0, 0, 1, 0, 0, 0, 12, 5, 0, 0, 4, 5, 0, 0, 6, 0, 0, 0, 1, 6, 0, 0, 0, 1, 0, 0, 5, 5, 0, 0, 6, 5, 0, 0, 1, 0, 0, 0, 7, 2, 0, 0, 2, 4, 0, 0, 4, 3, 0, 0, 7, 4, 0, 0, 1, 0, 0, 0, 4, 0, 0, 0, 22, 0, 0, 0, 1, 0, 0, 0, 3, 0, 0, 0, 18, 0, 0, 0, 8, 0, 0, 0, 14, 0, 0, 0, 1, 0, 0, 0, 3, 0, 0, 0, 
70, 1, 0, 0, 0, 0, 1, 0, 0, 0, 0, 0, 0, 1, 1, 0, 0, 0, 1, 0, 0, 0, 1, 0, 0, 3, 0, 0, 0, 8, 9, 0, 0, 5, 0, 0, 0, 10, 1, 0, 0, 4, 2, 0, 0, 0, 1, 0, 0, 3, 1, 0, 0, 4, 1, 0, 0, 5, 6, 0, 0, 3, 3, 0, 0, 1, 1, 0, 0, 6, 3, 0, 0, 2, 0, 0, 0, 1, 0, 0, 0, 29, 0, 0, 0, 15, 0, 0, 0, 1, 0, 0, 0, 0, 0, 0, 0, 24, 0, 0, 0, 14, 0, 0, 0, 5, 0, 0, 0, 8, 0, 0, 0, 
71, 0, 0, 0, 0, 0, 0, 0, 0, 1, 2, 0, 0, 0, 0, 0, 0, 1, 0, 0, 0, 1, 3, 0, 0, 1, 0, 0, 0, 10, 13, 0, 0, 0, 2, 0, 0, 1, 4, 0, 0, 5, 4, 0, 0, 2, 3, 0, 0, 6, 3, 0, 0, 2, 3, 0, 0, 1, 0, 0, 0, 0, 1, 0, 0, 5, 3, 0, 0, 9, 7, 0, 0, 1, 3, 0, 0, 2, 0, 0, 0, 19, 0, 0, 0, 8, 0, 0, 0, 9, 0, 0, 0, 14, 0, 0, 0, 6, 0, 0, 0, 12, 0, 0, 0, 16, 0, 0, 0, 5, 0, 0, 0, 
72, 2, 2, 0, 0, 6, 2, 0, 0, 3, 1, 0, 0, 0, 0, 0, 0, 0, 0, 0, 0, 1, 1, 0, 0, 2, 1, 0, 0, 9, 11, 0, 0, 8, 1, 0, 0, 0, 4, 0, 0, 2, 2, 0, 0, 0, 2, 0, 0, 3, 7, 0, 0, 1, 2, 0, 0, 1, 2, 0, 0, 3, 2, 0, 0, 0, 0, 0, 0, 14, 6, 0, 0, 0, 1, 0, 0, 8, 0, 0, 0, 29, 0, 0, 0, 18, 0, 0, 0, 0, 0, 0, 0, 12, 0, 0, 0, 10, 0, 0, 0, 18, 0, 0, 0, 0, 0, 0, 0, 1, 0, 0, 0, 
73, 0, 3, 0, 0, 3, 0, 0, 0, 0, 0, 0, 0, 0, 1, 0, 0, 1, 0, 0, 0, 2, 0, 0, 0, 5, 0, 0, 0, 0, 5, 0, 0, 4, 1, 0, 0, 4, 4, 0, 0, 7, 4, 0, 0, 5, 0, 0, 0, 13, 1, 0, 0, 1, 0, 0, 0, 18, 2, 0, 0, 2, 4, 0, 0, 3, 2, 0, 0, 13, 7, 0, 0, 8, 6, 0, 0, 4, 0, 0, 0, 26, 0, 0, 0, 11, 0, 0, 0, 4, 0, 0, 0, 22, 0, 0, 0, 1, 0, 0, 0, 18, 0, 0, 0, 0, 0, 0, 0, 1, 0, 0, 0, 
74, 1, 0, 0, 0, 0, 1, 0, 0, 1, 0, 0, 0, 1, 0, 0, 0, 0, 0, 0, 0, 0, 1, 0, 0, 4, 6, 0, 0, 8, 3, 0, 0, 3, 0, 0, 0, 4, 8, 0, 0, 8, 5, 0, 0, 5, 4, 0, 0, 0, 0, 0, 0, 3, 1, 0, 0, 11, 0, 0, 0, 5, 6, 0, 0, 6, 0, 0, 0, 6, 8, 0, 0, 7, 3, 0, 0, 9, 0, 0, 0, 23, 0, 0, 0, 24, 0, 0, 0, 7, 0, 0, 0, 24, 0, 0, 0, 2, 0, 0, 0, 16, 0, 0, 0, 7, 0, 0, 0, 14, 0, 0, 0, 
75, 1, 1, 0, 0, 1, 0, 0, 0, 0, 1, 0, 0, 0, 1, 0, 0, 0, 0, 0, 0, 1, 2, 0, 0, 8, 1, 0, 0, 2, 0, 0, 0, 1, 0, 0, 0, 9, 7, 0, 0, 2, 5, 0, 0, 5, 6, 0, 0, 7, 0, 0, 0, 0, 2, 0, 0, 4, 5, 0, 0, 7, 6, 0, 0, 5, 2, 0, 0, 3, 3, 0, 0, 3, 4, 0, 0, 3, 0, 0, 0, 37, 0, 0, 0, 39, 0, 0, 0, 16, 0, 0, 0, 27, 0, 0, 0, 4, 0, 0, 0, 4, 0, 0, 0, 3, 0, 0, 0, 9, 0, 0, 0, 
76, 1, 0, 0, 0, 2, 1, 0, 0, 0, 0, 0, 0, 0, 0, 0, 0, 0, 0, 0, 0, 0, 0, 0, 0, 2, 5, 0, 0, 3, 1, 0, 0, 6, 5, 0, 0, 8, 11, 0, 0, 4, 0, 0, 0, 2, 1, 0, 0, 4, 1, 0, 0, 1, 0, 0, 0, 2, 0, 0, 0, 9, 9, 0, 0, 2, 5, 0, 0, 5, 0, 0, 0, 0, 1, 0, 0, 9, 0, 0, 0, 46, 0, 0, 0, 28, 0, 0, 0, 13, 0, 0, 0, 25, 0, 0, 0, 8, 0, 0, 0, 9, 0, 0, 0, 1, 0, 0, 0, 2, 0, 0, 0, 
77, 1, 0, 0, 0, 0, 1, 0, 0, 0, 6, 0, 0, 1, 1, 0, 0, 0, 0, 0, 0, 2, 2, 0, 0, 9, 6, 0, 0, 6, 11, 0, 0, 4, 4, 0, 0, 9, 6, 0, 0, 4, 3, 0, 0, 1, 2, 0, 0, 5, 6, 0, 0, 2, 0, 0, 0, 3, 1, 0, 0, 3, 5, 0, 0, 2, 1, 0, 0, 4, 2, 0, 0, 0, 1, 0, 0, 3, 0, 0, 0, 50, 0, 0, 0, 11, 0, 0, 0, 3, 0, 0, 0, 23, 0, 0, 0, 8, 0, 0, 0, 7, 0, 0, 0, 4, 0, 0, 0, 12, 0, 0, 0, 
78, 2, 0, 0, 0, 1, 4, 0, 0, 0, 0, 0, 0, 0, 0, 0, 0, 2, 3, 0, 0, 1, 2, 0, 0, 12, 4, 0, 0, 10, 5, 0, 0, 3, 2, 0, 0, 5, 7, 0, 0, 9, 6, 0, 0, 1, 2, 0, 0, 6, 1, 0, 0, 0, 2, 0, 0, 1, 3, 0, 0, 4, 6, 0, 0, 5, 5, 0, 0, 16, 1, 0, 0, 2, 4, 0, 0, 15, 0, 0, 0, 41, 0, 0, 0, 6, 0, 0, 0, 1, 0, 0, 0, 18, 0, 0, 0, 4, 0, 0, 0, 15, 0, 0, 0, 3, 0, 0, 0, 12, 0, 0, 0, 
79, 1, 2, 0, 0, 1, 0, 0, 0, 1, 2, 0, 0, 1, 0, 0, 0, 2, 1, 0, 0, 1, 2, 0, 0, 6, 4, 0, 0, 3, 6, 0, 0, 0, 1, 0, 0, 4, 7, 0, 0, 4, 7, 0, 0, 0, 0, 0, 0, 1, 1, 0, 0, 0, 0, 0, 0, 0, 0, 0, 0, 6, 3, 0, 0, 16, 4, 0, 0, 17, 2, 0, 0, 4, 1, 0, 0, 9, 0, 0, 0, 43, 0, 0, 0, 15, 0, 0, 0, 1, 0, 0, 0, 9, 0, 0, 0, 9, 0, 0, 0, 19, 0, 0, 0, 7, 0, 0, 0, 10, 0, 0, 0, 
80, 2, 1, 0, 0, 4, 4, 0, 0, 0, 1, 0, 0, 2, 0, 0, 0, 0, 0, 0, 0, 0, 1, 0, 0, 2, 3, 0, 0, 1, 0, 0, 0, 5, 2, 0, 0, 0, 1, 0, 0, 4, 4, 0, 0, 5, 3, 0, 0, 2, 0, 0, 0, 2, 0, 0, 0, 1, 1, 0, 0, 0, 2, 0, 0, 29, 1, 0, 0, 19, 5, 0, 0, 2, 1, 0, 0, 14, 0, 0, 0, 34, 0, 0, 0, 24, 0, 0, 0, 1, 0, 0, 0, 28, 0, 0, 0, 26, 0, 0, 0, 17, 0, 0, 0, 11, 0, 0, 0, 2, 0, 0, 0, 
81, 0, 0, 0, 0, 0, 1, 0, 0, 0, 1, 0, 0, 2, 3, 0, 0, 0, 0, 0, 0, 1, 0, 0, 0, 3, 0, 0, 0, 8, 2, 0, 0, 3, 6, 0, 0, 7, 4, 0, 0, 5, 8, 0, 0, 14, 4, 0, 0, 4, 1, 0, 0, 1, 1, 0, 0, 1, 2, 0, 0, 6, 4, 0, 0, 17, 4, 0, 0, 8, 1, 0, 0, 3, 2, 0, 0, 22, 0, 0, 0, 40, 0, 0, 0, 24, 0, 0, 0, 3, 0, 0, 0, 11, 0, 0, 0, 6, 0, 0, 0, 17, 0, 0, 0, 13, 0, 0, 0, 13, 0, 0, 0, 
82, 1, 3, 0, 0, 1, 1, 0, 0, 0, 2, 0, 0, 1, 0, 0, 0, 2, 1, 0, 0, 1, 1, 0, 0, 2, 2, 0, 0, 18, 1, 0, 0, 0, 0, 0, 0, 3, 1, 0, 0, 5, 1, 0, 0, 16, 2, 0, 0, 8, 6, 0, 0, 2, 3, 0, 0, 9, 0, 0, 0, 1, 0, 0, 0, 15, 4, 0, 0, 10, 5, 0, 0, 2, 4, 0, 0, 21, 0, 0, 0, 37, 0, 0, 0, 24, 0, 0, 0, 7, 0, 0, 0, 8, 0, 0, 0, 3, 0, 0, 0, 9, 0, 0, 0, 4, 0, 0, 0, 7, 0, 0, 0, 
83, 2, 2, 0, 0, 0, 1, 0, 0, 1, 1, 0, 0, 0, 0, 0, 0, 1, 0, 0, 0, 1, 1, 0, 0, 5, 5, 0, 0, 6, 1, 0, 0, 1, 0, 0, 0, 3, 2, 0, 0, 3, 2, 0, 0, 5, 6, 0, 0, 13, 14, 0, 0, 2, 1, 0, 0, 2, 0, 0, 0, 2, 5, 0, 0, 11, 3, 0, 0, 7, 6, 0, 0, 0, 1, 0, 0, 28, 0, 0, 0, 27, 0, 0, 0, 24, 0, 0, 0, 3, 0, 0, 0, 7, 0, 0, 0, 1, 0, 0, 0, 15, 0, 0, 0, 2, 0, 0, 0, 9, 0, 0, 0, 
84, 14, 5, 0, 0, 2, 1, 0, 0, 2, 0, 0, 0, 2, 2, 0, 0, 0, 0, 0, 0, 0, 0, 0, 0, 2, 2, 0, 0, 1, 1, 0, 0, 1, 2, 0, 0, 10, 4, 0, 0, 15, 1, 0, 0, 10, 9, 0, 0, 13, 16, 0, 0, 2, 1, 0, 0, 0, 0, 0, 0, 3, 1, 0, 0, 3, 3, 0, 0, 1, 2, 0, 0, 3, 2, 0, 0, 20, 0, 0, 0, 15, 0, 0, 0, 16, 0, 0, 0, 6, 0, 0, 0, 6, 0, 0, 0, 2, 0, 0, 0, 14, 0, 0, 0, 4, 0, 0, 0, 11, 0, 0, 0, 
85, 4, 7, 0, 0, 2, 0, 0, 0, 0, 0, 0, 0, 0, 1, 0, 0, 3, 0, 0, 0, 0, 0, 0, 0, 2, 2, 0, 0, 4, 2, 0, 0, 3, 0, 0, 0, 7, 3, 0, 0, 13, 0, 0, 0, 4, 10, 0, 0, 18, 14, 0, 0, 0, 0, 0, 0, 4, 4, 0, 0, 1, 1, 0, 0, 4, 4, 0, 0, 0, 0, 0, 0, 0, 0, 0, 0, 13, 0, 0, 0, 3, 0, 0, 0, 10, 0, 0, 0, 8, 0, 0, 0, 5, 0, 0, 0, 20, 0, 0, 0, 4, 0, 0, 0, 1, 0, 0, 0, 10, 0, 0, 0, 
86, 0, 1, 0, 0, 2, 1, 0, 0, 3, 1, 0, 0, 0, 0, 0, 0, 1, 2, 0, 0, 0, 1, 0, 0, 0, 0, 0, 0, 2, 1, 0, 0, 5, 6, 0, 0, 7, 6, 0, 0, 7, 2, 0, 0, 16, 15, 0, 0, 28, 13, 0, 0, 4, 5, 0, 0, 6, 8, 0, 0, 0, 1, 0, 0, 0, 1, 0, 0, 9, 6, 0, 0, 10, 8, 0, 0, 16, 0, 0, 0, 1, 0, 0, 0, 1, 0, 0, 0, 5, 0, 0, 0, 4, 0, 0, 0, 15, 0, 0, 0, 16, 0, 0, 0, 5, 0, 0, 0, 31, 0, 0, 0, 
87, 1, 1, 0, 0, 0, 3, 0, 0, 1, 0, 0, 0, 0, 0, 0, 0, 1, 1, 0, 0, 1, 2, 0, 0, 3, 1, 0, 0, 0, 1, 0, 0, 14, 4, 0, 0, 1, 0, 0, 0, 4, 2, 0, 0, 18, 11, 0, 0, 20, 11, 0, 0, 0, 0, 0, 0, 3, 2, 0, 0, 4, 3, 0, 0, 1, 2, 0, 0, 8, 5, 0, 0, 16, 10, 0, 0, 30, 0, 0, 0, 16, 0, 0, 0, 16, 0, 0, 0, 6, 0, 0, 0, 9, 0, 0, 0, 14, 0, 0, 0, 5, 0, 0, 0, 3, 0, 0, 0, 20, 0, 0, 0, 
88, 0, 2, 0, 0, 1, 0, 0, 0, 0, 0, 0, 0, 3, 0, 0, 0, 0, 2, 0, 0, 1, 2, 0, 0, 11, 12, 0, 0, 1, 1, 0, 0, 5, 2, 0, 0, 4, 2, 0, 0, 6, 7, 0, 0, 5, 8, 0, 0, 16, 12, 0, 0, 3, 0, 0, 0, 5, 6, 0, 0, 8, 8, 0, 0, 5, 2, 0, 0, 4, 0, 0, 0, 13, 5, 0, 0, 22, 0, 0, 0, 28, 0, 0, 0, 17, 0, 0, 0, 1, 0, 0, 0, 5, 0, 0, 0, 22, 0, 0, 0, 4, 0, 0, 0, 4, 0, 0, 0, 11, 0, 0, 0, 
89, 1, 0, 0, 0, 4, 1, 0, 0, 1, 0, 0, 0, 1, 0, 0, 0, 2, 0, 0, 0, 1, 1, 0, 0, 7, 6, 0, 0, 7, 8, 0, 0, 0, 1, 0, 0, 3, 4, 0, 0, 2, 6, 0, 0, 6, 2, 0, 0, 11, 14, 0, 0, 3, 1, 0, 0, 4, 1, 0, 0, 13, 3, 0, 0, 4, 2, 0, 0, 1, 2, 0, 0, 1, 0, 0, 0, 14, 0, 0, 0, 16, 0, 0, 0, 12, 0, 0, 0, 10, 0, 0, 0, 3, 0, 0, 0, 17, 0, 0, 0, 10, 0, 0, 0, 1, 0, 0, 0, 24, 0, 0, 0, 
90, 1, 2, 0, 0, 0, 1, 0, 0, 0, 0, 0, 0, 1, 1, 0, 0, 2, 0, 0, 0, 3, 1, 0, 0, 3, 1, 0, 0, 8, 7, 0, 0, 3, 0, 0, 0, 2, 3, 0, 0, 3, 5, 0, 0, 8, 3, 0, 0, 11, 13, 0, 0, 6, 3, 0, 0, 0, 0, 0, 0, 10, 12, 0, 0, 0, 1, 0, 0, 4, 1, 0, 0, 4, 5, 0, 0, 10, 0, 0, 0, 24, 0, 0, 0, 12, 0, 0, 0, 19, 0, 0, 0, 3, 0, 0, 0, 10, 0, 0, 0, 0, 0, 0, 0, 8, 0, 0, 0, 19, 0, 0, 0, 
91, 2, 4, 0, 0, 1, 1, 0, 0, 0, 0, 0, 0, 0, 1, 0, 0, 1, 0, 0, 0, 0, 0, 0, 0, 11, 5, 0, 0, 0, 0, 0, 0, 1, 1, 0, 0, 1, 4, 0, 0, 10, 1, 0, 0, 9, 3, 0, 0, 26, 10, 0, 0, 0, 2, 0, 0, 1, 0, 0, 0, 7, 6, 0, 0, 2, 2, 0, 0, 5, 8, 0, 0, 11, 5, 0, 0, 5, 0, 0, 0, 4, 0, 0, 0, 6, 0, 0, 0, 22, 0, 0, 0, 5, 0, 0, 0, 10, 0, 0, 0, 8, 0, 0, 0, 1, 0, 0, 0, 22, 0, 0, 0, 
92, 0, 0, 0, 0, 5, 5, 0, 0, 1, 0, 0, 0, 1, 2, 0, 0, 2, 0, 0, 0, 0, 0, 0, 0, 11, 3, 0, 0, 3, 1, 0, 0, 0, 0, 0, 0, 1, 6, 0, 0, 2, 2, 0, 0, 9, 5, 0, 0, 32, 14, 0, 0, 1, 2, 0, 0, 5, 4, 0, 0, 7, 3, 0, 0, 4, 1, 0, 0, 8, 2, 0, 0, 2, 6, 0, 0, 6, 0, 0, 0, 9, 0, 0, 0, 5, 0, 0, 0, 17, 0, 0, 0, 4, 0, 0, 0, 5, 0, 0, 0, 1, 0, 0, 0, 2, 0, 0, 0, 30, 0, 0, 0, 
93, 1, 1, 0, 0, 1, 0, 0, 0, 2, 1, 0, 0, 2, 1, 0, 0, 0, 0, 0, 0, 2, 0, 0, 0, 20, 3, 0, 0, 9, 2, 0, 0, 0, 0, 0, 0, 4, 2, 0, 0, 3, 4, 0, 0, 0, 0, 0, 0, 17, 9, 0, 0, 0, 2, 0, 0, 4, 0, 0, 0, 1, 1, 0, 0, 2, 3, 0, 0, 0, 2, 0, 0, 0, 0, 0, 0, 5, 0, 0, 0, 9, 0, 0, 0, 7, 0, 0, 0, 9, 0, 0, 0, 14, 0, 0, 0, 11, 0, 0, 0, 2, 0, 0, 0, 23, 0, 0, 0, 32, 0, 0, 0, 
94, 0, 1, 0, 0, 1, 1, 0, 0, 1, 0, 0, 0, 0, 0, 0, 0, 1, 1, 0, 0, 0, 0, 0, 0, 25, 1, 0, 0, 1, 5, 0, 0, 1, 1, 0, 0, 0, 0, 0, 0, 7, 1, 0, 0, 2, 4, 0, 0, 20, 18, 0, 0, 5, 3, 0, 0, 2, 1, 0, 0, 4, 8, 0, 0, 2, 2, 0, 0, 2, 0, 0, 0, 20, 1, 0, 0, 14, 0, 0, 0, 3, 0, 0, 0, 5, 0, 0, 0, 4, 0, 0, 0, 2, 0, 0, 0, 9, 0, 0, 0, 2, 0, 0, 0, 26, 0, 0, 0, 31, 0, 0, 0, 
95, 2, 1, 0, 0, 1, 0, 0, 0, 0, 0, 0, 0, 0, 2, 0, 0, 1, 0, 0, 0, 1, 0, 0, 0, 25, 4, 0, 0, 6, 6, 0, 0, 0, 1, 0, 0, 0, 3, 0, 0, 4, 5, 0, 0, 3, 0, 0, 0, 17, 15, 0, 0, 2, 5, 0, 0, 2, 2, 0, 0, 2, 0, 0, 0, 10, 0, 0, 0, 4, 4, 0, 0, 27, 2, 0, 0, 7, 0, 0, 0, 2, 0, 0, 0, 8, 0, 0, 0, 2, 0, 0, 0, 2, 0, 0, 0, 9, 0, 0, 0, 3, 0, 0, 0, 12, 0, 0, 0, 28, 0, 0, 0, 
96, 1, 2, 0, 0, 1, 4, 0, 0, 0, 0, 0, 0, 0, 2, 0, 0, 1, 1, 0, 0, 2, 4, 0, 0, 29, 1, 0, 0, 7, 4, 0, 0, 0, 1, 0, 0, 5, 1, 0, 0, 10, 4, 0, 0, 5, 1, 0, 0, 18, 18, 0, 0, 4, 1, 0, 0, 1, 1, 0, 0, 8, 5, 0, 0, 22, 1, 0, 0, 3, 6, 0, 0, 30, 1, 0, 0, 3, 0, 0, 0, 2, 0, 0, 0, 14, 0, 0, 0, 3, 0, 0, 0, 3, 0, 0, 0, 0, 0, 0, 0, 0, 0, 0, 0, 10, 0, 0, 0, 31, 0, 0, 0, 
97, 1, 1, 0, 0, 3, 2, 0, 0, 1, 0, 0, 0, 1, 1, 0, 0, 0, 2, 0, 0, 3, 1, 0, 0, 29, 1, 0, 0, 9, 5, 0, 0, 14, 6, 0, 0, 2, 2, 0, 0, 3, 1, 0, 0, 0, 1, 0, 0, 12, 8, 0, 0, 0, 1, 0, 0, 9, 3, 0, 0, 7, 13, 0, 0, 12, 0, 0, 0, 0, 0, 0, 0, 26, 1, 0, 0, 7, 0, 0, 0, 3, 0, 0, 0, 5, 0, 0, 0, 0, 0, 0, 0, 9, 0, 0, 0, 13, 0, 0, 0, 8, 0, 0, 0, 10, 0, 0, 0, 25, 0, 0, 0, 
98, 1, 0, 0, 0, 0, 0, 0, 0, 0, 0, 0, 0, 2, 0, 0, 0, 0, 1, 0, 0, 0, 1, 0, 0, 41, 4, 0, 0, 3, 3, 0, 0, 33, 6, 0, 0, 4, 4, 0, 0, 0, 1, 0, 0, 5, 0, 0, 0, 4, 8, 0, 0, 8, 2, 0, 0, 3, 2, 0, 0, 13, 5, 0, 0, 24, 0, 0, 0, 0, 1, 0, 0, 24, 1, 0, 0, 9, 0, 0, 0, 6, 0, 0, 0, 8, 0, 0, 0, 5, 0, 0, 0, 5, 0, 0, 0, 18, 0, 0, 0, 2, 0, 0, 0, 5, 0, 0, 0, 28, 0, 0, 0, 
99, 9, 7, 0, 0, 0, 2, 0, 0, 2, 2, 0, 0, 0, 1, 0, 0, 0, 0, 0, 0, 1, 0, 0, 0, 42, 1, 0, 0, 2, 3, 0, 0, 24, 5, 0, 0, 2, 1, 0, 0, 1, 2, 0, 0, 1, 0, 0, 0, 0, 0, 0, 0, 5, 4, 0, 0, 2, 6, 0, 0, 5, 7, 0, 0, 13, 1, 0, 0, 2, 4, 0, 0, 29, 2, 0, 0, 4, 0, 0, 0, 5, 0, 0, 0, 1, 0, 0, 0, 4, 0, 0, 0, 1, 0, 0, 0, 15, 0, 0, 0, 3, 0, 0, 0, 4, 0, 0, 0, 15, 0, 0, 0, 