0, 1, 2, 0, 0, 0, 0, 0, 0, 2, 0, 0, 4, 3, 1, 1, 0, 0, 0, 0, 0, 0, 1, 0, 2, 2, 1, 2, 0, 1, 1, 0, 2, 0, 0, 0, 0, 0, 1, 0, 0, 0, 0, 1, 1, 0, 0, 0, 0, 2, 2, 0, 1, 2, 0, 1, 0, 1, 1, 1, 0, 3, 1, 6, 0, 0, 1, 2, 1, 3, 2, 2, 3, 4, 2, 0, 2, 1, 0, 0, 0, 0, 0, 0, 0, 0, 0, 0, 0, 1, 0, 0, 0, 0, 0, 0, 0, 0, 0, 0, 0, 0, 0, 0, 0, 0, 0, 0, 0, 1, 0, 0, 0, 
1, 1, 3, 1, 0, 2, 0, 1, 1, 0, 1, 1, 0, 1, 0, 0, 0, 1, 1, 1, 0, 1, 0, 0, 0, 0, 0, 2, 0, 0, 0, 1, 0, 0, 1, 0, 1, 4, 0, 3, 3, 12, 1, 1, 1, 0, 1, 1, 0, 2, 3, 1, 0, 1, 4, 4, 0, 0, 0, 0, 0, 1, 1, 1, 1, 0, 0, 0, 0, 2, 0, 3, 0, 12, 2, 6, 3, 0, 0, 0, 0, 1, 0, 0, 0, 2, 0, 0, 0, 0, 0, 0, 0, 0, 0, 0, 0, 0, 0, 0, 0, 0, 0, 0, 0, 1, 0, 0, 0, 0, 0, 0, 0, 
2, 0, 1, 0, 0, 0, 1, 1, 1, 0, 0, 0, 0, 1, 2, 1, 2, 1, 0, 1, 2, 0, 0, 1, 0, 6, 0, 0, 1, 1, 0, 0, 1, 13, 6, 3, 1, 3, 2, 1, 1, 5, 1, 0, 1, 0, 2, 0, 0, 2, 1, 3, 3, 2, 3, 2, 0, 1, 0, 2, 0, 2, 1, 2, 1, 0, 0, 0, 1, 0, 0, 1, 1, 12, 3, 8, 1, 2, 0, 0, 0, 0, 0, 0, 0, 1, 0, 0, 0, 0, 0, 0, 0, 2, 0, 0, 0, 1, 0, 0, 0, 0, 0, 0, 0, 0, 0, 0, 0, 0, 0, 0, 0, 
3, 0, 0, 1, 0, 0, 0, 1, 0, 0, 1, 0, 0, 0, 0, 0, 0, 1, 0, 0, 0, 1, 1, 1, 2, 0, 0, 0, 0, 3, 3, 1, 3, 23, 5, 5, 2, 1, 1, 0, 0, 0, 0, 0, 0, 2, 1, 1, 1, 1, 0, 0, 1, 0, 1, 0, 1, 0, 3, 0, 0, 1, 1, 0, 1, 10, 3, 1, 1, 0, 1, 1, 1, 8, 5, 1, 6, 0, 0, 0, 0, 0, 0, 0, 0, 0, 0, 0, 0, 2, 0, 0, 0, 1, 0, 0, 0, 0, 0, 0, 0, 1, 0, 0, 0, 2, 0, 0, 0, 0, 0, 0, 0, 
4, 1, 1, 1, 1, 0, 2, 0, 0, 0, 1, 0, 0, 3, 0, 2, 0, 0, 0, 0, 0, 1, 0, 1, 0, 5, 3, 3, 1, 0, 1, 0, 0, 3, 2, 1, 1, 3, 1, 3, 0, 2, 3, 1, 2, 1, 1, 0, 0, 2, 0, 2, 0, 1, 2, 1, 1, 12, 2, 0, 2, 9, 1, 0, 0, 17, 3, 0, 0, 2, 1, 0, 1, 10, 4, 1, 3, 0, 0, 0, 0, 0, 0, 0, 0, 2, 0, 0, 0, 0, 0, 0, 0, 2, 0, 0, 0, 1, 0, 0, 0, 1, 0, 0, 0, 0, 0, 0, 0, 0, 0, 0, 0, 
5, 0, 0, 0, 0, 0, 0, 1, 0, 0, 1, 2, 1, 0, 2, 0, 0, 0, 0, 0, 0, 0, 2, 1, 1, 13, 4, 2, 2, 0, 2, 2, 0, 3, 2, 2, 2, 2, 1, 0, 0, 2, 0, 0, 0, 12, 1, 2, 0, 5, 5, 6, 3, 2, 4, 2, 1, 2, 1, 2, 3, 12, 2, 4, 0, 14, 4, 3, 1, 2, 1, 0, 0, 7, 8, 6, 1, 3, 0, 0, 0, 2, 0, 0, 0, 0, 0, 0, 0, 1, 0, 0, 0, 0, 0, 0, 0, 2, 0, 0, 0, 0, 0, 0, 0, 0, 0, 0, 0, 0, 0, 0, 0, 
6, 2, 1, 1, 1, 2, 1, 0, 0, 2, 0, 0, 2, 0, 0, 0, 2, 0, 0, 0, 0, 0, 0, 0, 0, 24, 1, 1, 3, 0, 2, 0, 0, 4, 3, 2, 0, 1, 3, 0, 0, 3, 2, 3, 1, 11, 2, 1, 0, 6, 4, 4, 2, 4, 2, 1, 1, 3, 2, 5, 1, 22, 1, 0, 1, 4, 2, 4, 0, 1, 1, 0, 2, 3, 7, 8, 5, 1, 0, 0, 0, 0, 0, 0, 0, 1, 0, 0, 0, 1, 0, 0, 0, 1, 0, 0, 0, 0, 0, 0, 0, 2, 0, 0, 0, 0, 0, 0, 0, 0, 0, 0, 0, 
7, 3, 2, 2, 6, 0, 0, 2, 0, 2, 2, 0, 0, 0, 0, 0, 0, 0, 1, 0, 0, 0, 1, 0, 0, 35, 7, 3, 0, 1, 1, 1, 1, 1, 4, 1, 2, 5, 2, 1, 2, 5, 4, 5, 4, 10, 0, 0, 0, 8, 8, 3, 3, 2, 2, 5, 2, 2, 1, 3, 0, 6, 0, 2, 0, 1, 1, 0, 1, 8, 6, 0, 1, 5, 8, 1, 2, 4, 0, 0, 0, 1, 0, 0, 0, 0, 0, 0, 0, 1, 0, 0, 0, 2, 0, 0, 0, 1, 0, 0, 0, 0, 0, 0, 0, 1, 0, 0, 0, 0, 0, 0, 0, 
8, 2, 1, 2, 1, 1, 0, 0, 0, 1, 0, 0, 0, 0, 1, 0, 0, 2, 1, 0, 0, 1, 0, 0, 0, 35, 1, 2, 1, 3, 3, 6, 8, 1, 4, 3, 2, 10, 1, 3, 2, 4, 4, 4, 4, 3, 3, 1, 0, 2, 4, 2, 5, 0, 0, 1, 0, 1, 1, 1, 0, 1, 1, 0, 0, 2, 0, 0, 0, 16, 1, 1, 1, 5, 4, 7, 6, 0, 0, 0, 0, 0, 0, 0, 0, 1, 0, 0, 0, 0, 0, 0, 0, 3, 0, 0, 0, 2, 0, 0, 0, 1, 0, 0, 0, 1, 0, 0, 0, 1, 0, 0, 0, 
9, 0, 0, 1, 1, 0, 1, 0, 0, 2, 2, 0, 1, 0, 2, 1, 0, 1, 2, 0, 1, 0, 0, 0, 2, 30, 4, 8, 5, 9, 3, 1, 2, 2, 0, 4, 6, 8, 2, 2, 2, 3, 6, 4, 3, 5, 2, 4, 1, 1, 2, 1, 6, 4, 0, 2, 0, 1, 3, 3, 2, 0, 0, 0, 0, 2, 0, 4, 2, 17, 0, 3, 2, 5, 3, 6, 6, 0, 0, 0, 0, 0, 0, 0, 0, 0, 0, 0, 0, 0, 0, 0, 0, 0, 0, 0, 0, 0, 0, 0, 0, 0, 0, 0, 0, 1, 0, 0, 0, 1, 0, 0, 0, 
10, 1, 3, 5, 4, 1, 1, 2, 0, 2, 0, 0, 1, 1, 2, 1, 0, 0, 3, 0, 1, 0, 3, 1, 1, 34, 2, 0, 3, 6, 5, 4, 6, 6, 5, 1, 2, 13, 2, 5, 1, 3, 2, 4, 1, 2, 0, 2, 2, 7, 6, 3, 1, 0, 0, 1, 1, 10, 0, 1, 0, 5, 0, 1, 0, 2, 1, 0, 2, 18, 0, 0, 0, 3, 5, 6, 4, 0, 0, 0, 0, 0, 0, 0, 0, 1, 0, 0, 0, 0, 0, 0, 0, 0, 0, 0, 0, 0, 0, 0, 0, 1, 0, 0, 0, 1, 0, 0, 0, 0, 0, 0, 0, 
11, 2, 2, 1, 2, 0, 0, 0, 0, 0, 0, 0, 0, 0, 0, 1, 0, 3, 0, 1, 0, 0, 0, 0, 0, 26, 4, 1, 4, 1, 3, 6, 7, 1, 3, 2, 2, 9, 3, 1, 0, 19, 7, 4, 0, 6, 2, 4, 1, 2, 5, 7, 3, 7, 7, 2, 1, 5, 2, 3, 0, 1, 2, 0, 1, 9, 1, 1, 0, 28, 0, 4, 1, 6, 2, 1, 2, 0, 0, 0, 0, 1, 0, 0, 0, 0, 0, 0, 0, 1, 0, 0, 0, 0, 0, 0, 0, 0, 0, 0, 0, 0, 0, 0, 0, 2, 0, 0, 0, 1, 0, 0, 0, 
12, 2, 1, 1, 0, 0, 2, 0, 0, 0, 1, 0, 0, 1, 2, 2, 1, 0, 0, 0, 0, 3, 1, 1, 1, 14, 4, 2, 4, 6, 4, 5, 5, 3, 6, 3, 5, 7, 2, 1, 1, 29, 9, 5, 1, 0, 0, 0, 0, 6, 6, 7, 3, 1, 3, 3, 0, 2, 0, 2, 1, 1, 2, 3, 0, 0, 3, 1, 0, 36, 1, 1, 0, 1, 1, 2, 4, 0, 0, 0, 0, 0, 0, 0, 0, 1, 0, 0, 0, 0, 0, 0, 0, 0, 0, 0, 0, 0, 0, 0, 0, 1, 0, 0, 0, 3, 0, 0, 0, 0, 0, 0, 0, 
13, 0, 0, 1, 0, 2, 2, 0, 1, 0, 1, 0, 3, 1, 1, 0, 0, 0, 0, 0, 0, 10, 1, 0, 0, 3, 1, 2, 3, 6, 6, 4, 2, 5, 3, 6, 7, 14, 2, 3, 2, 30, 3, 2, 3, 2, 1, 2, 4, 10, 2, 6, 4, 0, 0, 1, 0, 6, 2, 0, 0, 1, 2, 3, 2, 1, 2, 5, 0, 38, 1, 0, 1, 22, 1, 5, 2, 2, 0, 0, 0, 0, 0, 0, 0, 1, 0, 0, 0, 0, 0, 0, 0, 2, 0, 0, 0, 0, 0, 0, 0, 2, 0, 0, 0, 0, 0, 0, 0, 0, 0, 0, 0, 
14, 1, 1, 0, 1, 3, 1, 0, 1, 0, 0, 0, 0, 0, 0, 0, 0, 0, 0, 2, 0, 0, 0, 0, 0, 1, 2, 3, 0, 16, 10, 2, 8, 9, 6, 9, 7, 24, 6, 2, 3, 32, 3, 4, 4, 6, 2, 3, 1, 0, 0, 1, 1, 8, 3, 1, 2, 2, 2, 2, 0, 1, 0, 0, 2, 0, 4, 0, 2, 29, 2, 1, 0, 15, 4, 2, 3, 0, 0, 0, 0, 2, 0, 0, 0, 0, 0, 0, 0, 0, 0, 0, 0, 0, 0, 0, 0, 1, 0, 0, 0, 1, 0, 0, 0, 0, 0, 0, 0, 0, 0, 0, 0, 
15, 2, 1, 1, 0, 0, 0, 0, 0, 0, 0, 0, 0, 0, 0, 1, 0, 0, 0, 0, 3, 0, 0, 0, 0, 1, 0, 2, 0, 13, 4, 1, 2, 5, 5, 3, 5, 21, 3, 2, 2, 40, 4, 1, 2, 4, 4, 5, 10, 0, 1, 1, 1, 1, 1, 0, 2, 1, 0, 1, 1, 2, 1, 3, 2, 1, 5, 2, 1, 25, 0, 2, 0, 12, 2, 0, 2, 0, 0, 0, 0, 0, 0, 0, 0, 1, 0, 0, 0, 0, 0, 0, 0, 0, 0, 0, 0, 0, 0, 0, 0, 0, 0, 0, 0, 1, 0, 0, 0, 3, 0, 0, 0, 
16, 0, 1, 0, 1, 0, 1, 0, 0, 1, 0, 0, 0, 0, 2, 0, 0, 0, 2, 0, 0, 1, 0, 1, 0, 1, 1, 2, 1, 10, 1, 1, 2, 2, 5, 5, 1, 22, 1, 5, 0, 28, 2, 4, 2, 3, 5, 5, 3, 1, 2, 0, 2, 2, 6, 4, 2, 0, 3, 4, 2, 1, 2, 2, 1, 3, 0, 4, 1, 29, 2, 1, 0, 16, 2, 3, 4, 1, 0, 0, 0, 0, 0, 0, 0, 1, 0, 0, 0, 0, 0, 0, 0, 0, 0, 0, 0, 0, 0, 0, 0, 1, 0, 0, 0, 0, 0, 0, 0, 0, 0, 0, 0, 
17, 0, 0, 0, 0, 0, 0, 0, 1, 0, 2, 2, 0, 0, 1, 0, 0, 2, 1, 1, 1, 1, 1, 1, 0, 11, 1, 1, 0, 3, 3, 7, 5, 0, 1, 2, 1, 14, 6, 4, 0, 25, 7, 5, 3, 2, 5, 4, 1, 3, 1, 2, 1, 7, 9, 5, 8, 4, 4, 1, 1, 4, 6, 4, 2, 4, 0, 2, 3, 28, 2, 0, 0, 17, 2, 1, 5, 0, 0, 0, 0, 0, 0, 0, 0, 1, 0, 0, 0, 1, 0, 0, 0, 0, 0, 0, 0, 1, 0, 0, 0, 2, 0, 0, 0, 1, 0, 0, 0, 0, 0, 0, 0, 
18, 1, 0, 2, 2, 0, 1, 1, 0, 1, 0, 0, 0, 0, 0, 0, 1, 1, 1, 0, 1, 1, 0, 0, 0, 13, 3, 3, 1, 13, 5, 1, 2, 8, 2, 0, 2, 5, 1, 0, 4, 24, 1, 3, 5, 4, 8, 1, 7, 0, 0, 0, 0, 4, 3, 4, 4, 11, 4, 4, 3, 3, 4, 4, 4, 2, 6, 2, 3, 27, 0, 1, 1, 20, 2, 4, 2, 0, 0, 0, 0, 1, 0, 0, 0, 1, 0, 0, 0, 1, 0, 0, 0, 0, 0, 0, 0, 0, 0, 0, 0, 1, 0, 0, 0, 0, 0, 0, 0, 1, 0, 0, 0, 
19, 3, 4, 2, 0, 0, 0, 4, 0, 1, 0, 1, 0, 0, 1, 0, 1, 0, 0, 0, 0, 0, 1, 1, 1, 8, 5, 2, 2, 12, 12, 5, 4, 7, 2, 2, 0, 0, 0, 0, 0, 24, 6, 2, 2, 2, 5, 3, 1, 6, 4, 2, 0, 3, 2, 3, 4, 6, 2, 4, 4, 12, 5, 3, 1, 11, 5, 5, 3, 40, 1, 0, 0, 15, 1, 2, 1, 0, 0, 0, 0, 1, 0, 0, 0, 0, 0, 0, 0, 0, 0, 0, 0, 1, 0, 0, 0, 0, 0, 0, 0, 0, 0, 0, 0, 5, 0, 0, 0, 1, 0, 0, 0, 
20, 2, 1, 1, 0, 0, 0, 0, 0, 0, 1, 2, 2, 0, 0, 0, 0, 0, 0, 0, 1, 1, 0, 0, 2, 15, 1, 0, 4, 15, 4, 3, 2, 0, 0, 0, 0, 3, 1, 1, 2, 21, 1, 2, 3, 1, 6, 4, 2, 10, 0, 1, 1, 10, 2, 6, 2, 22, 8, 7, 4, 12, 6, 2, 1, 11, 4, 3, 1, 42, 6, 0, 1, 3, 4, 1, 2, 0, 0, 0, 0, 0, 0, 0, 0, 1, 0, 0, 0, 0, 0, 0, 0, 1, 0, 0, 0, 2, 0, 0, 0, 1, 0, 0, 0, 3, 0, 0, 0, 0, 0, 0, 0, 
21, 0, 0, 0, 1, 1, 0, 2, 0, 0, 1, 1, 0, 2, 2, 4, 2, 0, 2, 0, 0, 0, 4, 0, 0, 14, 3, 4, 1, 26, 6, 3, 4, 3, 3, 4, 0, 0, 3, 2, 2, 17, 2, 3, 2, 4, 2, 2, 3, 2, 2, 0, 0, 5, 6, 5, 6, 19, 6, 12, 4, 14, 0, 8, 1, 4, 6, 5, 4, 41, 9, 1, 0, 3, 3, 4, 1, 0, 0, 0, 0, 1, 0, 0, 0, 1, 0, 0, 0, 0, 0, 0, 0, 0, 0, 0, 0, 0, 0, 0, 0, 0, 0, 0, 0, 1, 0, 0, 0, 0, 0, 0, 0, 
22, 0, 1, 1, 0, 3, 2, 1, 0, 1, 0, 0, 0, 1, 0, 0, 1, 1, 1, 0, 1, 0, 0, 0, 0, 16, 1, 0, 2, 19, 2, 2, 5, 2, 2, 1, 0, 4, 3, 2, 1, 14, 5, 5, 4, 1, 3, 3, 5, 2, 6, 3, 4, 8, 8, 9, 4, 19, 4, 7, 4, 5, 4, 0, 5, 13, 3, 6, 3, 54, 1, 0, 1, 2, 4, 1, 0, 1, 0, 0, 0, 0, 0, 0, 0, 0, 0, 0, 0, 0, 0, 0, 0, 0, 0, 0, 0, 0, 0, 0, 0, 1, 0, 0, 0, 0, 0, 0, 0, 0, 0, 0, 0, 
23, 1, 0, 1, 0, 1, 1, 1, 1, 0, 0, 0, 0, 1, 0, 0, 0, 1, 1, 2, 2, 0, 1, 0, 2, 7, 0, 0, 0, 6, 6, 2, 2, 12, 3, 2, 0, 2, 3, 1, 3, 22, 4, 2, 0, 6, 5, 5, 5, 3, 7, 5, 0, 13, 9, 11, 4, 23, 7, 6, 5, 1, 0, 0, 2, 17, 1, 4, 1, 58, 0, 0, 0, 1, 1, 1, 2, 1, 0, 0, 0, 1, 0, 0, 0, 0, 0, 0, 0, 1, 0, 0, 0, 1, 0, 0, 0, 0, 0, 0, 0, 0, 0, 0, 0, 2, 0, 0, 0, 0, 0, 0, 0, 
24, 0, 0, 1, 1, 0, 0, 1, 1, 0, 0, 0, 0, 1, 0, 0, 0, 0, 1, 0, 0, 2, 0, 1, 3, 4, 3, 1, 2, 2, 1, 2, 3, 13, 0, 0, 1, 7, 7, 1, 1, 14, 2, 3, 1, 7, 8, 4, 4, 4, 4, 4, 0, 11, 5, 3, 9, 41, 9, 5, 8, 4, 1, 2, 3, 27, 4, 0, 3, 49, 1, 0, 0, 0, 0, 0, 2, 3, 0, 0, 0, 2, 0, 0, 0, 0, 0, 0, 0, 0, 0, 0, 0, 1, 0, 0, 0, 0, 0, 0, 0, 0, 0, 0, 0, 0, 0, 0, 0, 1, 0, 0, 0, 
25, 1, 1, 3, 3, 0, 1, 0, 1, 0, 0, 0, 1, 2, 0, 0, 0, 0, 1, 0, 1, 0, 1, 1, 0, 4, 5, 5, 0, 4, 1, 2, 0, 3, 2, 1, 2, 4, 1, 2, 1, 4, 4, 3, 3, 4, 2, 4, 11, 2, 5, 5, 7, 8, 3, 7, 8, 36, 2, 6, 6, 1, 0, 1, 0, 25, 6, 5, 1, 45, 1, 1, 2, 0, 0, 0, 0, 1, 0, 0, 0, 0, 0, 0, 0, 0, 0, 0, 0, 0, 0, 0, 0, 0, 0, 0, 0, 0, 0, 0, 0, 0, 0, 0, 0, 1, 0, 0, 0, 1, 0, 0, 0, 
26, 0, 1, 0, 0, 1, 0, 0, 1, 2, 2, 0, 1, 0, 0, 1, 0, 0, 0, 0, 0, 1, 0, 0, 1, 3, 6, 2, 2, 1, 0, 1, 2, 4, 0, 1, 1, 1, 1, 0, 1, 3, 2, 2, 1, 7, 6, 5, 6, 2, 7, 3, 2, 4, 0, 3, 3, 15, 4, 7, 4, 2, 0, 1, 0, 33, 1, 3, 1, 45, 3, 2, 0, 0, 0, 0, 0, 0, 0, 0, 0, 1, 0, 0, 0, 0, 0, 0, 0, 2, 0, 0, 0, 0, 0, 0, 0, 2, 0, 0, 0, 0, 0, 0, 0, 1, 0, 0, 0, 0, 0, 0, 0, 
27, 4, 1, 1, 3, 0, 0, 1, 0, 0, 0, 0, 0, 1, 0, 0, 1, 3, 0, 0, 1, 1, 0, 1, 1, 0, 0, 0, 1, 3, 4, 1, 1, 3, 2, 1, 3, 0, 1, 1, 0, 0, 2, 0, 2, 1, 4, 7, 4, 5, 8, 0, 5, 1, 1, 3, 1, 12, 4, 6, 3, 2, 1, 0, 0, 16, 4, 3, 2, 45, 0, 1, 0, 2, 1, 2, 4, 0, 0, 0, 0, 2, 0, 0, 0, 1, 0, 0, 0, 0, 0, 0, 0, 0, 0, 0, 0, 1, 0, 0, 0, 1, 0, 0, 0, 1, 0, 0, 0, 1, 0, 0, 0, 
28, 2, 3, 1, 1, 3, 1, 1, 0, 0, 0, 1, 0, 2, 1, 1, 1, 0, 0, 1, 0, 0, 1, 1, 0, 0, 5, 2, 1, 0, 1, 0, 1, 1, 0, 1, 0, 0, 0, 1, 0, 5, 2, 4, 2, 6, 6, 5, 2, 1, 2, 0, 0, 0, 0, 0, 3, 16, 7, 4, 5, 3, 1, 0, 0, 13, 3, 2, 2, 35, 0, 0, 1, 2, 3, 2, 2, 0, 0, 0, 0, 1, 0, 0, 0, 0, 0, 0, 0, 0, 0, 0, 0, 0, 0, 0, 0, 1, 0, 0, 0, 0, 0, 0, 0, 2, 0, 0, 0, 1, 0, 0, 0, 
29, 0, 2, 1, 2, 0, 0, 1, 1, 0, 2, 0, 0, 0, 1, 0, 1, 0, 0, 2, 0, 0, 1, 0, 0, 2, 1, 3, 0, 9, 4, 1, 0, 2, 0, 0, 0, 3, 1, 0, 0, 0, 0, 0, 0, 6, 3, 1, 3, 2, 3, 3, 2, 0, 0, 0, 1, 15, 1, 4, 6, 0, 2, 0, 0, 10, 5, 5, 0, 28, 1, 0, 2, 6, 5, 3, 2, 0, 0, 0, 0, 1, 0, 0, 0, 0, 0, 0, 0, 0, 0, 0, 0, 0, 0, 0, 0, 0, 0, 0, 0, 3, 0, 0, 0, 1, 0, 0, 0, 0, 0, 0, 0, 
30, 0, 0, 1, 0, 0, 0, 0, 1, 1, 0, 0, 0, 1, 0, 0, 2, 2, 0, 0, 0, 0, 0, 0, 0, 15, 4, 1, 0, 9, 1, 2, 0, 2, 3, 3, 1, 6, 3, 1, 1, 1, 1, 1, 0, 13, 7, 3, 0, 0, 1, 0, 0, 0, 2, 1, 3, 5, 2, 4, 3, 16, 2, 0, 1, 9, 1, 3, 3, 32, 0, 0, 0, 3, 10, 4, 0, 0, 0, 0, 0, 0, 0, 0, 0, 0, 0, 0, 0, 3, 0, 0, 0, 2, 0, 0, 0, 1, 0, 0, 0, 2, 0, 0, 0, 1, 0, 0, 0, 2, 0, 0, 0, 
31, 1, 0, 0, 1, 0, 2, 0, 1, 1, 1, 0, 0, 1, 0, 1, 0, 0, 0, 0, 0, 1, 0, 1, 0, 15, 5, 0, 0, 20, 2, 0, 0, 13, 3, 1, 1, 11, 1, 0, 1, 0, 1, 0, 1, 13, 3, 5, 2, 5, 2, 1, 2, 1, 3, 3, 2, 1, 2, 2, 2, 11, 4, 1, 0, 6, 1, 1, 0, 27, 0, 1, 0, 0, 1, 3, 0, 0, 0, 0, 0, 2, 0, 0, 0, 1, 0, 0, 0, 2, 0, 0, 0, 1, 0, 0, 0, 0, 0, 0, 0, 1, 0, 0, 0, 0, 0, 0, 0, 1, 0, 0, 0, 
32, 2, 0, 1, 0, 0, 0, 0, 1, 4, 0, 0, 1, 1, 1, 0, 0, 0, 0, 1, 0, 0, 2, 1, 2, 16, 1, 2, 2, 6, 2, 2, 0, 6, 1, 0, 1, 15, 0, 0, 0, 2, 2, 4, 4, 5, 2, 4, 2, 1, 3, 2, 2, 11, 1, 2, 0, 6, 9, 6, 4, 16, 1, 3, 2, 0, 2, 1, 2, 29, 1, 0, 0, 0, 0, 1, 0, 0, 0, 0, 0, 1, 0, 0, 0, 0, 0, 0, 0, 1, 0, 0, 0, 0, 0, 0, 0, 0, 0, 0, 0, 0, 0, 0, 0, 0, 0, 0, 0, 0, 0, 0, 0, 
33, 2, 3, 3, 4, 0, 0, 0, 1, 0, 0, 0, 1, 1, 0, 1, 0, 0, 0, 1, 0, 1, 0, 0, 0, 6, 0, 2, 3, 15, 5, 0, 2, 0, 3, 3, 1, 8, 0, 0, 0, 1, 0, 1, 0, 3, 9, 4, 4, 6, 11, 2, 3, 4, 3, 3, 2, 7, 9, 2, 3, 40, 2, 0, 1, 8, 3, 0, 0, 28, 1, 1, 0, 4, 3, 4, 3, 1, 0, 0, 0, 0, 0, 0, 0, 0, 0, 0, 0, 0, 0, 0, 0, 1, 0, 0, 0, 2, 0, 0, 0, 0, 0, 0, 0, 0, 0, 0, 0, 1, 0, 0, 0, 
34, 4, 3, 0, 1, 2, 3, 1, 1, 1, 0, 1, 0, 0, 1, 0, 0, 2, 2, 0, 2, 0, 2, 1, 0, 20, 6, 0, 1, 3, 0, 1, 0, 3, 3, 1, 3, 12, 2, 0, 0, 2, 4, 1, 1, 3, 6, 5, 2, 5, 3, 5, 6, 6, 2, 2, 5, 4, 3, 7, 5, 45, 0, 0, 0, 2, 1, 2, 0, 34, 2, 0, 0, 4, 3, 6, 3, 2, 0, 0, 0, 1, 0, 0, 0, 0, 0, 0, 0, 2, 0, 0, 0, 1, 0, 0, 0, 0, 0, 0, 0, 2, 0, 0, 0, 0, 0, 0, 0, 0, 0, 0, 0, 
35, 15, 0, 1, 2, 0, 0, 0, 0, 0, 0, 0, 0, 0, 2, 1, 0, 0, 0, 0, 0, 0, 0, 2, 0, 9, 2, 0, 0, 15, 0, 2, 1, 1, 4, 2, 0, 12, 0, 2, 1, 5, 2, 0, 0, 1, 2, 4, 3, 3, 7, 5, 3, 7, 2, 5, 5, 8, 1, 1, 1, 27, 0, 1, 0, 2, 2, 3, 3, 44, 1, 3, 1, 3, 2, 2, 0, 2, 0, 0, 0, 2, 0, 0, 0, 1, 0, 0, 0, 4, 0, 0, 0, 0, 0, 0, 0, 0, 0, 0, 0, 0, 0, 0, 0, 1, 0, 0, 0, 0, 0, 0, 0, 
36, 15, 1, 2, 2, 0, 1, 1, 2, 1, 0, 1, 0, 0, 0, 0, 0, 1, 0, 0, 1, 0, 2, 0, 2, 0, 0, 0, 1, 7, 1, 0, 0, 1, 2, 1, 1, 33, 0, 0, 1, 2, 2, 3, 0, 0, 0, 0, 1, 4, 9, 6, 3, 5, 2, 0, 0, 8, 4, 3, 0, 29, 0, 1, 0, 1, 1, 0, 1, 51, 0, 0, 2, 2, 1, 1, 0, 0, 0, 0, 0, 0, 0, 0, 0, 0, 0, 0, 0, 1, 0, 0, 0, 0, 0, 0, 0, 1, 0, 0, 0, 0, 0, 0, 0, 2, 0, 0, 0, 0, 0, 0, 0, 
37, 14, 0, 1, 1, 0, 2, 0, 2, 1, 0, 0, 2, 1, 0, 0, 0, 0, 1, 3, 2, 0, 1, 0, 0, 6, 3, 0, 1, 10, 0, 1, 0, 16, 2, 0, 2, 42, 1, 1, 1, 0, 2, 4, 6, 0, 0, 0, 0, 5, 5, 5, 7, 8, 0, 0, 1, 1, 2, 0, 0, 21, 0, 0, 0, 2, 1, 0, 3, 53, 1, 1, 0, 3, 2, 1, 3, 1, 0, 0, 0, 3, 0, 0, 0, 0, 0, 0, 0, 0, 0, 0, 0, 1, 0, 0, 0, 0, 0, 0, 0, 1, 0, 0, 0, 1, 0, 0, 0, 2, 0, 0, 0, 
38, 1, 3, 1, 1, 2, 0, 1, 1, 0, 1, 0, 0, 2, 4, 0, 4, 2, 3, 4, 2, 0, 2, 0, 0, 11, 2, 0, 0, 0, 2, 0, 1, 10, 3, 1, 1, 30, 0, 0, 0, 4, 9, 1, 7, 5, 2, 2, 2, 15, 10, 4, 2, 1, 3, 0, 1, 1, 4, 2, 4, 11, 0, 1, 0, 4, 2, 3, 2, 53, 5, 1, 0, 2, 0, 1, 2, 0, 0, 0, 0, 1, 0, 0, 0, 0, 0, 0, 0, 0, 0, 0, 0, 0, 0, 0, 0, 0, 0, 0, 0, 1, 0, 0, 0, 0, 0, 0, 0, 2, 0, 0, 0, 
39, 4, 0, 1, 1, 0, 0, 0, 0, 1, 1, 1, 0, 0, 0, 0, 0, 3, 1, 1, 2, 1, 1, 0, 0, 11, 0, 1, 1, 2, 0, 2, 0, 1, 0, 0, 1, 25, 1, 0, 0, 12, 7, 3, 7, 2, 0, 0, 2, 5, 4, 9, 1, 1, 0, 4, 1, 10, 6, 4, 3, 2, 2, 0, 0, 9, 5, 4, 6, 53, 2, 0, 2, 0, 2, 2, 4, 1, 0, 0, 0, 1, 0, 0, 0, 0, 0, 0, 0, 1, 0, 0, 0, 1, 0, 0, 0, 0, 0, 0, 0, 0, 0, 0, 0, 0, 0, 0, 0, 0, 0, 0, 0, 
40, 0, 0, 0, 1, 0, 2, 3, 0, 1, 0, 0, 0, 4, 1, 0, 0, 7, 0, 0, 1, 1, 0, 1, 0, 20, 2, 0, 0, 1, 1, 0, 2, 1, 1, 0, 0, 40, 1, 0, 0, 9, 7, 8, 4, 0, 0, 0, 2, 5, 3, 5, 5, 0, 0, 1, 0, 7, 10, 6, 5, 4, 0, 1, 1, 7, 4, 8, 8, 35, 0, 1, 1, 2, 0, 1, 2, 1, 0, 0, 0, 2, 0, 0, 0, 0, 0, 0, 0, 0, 0, 0, 0, 3, 0, 0, 0, 0, 0, 0, 0, 0, 0, 0, 0, 1, 0, 0, 0, 1, 0, 0, 0, 
41, 1, 1, 1, 4, 0, 0, 0, 1, 0, 1, 1, 1, 1, 0, 0, 1, 0, 0, 0, 0, 1, 0, 1, 0, 24, 0, 1, 3, 1, 0, 2, 0, 4, 1, 2, 5, 43, 2, 0, 0, 9, 5, 3, 3, 4, 5, 2, 1, 16, 7, 4, 5, 2, 3, 2, 3, 7, 5, 12, 9, 2, 0, 0, 0, 4, 9, 6, 7, 42, 0, 0, 0, 0, 0, 1, 2, 1, 0, 0, 0, 1, 0, 0, 0, 0, 0, 0, 0, 1, 0, 0, 0, 2, 0, 0, 0, 0, 0, 0, 0, 0, 0, 0, 0, 2, 0, 0, 0, 2, 0, 0, 0, 
42, 0, 0, 1, 0, 5, 0, 1, 0, 0, 0, 1, 0, 1, 0, 0, 1, 0, 1, 0, 1, 0, 1, 0, 1, 20, 0, 2, 2, 0, 0, 0, 0, 4, 2, 2, 3, 23, 1, 1, 0, 5, 2, 5, 5, 10, 2, 4, 3, 24, 2, 10, 4, 1, 1, 2, 1, 9, 6, 12, 4, 2, 1, 2, 0, 7, 5, 5, 7, 39, 3, 1, 1, 0, 1, 0, 0, 0, 0, 0, 0, 1, 0, 0, 0, 2, 0, 0, 0, 0, 0, 0, 0, 1, 0, 0, 0, 2, 0, 0, 0, 1, 0, 0, 0, 0, 0, 0, 0, 0, 0, 0, 0, 
43, 1, 1, 0, 0, 0, 2, 1, 1, 1, 0, 0, 0, 0, 0, 0, 1, 0, 4, 2, 1, 0, 0, 0, 0, 22, 1, 0, 0, 3, 1, 1, 2, 1, 0, 0, 0, 9, 2, 1, 1, 11, 5, 5, 3, 24, 7, 5, 2, 33, 9, 3, 4, 2, 1, 1, 2, 3, 5, 4, 1, 0, 1, 1, 0, 11, 7, 7, 6, 25, 1, 0, 0, 2, 0, 0, 0, 2, 0, 0, 0, 1, 0, 0, 0, 1, 0, 0, 0, 0, 0, 0, 0, 0, 0, 0, 0, 0, 0, 0, 0, 0, 0, 0, 0, 1, 0, 0, 0, 0, 0, 0, 0, 
44, 0, 0, 0, 0, 0, 1, 0, 0, 0, 0, 0, 0, 1, 0, 1, 0, 0, 3, 0, 0, 2, 3, 2, 1, 24, 1, 0, 0, 5, 2, 3, 1, 0, 0, 0, 2, 2, 4, 3, 0, 16, 5, 5, 8, 42, 3, 3, 2, 22, 4, 8, 2, 1, 1, 0, 1, 6, 4, 3, 3, 8, 2, 1, 0, 3, 5, 4, 5, 6, 3, 0, 0, 9, 2, 1, 2, 0, 0, 0, 0, 1, 0, 0, 0, 0, 0, 0, 0, 0, 0, 0, 0, 3, 0, 0, 0, 2, 0, 0, 0, 1, 0, 0, 0, 1, 0, 0, 0, 2, 0, 0, 0, 
45, 0, 0, 1, 1, 2, 5, 5, 2, 1, 0, 1, 0, 0, 1, 1, 2, 4, 5, 0, 2, 1, 1, 2, 0, 18, 2, 2, 1, 1, 1, 1, 0, 14, 2, 1, 0, 0, 1, 1, 1, 28, 4, 5, 4, 44, 4, 2, 1, 28, 9, 6, 6, 4, 3, 0, 1, 2, 0, 2, 1, 2, 3, 1, 3, 3, 1, 4, 2, 1, 0, 0, 0, 1, 3, 5, 4, 0, 0, 0, 0, 1, 0, 0, 0, 0, 0, 0, 0, 3, 0, 0, 0, 0, 0, 0, 0, 3, 0, 0, 0, 1, 0, 0, 0, 0, 0, 0, 0, 0, 0, 0, 0, 
46, 0, 1, 1, 0, 3, 1, 2, 2, 1, 1, 1, 0, 0, 0, 0, 0, 1, 0, 0, 1, 0, 1, 2, 0, 27, 0, 1, 1, 8, 1, 2, 3, 27, 4, 2, 1, 0, 0, 0, 0, 38, 4, 6, 4, 46, 3, 0, 2, 25, 5, 4, 3, 7, 3, 1, 0, 3, 0, 0, 1, 1, 2, 2, 4, 3, 4, 1, 1, 0, 0, 1, 0, 3, 7, 4, 5, 1, 0, 0, 0, 0, 0, 0, 0, 1, 0, 0, 0, 0, 0, 0, 0, 3, 0, 0, 0, 0, 0, 0, 0, 1, 0, 0, 0, 2, 0, 0, 0, 0, 0, 0, 0, 
47, 0, 0, 1, 1, 1, 0, 1, 1, 0, 0, 1, 1, 0, 0, 0, 0, 3, 4, 0, 0, 2, 1, 1, 1, 27, 0, 1, 0, 20, 1, 0, 0, 41, 0, 0, 0, 3, 1, 0, 0, 28, 8, 3, 5, 41, 4, 2, 1, 27, 8, 5, 2, 10, 0, 1, 0, 2, 5, 1, 2, 0, 1, 0, 2, 3, 2, 0, 1, 7, 0, 2, 1, 0, 3, 1, 1, 0, 0, 0, 0, 2, 0, 0, 0, 0, 0, 0, 0, 1, 0, 0, 0, 1, 0, 0, 0, 1, 0, 0, 0, 1, 0, 0, 0, 2, 0, 0, 0, 0, 0, 0, 0, 
48, 0, 1, 0, 0, 0, 0, 0, 0, 0, 1, 2, 1, 0, 0, 0, 0, 0, 0, 1, 0, 0, 0, 0, 1, 31, 2, 1, 3, 3, 0, 2, 2, 35, 0, 0, 1, 3, 4, 3, 1, 33, 6, 5, 5, 43, 0, 2, 2, 33, 6, 5, 3, 12, 0, 1, 1, 2, 0, 3, 0, 2, 0, 1, 0, 2, 1, 1, 0, 10, 2, 1, 1, 1, 0, 1, 2, 1, 0, 0, 0, 1, 0, 0, 0, 3, 0, 0, 0, 1, 0, 0, 0, 1, 0, 0, 0, 2, 0, 0, 0, 0, 0, 0, 0, 0, 0, 0, 0, 1, 0, 0, 0, 
49, 1, 0, 0, 0, 2, 1, 2, 0, 0, 0, 1, 0, 0, 0, 0, 0, 0, 0, 1, 0, 0, 1, 2, 0, 33, 5, 1, 0, 0, 3, 2, 4, 29, 0, 0, 0, 0, 4, 0, 1, 36, 4, 4, 4, 35, 4, 4, 0, 42, 4, 5, 3, 1, 0, 1, 2, 0, 1, 1, 0, 3, 2, 5, 4, 12, 2, 1, 0, 11, 0, 1, 0, 3, 2, 1, 0, 1, 0, 0, 0, 1, 0, 0, 0, 0, 0, 0, 0, 0, 0, 0, 0, 1, 0, 0, 0, 3, 0, 0, 0, 3, 0, 0, 0, 5, 0, 0, 0, 0, 0, 0, 0, 
50, 0, 0, 1, 0, 0, 0, 0, 0, 0, 2, 0, 0, 1, 0, 1, 0, 0, 1, 1, 2, 1, 5, 1, 1, 29, 1, 0, 1, 5, 1, 5, 0, 32, 3, 1, 2, 4, 3, 3, 1, 7, 6, 3, 5, 42, 3, 3, 0, 36, 7, 4, 3, 11, 6, 2, 0, 1, 4, 2, 1, 2, 1, 0, 2, 12, 1, 0, 0, 11, 2, 0, 0, 14, 7, 2, 2, 1, 0, 0, 0, 1, 0, 0, 0, 0, 0, 0, 0, 1, 0, 0, 0, 0, 0, 0, 0, 1, 0, 0, 0, 1, 0, 0, 0, 3, 0, 0, 0, 0, 0, 0, 0, 
51, 1, 1, 0, 0, 1, 3, 0, 2, 0, 1, 0, 2, 0, 1, 1, 0, 0, 0, 0, 0, 1, 0, 1, 4, 45, 3, 0, 1, 3, 3, 4, 0, 11, 3, 1, 1, 0, 0, 1, 0, 5, 2, 4, 3, 39, 1, 1, 3, 33, 6, 5, 6, 16, 0, 0, 0, 4, 3, 1, 2, 1, 0, 1, 1, 11, 1, 0, 0, 11, 1, 0, 2, 16, 2, 1, 2, 0, 0, 0, 0, 1, 0, 0, 0, 0, 0, 0, 0, 0, 0, 0, 0, 1, 0, 0, 0, 5, 0, 0, 0, 0, 0, 0, 0, 1, 0, 0, 0, 0, 0, 0, 0, 
52, 0, 3, 0, 1, 2, 1, 0, 1, 0, 0, 1, 0, 0, 2, 0, 0, 0, 0, 0, 0, 1, 6, 4, 0, 37, 5, 0, 0, 2, 2, 4, 1, 11, 0, 0, 0, 0, 3, 0, 0, 2, 3, 1, 1, 46, 4, 2, 3, 47, 6, 7, 1, 16, 3, 4, 1, 3, 4, 4, 4, 1, 1, 1, 0, 13, 2, 4, 2, 23, 1, 3, 0, 10, 2, 2, 1, 1, 0, 0, 0, 0, 0, 0, 0, 3, 0, 0, 0, 0, 0, 0, 0, 1, 0, 0, 0, 1, 0, 0, 0, 0, 0, 0, 0, 0, 0, 0, 0, 0, 0, 0, 0, 
53, 0, 0, 0, 0, 0, 0, 0, 0, 1, 0, 0, 0, 2, 2, 0, 1, 0, 0, 0, 0, 0, 0, 1, 0, 32, 0, 0, 0, 13, 3, 3, 3, 7, 1, 0, 2, 1, 2, 3, 1, 3, 3, 3, 2, 47, 0, 5, 1, 39, 9, 7, 1, 22, 4, 4, 2, 0, 1, 2, 0, 6, 5, 1, 0, 17, 1, 2, 2, 27, 2, 1, 1, 14, 3, 4, 1, 1, 0, 0, 0, 2, 0, 0, 0, 1, 0, 0, 0, 0, 0, 0, 0, 0, 0, 0, 0, 2, 0, 0, 0, 1, 0, 0, 0, 0, 0, 0, 0, 3, 0, 0, 0, 
54, 0, 1, 0, 0, 0, 0, 0, 2, 0, 1, 0, 0, 0, 0, 0, 0, 1, 0, 3, 1, 0, 1, 0, 0, 46, 2, 0, 1, 23, 5, 2, 2, 9, 3, 2, 0, 3, 4, 6, 4, 6, 7, 7, 5, 67, 7, 1, 1, 35, 2, 7, 4, 22, 3, 1, 1, 0, 2, 0, 1, 0, 0, 0, 2, 29, 5, 1, 3, 26, 1, 0, 0, 21, 4, 1, 0, 0, 0, 0, 0, 0, 0, 0, 0, 2, 0, 0, 0, 0, 0, 0, 0, 0, 0, 0, 0, 1, 0, 0, 0, 2, 0, 0, 0, 2, 0, 0, 0, 0, 0, 0, 0, 
55, 4, 4, 1, 0, 1, 2, 1, 1, 0, 0, 0, 0, 0, 0, 0, 1, 1, 1, 2, 1, 2, 1, 1, 0, 51, 1, 1, 0, 28, 2, 1, 0, 10, 1, 1, 0, 2, 1, 1, 1, 8, 0, 7, 3, 50, 2, 1, 2, 32, 7, 8, 6, 22, 1, 1, 2, 0, 0, 0, 0, 3, 0, 3, 0, 32, 1, 2, 1, 26, 4, 1, 1, 7, 1, 1, 0, 1, 0, 0, 0, 0, 0, 0, 0, 0, 0, 0, 0, 3, 0, 0, 0, 0, 0, 0, 0, 1, 0, 0, 0, 0, 0, 0, 0, 2, 0, 0, 0, 0, 0, 0, 0, 
56, 2, 0, 0, 1, 0, 1, 0, 0, 5, 0, 0, 0, 0, 0, 0, 0, 0, 0, 0, 0, 0, 0, 1, 1, 43, 3, 1, 1, 13, 3, 1, 2, 1, 0, 1, 0, 3, 0, 0, 1, 5, 4, 5, 8, 56, 0, 2, 1, 35, 4, 6, 7, 21, 2, 2, 1, 0, 0, 0, 0, 0, 0, 0, 0, 39, 2, 3, 1, 36, 3, 0, 3, 11, 1, 1, 1, 1, 0, 0, 0, 2, 0, 0, 0, 1, 0, 0, 0, 4, 0, 0, 0, 0, 0, 0, 0, 0, 0, 0, 0, 1, 0, 0, 0, 0, 0, 0, 0, 1, 0, 0, 0, 
57, 1, 0, 1, 1, 0, 0, 0, 0, 0, 0, 0, 0, 3, 2, 0, 1, 0, 2, 0, 0, 1, 0, 1, 2, 45, 1, 0, 1, 1, 0, 2, 2, 1, 1, 0, 0, 3, 5, 5, 3, 9, 11, 12, 7, 62, 5, 1, 3, 50, 5, 7, 10, 21, 0, 3, 1, 1, 0, 0, 0, 2, 2, 2, 2, 39, 2, 1, 1, 32, 0, 2, 0, 1, 3, 2, 0, 0, 0, 0, 0, 0, 0, 0, 0, 0, 0, 0, 0, 0, 0, 0, 0, 0, 0, 0, 0, 0, 0, 0, 0, 0, 0, 0, 0, 1, 0, 0, 0, 0, 0, 0, 0, 
58, 0, 0, 1, 0, 1, 0, 0, 0, 0, 0, 0, 1, 1, 0, 0, 0, 0, 0, 1, 0, 2, 1, 0, 0, 43, 1, 2, 1, 8, 0, 2, 1, 2, 0, 3, 1, 11, 5, 1, 2, 15, 9, 14, 10, 67, 1, 2, 0, 51, 2, 7, 4, 30, 3, 4, 0, 1, 4, 4, 0, 0, 3, 2, 3, 32, 2, 3, 1, 20, 0, 1, 1, 20, 3, 0, 0, 0, 0, 0, 0, 1, 0, 0, 0, 1, 0, 0, 0, 2, 0, 0, 0, 2, 0, 0, 0, 0, 0, 0, 0, 2, 0, 0, 0, 0, 0, 0, 0, 0, 0, 0, 0, 
59, 1, 5, 1, 3, 0, 1, 1, 1, 0, 1, 0, 0, 3, 1, 0, 0, 2, 1, 2, 1, 0, 0, 0, 0, 52, 3, 0, 1, 1, 2, 3, 3, 6, 7, 4, 5, 22, 3, 0, 1, 11, 20, 11, 10, 54, 1, 2, 0, 42, 5, 5, 6, 32, 3, 0, 0, 1, 2, 1, 1, 3, 0, 1, 3, 25, 4, 0, 1, 14, 1, 1, 1, 12, 1, 4, 0, 2, 0, 0, 0, 0, 0, 0, 0, 1, 0, 0, 0, 0, 0, 0, 0, 0, 0, 0, 0, 1, 0, 0, 0, 3, 0, 0, 0, 0, 0, 0, 0, 0, 0, 0, 0, 
60, 0, 1, 1, 0, 0, 0, 0, 0, 7, 4, 1, 0, 0, 0, 0, 2, 1, 1, 1, 0, 0, 1, 1, 2, 50, 1, 0, 3, 0, 3, 0, 1, 26, 6, 1, 3, 26, 5, 4, 0, 9, 17, 9, 14, 53, 1, 3, 0, 37, 6, 7, 3, 40, 4, 0, 0, 2, 1, 2, 3, 2, 0, 2, 3, 29, 3, 0, 1, 14, 2, 0, 1, 6, 3, 3, 2, 0, 0, 0, 0, 1, 0, 0, 0, 0, 0, 0, 0, 0, 0, 0, 0, 1, 0, 0, 0, 1, 0, 0, 0, 0, 0, 0, 0, 1, 0, 0, 0, 0, 0, 0, 0, 
61, 2, 0, 0, 2, 0, 0, 0, 1, 0, 1, 1, 0, 1, 0, 0, 0, 0, 3, 0, 2, 1, 0, 1, 1, 49, 3, 3, 1, 0, 0, 1, 0, 15, 5, 4, 4, 43, 0, 1, 0, 13, 11, 12, 10, 60, 2, 1, 1, 47, 8, 6, 5, 33, 1, 3, 1, 1, 3, 1, 4, 6, 3, 5, 1, 39, 1, 1, 0, 12, 3, 2, 0, 4, 0, 4, 2, 0, 0, 0, 0, 1, 0, 0, 0, 2, 0, 0, 0, 0, 0, 0, 0, 2, 0, 0, 0, 1, 0, 0, 0, 0, 0, 0, 0, 1, 0, 0, 0, 0, 0, 0, 0, 
62, 3, 3, 3, 1, 1, 1, 0, 0, 0, 0, 0, 0, 2, 2, 1, 1, 0, 0, 0, 1, 0, 0, 1, 0, 61, 2, 1, 0, 0, 0, 2, 1, 29, 4, 4, 1, 34, 4, 3, 1, 12, 9, 9, 9, 78, 2, 3, 2, 51, 5, 4, 6, 24, 2, 0, 0, 2, 1, 1, 0, 22, 2, 3, 1, 26, 1, 1, 0, 4, 6, 1, 2, 15, 0, 2, 0, 0, 0, 0, 0, 1, 0, 0, 0, 1, 0, 0, 0, 0, 0, 0, 0, 1, 0, 0, 0, 1, 0, 0, 0, 1, 0, 0, 0, 0, 0, 0, 0, 0, 0, 0, 0, 
63, 3, 2, 1, 2, 0, 0, 0, 0, 0, 0, 0, 0, 0, 1, 0, 0, 0, 0, 0, 0, 0, 0, 0, 1, 61, 2, 1, 2, 1, 0, 3, 5, 30, 5, 6, 2, 27, 2, 1, 0, 10, 4, 4, 8, 84, 1, 2, 0, 42, 12, 4, 3, 27, 2, 1, 1, 8, 0, 1, 0, 15, 0, 1, 0, 18, 2, 1, 0, 17, 1, 1, 4, 14, 3, 2, 0, 1, 0, 0, 0, 0, 0, 0, 0, 0, 0, 0, 0, 0, 0, 0, 0, 0, 0, 0, 0, 1, 0, 0, 0, 1, 0, 0, 0, 2, 0, 0, 0, 3, 0, 0, 0, 
64, 1, 0, 0, 0, 3, 1, 0, 1, 0, 0, 0, 1, 0, 1, 0, 0, 0, 0, 0, 0, 0, 1, 0, 0, 57, 2, 1, 2, 4, 4, 2, 3, 23, 3, 1, 3, 33, 4, 3, 2, 9, 5, 10, 6, 80, 0, 1, 0, 46, 3, 3, 3, 28, 2, 0, 2, 0, 3, 1, 2, 0, 2, 0, 0, 33, 2, 0, 1, 21, 2, 0, 0, 23, 4, 1, 1, 0, 0, 0, 0, 1, 0, 0, 0, 0, 0, 0, 0, 4, 0, 0, 0, 1, 0, 0, 0, 1, 0, 0, 0, 0, 0, 0, 0, 0, 0, 0, 0, 0, 0, 0, 0, 
65, 1, 0, 1, 0, 0, 0, 0, 1, 1, 0, 0, 0, 1, 1, 0, 0, 0, 1, 0, 0, 1, 0, 0, 0, 52, 1, 3, 1, 6, 3, 5, 2, 11, 3, 2, 5, 41, 1, 2, 3, 7, 8, 4, 10, 82, 1, 3, 3, 41, 4, 5, 1, 13, 0, 1, 2, 5, 6, 1, 2, 2, 2, 2, 2, 25, 1, 0, 1, 24, 1, 0, 1, 26, 2, 1, 2, 1, 0, 0, 0, 0, 0, 0, 0, 0, 0, 0, 0, 0, 0, 0, 0, 1, 0, 0, 0, 2, 0, 0, 0, 2, 0, 0, 0, 2, 0, 0, 0, 1, 0, 0, 0, 
66, 0, 1, 2, 0, 0, 0, 0, 0, 0, 1, 0, 0, 1, 1, 1, 1, 0, 0, 0, 0, 1, 0, 0, 1, 71, 1, 1, 0, 6, 6, 5, 6, 3, 2, 2, 3, 33, 2, 0, 3, 5, 6, 8, 2, 72, 0, 0, 2, 29, 5, 8, 4, 28, 3, 1, 0, 11, 2, 1, 3, 0, 0, 0, 0, 15, 1, 2, 0, 12, 1, 1, 0, 43, 1, 0, 2, 1, 0, 0, 0, 1, 0, 0, 0, 2, 0, 0, 0, 1, 0, 0, 0, 0, 0, 0, 0, 2, 0, 0, 0, 0, 0, 0, 0, 2, 0, 0, 0, 1, 0, 0, 0, 
67, 7, 2, 0, 1, 1, 1, 0, 2, 0, 3, 3, 0, 0, 1, 0, 0, 0, 1, 0, 0, 0, 0, 0, 0, 67, 2, 0, 0, 5, 3, 4, 2, 9, 6, 2, 4, 32, 1, 4, 1, 12, 7, 12, 3, 81, 7, 2, 0, 32, 5, 6, 7, 21, 2, 0, 1, 8, 4, 5, 2, 4, 1, 1, 4, 20, 1, 3, 2, 6, 0, 0, 0, 32, 0, 3, 3, 0, 0, 0, 0, 0, 0, 0, 0, 0, 0, 0, 0, 0, 0, 0, 0, 0, 0, 0, 0, 0, 0, 0, 0, 0, 0, 0, 0, 1, 0, 0, 0, 1, 0, 0, 0, 
68, 0, 1, 2, 1, 0, 2, 0, 1, 1, 1, 1, 2, 0, 0, 0, 0, 1, 2, 1, 0, 0, 0, 0, 0, 80, 1, 1, 3, 10, 3, 5, 3, 5, 0, 3, 0, 18, 3, 2, 1, 10, 9, 13, 2, 84, 7, 3, 1, 42, 7, 6, 6, 5, 1, 2, 1, 2, 3, 1, 1, 12, 8, 6, 1, 14, 1, 1, 1, 2, 3, 5, 3, 29, 0, 2, 1, 0, 0, 0, 0, 0, 0, 0, 0, 0, 0, 0, 0, 0, 0, 0, 0, 0, 0, 0, 0, 0, 0, 0, 0, 1, 0, 0, 0, 0, 0, 0, 0, 2, 0, 0, 0, 
69, 1, 2, 1, 1, 1, 0, 0, 1, 0, 0, 1, 3, 1, 1, 1, 0, 1, 0, 0, 0, 2, 1, 0, 1, 77, 1, 0, 1, 8, 6, 6, 2, 4, 0, 1, 0, 10, 1, 0, 0, 4, 6, 6, 4, 100, 1, 1, 0, 45, 13, 8, 8, 17, 3, 0, 0, 3, 1, 0, 4, 21, 4, 1, 2, 21, 3, 1, 1, 1, 1, 0, 0, 22, 8, 2, 1, 1, 0, 0, 0, 3, 0, 0, 0, 1, 0, 0, 0, 1, 0, 0, 0, 0, 0, 0, 0, 0, 0, 0, 0, 0, 0, 0, 0, 0, 0, 0, 0, 1, 0, 0, 0, 
70, 1, 1, 3, 2, 2, 0, 0, 1, 2, 2, 0, 1, 3, 0, 0, 0, 1, 2, 0, 0, 0, 1, 0, 1, 79, 0, 0, 0, 4, 2, 7, 5, 1, 1, 4, 0, 7, 1, 1, 3, 4, 4, 2, 7, 100, 0, 0, 1, 44, 4, 4, 9, 11, 2, 3, 1, 3, 1, 1, 0, 25, 1, 0, 1, 32, 0, 1, 1, 1, 0, 1, 2, 18, 0, 1, 1, 0, 0, 0, 0, 0, 0, 0, 0, 3, 0, 0, 0, 1, 0, 0, 0, 1, 0, 0, 0, 0, 0, 0, 0, 1, 0, 0, 0, 2, 0, 0, 0, 2, 0, 0, 0, 
71, 1, 1, 0, 0, 1, 1, 0, 0, 0, 1, 1, 0, 1, 0, 0, 1, 0, 1, 0, 0, 3, 1, 2, 0, 71, 6, 0, 3, 6, 3, 2, 2, 3, 1, 2, 0, 11, 2, 1, 1, 4, 6, 4, 4, 97, 0, 0, 1, 39, 2, 5, 5, 12, 2, 0, 0, 1, 0, 1, 1, 19, 3, 5, 1, 37, 0, 3, 0, 1, 0, 4, 2, 23, 3, 1, 0, 0, 0, 0, 0, 3, 0, 0, 0, 0, 0, 0, 0, 0, 0, 0, 0, 1, 0, 0, 0, 2, 0, 0, 0, 1, 0, 0, 0, 0, 0, 0, 0, 4, 0, 0, 0, 
72, 6, 1, 0, 0, 0, 3, 1, 1, 0, 1, 0, 0, 1, 0, 0, 0, 1, 2, 0, 0, 1, 0, 0, 1, 89, 2, 0, 0, 18, 3, 6, 0, 10, 2, 1, 0, 23, 3, 8, 2, 12, 3, 2, 3, 99, 4, 3, 1, 26, 7, 3, 6, 4, 2, 0, 0, 1, 2, 1, 0, 18, 1, 2, 2, 30, 1, 1, 0, 2, 0, 0, 0, 23, 1, 1, 0, 0, 0, 0, 0, 2, 0, 0, 0, 0, 0, 0, 0, 0, 0, 0, 0, 1, 0, 0, 0, 0, 0, 0, 0, 1, 0, 0, 0, 2, 0, 0, 0, 0, 0, 0, 0, 
73, 0, 4, 3, 5, 1, 2, 0, 0, 1, 1, 1, 0, 0, 0, 0, 0, 0, 1, 1, 0, 2, 0, 2, 1, 77, 2, 1, 0, 17, 9, 5, 2, 2, 0, 2, 1, 22, 1, 3, 1, 2, 4, 2, 2, 91, 1, 1, 2, 42, 13, 4, 6, 2, 0, 0, 0, 1, 1, 0, 0, 20, 0, 1, 7, 34, 2, 1, 2, 5, 3, 7, 1, 30, 2, 2, 3, 1, 0, 0, 0, 0, 0, 0, 0, 0, 0, 0, 0, 0, 0, 0, 0, 1, 0, 0, 0, 0, 0, 0, 0, 0, 0, 0, 0, 0, 0, 0, 0, 0, 0, 0, 0, 
74, 2, 1, 0, 0, 0, 1, 0, 1, 1, 0, 0, 1, 0, 0, 0, 1, 0, 0, 1, 0, 1, 0, 0, 0, 82, 0, 0, 1, 6, 7, 3, 3, 5, 6, 2, 2, 15, 0, 2, 0, 1, 0, 2, 1, 84, 2, 0, 1, 50, 3, 9, 5, 0, 0, 3, 3, 0, 1, 2, 1, 17, 7, 3, 2, 20, 0, 1, 0, 9, 5, 5, 2, 33, 0, 1, 1, 1, 0, 0, 0, 0, 0, 0, 0, 4, 0, 0, 0, 1, 0, 0, 0, 0, 0, 0, 0, 0, 0, 0, 0, 1, 0, 0, 0, 0, 0, 0, 0, 0, 0, 0, 0, 
75, 3, 2, 1, 1, 3, 0, 0, 0, 1, 1, 2, 0, 0, 0, 0, 1, 0, 0, 0, 2, 0, 0, 1, 0, 83, 1, 1, 1, 8, 3, 8, 5, 3, 2, 4, 2, 0, 0, 2, 3, 4, 0, 3, 4, 82, 5, 0, 1, 59, 7, 4, 7, 1, 0, 0, 0, 0, 0, 1, 2, 27, 2, 0, 3, 23, 2, 0, 1, 4, 7, 2, 4, 25, 2, 0, 5, 0, 0, 0, 0, 0, 0, 0, 0, 0, 0, 0, 0, 0, 0, 0, 0, 0, 0, 0, 0, 0, 0, 0, 0, 2, 0, 0, 0, 0, 0, 0, 0, 0, 0, 0, 0, 
76, 0, 0, 0, 0, 0, 1, 0, 0, 1, 0, 1, 1, 1, 0, 3, 0, 0, 0, 0, 0, 1, 2, 0, 0, 100, 5, 0, 1, 17, 8, 1, 3, 0, 1, 3, 1, 1, 5, 2, 1, 4, 3, 3, 0, 80, 4, 1, 1, 61, 4, 4, 6, 3, 2, 2, 2, 5, 0, 2, 1, 34, 2, 1, 4, 15, 0, 2, 0, 1, 6, 4, 4, 22, 8, 3, 2, 0, 0, 0, 0, 1, 0, 0, 0, 0, 0, 0, 0, 0, 0, 0, 0, 1, 0, 0, 0, 2, 0, 0, 0, 0, 0, 0, 0, 1, 0, 0, 0, 1, 0, 0, 0, 
77, 0, 1, 0, 1, 0, 2, 4, 0, 2, 1, 1, 1, 3, 4, 1, 0, 1, 1, 0, 0, 0, 0, 0, 1, 100, 0, 1, 0, 11, 5, 6, 3, 0, 0, 1, 1, 1, 3, 1, 3, 3, 1, 2, 2, 78, 0, 0, 3, 49, 4, 1, 4, 6, 6, 3, 2, 4, 6, 4, 1, 31, 0, 2, 0, 11, 0, 1, 2, 7, 2, 5, 7, 34, 2, 0, 1, 2, 0, 0, 0, 0, 0, 0, 0, 0, 0, 0, 0, 4, 0, 0, 0, 2, 0, 0, 0, 0, 0, 0, 0, 0, 0, 0, 0, 0, 0, 0, 0, 1, 0, 0, 0, 
78, 2, 5, 2, 1, 1, 1, 1, 2, 1, 0, 0, 0, 0, 0, 0, 0, 0, 1, 0, 0, 1, 1, 2, 0, 100, 1, 1, 0, 23, 2, 5, 2, 3, 3, 5, 7, 1, 0, 2, 0, 1, 2, 3, 2, 69, 3, 4, 2, 38, 7, 10, 4, 13, 6, 0, 3, 7, 3, 4, 4, 32, 4, 1, 2, 10, 1, 1, 1, 4, 8, 4, 4, 36, 2, 0, 2, 1, 0, 0, 0, 1, 0, 0, 0, 0, 0, 0, 0, 1, 0, 0, 0, 0, 0, 0, 0, 0, 0, 0, 0, 1, 0, 0, 0, 3, 0, 0, 0, 1, 0, 0, 0, 
79, 2, 0, 1, 1, 0, 1, 1, 0, 0, 0, 0, 0, 1, 2, 0, 0, 0, 0, 2, 1, 1, 0, 0, 0, 90, 2, 3, 0, 17, 8, 4, 2, 5, 1, 3, 2, 1, 0, 1, 1, 1, 4, 5, 5, 72, 1, 5, 1, 34, 2, 9, 3, 18, 3, 1, 5, 6, 5, 5, 4, 21, 2, 3, 2, 15, 0, 0, 1, 1, 1, 4, 2, 36, 6, 2, 1, 1, 0, 0, 0, 1, 0, 0, 0, 0, 0, 0, 0, 2, 0, 0, 0, 1, 0, 0, 0, 0, 0, 0, 0, 0, 0, 0, 0, 0, 0, 0, 0, 1, 0, 0, 0, 
80, 5, 0, 0, 0, 0, 2, 0, 0, 1, 1, 0, 1, 0, 0, 0, 0, 0, 0, 1, 0, 10, 2, 0, 1, 82, 2, 1, 0, 24, 10, 3, 3, 3, 1, 1, 0, 7, 4, 1, 1, 3, 5, 4, 1, 67, 3, 1, 4, 51, 6, 8, 4, 23, 3, 2, 5, 6, 6, 8, 3, 9, 1, 1, 0, 1, 0, 1, 2, 3, 1, 0, 0, 24, 2, 2, 1, 1, 0, 0, 0, 1, 0, 0, 0, 0, 0, 0, 0, 0, 0, 0, 0, 3, 0, 0, 0, 1, 0, 0, 0, 0, 0, 0, 0, 1, 0, 0, 0, 0, 0, 0, 0, 
81, 0, 6, 2, 2, 3, 0, 1, 1, 0, 1, 0, 2, 0, 1, 0, 0, 0, 0, 0, 0, 0, 0, 0, 0, 70, 2, 2, 0, 34, 11, 7, 1, 1, 0, 0, 0, 1, 1, 0, 0, 13, 9, 7, 7, 79, 2, 3, 1, 42, 8, 8, 2, 12, 0, 5, 0, 3, 5, 3, 0, 1, 3, 2, 0, 7, 1, 2, 1, 7, 3, 0, 2, 30, 2, 0, 0, 2, 0, 0, 0, 1, 0, 0, 0, 0, 0, 0, 0, 1, 0, 0, 0, 0, 0, 0, 0, 0, 0, 0, 0, 0, 0, 0, 0, 1, 0, 0, 0, 1, 0, 0, 0, 
82, 2, 0, 0, 3, 1, 0, 0, 0, 0, 1, 0, 0, 1, 0, 0, 3, 0, 2, 1, 0, 0, 0, 1, 0, 68, 2, 0, 2, 45, 5, 2, 6, 2, 3, 0, 0, 0, 3, 0, 1, 10, 11, 13, 9, 98, 2, 3, 0, 37, 7, 2, 3, 1, 1, 3, 0, 5, 15, 4, 2, 4, 1, 2, 0, 7, 6, 3, 1, 0, 0, 1, 0, 29, 1, 1, 1, 0, 0, 0, 0, 3, 0, 0, 0, 1, 0, 0, 0, 1, 0, 0, 0, 1, 0, 0, 0, 1, 0, 0, 0, 2, 0, 0, 0, 1, 0, 0, 0, 2, 0, 0, 0, 
83, 0, 3, 1, 1, 0, 0, 0, 0, 0, 0, 0, 2, 0, 0, 1, 0, 0, 0, 0, 1, 2, 0, 0, 2, 70, 0, 2, 0, 50, 4, 3, 4, 5, 3, 0, 1, 1, 1, 1, 2, 6, 12, 13, 8, 96, 4, 0, 1, 22, 3, 5, 5, 2, 1, 1, 1, 8, 4, 7, 5, 3, 2, 1, 1, 3, 1, 1, 0, 4, 1, 2, 0, 32, 5, 1, 2, 1, 0, 0, 0, 1, 0, 0, 0, 0, 0, 0, 0, 1, 0, 0, 0, 0, 0, 0, 0, 1, 0, 0, 0, 1, 0, 0, 0, 2, 0, 0, 0, 0, 0, 0, 0, 
84, 0, 0, 1, 1, 2, 1, 1, 0, 1, 0, 1, 2, 1, 0, 0, 1, 0, 0, 0, 2, 1, 1, 2, 0, 65, 1, 1, 0, 43, 6, 6, 5, 2, 1, 2, 0, 1, 3, 1, 0, 10, 17, 9, 9, 100, 3, 0, 0, 27, 8, 4, 4, 0, 1, 4, 0, 5, 3, 1, 8, 0, 0, 0, 1, 0, 2, 1, 2, 3, 1, 4, 2, 35, 0, 3, 2, 1, 0, 0, 0, 0, 0, 0, 0, 0, 0, 0, 0, 0, 0, 0, 0, 2, 0, 0, 0, 0, 0, 0, 0, 1, 0, 0, 0, 0, 0, 0, 0, 1, 0, 0, 0, 
85, 1, 1, 0, 0, 0, 0, 1, 1, 1, 0, 1, 0, 0, 1, 1, 1, 0, 1, 0, 0, 1, 0, 1, 3, 66, 3, 0, 2, 48, 1, 8, 5, 1, 0, 3, 2, 7, 1, 0, 1, 4, 10, 7, 17, 99, 1, 1, 3, 24, 7, 3, 2, 4, 1, 3, 1, 5, 4, 3, 3, 0, 1, 0, 0, 1, 1, 9, 2, 6, 7, 2, 1, 45, 7, 3, 2, 3, 0, 0, 0, 0, 0, 0, 0, 0, 0, 0, 0, 0, 0, 0, 0, 0, 0, 0, 0, 1, 0, 0, 0, 1, 0, 0, 0, 0, 0, 0, 0, 1, 0, 0, 0, 
86, 0, 0, 0, 0, 0, 0, 1, 1, 0, 0, 0, 0, 0, 1, 1, 2, 0, 0, 1, 2, 3, 3, 1, 0, 69, 3, 1, 1, 51, 3, 2, 3, 2, 0, 1, 0, 4, 2, 1, 2, 12, 12, 8, 16, 83, 3, 3, 1, 19, 4, 6, 6, 0, 1, 0, 1, 13, 7, 6, 3, 0, 0, 1, 1, 2, 0, 0, 0, 9, 12, 3, 6, 53, 1, 1, 0, 0, 0, 0, 0, 1, 0, 0, 0, 3, 0, 0, 0, 0, 0, 0, 0, 1, 0, 0, 0, 2, 0, 0, 0, 0, 0, 0, 0, 2, 0, 0, 0, 0, 0, 0, 0, 
87, 5, 6, 3, 5, 2, 0, 2, 2, 1, 3, 0, 1, 0, 3, 0, 0, 1, 1, 0, 0, 1, 3, 1, 0, 59, 1, 1, 3, 39, 5, 1, 3, 2, 5, 6, 1, 0, 2, 0, 2, 12, 11, 13, 15, 71, 2, 1, 3, 30, 7, 6, 2, 1, 3, 2, 2, 19, 4, 4, 5, 1, 0, 4, 1, 0, 3, 1, 1, 22, 5, 4, 3, 62, 2, 2, 2, 2, 0, 0, 0, 1, 0, 0, 0, 1, 0, 0, 0, 0, 0, 0, 0, 0, 0, 0, 0, 0, 0, 0, 0, 2, 0, 0, 0, 0, 0, 0, 0, 0, 0, 0, 0, 
88, 6, 2, 3, 2, 3, 1, 1, 0, 0, 1, 0, 1, 1, 1, 0, 2, 0, 1, 2, 3, 0, 0, 1, 0, 57, 0, 0, 0, 34, 1, 8, 2, 1, 0, 2, 4, 2, 1, 0, 1, 13, 12, 12, 7, 85, 6, 2, 3, 38, 7, 5, 5, 1, 2, 2, 0, 20, 4, 6, 5, 3, 1, 5, 4, 5, 3, 2, 3, 17, 6, 1, 2, 72, 1, 1, 2, 0, 0, 0, 0, 1, 0, 0, 0, 3, 0, 0, 0, 0, 0, 0, 0, 2, 0, 0, 0, 0, 0, 0, 0, 1, 0, 0, 0, 0, 0, 0, 0, 1, 0, 0, 0, 
89, 2, 3, 1, 3, 1, 0, 0, 0, 1, 0, 0, 4, 0, 0, 0, 1, 0, 0, 0, 0, 1, 0, 0, 0, 51, 0, 1, 0, 39, 4, 5, 1, 0, 0, 0, 0, 1, 2, 0, 0, 15, 7, 8, 6, 100, 4, 6, 1, 31, 5, 4, 3, 9, 3, 1, 3, 17, 6, 6, 12, 0, 0, 1, 0, 3, 2, 2, 0, 29, 4, 8, 5, 45, 0, 3, 1, 1, 0, 0, 0, 0, 0, 0, 0, 0, 0, 0, 0, 4, 0, 0, 0, 0, 0, 0, 0, 0, 0, 0, 0, 0, 0, 0, 0, 1, 0, 0, 0, 1, 0, 0, 0, 
90, 1, 1, 0, 0, 1, 1, 0, 0, 1, 1, 2, 2, 2, 2, 1, 0, 0, 2, 0, 0, 0, 0, 0, 0, 44, 5, 0, 0, 52, 6, 3, 0, 0, 0, 2, 1, 1, 0, 0, 2, 7, 9, 10, 8, 100, 4, 0, 1, 19, 9, 6, 4, 1, 1, 1, 1, 21, 6, 6, 8, 0, 0, 2, 3, 4, 3, 7, 5, 39, 4, 1, 3, 41, 1, 1, 2, 0, 0, 0, 0, 1, 0, 0, 0, 2, 0, 0, 0, 1, 0, 0, 0, 0, 0, 0, 0, 1, 0, 0, 0, 0, 0, 0, 0, 0, 0, 0, 0, 0, 0, 0, 0, 
91, 1, 3, 5, 1, 1, 0, 0, 0, 0, 0, 2, 1, 0, 0, 0, 0, 2, 0, 0, 1, 1, 0, 0, 0, 52, 5, 1, 3, 34, 7, 7, 4, 7, 1, 0, 1, 0, 0, 1, 1, 13, 7, 11, 9, 100, 2, 1, 2, 27, 11, 3, 3, 0, 0, 0, 0, 14, 9, 5, 3, 4, 2, 5, 1, 7, 5, 3, 13, 46, 1, 2, 1, 47, 2, 1, 1, 1, 0, 0, 0, 0, 0, 0, 0, 0, 0, 0, 0, 1, 0, 0, 0, 0, 0, 0, 0, 0, 0, 0, 0, 2, 0, 0, 0, 2, 0, 0, 0, 1, 0, 0, 0, 
92, 1, 1, 2, 2, 0, 0, 0, 3, 1, 1, 0, 1, 2, 1, 2, 1, 1, 0, 1, 0, 0, 0, 0, 1, 83, 2, 0, 0, 27, 2, 4, 5, 0, 0, 0, 1, 1, 1, 3, 2, 15, 12, 10, 12, 100, 1, 0, 3, 27, 10, 5, 4, 5, 3, 4, 5, 13, 8, 2, 6, 4, 1, 3, 0, 2, 7, 8, 8, 61, 2, 4, 0, 41, 3, 2, 5, 0, 0, 0, 0, 0, 0, 0, 0, 2, 0, 0, 0, 2, 0, 0, 0, 1, 0, 0, 0, 0, 0, 0, 0, 0, 0, 0, 0, 0, 0, 0, 0, 0, 0, 0, 0, 
93, 1, 0, 1, 0, 0, 0, 0, 0, 1, 2, 1, 1, 0, 3, 0, 2, 2, 0, 1, 1, 1, 0, 1, 2, 74, 0, 0, 0, 37, 6, 3, 6, 6, 4, 0, 0, 2, 1, 0, 1, 16, 16, 11, 13, 100, 2, 3, 1, 28, 8, 6, 6, 3, 8, 2, 1, 8, 8, 5, 8, 0, 0, 1, 1, 8, 3, 3, 1, 56, 0, 2, 6, 62, 5, 3, 3, 1, 0, 0, 0, 0, 0, 0, 0, 1, 0, 0, 0, 1, 0, 0, 0, 0, 0, 0, 0, 0, 0, 0, 0, 1, 0, 0, 0, 0, 0, 0, 0, 0, 0, 0, 0, 
94, 0, 0, 0, 1, 2, 2, 2, 1, 1, 1, 1, 0, 0, 1, 0, 0, 1, 0, 0, 0, 0, 0, 0, 0, 78, 9, 0, 2, 32, 6, 3, 5, 6, 2, 5, 7, 5, 1, 6, 4, 11, 16, 13, 9, 100, 1, 2, 2, 33, 7, 6, 3, 3, 3, 5, 3, 3, 4, 1, 3, 1, 2, 1, 0, 0, 5, 5, 1, 65, 9, 3, 3, 59, 6, 1, 0, 2, 0, 0, 0, 1, 0, 0, 0, 0, 0, 0, 0, 0, 0, 0, 0, 0, 0, 0, 0, 2, 0, 0, 0, 0, 0, 0, 0, 0, 0, 0, 0, 1, 0, 0, 0, 
95, 1, 0, 0, 0, 0, 0, 0, 0, 1, 1, 2, 1, 0, 2, 0, 1, 0, 0, 0, 0, 1, 1, 2, 1, 91, 0, 2, 1, 29, 2, 5, 1, 3, 2, 4, 0, 3, 8, 3, 5, 14, 6, 14, 11, 100, 1, 1, 1, 17, 8, 0, 2, 9, 5, 8, 5, 2, 3, 2, 1, 1, 1, 1, 1, 0, 1, 2, 1, 73, 0, 2, 1, 62, 3, 0, 2, 1, 0, 0, 0, 0, 0, 0, 0, 1, 0, 0, 0, 0, 0, 0, 0, 2, 0, 0, 0, 0, 0, 0, 0, 1, 0, 0, 0, 3, 0, 0, 0, 0, 0, 0, 0, 
96, 1, 2, 2, 0, 0, 1, 1, 1, 0, 1, 0, 0, 0, 0, 0, 0, 0, 0, 1, 1, 1, 0, 0, 0, 79, 3, 2, 1, 23, 8, 0, 1, 1, 1, 8, 0, 1, 0, 0, 1, 10, 19, 11, 11, 100, 2, 1, 0, 8, 8, 2, 5, 15, 4, 7, 4, 3, 3, 0, 1, 0, 0, 1, 1, 2, 2, 4, 1, 59, 4, 3, 2, 63, 1, 0, 1, 0, 0, 0, 0, 1, 0, 0, 0, 3, 0, 0, 0, 1, 0, 0, 0, 1, 0, 0, 0, 0, 0, 0, 0, 3, 0, 0, 0, 0, 0, 0, 0, 1, 0, 0, 0, 
97, 0, 0, 2, 1, 1, 2, 0, 1, 0, 3, 0, 1, 0, 0, 0, 0, 0, 0, 0, 0, 0, 0, 1, 0, 80, 2, 1, 1, 17, 3, 3, 4, 3, 5, 3, 2, 1, 1, 0, 1, 14, 11, 14, 10, 100, 1, 1, 5, 5, 3, 9, 7, 10, 7, 5, 4, 16, 2, 2, 0, 4, 2, 3, 1, 1, 1, 0, 0, 54, 4, 5, 2, 60, 1, 2, 0, 0, 0, 0, 0, 2, 0, 0, 0, 0, 0, 0, 0, 1, 0, 0, 0, 2, 0, 0, 0, 0, 0, 0, 0, 1, 0, 0, 0, 1, 0, 0, 0, 2, 0, 0, 0, 
98, 2, 0, 0, 1, 2, 1, 2, 1, 0, 1, 0, 0, 0, 1, 0, 1, 0, 0, 1, 1, 2, 0, 2, 1, 89, 2, 0, 1, 4, 1, 7, 5, 6, 4, 1, 2, 1, 1, 0, 1, 11, 12, 8, 5, 100, 0, 1, 2, 0, 0, 0, 0, 10, 5, 6, 5, 29, 0, 2, 2, 2, 1, 1, 2, 1, 0, 2, 4, 61, 5, 0, 4, 54, 0, 1, 2, 2, 0, 0, 0, 0, 0, 0, 0, 1, 0, 0, 0, 0, 0, 0, 0, 0, 0, 0, 0, 0, 0, 0, 0, 0, 0, 0, 0, 0, 0, 0, 0, 0, 0, 0, 0, 
99, 0, 0, 0, 1, 0, 1, 1, 2, 2, 0, 0, 0, 0, 1, 0, 1, 0, 1, 0, 1, 0, 0, 0, 0, 100, 2, 0, 0, 3, 4, 4, 1, 5, 2, 3, 0, 0, 1, 2, 1, 11, 16, 9, 6, 100, 2, 5, 1, 0, 0, 0, 0, 3, 11, 7, 3, 23, 0, 1, 2, 3, 1, 1, 2, 8, 2, 0, 3, 57, 2, 1, 1, 45, 0, 4, 2, 1, 0, 0, 0, 0, 0, 0, 0, 1, 0, 0, 0, 0, 0, 0, 0, 0, 0, 0, 0, 1, 0, 0, 0, 0, 0, 0, 0, 0, 0, 0, 0, 0, 0, 0, 0, 