0, 1, 0, 0, 0, 1, 0, 0, 3, 0, 1, 0, 0, 0, 0, 0, 0, 1, 0, 0, 0, 1, 0, 0, 1, 4, 2, 1, 1, 0, 0, 0, 0, 0, 0, 0, 1, 3, 3, 1, 1, 0, 0, 2, 0, 1, 1, 1, 1, 1, 3, 1, 1, 0, 0, 0, 1, 0, 0, 0, 0, 2, 1, 0, 0, 2, 0, 1, 0, 2, 1, 1, 0, 0, 0, 2, 2, 1, 0, 0, 0, 1, 0, 0, 0, 2, 0, 0, 0, 0, 0, 0, 0, 1, 0, 0, 0, 2, 0, 0, 0, 0, 0, 0, 0, 0, 0, 0, 0, 0, 0, 0, 0, 
1, 0, 1, 0, 1, 0, 3, 2, 2, 0, 1, 0, 1, 0, 0, 0, 0, 0, 1, 0, 1, 0, 1, 0, 0, 1, 2, 0, 1, 3, 2, 2, 0, 0, 0, 0, 1, 2, 3, 0, 2, 0, 0, 0, 0, 1, 1, 1, 1, 1, 0, 0, 1, 1, 1, 1, 3, 4, 1, 0, 1, 2, 0, 0, 0, 2, 0, 3, 2, 3, 3, 3, 4, 0, 1, 2, 0, 1, 0, 0, 0, 0, 0, 0, 0, 0, 0, 0, 0, 0, 0, 0, 0, 2, 0, 0, 0, 0, 0, 0, 0, 0, 0, 0, 0, 1, 0, 0, 0, 1, 0, 0, 0, 
2, 2, 0, 1, 0, 0, 0, 0, 0, 0, 0, 0, 1, 0, 0, 0, 0, 0, 0, 0, 1, 0, 0, 0, 1, 0, 1, 0, 0, 0, 0, 0, 0, 0, 2, 0, 0, 0, 0, 0, 0, 0, 0, 0, 0, 1, 1, 1, 0, 12, 3, 2, 4, 2, 2, 1, 0, 3, 3, 3, 1, 2, 3, 0, 3, 2, 4, 3, 1, 2, 4, 0, 4, 0, 3, 3, 2, 0, 0, 0, 0, 0, 0, 0, 0, 0, 0, 0, 0, 3, 0, 0, 0, 0, 0, 0, 0, 0, 0, 0, 0, 0, 0, 0, 0, 1, 0, 0, 0, 1, 0, 0, 0, 
3, 1, 0, 0, 1, 3, 0, 0, 1, 0, 2, 0, 0, 0, 0, 0, 0, 1, 0, 1, 0, 0, 0, 0, 1, 1, 0, 0, 1, 1, 1, 2, 0, 0, 2, 2, 4, 4, 0, 0, 0, 2, 2, 1, 1, 4, 3, 1, 0, 7, 2, 2, 1, 1, 2, 0, 0, 3, 7, 2, 0, 12, 3, 0, 3, 2, 2, 2, 2, 1, 1, 1, 4, 2, 0, 3, 0, 0, 0, 0, 0, 0, 0, 0, 0, 3, 0, 0, 0, 0, 0, 0, 0, 0, 0, 0, 0, 1, 0, 0, 0, 1, 0, 0, 0, 0, 0, 0, 0, 0, 0, 0, 0, 
4, 0, 1, 2, 1, 1, 0, 0, 1, 1, 0, 1, 1, 0, 1, 0, 0, 0, 2, 0, 0, 0, 0, 2, 0, 0, 0, 3, 0, 1, 0, 0, 1, 0, 1, 2, 1, 4, 1, 3, 3, 0, 0, 0, 1, 0, 0, 0, 1, 0, 1, 0, 0, 2, 0, 0, 0, 10, 12, 8, 7, 0, 1, 8, 1, 3, 0, 0, 0, 4, 0, 1, 0, 1, 1, 0, 2, 2, 0, 0, 0, 2, 0, 0, 0, 0, 0, 0, 0, 0, 0, 0, 0, 1, 0, 0, 0, 0, 0, 0, 0, 0, 0, 0, 0, 1, 0, 0, 0, 1, 0, 0, 0, 
5, 1, 0, 0, 0, 1, 0, 0, 1, 1, 0, 1, 2, 0, 0, 0, 1, 1, 0, 0, 0, 0, 0, 0, 1, 2, 0, 2, 0, 8, 2, 0, 1, 1, 1, 1, 3, 4, 4, 1, 2, 0, 1, 1, 3, 2, 0, 0, 0, 1, 0, 3, 0, 3, 0, 0, 1, 11, 5, 9, 10, 5, 2, 3, 1, 0, 0, 1, 0, 4, 1, 1, 3, 0, 0, 1, 1, 1, 0, 0, 0, 3, 0, 0, 0, 0, 0, 0, 0, 0, 0, 0, 0, 2, 0, 0, 0, 1, 0, 0, 0, 0, 0, 0, 0, 1, 0, 0, 0, 0, 0, 0, 0, 
6, 1, 0, 0, 1, 2, 3, 0, 0, 0, 0, 0, 1, 2, 0, 0, 0, 1, 1, 0, 0, 0, 2, 0, 0, 4, 4, 3, 2, 4, 0, 0, 0, 1, 3, 0, 2, 0, 0, 0, 0, 1, 0, 1, 2, 1, 1, 0, 0, 6, 1, 5, 1, 0, 0, 2, 0, 9, 10, 6, 7, 2, 2, 2, 0, 0, 1, 0, 0, 0, 0, 0, 0, 2, 1, 4, 3, 2, 0, 0, 0, 0, 0, 0, 0, 1, 0, 0, 0, 1, 0, 0, 0, 0, 0, 0, 0, 0, 0, 0, 0, 3, 0, 0, 0, 2, 0, 0, 0, 2, 0, 0, 0, 
7, 1, 0, 1, 0, 1, 0, 1, 0, 1, 0, 0, 1, 0, 0, 1, 1, 0, 0, 0, 0, 2, 0, 1, 0, 5, 5, 5, 3, 7, 5, 5, 1, 2, 0, 3, 1, 0, 1, 0, 2, 3, 1, 0, 0, 1, 0, 2, 1, 1, 0, 4, 0, 4, 6, 6, 5, 2, 1, 1, 3, 0, 0, 1, 1, 0, 0, 0, 0, 1, 0, 0, 0, 4, 3, 3, 1, 0, 0, 0, 0, 3, 0, 0, 0, 0, 0, 0, 0, 0, 0, 0, 0, 2, 0, 0, 0, 5, 0, 0, 0, 2, 0, 0, 0, 0, 0, 0, 0, 0, 0, 0, 0, 
8, 0, 0, 0, 0, 0, 0, 1, 1, 2, 1, 1, 0, 0, 0, 0, 0, 1, 1, 1, 0, 1, 0, 0, 1, 5, 6, 7, 4, 8, 0, 3, 3, 0, 1, 1, 0, 2, 1, 1, 2, 0, 8, 4, 2, 3, 2, 0, 0, 0, 0, 0, 0, 6, 6, 5, 4, 2, 0, 0, 1, 1, 1, 0, 1, 1, 2, 3, 1, 6, 1, 1, 2, 0, 0, 1, 0, 2, 0, 0, 0, 0, 0, 0, 0, 0, 0, 0, 0, 0, 0, 0, 0, 1, 0, 0, 0, 1, 0, 0, 0, 1, 0, 0, 0, 0, 0, 0, 0, 2, 0, 0, 0, 
9, 0, 1, 0, 0, 0, 1, 0, 1, 1, 1, 0, 1, 0, 0, 0, 0, 0, 0, 0, 1, 0, 0, 0, 0, 12, 11, 10, 3, 10, 0, 0, 1, 1, 1, 3, 1, 1, 1, 0, 1, 9, 4, 6, 4, 12, 1, 1, 0, 1, 1, 2, 0, 2, 4, 5, 4, 1, 3, 0, 0, 0, 1, 0, 1, 3, 4, 4, 4, 4, 1, 2, 4, 2, 5, 2, 2, 0, 0, 0, 0, 1, 0, 0, 0, 1, 0, 0, 0, 0, 0, 0, 0, 0, 0, 0, 0, 3, 0, 0, 0, 1, 0, 0, 0, 0, 0, 0, 0, 0, 0, 0, 0, 
10, 0, 0, 0, 0, 0, 1, 0, 0, 3, 2, 0, 0, 0, 0, 0, 0, 0, 1, 0, 0, 0, 1, 0, 0, 20, 3, 12, 4, 11, 2, 2, 0, 12, 4, 3, 1, 1, 4, 4, 2, 4, 6, 6, 5, 7, 1, 0, 0, 2, 3, 1, 7, 5, 2, 1, 1, 1, 0, 3, 1, 0, 1, 2, 2, 0, 2, 0, 0, 4, 3, 3, 0, 1, 4, 1, 2, 2, 0, 0, 0, 0, 0, 0, 0, 1, 0, 0, 0, 2, 0, 0, 0, 1, 0, 0, 0, 0, 0, 0, 0, 0, 0, 0, 0, 0, 0, 0, 0, 0, 0, 0, 0, 
11, 0, 0, 1, 0, 2, 0, 0, 0, 2, 0, 0, 0, 1, 0, 1, 0, 0, 1, 0, 2, 0, 0, 0, 1, 12, 7, 2, 8, 0, 0, 0, 0, 13, 4, 0, 2, 3, 1, 3, 1, 3, 6, 5, 3, 0, 1, 1, 0, 3, 9, 5, 5, 2, 2, 0, 3, 1, 0, 0, 1, 1, 1, 0, 1, 12, 0, 0, 0, 2, 5, 3, 12, 3, 1, 1, 2, 2, 0, 0, 0, 1, 0, 0, 0, 2, 0, 0, 0, 0, 0, 0, 0, 0, 0, 0, 0, 0, 0, 0, 0, 0, 0, 0, 0, 2, 0, 0, 0, 1, 0, 0, 0, 
12, 2, 0, 1, 0, 0, 1, 0, 0, 0, 0, 0, 0, 0, 2, 0, 0, 0, 0, 1, 0, 1, 0, 0, 0, 17, 12, 13, 9, 0, 0, 1, 0, 16, 4, 2, 2, 3, 5, 3, 1, 1, 1, 2, 0, 1, 1, 1, 0, 3, 3, 0, 2, 2, 1, 0, 1, 2, 4, 3, 2, 3, 2, 7, 0, 15, 0, 0, 0, 1, 4, 2, 2, 1, 2, 0, 1, 1, 0, 0, 0, 1, 0, 0, 0, 3, 0, 0, 0, 2, 0, 0, 0, 2, 0, 0, 0, 0, 0, 0, 0, 1, 0, 0, 0, 0, 0, 0, 0, 0, 0, 0, 0, 
13, 1, 2, 0, 0, 0, 0, 0, 2, 0, 1, 0, 1, 1, 1, 0, 0, 0, 0, 0, 0, 1, 0, 0, 0, 18, 11, 14, 7, 1, 1, 0, 4, 13, 7, 1, 3, 5, 2, 1, 2, 1, 4, 2, 3, 0, 0, 0, 0, 5, 0, 2, 0, 0, 0, 1, 2, 9, 1, 2, 2, 3, 1, 3, 0, 12, 0, 0, 0, 0, 3, 1, 0, 2, 3, 3, 3, 2, 0, 0, 0, 0, 0, 0, 0, 1, 0, 0, 0, 0, 0, 0, 0, 0, 0, 0, 0, 0, 0, 0, 0, 0, 0, 0, 0, 0, 0, 0, 0, 3, 0, 0, 0, 
14, 0, 2, 0, 1, 0, 0, 1, 0, 0, 1, 1, 1, 0, 0, 0, 1, 2, 0, 1, 1, 0, 0, 0, 0, 26, 14, 18, 11, 10, 4, 2, 1, 10, 2, 2, 4, 7, 5, 6, 2, 2, 2, 5, 0, 5, 1, 0, 2, 25, 1, 1, 0, 2, 0, 0, 0, 2, 0, 2, 5, 0, 1, 1, 2, 1, 2, 0, 2, 0, 0, 0, 0, 3, 2, 4, 1, 0, 0, 0, 0, 0, 0, 0, 0, 1, 0, 0, 0, 3, 0, 0, 0, 0, 0, 0, 0, 1, 0, 0, 0, 3, 0, 0, 0, 0, 0, 0, 0, 2, 0, 0, 0, 
15, 0, 0, 0, 0, 0, 0, 1, 0, 0, 0, 0, 0, 2, 0, 0, 1, 0, 2, 0, 0, 0, 0, 1, 0, 29, 13, 22, 12, 10, 1, 1, 3, 5, 6, 5, 2, 1, 2, 2, 0, 6, 9, 5, 0, 0, 0, 0, 0, 18, 1, 2, 0, 5, 0, 1, 3, 3, 5, 3, 4, 4, 0, 0, 0, 12, 4, 4, 0, 1, 2, 1, 4, 1, 0, 0, 3, 0, 0, 0, 0, 0, 0, 0, 0, 2, 0, 0, 0, 0, 0, 0, 0, 1, 0, 0, 0, 1, 0, 0, 0, 0, 0, 0, 0, 0, 0, 0, 0, 1, 0, 0, 0, 
16, 0, 0, 1, 1, 2, 1, 1, 1, 0, 1, 0, 0, 0, 1, 0, 0, 0, 0, 0, 0, 2, 2, 0, 0, 39, 11, 8, 12, 3, 1, 4, 3, 1, 2, 5, 4, 1, 0, 1, 1, 12, 7, 9, 2, 11, 4, 4, 5, 27, 1, 3, 1, 1, 2, 1, 0, 7, 9, 9, 9, 3, 1, 2, 0, 8, 1, 1, 3, 1, 1, 0, 1, 3, 0, 0, 0, 1, 0, 0, 0, 0, 0, 0, 0, 3, 0, 0, 0, 0, 0, 0, 0, 0, 0, 0, 0, 0, 0, 0, 0, 1, 0, 0, 0, 1, 0, 0, 0, 0, 0, 0, 0, 
17, 1, 0, 0, 0, 0, 0, 0, 0, 0, 1, 0, 0, 0, 0, 0, 0, 2, 0, 2, 0, 0, 1, 0, 0, 23, 15, 13, 12, 4, 6, 5, 9, 5, 3, 4, 1, 2, 0, 2, 0, 22, 5, 4, 7, 7, 3, 1, 3, 24, 0, 1, 0, 0, 1, 2, 1, 17, 12, 8, 6, 1, 1, 1, 1, 3, 0, 2, 2, 0, 0, 0, 0, 3, 5, 3, 5, 4, 0, 0, 0, 1, 0, 0, 0, 2, 0, 0, 0, 1, 0, 0, 0, 0, 0, 0, 0, 0, 0, 0, 0, 2, 0, 0, 0, 1, 0, 0, 0, 0, 0, 0, 0, 
18, 0, 1, 1, 0, 0, 0, 0, 0, 0, 3, 0, 2, 0, 0, 0, 0, 0, 1, 1, 1, 0, 0, 1, 0, 16, 9, 10, 17, 7, 5, 7, 6, 2, 1, 1, 0, 1, 0, 3, 1, 17, 4, 3, 14, 1, 3, 4, 4, 12, 2, 0, 0, 3, 3, 1, 5, 23, 8, 8, 6, 0, 0, 0, 0, 13, 4, 2, 4, 2, 3, 0, 1, 8, 3, 2, 7, 0, 0, 0, 0, 0, 0, 0, 0, 2, 0, 0, 0, 1, 0, 0, 0, 2, 0, 0, 0, 0, 0, 0, 0, 0, 0, 0, 0, 1, 0, 0, 0, 1, 0, 0, 0, 
19, 1, 0, 0, 0, 0, 0, 0, 0, 0, 0, 0, 1, 0, 0, 0, 0, 1, 1, 3, 1, 0, 0, 0, 0, 12, 14, 10, 14, 8, 8, 9, 5, 0, 0, 0, 1, 1, 4, 5, 3, 32, 8, 4, 3, 9, 2, 1, 2, 3, 1, 0, 3, 9, 6, 1, 7, 22, 6, 13, 2, 2, 1, 1, 0, 1, 1, 11, 5, 4, 4, 0, 1, 5, 2, 0, 1, 2, 0, 0, 0, 0, 0, 0, 0, 0, 0, 0, 0, 0, 0, 0, 0, 0, 0, 0, 0, 1, 0, 0, 0, 1, 0, 0, 0, 0, 0, 0, 0, 0, 0, 0, 0, 
20, 0, 0, 0, 0, 1, 0, 0, 0, 1, 0, 0, 1, 0, 0, 0, 0, 1, 1, 0, 0, 1, 0, 0, 0, 13, 12, 18, 7, 5, 7, 10, 8, 2, 4, 2, 2, 5, 10, 2, 4, 28, 2, 7, 2, 7, 3, 5, 1, 0, 1, 0, 0, 5, 8, 4, 6, 17, 9, 3, 5, 1, 0, 1, 0, 3, 5, 4, 8, 11, 2, 1, 1, 3, 3, 4, 7, 0, 0, 0, 0, 4, 0, 0, 0, 2, 0, 0, 0, 0, 0, 0, 0, 1, 0, 0, 0, 1, 0, 0, 0, 0, 0, 0, 0, 1, 0, 0, 0, 0, 0, 0, 0, 
21, 0, 4, 1, 0, 4, 6, 0, 2, 1, 0, 0, 0, 0, 0, 0, 0, 0, 0, 1, 0, 0, 0, 0, 1, 20, 7, 18, 10, 7, 3, 2, 8, 2, 1, 4, 3, 27, 1, 4, 2, 25, 7, 5, 7, 0, 3, 3, 2, 2, 5, 4, 1, 5, 7, 5, 5, 16, 10, 8, 5, 0, 1, 1, 1, 7, 7, 5, 3, 7, 1, 0, 0, 3, 1, 3, 1, 1, 0, 0, 0, 0, 0, 0, 0, 0, 0, 0, 0, 0, 0, 0, 0, 1, 0, 0, 0, 0, 0, 0, 0, 0, 0, 0, 0, 0, 0, 0, 0, 1, 0, 0, 0, 
22, 1, 1, 0, 0, 0, 0, 0, 0, 2, 0, 0, 0, 0, 1, 1, 0, 0, 0, 0, 0, 0, 0, 1, 1, 12, 13, 8, 9, 8, 3, 3, 5, 1, 1, 3, 0, 28, 7, 2, 2, 44, 11, 4, 4, 0, 1, 0, 2, 2, 0, 5, 7, 5, 1, 6, 3, 20, 5, 5, 15, 3, 1, 2, 0, 0, 5, 4, 5, 7, 2, 1, 1, 6, 2, 2, 2, 1, 0, 0, 0, 0, 0, 0, 0, 0, 0, 0, 0, 0, 0, 0, 0, 0, 0, 0, 0, 0, 0, 0, 0, 1, 0, 0, 0, 1, 0, 0, 0, 2, 0, 0, 0, 
23, 0, 0, 1, 1, 2, 1, 0, 0, 0, 2, 0, 0, 0, 1, 0, 0, 2, 0, 0, 1, 0, 0, 0, 0, 12, 17, 18, 6, 7, 7, 6, 5, 5, 3, 2, 2, 42, 8, 6, 3, 37, 3, 3, 0, 0, 0, 0, 1, 4, 3, 4, 5, 1, 1, 2, 5, 18, 10, 9, 4, 1, 1, 2, 1, 5, 7, 4, 2, 0, 0, 1, 0, 8, 1, 1, 3, 1, 0, 0, 0, 1, 0, 0, 0, 0, 0, 0, 0, 1, 0, 0, 0, 1, 0, 0, 0, 0, 0, 0, 0, 0, 0, 0, 0, 1, 0, 0, 0, 1, 0, 0, 0, 
24, 0, 1, 0, 0, 0, 1, 0, 0, 0, 0, 0, 0, 1, 0, 0, 0, 0, 0, 0, 0, 0, 0, 0, 0, 8, 9, 4, 14, 16, 4, 2, 1, 1, 1, 0, 1, 60, 2, 3, 4, 26, 3, 4, 3, 4, 1, 0, 3, 1, 4, 2, 1, 13, 3, 1, 2, 18, 8, 9, 3, 1, 0, 2, 1, 8, 9, 7, 8, 5, 4, 1, 2, 9, 5, 2, 2, 1, 0, 0, 0, 2, 0, 0, 0, 1, 0, 0, 0, 2, 0, 0, 0, 1, 0, 0, 0, 0, 0, 0, 0, 1, 0, 0, 0, 0, 0, 0, 0, 3, 0, 0, 0, 
25, 1, 1, 1, 2, 0, 2, 5, 3, 3, 3, 1, 0, 0, 0, 1, 0, 0, 0, 0, 1, 1, 1, 0, 0, 11, 8, 14, 11, 5, 5, 2, 2, 6, 5, 4, 3, 55, 2, 2, 4, 21, 3, 5, 2, 0, 4, 1, 1, 4, 0, 0, 0, 0, 0, 2, 1, 21, 12, 7, 6, 1, 0, 1, 2, 10, 14, 5, 7, 9, 2, 3, 1, 14, 0, 2, 2, 0, 0, 0, 0, 0, 0, 0, 0, 0, 0, 0, 0, 1, 0, 0, 0, 1, 0, 0, 0, 0, 0, 0, 0, 0, 0, 0, 0, 0, 0, 0, 0, 2, 0, 0, 0, 
26, 0, 1, 0, 0, 0, 1, 1, 0, 1, 1, 0, 0, 0, 0, 0, 1, 0, 0, 0, 0, 0, 0, 0, 1, 17, 12, 6, 10, 3, 0, 2, 2, 7, 3, 9, 7, 57, 2, 2, 3, 29, 5, 3, 1, 1, 0, 1, 1, 0, 2, 1, 0, 2, 1, 1, 1, 15, 4, 4, 6, 0, 1, 0, 0, 8, 5, 7, 9, 14, 1, 1, 1, 7, 2, 4, 2, 8, 0, 0, 0, 1, 0, 0, 0, 0, 0, 0, 0, 1, 0, 0, 0, 0, 0, 0, 0, 0, 0, 0, 0, 0, 0, 0, 0, 0, 0, 0, 0, 1, 0, 0, 0, 
27, 0, 0, 0, 0, 0, 1, 0, 0, 0, 0, 0, 0, 0, 0, 0, 0, 1, 0, 0, 0, 2, 1, 0, 2, 12, 8, 12, 9, 1, 4, 4, 2, 13, 17, 12, 9, 46, 3, 6, 3, 27, 6, 6, 4, 1, 2, 1, 2, 2, 0, 1, 1, 2, 0, 0, 2, 12, 7, 8, 6, 4, 3, 2, 2, 10, 11, 6, 8, 7, 1, 4, 1, 3, 1, 3, 4, 0, 0, 0, 0, 3, 0, 0, 0, 3, 0, 0, 0, 0, 0, 0, 0, 1, 0, 0, 0, 0, 0, 0, 0, 1, 0, 0, 0, 0, 0, 0, 0, 1, 0, 0, 0, 
28, 0, 0, 0, 0, 0, 1, 1, 0, 0, 0, 1, 0, 1, 0, 0, 1, 0, 0, 0, 0, 0, 0, 0, 0, 8, 8, 15, 8, 2, 1, 3, 3, 26, 10, 11, 11, 39, 2, 3, 1, 32, 7, 7, 3, 1, 0, 4, 1, 1, 1, 1, 2, 11, 4, 2, 2, 18, 4, 4, 6, 1, 4, 2, 2, 12, 8, 11, 6, 1, 1, 2, 0, 7, 7, 3, 7, 2, 0, 0, 0, 1, 0, 0, 0, 2, 0, 0, 0, 0, 0, 0, 0, 0, 0, 0, 0, 1, 0, 0, 0, 1, 0, 0, 0, 0, 0, 0, 0, 1, 0, 0, 0, 
29, 0, 1, 0, 0, 1, 0, 1, 0, 0, 0, 1, 0, 2, 0, 1, 0, 0, 0, 0, 0, 0, 0, 1, 1, 15, 3, 9, 7, 0, 1, 2, 0, 28, 10, 6, 10, 34, 5, 2, 5, 23, 10, 2, 3, 2, 1, 0, 1, 2, 1, 0, 0, 18, 3, 3, 2, 19, 8, 5, 2, 1, 3, 0, 4, 24, 9, 9, 5, 0, 2, 2, 1, 11, 12, 6, 8, 0, 0, 0, 0, 1, 0, 0, 0, 0, 0, 0, 0, 0, 0, 0, 0, 1, 0, 0, 0, 1, 0, 0, 0, 0, 0, 0, 0, 0, 0, 0, 0, 2, 0, 0, 0, 
30, 3, 1, 0, 1, 0, 0, 0, 0, 0, 0, 1, 0, 1, 0, 0, 0, 0, 0, 0, 0, 0, 1, 0, 0, 8, 11, 10, 6, 5, 3, 3, 0, 16, 15, 10, 11, 36, 4, 0, 1, 38, 4, 5, 3, 2, 2, 2, 0, 1, 4, 2, 0, 13, 1, 0, 0, 14, 6, 7, 2, 0, 2, 0, 2, 21, 8, 10, 13, 7, 3, 1, 1, 18, 6, 5, 7, 0, 0, 0, 0, 1, 0, 0, 0, 0, 0, 0, 0, 0, 0, 0, 0, 1, 0, 0, 0, 1, 0, 0, 0, 1, 0, 0, 0, 1, 0, 0, 0, 0, 0, 0, 0, 
31, 1, 2, 3, 0, 0, 0, 0, 0, 0, 1, 0, 0, 0, 0, 0, 0, 4, 1, 1, 1, 0, 1, 1, 0, 8, 7, 10, 9, 3, 1, 3, 2, 18, 8, 14, 6, 48, 1, 7, 2, 32, 6, 3, 3, 0, 0, 0, 2, 1, 0, 1, 0, 16, 1, 3, 0, 14, 4, 7, 6, 3, 0, 3, 2, 19, 5, 7, 10, 10, 0, 2, 2, 18, 5, 3, 6, 0, 0, 0, 0, 1, 0, 0, 0, 0, 0, 0, 0, 1, 0, 0, 0, 0, 0, 0, 0, 1, 0, 0, 0, 2, 0, 0, 0, 0, 0, 0, 0, 1, 0, 0, 0, 
32, 0, 0, 0, 0, 0, 0, 1, 1, 1, 1, 0, 2, 0, 0, 2, 0, 1, 0, 0, 1, 0, 2, 0, 0, 13, 7, 5, 5, 1, 1, 2, 2, 21, 9, 7, 11, 54, 6, 5, 3, 31, 2, 9, 3, 0, 0, 0, 0, 0, 0, 0, 0, 21, 1, 1, 3, 1, 7, 0, 3, 3, 0, 4, 2, 13, 12, 12, 9, 0, 0, 0, 0, 6, 2, 5, 3, 1, 0, 0, 0, 2, 0, 0, 0, 0, 0, 0, 0, 2, 0, 0, 0, 1, 0, 0, 0, 0, 0, 0, 0, 0, 0, 0, 0, 1, 0, 0, 0, 1, 0, 0, 0, 
33, 0, 0, 2, 0, 1, 0, 0, 0, 0, 0, 0, 0, 0, 1, 1, 0, 1, 0, 0, 0, 1, 1, 1, 1, 11, 12, 11, 11, 4, 4, 2, 4, 17, 7, 8, 9, 47, 2, 3, 4, 28, 10, 7, 2, 0, 7, 1, 1, 1, 0, 7, 0, 13, 6, 1, 2, 3, 0, 4, 3, 8, 3, 3, 3, 11, 9, 11, 10, 13, 2, 2, 2, 0, 0, 1, 0, 1, 0, 0, 0, 1, 0, 0, 0, 1, 0, 0, 0, 0, 0, 0, 0, 0, 0, 0, 0, 0, 0, 0, 0, 0, 0, 0, 0, 0, 0, 0, 0, 0, 0, 0, 0, 
34, 1, 0, 0, 0, 1, 0, 0, 0, 1, 2, 0, 1, 0, 0, 0, 0, 0, 0, 0, 3, 1, 0, 1, 0, 6, 10, 7, 7, 4, 2, 4, 2, 7, 11, 6, 14, 39, 6, 2, 2, 27, 2, 6, 6, 4, 2, 2, 1, 2, 0, 1, 2, 23, 0, 1, 1, 3, 11, 7, 6, 1, 2, 1, 0, 10, 10, 10, 6, 3, 4, 0, 2, 0, 2, 1, 0, 0, 0, 0, 0, 0, 0, 0, 0, 0, 0, 0, 0, 0, 0, 0, 0, 1, 0, 0, 0, 0, 0, 0, 0, 0, 0, 0, 0, 0, 0, 0, 0, 1, 0, 0, 0, 
35, 0, 0, 0, 0, 2, 1, 0, 0, 1, 0, 0, 1, 0, 1, 0, 0, 1, 1, 2, 4, 1, 0, 0, 0, 12, 5, 9, 7, 0, 0, 0, 1, 14, 15, 8, 8, 34, 4, 3, 5, 32, 6, 2, 4, 3, 3, 2, 4, 1, 1, 0, 0, 17, 0, 1, 0, 8, 5, 11, 4, 0, 1, 2, 0, 25, 8, 5, 10, 0, 2, 1, 1, 2, 5, 0, 0, 2, 0, 0, 0, 0, 0, 0, 0, 1, 0, 0, 0, 1, 0, 0, 0, 3, 0, 0, 0, 0, 0, 0, 0, 0, 0, 0, 0, 2, 0, 0, 0, 1, 0, 0, 0, 
36, 0, 0, 1, 0, 0, 1, 0, 0, 1, 0, 1, 2, 0, 1, 0, 0, 0, 0, 2, 1, 0, 0, 0, 0, 11, 10, 4, 3, 0, 2, 2, 2, 30, 13, 13, 9, 25, 5, 3, 2, 33, 5, 6, 5, 0, 3, 5, 2, 0, 1, 0, 0, 20, 1, 1, 1, 9, 7, 8, 6, 0, 0, 0, 0, 26, 17, 5, 3, 0, 0, 0, 0, 0, 0, 2, 1, 1, 0, 0, 0, 1, 0, 0, 0, 0, 0, 0, 0, 1, 0, 0, 0, 0, 0, 0, 0, 0, 0, 0, 0, 2, 0, 0, 0, 2, 0, 0, 0, 0, 0, 0, 0, 
37, 0, 1, 0, 0, 0, 2, 0, 0, 0, 0, 0, 0, 0, 0, 1, 0, 0, 1, 0, 0, 2, 5, 2, 1, 5, 4, 4, 6, 3, 2, 0, 0, 30, 8, 8, 7, 28, 4, 3, 0, 29, 9, 3, 4, 0, 3, 0, 0, 3, 4, 7, 3, 16, 4, 0, 2, 10, 5, 7, 4, 2, 1, 3, 0, 38, 8, 5, 10, 1, 0, 0, 0, 2, 1, 0, 1, 3, 0, 0, 0, 0, 0, 0, 0, 2, 0, 0, 0, 0, 0, 0, 0, 0, 0, 0, 0, 1, 0, 0, 0, 1, 0, 0, 0, 2, 0, 0, 0, 2, 0, 0, 0, 
38, 0, 0, 0, 0, 1, 1, 1, 0, 0, 0, 0, 0, 0, 0, 0, 0, 0, 1, 0, 0, 1, 1, 0, 0, 6, 3, 8, 4, 1, 1, 5, 2, 20, 16, 14, 13, 21, 3, 5, 3, 45, 6, 5, 2, 6, 1, 1, 0, 0, 1, 5, 0, 7, 4, 2, 1, 9, 11, 10, 6, 3, 1, 0, 2, 41, 12, 10, 9, 2, 0, 0, 0, 2, 0, 0, 1, 0, 0, 0, 0, 1, 0, 0, 0, 1, 0, 0, 0, 2, 0, 0, 0, 1, 0, 0, 0, 4, 0, 0, 0, 0, 0, 0, 0, 0, 0, 0, 0, 0, 0, 0, 0, 
39, 3, 1, 0, 0, 0, 1, 0, 0, 0, 0, 0, 0, 0, 0, 0, 0, 0, 0, 0, 1, 0, 0, 0, 0, 12, 17, 3, 5, 5, 2, 1, 0, 38, 7, 7, 6, 17, 6, 2, 1, 48, 5, 0, 4, 10, 1, 0, 3, 3, 4, 5, 2, 6, 1, 0, 1, 6, 8, 12, 5, 4, 3, 3, 2, 47, 9, 8, 4, 2, 0, 0, 0, 0, 1, 1, 2, 0, 0, 0, 0, 1, 0, 0, 0, 1, 0, 0, 0, 0, 0, 0, 0, 2, 0, 0, 0, 0, 0, 0, 0, 1, 0, 0, 0, 3, 0, 0, 0, 1, 0, 0, 0, 
40, 0, 0, 0, 0, 1, 1, 0, 0, 1, 1, 1, 1, 1, 1, 0, 0, 0, 5, 0, 1, 0, 0, 0, 0, 21, 2, 5, 2, 2, 1, 1, 0, 37, 14, 8, 14, 28, 3, 3, 4, 47, 5, 3, 8, 1, 1, 0, 0, 0, 0, 0, 0, 9, 1, 1, 2, 7, 7, 10, 10, 1, 0, 0, 1, 36, 10, 16, 6, 1, 1, 2, 0, 4, 3, 1, 4, 1, 0, 0, 0, 0, 0, 0, 0, 4, 0, 0, 0, 0, 0, 0, 0, 1, 0, 0, 0, 2, 0, 0, 0, 3, 0, 0, 0, 2, 0, 0, 0, 3, 0, 0, 0, 
41, 0, 0, 0, 1, 4, 3, 2, 0, 0, 0, 0, 1, 1, 2, 0, 0, 0, 0, 2, 1, 0, 2, 0, 1, 7, 6, 10, 6, 0, 0, 0, 0, 35, 13, 11, 10, 4, 4, 5, 1, 62, 5, 4, 6, 1, 1, 1, 0, 9, 3, 7, 3, 3, 2, 2, 1, 4, 10, 8, 5, 4, 2, 4, 1, 45, 9, 7, 8, 2, 1, 1, 4, 2, 3, 3, 4, 0, 0, 0, 0, 0, 0, 0, 0, 1, 0, 0, 0, 0, 0, 0, 0, 1, 0, 0, 0, 0, 0, 0, 0, 0, 0, 0, 0, 2, 0, 0, 0, 1, 0, 0, 0, 
42, 0, 1, 0, 0, 0, 1, 1, 1, 0, 0, 0, 1, 2, 0, 2, 0, 0, 0, 0, 0, 0, 0, 0, 0, 9, 10, 7, 8, 1, 0, 0, 0, 47, 7, 8, 8, 0, 1, 0, 1, 60, 8, 3, 5, 0, 2, 2, 0, 5, 7, 4, 2, 0, 0, 1, 0, 6, 5, 8, 3, 1, 1, 3, 0, 57, 10, 7, 5, 2, 4, 3, 1, 1, 2, 7, 3, 0, 0, 0, 0, 0, 0, 0, 0, 0, 0, 0, 0, 0, 0, 0, 0, 2, 0, 0, 0, 0, 0, 0, 0, 0, 0, 0, 0, 1, 0, 0, 0, 1, 0, 0, 0, 
43, 0, 0, 1, 1, 1, 0, 1, 1, 0, 0, 0, 0, 0, 1, 2, 2, 0, 1, 0, 0, 1, 0, 0, 0, 4, 7, 5, 8, 0, 0, 1, 0, 49, 9, 15, 13, 4, 1, 1, 0, 58, 5, 7, 2, 3, 1, 0, 0, 10, 7, 6, 5, 3, 0, 2, 2, 9, 4, 2, 0, 2, 0, 3, 1, 43, 8, 5, 6, 1, 2, 0, 1, 2, 1, 1, 0, 1, 0, 0, 0, 1, 0, 0, 0, 0, 0, 0, 0, 2, 0, 0, 0, 0, 0, 0, 0, 0, 0, 0, 0, 1, 0, 0, 0, 0, 0, 0, 0, 0, 0, 0, 0, 
44, 0, 1, 0, 1, 1, 0, 0, 0, 0, 0, 0, 0, 0, 1, 0, 0, 0, 0, 0, 0, 1, 0, 0, 0, 4, 7, 2, 4, 2, 0, 1, 2, 55, 3, 7, 3, 0, 2, 1, 0, 64, 9, 3, 4, 0, 1, 2, 1, 3, 2, 7, 3, 3, 0, 1, 3, 6, 6, 3, 2, 3, 1, 1, 0, 46, 10, 8, 6, 1, 1, 1, 0, 0, 0, 2, 3, 1, 0, 0, 0, 1, 0, 0, 0, 0, 0, 0, 0, 0, 0, 0, 0, 0, 0, 0, 0, 0, 0, 0, 0, 5, 0, 0, 0, 0, 0, 0, 0, 1, 0, 0, 0, 
45, 1, 3, 2, 1, 2, 1, 0, 0, 3, 0, 2, 2, 1, 0, 0, 0, 0, 0, 0, 0, 0, 0, 0, 0, 4, 1, 3, 2, 1, 0, 2, 0, 39, 18, 6, 11, 6, 1, 0, 3, 60, 3, 3, 3, 9, 6, 5, 2, 3, 2, 4, 3, 0, 1, 1, 2, 0, 1, 2, 3, 2, 0, 0, 0, 39, 11, 8, 5, 1, 0, 2, 2, 0, 5, 2, 4, 3, 0, 0, 0, 1, 0, 0, 0, 0, 0, 0, 0, 1, 0, 0, 0, 1, 0, 0, 0, 0, 0, 0, 0, 2, 0, 0, 0, 0, 0, 0, 0, 0, 0, 0, 0, 
46, 0, 0, 0, 1, 2, 0, 2, 1, 0, 1, 2, 0, 0, 0, 0, 0, 0, 0, 0, 0, 0, 0, 2, 1, 2, 0, 3, 1, 4, 5, 1, 1, 38, 9, 8, 5, 0, 1, 0, 0, 64, 6, 1, 4, 2, 5, 4, 5, 14, 5, 2, 1, 2, 0, 1, 2, 0, 0, 0, 0, 1, 0, 1, 2, 40, 9, 8, 6, 1, 2, 3, 1, 4, 4, 4, 3, 2, 0, 0, 0, 0, 0, 0, 0, 0, 0, 0, 0, 1, 0, 0, 0, 5, 0, 0, 0, 0, 0, 0, 0, 1, 0, 0, 0, 2, 0, 0, 0, 1, 0, 0, 0, 
47, 2, 0, 2, 1, 0, 1, 1, 2, 1, 0, 0, 0, 0, 1, 0, 0, 0, 1, 0, 0, 0, 0, 0, 0, 0, 0, 1, 0, 6, 1, 1, 1, 39, 5, 9, 14, 10, 1, 1, 0, 58, 7, 7, 6, 8, 3, 5, 9, 6, 3, 7, 7, 9, 3, 1, 0, 1, 1, 1, 1, 0, 0, 0, 0, 40, 6, 10, 3, 3, 0, 1, 1, 3, 5, 3, 8, 1, 0, 0, 0, 1, 0, 0, 0, 0, 0, 0, 0, 0, 0, 0, 0, 2, 0, 0, 0, 0, 0, 0, 0, 1, 0, 0, 0, 0, 0, 0, 0, 0, 0, 0, 0, 
48, 3, 2, 0, 1, 2, 1, 0, 0, 1, 0, 0, 0, 0, 0, 0, 0, 0, 1, 0, 0, 0, 0, 0, 0, 0, 0, 2, 4, 1, 1, 4, 1, 29, 10, 14, 13, 7, 1, 0, 2, 54, 1, 7, 5, 8, 4, 2, 7, 4, 3, 2, 2, 7, 3, 1, 1, 6, 1, 2, 1, 4, 5, 3, 3, 39, 8, 11, 3, 1, 1, 0, 1, 5, 2, 3, 5, 0, 0, 0, 0, 1, 0, 0, 0, 1, 0, 0, 0, 3, 0, 0, 0, 1, 0, 0, 0, 0, 0, 0, 0, 1, 0, 0, 0, 2, 0, 0, 0, 3, 0, 0, 0, 
49, 0, 0, 0, 0, 0, 0, 0, 0, 2, 3, 0, 1, 0, 0, 1, 1, 1, 0, 0, 0, 1, 0, 0, 0, 5, 2, 1, 3, 5, 3, 0, 3, 29, 11, 13, 12, 17, 1, 0, 2, 56, 1, 5, 4, 7, 3, 5, 7, 3, 2, 4, 0, 16, 1, 4, 2, 0, 1, 0, 1, 10, 8, 3, 3, 37, 4, 9, 8, 2, 2, 2, 2, 1, 2, 0, 1, 1, 0, 0, 0, 2, 0, 0, 0, 0, 0, 0, 0, 0, 0, 0, 0, 1, 0, 0, 0, 0, 0, 0, 0, 1, 0, 0, 0, 2, 0, 0, 0, 3, 0, 0, 0, 
50, 3, 0, 0, 0, 1, 2, 0, 2, 0, 0, 0, 0, 0, 2, 0, 0, 0, 0, 0, 1, 0, 0, 1, 1, 7, 2, 1, 2, 3, 1, 2, 3, 32, 7, 7, 11, 13, 0, 0, 1, 41, 4, 5, 0, 10, 4, 8, 4, 1, 1, 4, 0, 28, 8, 0, 2, 2, 4, 2, 2, 10, 5, 0, 1, 31, 8, 5, 4, 9, 3, 1, 0, 4, 3, 3, 0, 2, 0, 0, 0, 3, 0, 0, 0, 1, 0, 0, 0, 0, 0, 0, 0, 0, 0, 0, 0, 0, 0, 0, 0, 2, 0, 0, 0, 1, 0, 0, 0, 1, 0, 0, 0, 
51, 1, 0, 0, 1, 1, 1, 2, 1, 0, 0, 0, 0, 0, 0, 0, 0, 1, 0, 0, 0, 1, 0, 0, 0, 4, 3, 4, 2, 4, 5, 3, 4, 12, 8, 9, 10, 2, 0, 3, 5, 33, 7, 3, 1, 13, 4, 12, 8, 1, 3, 2, 1, 9, 3, 1, 1, 0, 0, 0, 0, 1, 4, 2, 2, 36, 20, 7, 3, 5, 0, 3, 1, 13, 3, 6, 5, 1, 0, 0, 0, 1, 0, 0, 0, 3, 0, 0, 0, 1, 0, 0, 0, 0, 0, 0, 0, 0, 0, 0, 0, 1, 0, 0, 0, 0, 0, 0, 0, 2, 0, 0, 0, 
52, 2, 8, 3, 1, 0, 0, 0, 0, 0, 0, 0, 1, 0, 0, 0, 0, 1, 0, 0, 1, 0, 0, 0, 0, 6, 2, 5, 6, 1, 1, 1, 0, 5, 9, 10, 10, 2, 2, 0, 1, 35, 3, 3, 2, 15, 14, 5, 9, 2, 6, 3, 3, 18, 1, 4, 0, 3, 7, 2, 4, 2, 1, 1, 1, 35, 11, 10, 9, 5, 3, 2, 2, 11, 2, 5, 5, 1, 0, 0, 0, 0, 0, 0, 0, 1, 0, 0, 0, 3, 0, 0, 0, 0, 0, 0, 0, 0, 0, 0, 0, 2, 0, 0, 0, 1, 0, 0, 0, 2, 0, 0, 0, 
53, 1, 1, 1, 0, 1, 0, 0, 0, 0, 1, 0, 0, 0, 1, 2, 0, 0, 0, 0, 0, 0, 0, 1, 1, 6, 5, 5, 7, 2, 1, 3, 0, 8, 10, 8, 7, 2, 2, 4, 4, 31, 6, 3, 2, 18, 11, 11, 15, 5, 5, 4, 3, 20, 3, 2, 2, 4, 1, 4, 0, 0, 2, 0, 0, 49, 6, 6, 9, 11, 0, 1, 0, 7, 4, 5, 2, 2, 0, 0, 0, 1, 0, 0, 0, 2, 0, 0, 0, 1, 0, 0, 0, 1, 0, 0, 0, 0, 0, 0, 0, 1, 0, 0, 0, 1, 0, 0, 0, 0, 0, 0, 0, 
54, 0, 2, 1, 0, 1, 0, 0, 0, 0, 1, 0, 0, 0, 0, 0, 0, 0, 1, 0, 1, 0, 0, 0, 0, 1, 6, 3, 5, 3, 0, 5, 1, 8, 9, 5, 6, 6, 5, 1, 2, 33, 3, 4, 4, 12, 16, 23, 14, 10, 5, 3, 4, 11, 2, 1, 1, 2, 2, 2, 1, 6, 2, 2, 2, 63, 7, 7, 8, 17, 0, 2, 1, 8, 2, 2, 6, 0, 0, 0, 0, 0, 0, 0, 0, 0, 0, 0, 0, 2, 0, 0, 0, 2, 0, 0, 0, 1, 0, 0, 0, 1, 0, 0, 0, 2, 0, 0, 0, 1, 0, 0, 0, 
55, 1, 1, 0, 2, 1, 2, 0, 0, 0, 0, 0, 0, 2, 0, 1, 1, 0, 0, 0, 0, 0, 1, 0, 0, 1, 0, 2, 1, 6, 1, 5, 3, 6, 10, 6, 3, 2, 1, 0, 1, 38, 5, 9, 5, 30, 8, 15, 16, 6, 8, 11, 8, 15, 2, 4, 0, 1, 1, 0, 1, 1, 1, 1, 3, 61, 9, 6, 6, 14, 1, 1, 1, 10, 5, 2, 5, 1, 0, 0, 0, 1, 0, 0, 0, 3, 0, 0, 0, 2, 0, 0, 0, 1, 0, 0, 0, 1, 0, 0, 0, 1, 0, 0, 0, 2, 0, 0, 0, 1, 0, 0, 0, 
56, 2, 5, 2, 0, 0, 0, 0, 1, 0, 1, 0, 0, 0, 0, 0, 0, 0, 0, 0, 0, 0, 0, 0, 0, 1, 3, 1, 2, 2, 2, 1, 4, 3, 7, 3, 4, 0, 2, 3, 2, 31, 1, 4, 4, 25, 10, 12, 10, 10, 15, 13, 8, 21, 2, 0, 0, 3, 3, 2, 1, 6, 3, 5, 5, 54, 6, 6, 9, 7, 2, 1, 1, 20, 4, 2, 0, 2, 0, 0, 0, 0, 0, 0, 0, 6, 0, 0, 0, 0, 0, 0, 0, 0, 0, 0, 0, 0, 0, 0, 0, 0, 0, 0, 0, 1, 0, 0, 0, 1, 0, 0, 0, 
57, 0, 2, 0, 0, 0, 0, 0, 0, 0, 0, 0, 1, 2, 0, 0, 0, 0, 3, 1, 0, 1, 1, 0, 0, 1, 1, 0, 0, 1, 2, 2, 1, 6, 1, 3, 2, 0, 3, 5, 1, 7, 6, 4, 3, 13, 21, 13, 15, 16, 10, 11, 12, 24, 2, 0, 1, 4, 5, 4, 5, 16, 7, 6, 1, 45, 3, 4, 7, 10, 5, 2, 2, 16, 0, 1, 2, 3, 0, 0, 0, 0, 0, 0, 0, 0, 0, 0, 0, 1, 0, 0, 0, 0, 0, 0, 0, 1, 0, 0, 0, 0, 0, 0, 0, 0, 0, 0, 0, 0, 0, 0, 0, 
58, 2, 2, 0, 2, 0, 0, 0, 0, 0, 1, 0, 0, 0, 1, 0, 1, 0, 1, 1, 2, 0, 0, 0, 0, 4, 0, 0, 0, 0, 0, 0, 1, 17, 4, 2, 1, 0, 0, 1, 0, 1, 4, 2, 1, 17, 12, 9, 10, 9, 9, 12, 13, 19, 1, 2, 3, 5, 3, 5, 5, 32, 6, 4, 6, 21, 3, 7, 7, 8, 1, 0, 0, 16, 2, 1, 4, 0, 0, 0, 0, 0, 0, 0, 0, 1, 0, 0, 0, 0, 0, 0, 0, 0, 0, 0, 0, 1, 0, 0, 0, 0, 0, 0, 0, 1, 0, 0, 0, 2, 0, 0, 0, 
59, 0, 0, 0, 0, 0, 0, 0, 0, 0, 1, 0, 0, 1, 0, 1, 0, 2, 2, 0, 0, 1, 0, 1, 0, 2, 3, 2, 7, 2, 3, 3, 1, 17, 3, 3, 0, 1, 0, 1, 0, 3, 4, 5, 4, 12, 8, 14, 8, 8, 14, 14, 13, 14, 2, 6, 0, 5, 3, 1, 3, 23, 1, 6, 5, 16, 3, 5, 6, 12, 2, 0, 0, 1, 0, 0, 2, 0, 0, 0, 0, 1, 0, 0, 0, 1, 0, 0, 0, 0, 0, 0, 0, 2, 0, 0, 0, 2, 0, 0, 0, 0, 0, 0, 0, 1, 0, 0, 0, 2, 0, 0, 0, 
60, 0, 0, 0, 0, 0, 0, 0, 0, 0, 0, 1, 0, 4, 0, 0, 0, 1, 0, 0, 1, 0, 1, 1, 0, 8, 10, 4, 5, 4, 2, 4, 8, 20, 2, 3, 2, 3, 0, 1, 1, 6, 3, 2, 5, 20, 16, 12, 7, 6, 13, 10, 12, 1, 0, 2, 1, 7, 3, 1, 4, 23, 6, 4, 5, 8, 8, 9, 7, 1, 0, 0, 1, 4, 2, 0, 1, 0, 0, 0, 0, 0, 0, 0, 0, 0, 0, 0, 0, 0, 0, 0, 0, 2, 0, 0, 0, 3, 0, 0, 0, 0, 0, 0, 0, 1, 0, 0, 0, 0, 0, 0, 0, 
61, 2, 0, 0, 0, 1, 0, 1, 1, 1, 1, 3, 1, 0, 0, 0, 0, 0, 0, 0, 0, 0, 0, 0, 0, 5, 8, 4, 3, 4, 6, 5, 6, 20, 2, 0, 2, 6, 2, 1, 2, 5, 4, 2, 4, 15, 15, 14, 15, 6, 11, 9, 8, 1, 0, 1, 1, 1, 7, 2, 3, 26, 3, 8, 7, 12, 12, 5, 8, 3, 0, 1, 1, 6, 3, 0, 2, 1, 0, 0, 0, 0, 0, 0, 0, 1, 0, 0, 0, 0, 0, 0, 0, 2, 0, 0, 0, 1, 0, 0, 0, 2, 0, 0, 0, 2, 0, 0, 0, 0, 0, 0, 0, 
62, 1, 1, 2, 1, 0, 0, 0, 0, 0, 0, 0, 1, 0, 1, 0, 1, 0, 0, 0, 0, 0, 0, 0, 0, 4, 7, 6, 4, 7, 7, 8, 4, 1, 5, 2, 3, 1, 1, 0, 1, 6, 0, 0, 0, 8, 13, 17, 14, 8, 6, 11, 7, 2, 1, 1, 0, 7, 5, 5, 4, 32, 3, 8, 5, 8, 15, 16, 10, 0, 1, 2, 0, 0, 0, 0, 0, 1, 0, 0, 0, 0, 0, 0, 0, 0, 0, 0, 0, 0, 0, 0, 0, 0, 0, 0, 0, 1, 0, 0, 0, 1, 0, 0, 0, 2, 0, 0, 0, 0, 0, 0, 0, 
63, 1, 0, 2, 0, 0, 1, 0, 1, 0, 0, 0, 1, 0, 0, 1, 0, 0, 0, 1, 0, 1, 1, 0, 0, 3, 5, 3, 2, 8, 8, 1, 2, 3, 1, 1, 0, 2, 1, 1, 0, 0, 1, 1, 2, 13, 23, 8, 9, 4, 9, 6, 6, 1, 0, 0, 1, 2, 5, 5, 4, 21, 4, 5, 5, 12, 13, 8, 9, 8, 2, 6, 2, 1, 1, 0, 1, 0, 0, 0, 0, 1, 0, 0, 0, 1, 0, 0, 0, 2, 0, 0, 0, 1, 0, 0, 0, 0, 0, 0, 0, 2, 0, 0, 0, 1, 0, 0, 0, 0, 0, 0, 0, 
64, 0, 0, 1, 0, 4, 1, 0, 0, 0, 0, 0, 0, 1, 0, 1, 0, 1, 0, 0, 0, 2, 0, 1, 1, 10, 4, 5, 6, 1, 0, 4, 2, 1, 3, 0, 1, 3, 3, 4, 4, 0, 0, 1, 0, 19, 20, 11, 16, 6, 4, 5, 7, 1, 2, 0, 2, 3, 9, 4, 4, 8, 8, 2, 5, 13, 11, 11, 8, 4, 3, 3, 5, 0, 1, 2, 1, 1, 0, 0, 0, 0, 0, 0, 0, 2, 0, 0, 0, 0, 0, 0, 0, 1, 0, 0, 0, 1, 0, 0, 0, 0, 0, 0, 0, 0, 0, 0, 0, 2, 0, 0, 0, 
65, 0, 1, 2, 1, 4, 2, 2, 1, 0, 0, 0, 0, 1, 1, 0, 0, 0, 0, 0, 0, 0, 0, 0, 0, 12, 5, 5, 3, 0, 1, 1, 0, 7, 2, 4, 0, 12, 3, 3, 5, 4, 2, 2, 1, 18, 16, 14, 12, 2, 1, 1, 2, 2, 0, 1, 2, 1, 4, 5, 0, 9, 7, 2, 7, 8, 20, 11, 11, 10, 4, 3, 4, 0, 1, 0, 0, 3, 0, 0, 0, 0, 0, 0, 0, 0, 0, 0, 0, 0, 0, 0, 0, 0, 0, 0, 0, 1, 0, 0, 0, 1, 0, 0, 0, 2, 0, 0, 0, 0, 0, 0, 0, 
66, 1, 0, 0, 0, 0, 1, 1, 1, 0, 0, 0, 0, 2, 0, 2, 0, 0, 0, 0, 1, 1, 1, 0, 0, 1, 5, 4, 2, 3, 0, 0, 0, 18, 7, 1, 1, 3, 4, 1, 4, 1, 7, 2, 2, 20, 11, 15, 18, 5, 2, 1, 4, 1, 1, 0, 3, 2, 0, 0, 2, 10, 7, 8, 5, 17, 11, 9, 6, 14, 3, 3, 3, 3, 2, 2, 3, 0, 0, 0, 0, 1, 0, 0, 0, 1, 0, 0, 0, 1, 0, 0, 0, 2, 0, 0, 0, 2, 0, 0, 0, 1, 0, 0, 0, 0, 0, 0, 0, 0, 0, 0, 0, 
67, 0, 0, 0, 1, 0, 2, 0, 0, 0, 1, 0, 1, 1, 0, 1, 0, 0, 1, 0, 1, 1, 0, 0, 0, 3, 2, 1, 0, 0, 1, 1, 0, 2, 5, 3, 1, 6, 3, 3, 4, 3, 3, 6, 2, 29, 16, 18, 15, 0, 1, 3, 0, 2, 10, 2, 2, 23, 3, 2, 0, 25, 4, 4, 6, 9, 10, 6, 9, 5, 5, 4, 3, 4, 5, 2, 3, 1, 0, 0, 0, 0, 0, 0, 0, 0, 0, 0, 0, 0, 0, 0, 0, 0, 0, 0, 0, 0, 0, 0, 0, 1, 0, 0, 0, 0, 0, 0, 0, 1, 0, 0, 0, 
68, 6, 1, 1, 1, 1, 2, 1, 1, 2, 2, 1, 0, 0, 0, 1, 0, 1, 0, 3, 1, 1, 0, 1, 0, 6, 3, 5, 3, 6, 2, 0, 0, 2, 0, 5, 1, 11, 2, 4, 4, 3, 0, 4, 3, 17, 16, 16, 10, 0, 0, 2, 0, 12, 1, 1, 3, 24, 8, 2, 3, 20, 4, 5, 3, 11, 15, 11, 10, 8, 3, 4, 4, 4, 1, 4, 4, 0, 0, 0, 0, 1, 0, 0, 0, 1, 0, 0, 0, 1, 0, 0, 0, 0, 0, 0, 0, 0, 0, 0, 0, 0, 0, 0, 0, 0, 0, 0, 0, 0, 0, 0, 0, 
69, 0, 0, 3, 0, 0, 2, 0, 0, 0, 0, 1, 0, 1, 2, 0, 2, 0, 1, 1, 0, 0, 0, 0, 1, 2, 1, 3, 0, 2, 1, 1, 0, 2, 4, 1, 0, 1, 2, 0, 3, 9, 2, 3, 2, 10, 13, 12, 15, 11, 1, 0, 0, 25, 0, 0, 1, 30, 0, 1, 2, 32, 3, 6, 6, 30, 8, 11, 4, 5, 5, 3, 3, 10, 1, 2, 4, 1, 0, 0, 0, 0, 0, 0, 0, 3, 0, 0, 0, 3, 0, 0, 0, 1, 0, 0, 0, 0, 0, 0, 0, 1, 0, 0, 0, 0, 0, 0, 0, 2, 0, 0, 0, 
70, 4, 2, 1, 1, 1, 0, 0, 1, 1, 0, 0, 1, 0, 0, 0, 0, 0, 0, 0, 0, 0, 0, 0, 0, 3, 4, 7, 3, 7, 0, 1, 4, 6, 0, 3, 1, 0, 0, 0, 0, 20, 0, 2, 1, 13, 12, 15, 13, 4, 0, 0, 1, 26, 1, 1, 1, 14, 1, 2, 2, 36, 5, 7, 5, 29, 7, 10, 11, 7, 6, 4, 7, 2, 4, 5, 2, 2, 0, 0, 0, 0, 0, 0, 0, 0, 0, 0, 0, 0, 0, 0, 0, 0, 0, 0, 0, 1, 0, 0, 0, 0, 0, 0, 0, 0, 0, 0, 0, 0, 0, 0, 0, 
71, 0, 0, 0, 0, 0, 0, 0, 1, 0, 0, 0, 0, 0, 0, 1, 0, 2, 0, 1, 0, 0, 0, 0, 0, 0, 0, 3, 2, 5, 2, 3, 0, 2, 0, 1, 1, 1, 1, 0, 0, 21, 1, 4, 1, 15, 7, 9, 17, 2, 3, 0, 3, 26, 3, 3, 2, 21, 3, 1, 1, 26, 4, 4, 1, 29, 19, 6, 6, 3, 8, 11, 3, 7, 6, 5, 3, 0, 0, 0, 0, 0, 0, 0, 0, 0, 0, 0, 0, 1, 0, 0, 0, 1, 0, 0, 0, 1, 0, 0, 0, 2, 0, 0, 0, 1, 0, 0, 0, 1, 0, 0, 0, 
72, 1, 0, 0, 1, 1, 0, 1, 1, 0, 0, 1, 1, 0, 1, 1, 0, 1, 2, 0, 0, 1, 0, 0, 0, 0, 2, 2, 1, 10, 1, 2, 2, 1, 5, 2, 2, 2, 1, 2, 0, 18, 2, 2, 1, 11, 11, 17, 12, 1, 2, 4, 3, 15, 1, 0, 4, 14, 2, 0, 2, 19, 6, 5, 0, 27, 6, 5, 7, 13, 10, 15, 5, 3, 4, 4, 6, 1, 0, 0, 0, 1, 0, 0, 0, 1, 0, 0, 0, 1, 0, 0, 0, 0, 0, 0, 0, 0, 0, 0, 0, 1, 0, 0, 0, 1, 0, 0, 0, 0, 0, 0, 0, 
73, 0, 1, 1, 0, 1, 0, 0, 2, 0, 0, 0, 0, 1, 1, 0, 0, 0, 0, 0, 0, 0, 0, 2, 4, 24, 6, 3, 0, 4, 4, 0, 2, 9, 9, 5, 4, 0, 0, 0, 1, 16, 1, 4, 5, 12, 14, 18, 6, 3, 3, 2, 1, 8, 1, 5, 1, 5, 1, 0, 1, 2, 4, 3, 5, 11, 5, 12, 5, 13, 11, 11, 4, 7, 2, 0, 2, 1, 0, 0, 0, 3, 0, 0, 0, 0, 0, 0, 0, 0, 0, 0, 0, 0, 0, 0, 0, 0, 0, 0, 0, 0, 0, 0, 0, 1, 0, 0, 0, 1, 0, 0, 0, 
74, 0, 0, 2, 0, 4, 0, 1, 1, 0, 0, 0, 1, 2, 0, 0, 0, 1, 0, 0, 0, 1, 0, 0, 0, 28, 0, 1, 1, 15, 5, 3, 1, 9, 9, 10, 5, 6, 1, 1, 1, 11, 5, 1, 4, 13, 8, 5, 10, 1, 0, 0, 0, 0, 2, 2, 1, 11, 2, 0, 2, 4, 6, 2, 1, 15, 10, 8, 5, 5, 7, 7, 5, 14, 0, 0, 1, 4, 0, 0, 0, 1, 0, 0, 0, 0, 0, 0, 0, 2, 0, 0, 0, 1, 0, 0, 0, 0, 0, 0, 0, 2, 0, 0, 0, 0, 0, 0, 0, 0, 0, 0, 0, 
75, 0, 0, 0, 0, 0, 0, 0, 0, 0, 0, 0, 0, 2, 1, 0, 1, 0, 2, 0, 0, 1, 0, 0, 1, 22, 2, 3, 5, 23, 1, 4, 0, 8, 7, 6, 6, 2, 5, 0, 2, 1, 4, 3, 1, 9, 14, 7, 5, 0, 5, 3, 3, 4, 0, 2, 1, 12, 1, 1, 1, 5, 3, 0, 4, 21, 8, 3, 6, 10, 4, 5, 5, 22, 4, 2, 2, 0, 0, 0, 0, 2, 0, 0, 0, 1, 0, 0, 0, 0, 0, 0, 0, 1, 0, 0, 0, 3, 0, 0, 0, 1, 0, 0, 0, 0, 0, 0, 0, 0, 0, 0, 0, 
76, 0, 2, 0, 0, 0, 0, 0, 0, 1, 1, 0, 0, 0, 0, 1, 0, 0, 0, 0, 0, 0, 3, 0, 2, 21, 2, 1, 0, 23, 3, 2, 2, 7, 6, 5, 11, 4, 3, 2, 3, 4, 6, 2, 2, 4, 8, 4, 4, 1, 0, 0, 0, 10, 2, 0, 0, 28, 0, 2, 1, 5, 3, 2, 7, 16, 5, 6, 9, 3, 2, 5, 1, 40, 1, 0, 0, 2, 0, 0, 0, 1, 0, 0, 0, 1, 0, 0, 0, 2, 0, 0, 0, 0, 0, 0, 0, 0, 0, 0, 0, 0, 0, 0, 0, 1, 0, 0, 0, 2, 0, 0, 0, 
77, 1, 1, 1, 0, 0, 0, 0, 0, 0, 0, 0, 0, 0, 0, 0, 0, 1, 0, 1, 0, 1, 0, 0, 0, 1, 1, 1, 1, 29, 3, 2, 2, 6, 3, 7, 4, 4, 1, 1, 0, 13, 5, 3, 2, 7, 5, 3, 4, 0, 0, 0, 1, 9, 1, 0, 1, 29, 2, 1, 1, 15, 7, 5, 7, 6, 11, 11, 8, 2, 0, 7, 3, 42, 3, 1, 0, 0, 0, 0, 0, 2, 0, 0, 0, 3, 0, 0, 0, 0, 0, 0, 0, 0, 0, 0, 0, 0, 0, 0, 0, 1, 0, 0, 0, 0, 0, 0, 0, 2, 0, 0, 0, 
78, 0, 0, 0, 0, 1, 0, 0, 0, 0, 0, 0, 1, 1, 0, 1, 0, 1, 1, 0, 0, 0, 0, 0, 0, 2, 0, 2, 1, 36, 4, 0, 1, 6, 2, 3, 6, 1, 0, 3, 4, 3, 3, 8, 2, 9, 7, 5, 5, 2, 1, 0, 2, 25, 4, 1, 3, 20, 1, 1, 0, 8, 10, 8, 10, 18, 11, 5, 10, 7, 6, 6, 2, 35, 1, 0, 0, 1, 0, 0, 0, 0, 0, 0, 0, 0, 0, 0, 0, 0, 0, 0, 0, 0, 0, 0, 0, 1, 0, 0, 0, 0, 0, 0, 0, 0, 0, 0, 0, 0, 0, 0, 0, 
79, 2, 1, 0, 1, 0, 0, 0, 0, 0, 0, 0, 0, 0, 0, 0, 1, 0, 0, 0, 0, 1, 0, 0, 0, 0, 2, 4, 0, 27, 0, 1, 3, 5, 3, 5, 3, 1, 2, 2, 3, 3, 2, 4, 3, 5, 3, 5, 2, 1, 2, 1, 0, 28, 7, 0, 2, 33, 3, 2, 3, 8, 7, 12, 7, 19, 10, 8, 8, 10, 5, 9, 7, 8, 0, 0, 0, 0, 0, 0, 0, 0, 0, 0, 0, 3, 0, 0, 0, 4, 0, 0, 0, 1, 0, 0, 0, 1, 0, 0, 0, 0, 0, 0, 0, 1, 0, 0, 0, 0, 0, 0, 0, 
80, 0, 0, 0, 1, 10, 0, 0, 2, 0, 0, 1, 1, 2, 0, 0, 0, 1, 0, 0, 0, 0, 0, 0, 0, 2, 1, 1, 2, 31, 2, 1, 2, 1, 2, 1, 2, 12, 4, 1, 5, 1, 1, 2, 1, 0, 0, 0, 0, 10, 2, 2, 2, 33, 1, 3, 0, 40, 3, 0, 1, 9, 9, 8, 11, 33, 10, 5, 5, 10, 13, 9, 11, 4, 4, 5, 0, 1, 0, 0, 0, 0, 0, 0, 0, 1, 0, 0, 0, 0, 0, 0, 0, 6, 0, 0, 0, 2, 0, 0, 0, 2, 0, 0, 0, 2, 0, 0, 0, 0, 0, 0, 0, 
81, 1, 1, 1, 1, 1, 2, 4, 1, 0, 0, 0, 3, 0, 1, 1, 0, 0, 0, 0, 0, 0, 0, 0, 0, 0, 0, 0, 1, 41, 6, 0, 1, 4, 3, 3, 2, 1, 0, 1, 1, 3, 2, 2, 1, 0, 2, 1, 0, 4, 3, 8, 4, 27, 1, 0, 1, 36, 1, 0, 0, 15, 11, 12, 10, 24, 10, 3, 9, 13, 2, 8, 4, 18, 5, 1, 0, 0, 0, 0, 0, 2, 0, 0, 0, 1, 0, 0, 0, 0, 0, 0, 0, 0, 0, 0, 0, 0, 0, 0, 0, 1, 0, 0, 0, 2, 0, 0, 0, 1, 0, 0, 0, 
82, 1, 3, 1, 0, 1, 1, 3, 1, 1, 0, 1, 1, 0, 0, 0, 0, 0, 2, 1, 0, 0, 0, 0, 0, 0, 0, 1, 2, 39, 1, 2, 1, 2, 2, 2, 1, 6, 10, 6, 6, 0, 0, 0, 0, 7, 2, 2, 2, 5, 3, 3, 4, 30, 3, 5, 1, 42, 3, 2, 1, 24, 7, 6, 4, 22, 10, 9, 8, 8, 7, 9, 15, 12, 2, 2, 1, 0, 0, 0, 0, 0, 0, 0, 0, 0, 0, 0, 0, 0, 0, 0, 0, 1, 0, 0, 0, 1, 0, 0, 0, 0, 0, 0, 0, 1, 0, 0, 0, 1, 0, 0, 0, 
83, 0, 0, 0, 0, 0, 1, 0, 1, 0, 0, 0, 0, 1, 1, 0, 0, 0, 0, 0, 0, 0, 1, 2, 1, 5, 0, 1, 0, 50, 1, 2, 0, 1, 0, 0, 1, 9, 5, 13, 3, 4, 2, 1, 4, 1, 1, 2, 1, 8, 1, 1, 1, 38, 2, 3, 1, 27, 3, 2, 0, 19, 14, 13, 7, 47, 18, 8, 6, 21, 7, 14, 8, 11, 1, 2, 3, 0, 0, 0, 0, 1, 0, 0, 0, 1, 0, 0, 0, 0, 0, 0, 0, 1, 0, 0, 0, 0, 0, 0, 0, 2, 0, 0, 0, 1, 0, 0, 0, 0, 0, 0, 0, 
84, 2, 0, 0, 3, 1, 2, 1, 0, 0, 1, 0, 0, 0, 2, 1, 0, 0, 0, 0, 0, 1, 0, 1, 1, 3, 4, 2, 7, 50, 3, 1, 1, 0, 0, 1, 1, 7, 6, 10, 3, 3, 3, 4, 3, 0, 0, 1, 0, 5, 2, 4, 3, 49, 2, 4, 2, 36, 1, 0, 1, 28, 12, 5, 10, 55, 5, 6, 8, 25, 10, 10, 9, 0, 1, 0, 1, 0, 0, 0, 0, 1, 0, 0, 0, 1, 0, 0, 0, 3, 0, 0, 0, 0, 0, 0, 0, 5, 0, 0, 0, 0, 0, 0, 0, 2, 0, 0, 0, 3, 0, 0, 0, 
85, 0, 0, 0, 0, 0, 0, 0, 0, 0, 0, 0, 1, 1, 1, 0, 0, 0, 0, 1, 0, 0, 0, 1, 0, 8, 5, 5, 4, 65, 5, 3, 0, 19, 2, 1, 0, 9, 9, 7, 6, 0, 0, 1, 0, 1, 1, 0, 0, 1, 2, 2, 1, 60, 0, 0, 3, 18, 1, 2, 0, 36, 12, 11, 8, 55, 7, 4, 7, 35, 12, 10, 5, 2, 1, 2, 3, 1, 0, 0, 0, 4, 0, 0, 0, 2, 0, 0, 0, 2, 0, 0, 0, 1, 0, 0, 0, 3, 0, 0, 0, 0, 0, 0, 0, 1, 0, 0, 0, 0, 0, 0, 0, 
86, 1, 0, 0, 1, 0, 4, 0, 1, 1, 1, 0, 0, 0, 0, 1, 0, 0, 0, 0, 0, 0, 0, 0, 0, 14, 8, 3, 2, 65, 6, 5, 3, 23, 0, 1, 1, 8, 4, 11, 6, 1, 2, 1, 0, 1, 1, 0, 3, 3, 3, 1, 2, 55, 2, 0, 1, 3, 3, 1, 3, 33, 13, 6, 2, 71, 8, 9, 10, 27, 10, 10, 14, 1, 0, 2, 0, 4, 0, 0, 0, 1, 0, 0, 0, 2, 0, 0, 0, 0, 0, 0, 0, 1, 0, 0, 0, 1, 0, 0, 0, 0, 0, 0, 0, 2, 0, 0, 0, 1, 0, 0, 0, 
87, 1, 0, 1, 1, 1, 0, 0, 0, 1, 0, 0, 0, 0, 0, 0, 1, 0, 1, 0, 1, 0, 1, 1, 0, 25, 7, 6, 1, 79, 2, 1, 3, 14, 2, 2, 2, 8, 11, 5, 6, 0, 6, 1, 0, 0, 1, 1, 4, 6, 4, 1, 4, 54, 0, 2, 0, 4, 1, 3, 0, 16, 8, 11, 2, 83, 5, 12, 11, 25, 7, 3, 11, 1, 0, 0, 0, 1, 0, 0, 0, 0, 0, 0, 0, 0, 0, 0, 0, 0, 0, 0, 0, 0, 0, 0, 0, 3, 0, 0, 0, 1, 0, 0, 0, 2, 0, 0, 0, 1, 0, 0, 0, 
88, 0, 0, 0, 2, 0, 0, 1, 0, 0, 1, 0, 0, 0, 0, 1, 0, 0, 1, 0, 0, 1, 0, 0, 0, 24, 6, 5, 2, 70, 2, 3, 1, 19, 2, 1, 0, 11, 8, 5, 7, 1, 0, 0, 1, 0, 1, 0, 1, 5, 2, 0, 0, 41, 2, 3, 0, 4, 2, 0, 1, 11, 12, 12, 11, 100, 10, 5, 5, 8, 9, 12, 11, 1, 0, 2, 0, 2, 0, 0, 0, 0, 0, 0, 0, 2, 0, 0, 0, 0, 0, 0, 0, 1, 0, 0, 0, 4, 0, 0, 0, 0, 0, 0, 0, 3, 0, 0, 0, 1, 0, 0, 0, 
89, 6, 1, 0, 0, 2, 0, 1, 1, 0, 0, 1, 1, 0, 0, 2, 0, 0, 1, 0, 0, 0, 0, 0, 0, 27, 9, 2, 1, 76, 2, 1, 1, 11, 1, 1, 0, 4, 9, 5, 5, 2, 2, 2, 2, 3, 7, 2, 4, 1, 2, 3, 1, 56, 4, 2, 0, 5, 3, 2, 1, 10, 10, 7, 12, 100, 8, 8, 10, 8, 18, 18, 11, 2, 2, 1, 0, 0, 0, 0, 0, 1, 0, 0, 0, 1, 0, 0, 0, 0, 0, 0, 0, 1, 0, 0, 0, 1, 0, 0, 0, 2, 0, 0, 0, 0, 0, 0, 0, 0, 0, 0, 0, 
90, 1, 0, 0, 0, 1, 0, 0, 0, 0, 0, 0, 0, 0, 0, 0, 0, 0, 0, 0, 0, 1, 0, 1, 0, 29, 3, 14, 4, 81, 3, 0, 0, 7, 0, 0, 1, 2, 2, 4, 0, 1, 0, 1, 1, 8, 1, 3, 4, 2, 1, 0, 1, 54, 1, 5, 0, 0, 0, 2, 1, 6, 8, 4, 5, 100, 7, 5, 9, 17, 12, 19, 14, 9, 1, 7, 3, 3, 0, 0, 0, 1, 0, 0, 0, 1, 0, 0, 0, 1, 0, 0, 0, 3, 0, 0, 0, 0, 0, 0, 0, 4, 0, 0, 0, 1, 0, 0, 0, 0, 0, 0, 0, 
91, 3, 3, 0, 1, 0, 1, 0, 0, 0, 0, 0, 1, 0, 1, 0, 0, 2, 2, 3, 1, 2, 0, 1, 0, 32, 3, 4, 9, 68, 0, 1, 1, 4, 0, 1, 1, 1, 1, 1, 0, 1, 2, 1, 2, 15, 5, 4, 3, 2, 2, 1, 2, 58, 1, 2, 1, 0, 0, 0, 1, 5, 3, 7, 4, 100, 2, 12, 2, 22, 18, 10, 17, 4, 6, 6, 3, 1, 0, 0, 0, 0, 0, 0, 0, 0, 0, 0, 0, 3, 0, 0, 0, 1, 0, 0, 0, 2, 0, 0, 0, 1, 0, 0, 0, 0, 0, 0, 0, 0, 0, 0, 0, 
92, 0, 0, 0, 1, 1, 1, 0, 0, 1, 0, 0, 0, 0, 0, 0, 0, 0, 0, 1, 0, 1, 1, 0, 1, 32, 4, 5, 6, 66, 0, 4, 3, 1, 2, 0, 0, 1, 1, 1, 1, 0, 0, 1, 0, 5, 1, 1, 4, 1, 2, 3, 2, 49, 2, 1, 0, 5, 4, 4, 6, 4, 2, 3, 2, 100, 9, 8, 10, 18, 10, 14, 16, 12, 4, 3, 5, 1, 0, 0, 0, 1, 0, 0, 0, 3, 0, 0, 0, 2, 0, 0, 0, 3, 0, 0, 0, 0, 0, 0, 0, 0, 0, 0, 0, 0, 0, 0, 0, 1, 0, 0, 0, 
93, 2, 0, 2, 1, 0, 2, 1, 1, 0, 1, 0, 1, 1, 0, 0, 0, 1, 1, 4, 0, 0, 0, 0, 0, 31, 7, 2, 1, 75, 0, 2, 3, 2, 0, 2, 1, 0, 0, 0, 0, 0, 1, 1, 0, 5, 4, 5, 2, 8, 7, 6, 4, 53, 2, 5, 0, 2, 3, 1, 4, 3, 0, 1, 4, 100, 7, 4, 2, 16, 22, 20, 13, 14, 4, 2, 3, 0, 0, 0, 0, 0, 0, 0, 0, 0, 0, 0, 0, 1, 0, 0, 0, 1, 0, 0, 0, 1, 0, 0, 0, 1, 0, 0, 0, 3, 0, 0, 0, 0, 0, 0, 0, 
94, 0, 0, 2, 1, 0, 2, 0, 0, 1, 0, 0, 0, 1, 1, 0, 0, 0, 0, 0, 0, 1, 0, 2, 0, 30, 4, 4, 4, 78, 1, 3, 2, 2, 0, 1, 1, 3, 6, 2, 2, 2, 0, 2, 3, 3, 3, 2, 3, 13, 13, 7, 3, 46, 5, 1, 1, 1, 1, 0, 0, 5, 3, 1, 1, 100, 6, 10, 3, 13, 23, 22, 22, 3, 2, 2, 2, 0, 0, 0, 0, 0, 0, 0, 0, 1, 0, 0, 0, 1, 0, 0, 0, 1, 0, 0, 0, 0, 0, 0, 0, 0, 0, 0, 0, 1, 0, 0, 0, 1, 0, 0, 0, 
95, 0, 0, 1, 0, 1, 1, 1, 0, 0, 0, 0, 1, 1, 0, 0, 0, 0, 0, 1, 0, 0, 0, 0, 0, 21, 4, 9, 5, 75, 2, 0, 3, 4, 2, 0, 2, 3, 7, 5, 0, 1, 1, 0, 2, 0, 0, 1, 0, 23, 3, 2, 7, 54, 1, 1, 1, 8, 0, 0, 1, 1, 0, 3, 2, 100, 8, 9, 6, 24, 21, 18, 20, 1, 4, 6, 2, 0, 0, 0, 0, 0, 0, 0, 0, 0, 0, 0, 0, 3, 0, 0, 0, 0, 0, 0, 0, 2, 0, 0, 0, 0, 0, 0, 0, 0, 0, 0, 0, 2, 0, 0, 0, 
96, 1, 3, 3, 1, 1, 0, 1, 1, 0, 0, 0, 1, 0, 0, 0, 1, 0, 0, 0, 1, 0, 0, 0, 0, 21, 6, 2, 6, 60, 2, 0, 0, 2, 4, 1, 0, 2, 1, 1, 2, 1, 2, 2, 2, 3, 0, 3, 3, 19, 7, 6, 4, 48, 2, 0, 0, 2, 2, 0, 1, 6, 1, 1, 6, 100, 7, 10, 10, 23, 19, 23, 14, 3, 4, 3, 3, 0, 0, 0, 0, 0, 0, 0, 0, 1, 0, 0, 0, 1, 0, 0, 0, 1, 0, 0, 0, 1, 0, 0, 0, 0, 0, 0, 0, 0, 0, 0, 0, 0, 0, 0, 0, 
97, 2, 0, 1, 0, 2, 1, 3, 0, 0, 0, 0, 1, 0, 0, 1, 0, 0, 0, 0, 0, 1, 0, 0, 0, 5, 5, 4, 4, 50, 2, 1, 3, 5, 3, 4, 4, 3, 1, 1, 1, 3, 1, 2, 5, 3, 2, 2, 3, 9, 7, 8, 7, 45, 1, 2, 2, 11, 6, 5, 2, 1, 1, 0, 2, 100, 9, 3, 5, 21, 14, 25, 20, 4, 4, 3, 1, 1, 0, 0, 0, 0, 0, 0, 0, 1, 0, 0, 0, 4, 0, 0, 0, 1, 0, 0, 0, 0, 0, 0, 0, 0, 0, 0, 0, 1, 0, 0, 0, 0, 0, 0, 0, 
98, 0, 1, 0, 0, 0, 0, 0, 1, 0, 0, 0, 0, 2, 0, 0, 1, 0, 0, 0, 0, 0, 0, 1, 1, 9, 3, 4, 9, 26, 3, 1, 0, 2, 0, 1, 1, 30, 0, 0, 0, 1, 2, 1, 2, 5, 4, 8, 7, 9, 4, 4, 3, 52, 10, 1, 1, 11, 3, 4, 0, 1, 1, 2, 0, 100, 7, 12, 2, 26, 14, 17, 33, 1, 5, 0, 2, 1, 0, 0, 0, 1, 0, 0, 0, 1, 0, 0, 0, 0, 0, 0, 0, 0, 0, 0, 0, 1, 0, 0, 0, 1, 0, 0, 0, 0, 0, 0, 0, 0, 0, 0, 0, 
99, 1, 1, 0, 2, 1, 0, 0, 2, 0, 1, 0, 0, 0, 0, 0, 0, 1, 1, 0, 0, 0, 0, 0, 2, 12, 6, 3, 7, 4, 1, 1, 5, 2, 2, 2, 0, 31, 2, 0, 0, 6, 4, 4, 4, 3, 6, 7, 4, 12, 13, 7, 5, 67, 0, 2, 0, 0, 2, 1, 0, 0, 1, 0, 4, 100, 5, 4, 6, 20, 29, 22, 14, 0, 3, 0, 1, 0, 0, 0, 0, 0, 0, 0, 0, 0, 0, 0, 0, 3, 0, 0, 0, 0, 0, 0, 0, 0, 0, 0, 0, 0, 0, 0, 0, 0, 0, 0, 0, 0, 0, 0, 0, 