0, 0, 0, 2, 0, 0, 0, 0, 0, 1, 0, 0, 0, 0, 0, 0, 0, 0, 0, 0, 0, 3, 2, 4, 1, 17, 2, 0, 1, 8, 0, 0, 1, 3, 4, 2, 1, 0, 0, 1, 1, 9, 0, 0, 1, 0, 2, 0, 0, 2, 2, 0, 1, 3, 3, 3, 1, 1, 0, 0, 1, 0, 0, 0, 2, 0, 1, 0, 0, 1, 2, 2, 0, 10, 3, 0, 2, 0, 0, 0, 0, 1, 0, 0, 0, 1, 0, 0, 0, 1, 0, 0, 0, 1, 0, 0, 0, 0, 0, 0, 0, 1, 0, 0, 0, 0, 0, 0, 0, 1, 0, 0, 0, 
1, 0, 0, 1, 0, 0, 0, 0, 0, 1, 0, 0, 0, 0, 0, 0, 1, 0, 0, 0, 0, 1, 0, 0, 0, 5, 1, 1, 1, 3, 0, 0, 0, 3, 1, 1, 0, 0, 0, 2, 1, 3, 3, 2, 2, 1, 2, 1, 3, 0, 2, 1, 1, 1, 1, 3, 0, 0, 0, 2, 1, 1, 1, 3, 1, 4, 6, 1, 1, 9, 0, 0, 0, 2, 1, 1, 1, 1, 0, 0, 0, 0, 0, 0, 0, 0, 0, 0, 0, 0, 0, 0, 0, 3, 0, 0, 0, 1, 0, 0, 0, 0, 0, 0, 0, 1, 0, 0, 0, 0, 0, 0, 0, 
2, 0, 0, 2, 0, 0, 0, 0, 1, 1, 0, 0, 0, 0, 0, 1, 1, 0, 0, 2, 0, 0, 0, 0, 0, 5, 0, 0, 0, 0, 0, 1, 0, 3, 1, 0, 0, 0, 0, 1, 1, 1, 1, 3, 1, 0, 0, 0, 0, 0, 0, 1, 0, 0, 0, 6, 1, 0, 0, 2, 0, 2, 1, 3, 2, 6, 4, 5, 3, 10, 1, 2, 0, 2, 4, 2, 1, 2, 0, 0, 0, 1, 0, 0, 0, 1, 0, 0, 0, 0, 0, 0, 0, 3, 0, 0, 0, 0, 0, 0, 0, 1, 0, 0, 0, 1, 0, 0, 0, 1, 0, 0, 0, 
3, 0, 0, 1, 0, 0, 0, 0, 0, 1, 5, 1, 1, 0, 2, 1, 1, 0, 0, 0, 0, 3, 1, 0, 4, 5, 8, 3, 1, 2, 1, 2, 3, 0, 2, 4, 2, 0, 2, 1, 0, 1, 0, 0, 1, 2, 3, 1, 1, 1, 1, 1, 1, 4, 2, 5, 2, 0, 0, 0, 0, 0, 0, 0, 0, 4, 3, 4, 4, 8, 1, 0, 0, 8, 1, 2, 2, 1, 0, 0, 0, 1, 0, 0, 0, 0, 0, 0, 0, 0, 0, 0, 0, 0, 0, 0, 0, 0, 0, 0, 0, 2, 0, 0, 0, 0, 0, 0, 0, 0, 0, 0, 0, 
4, 0, 2, 0, 1, 1, 1, 1, 0, 0, 1, 1, 1, 0, 1, 1, 0, 0, 0, 1, 0, 0, 0, 0, 0, 5, 7, 5, 5, 5, 0, 3, 8, 7, 0, 1, 3, 0, 1, 1, 0, 1, 3, 1, 0, 2, 2, 1, 1, 13, 2, 2, 3, 4, 2, 0, 0, 3, 4, 1, 1, 3, 0, 1, 2, 7, 0, 2, 3, 2, 0, 0, 1, 8, 2, 0, 1, 0, 0, 0, 0, 2, 0, 0, 0, 0, 0, 0, 0, 1, 0, 0, 0, 1, 0, 0, 0, 0, 0, 0, 0, 0, 0, 0, 0, 1, 0, 0, 0, 1, 0, 0, 0, 
5, 0, 0, 0, 0, 1, 0, 0, 0, 2, 1, 0, 0, 1, 0, 0, 2, 0, 0, 0, 1, 1, 0, 1, 0, 5, 2, 13, 12, 9, 5, 3, 5, 17, 2, 3, 0, 9, 0, 1, 2, 0, 0, 0, 1, 9, 1, 0, 0, 10, 1, 1, 2, 1, 0, 3, 1, 6, 4, 2, 2, 0, 0, 0, 0, 1, 1, 1, 1, 5, 5, 0, 1, 3, 6, 3, 3, 1, 0, 0, 0, 0, 0, 0, 0, 1, 0, 0, 0, 0, 0, 0, 0, 4, 0, 0, 0, 1, 0, 0, 0, 2, 0, 0, 0, 0, 0, 0, 0, 4, 0, 0, 0, 
6, 1, 2, 1, 0, 0, 0, 0, 0, 1, 0, 1, 2, 0, 0, 0, 0, 2, 0, 1, 0, 1, 0, 0, 1, 11, 6, 10, 9, 5, 5, 7, 3, 11, 4, 0, 1, 2, 3, 2, 1, 4, 2, 1, 0, 26, 5, 3, 3, 1, 1, 1, 3, 0, 1, 1, 0, 0, 1, 2, 0, 1, 1, 2, 0, 6, 4, 4, 6, 1, 3, 3, 1, 16, 7, 2, 1, 0, 0, 0, 0, 0, 0, 0, 0, 0, 0, 0, 0, 5, 0, 0, 0, 1, 0, 0, 0, 0, 0, 0, 0, 0, 0, 0, 0, 2, 0, 0, 0, 1, 0, 0, 0, 
7, 1, 1, 1, 0, 0, 0, 0, 0, 1, 2, 2, 0, 0, 2, 1, 1, 0, 1, 1, 0, 0, 2, 2, 0, 7, 11, 10, 8, 7, 8, 0, 7, 16, 6, 2, 3, 1, 0, 0, 0, 3, 1, 3, 2, 37, 2, 0, 0, 2, 1, 1, 1, 1, 0, 0, 0, 1, 1, 0, 1, 5, 2, 1, 2, 6, 6, 3, 2, 0, 0, 0, 0, 19, 2, 5, 2, 0, 0, 0, 0, 1, 0, 0, 0, 1, 0, 0, 0, 0, 0, 0, 0, 0, 0, 0, 0, 1, 0, 0, 0, 1, 0, 0, 0, 0, 0, 0, 0, 1, 0, 0, 0, 
8, 0, 0, 0, 0, 3, 0, 0, 0, 2, 0, 0, 1, 1, 1, 1, 0, 1, 0, 0, 0, 0, 2, 2, 0, 9, 12, 8, 13, 4, 5, 5, 3, 12, 1, 1, 1, 2, 3, 4, 2, 0, 1, 3, 2, 41, 1, 0, 0, 0, 0, 1, 0, 7, 0, 0, 1, 5, 5, 4, 1, 15, 2, 1, 0, 2, 3, 5, 4, 1, 4, 2, 2, 18, 6, 5, 5, 1, 0, 0, 0, 1, 0, 0, 0, 0, 0, 0, 0, 3, 0, 0, 0, 1, 0, 0, 0, 1, 0, 0, 0, 1, 0, 0, 0, 1, 0, 0, 0, 1, 0, 0, 0, 
9, 0, 1, 0, 0, 3, 2, 2, 0, 1, 0, 0, 0, 0, 1, 0, 0, 1, 2, 0, 0, 2, 0, 0, 0, 9, 14, 7, 10, 3, 9, 2, 6, 24, 5, 1, 2, 0, 1, 1, 2, 1, 1, 3, 2, 40, 0, 0, 0, 3, 6, 4, 2, 5, 1, 0, 5, 0, 0, 0, 0, 12, 4, 1, 1, 4, 4, 4, 2, 6, 4, 1, 4, 22, 6, 8, 2, 0, 0, 0, 0, 1, 0, 0, 0, 0, 0, 0, 0, 0, 0, 0, 0, 0, 0, 0, 0, 0, 0, 0, 0, 0, 0, 0, 0, 1, 0, 0, 0, 0, 0, 0, 0, 
10, 0, 0, 0, 1, 2, 1, 2, 2, 0, 0, 0, 1, 0, 0, 0, 0, 0, 0, 0, 1, 0, 0, 0, 0, 9, 16, 10, 16, 6, 9, 3, 7, 32, 0, 1, 4, 1, 2, 0, 1, 3, 4, 0, 0, 45, 1, 1, 1, 3, 1, 1, 0, 5, 4, 3, 2, 0, 2, 0, 1, 24, 2, 0, 0, 3, 6, 4, 3, 6, 8, 4, 1, 27, 8, 5, 5, 0, 0, 0, 0, 1, 0, 0, 0, 1, 0, 0, 0, 1, 0, 0, 0, 3, 0, 0, 0, 3, 0, 0, 0, 2, 0, 0, 0, 1, 0, 0, 0, 0, 0, 0, 0, 
11, 1, 1, 0, 0, 1, 2, 0, 2, 0, 1, 0, 0, 1, 1, 0, 1, 0, 0, 0, 0, 0, 0, 1, 0, 26, 20, 7, 9, 9, 3, 5, 2, 32, 6, 1, 4, 3, 1, 0, 1, 0, 1, 0, 0, 55, 3, 1, 0, 1, 3, 2, 7, 5, 2, 2, 0, 0, 2, 2, 3, 53, 1, 1, 1, 13, 2, 2, 2, 1, 3, 0, 1, 24, 7, 4, 5, 3, 0, 0, 0, 0, 0, 0, 0, 0, 0, 0, 0, 0, 0, 0, 0, 1, 0, 0, 0, 0, 0, 0, 0, 0, 0, 0, 0, 0, 0, 0, 0, 1, 0, 0, 0, 
12, 1, 1, 0, 2, 0, 0, 0, 0, 0, 0, 0, 1, 0, 1, 0, 0, 0, 0, 0, 1, 0, 0, 1, 2, 33, 7, 7, 12, 7, 10, 7, 4, 34, 2, 3, 3, 1, 0, 0, 0, 0, 1, 0, 0, 47, 5, 1, 3, 5, 4, 1, 6, 3, 0, 0, 1, 1, 0, 0, 1, 47, 0, 0, 0, 9, 1, 0, 2, 14, 1, 5, 2, 29, 8, 3, 4, 2, 0, 0, 0, 0, 0, 0, 0, 2, 0, 0, 0, 1, 0, 0, 0, 0, 0, 0, 0, 0, 0, 0, 0, 0, 0, 0, 0, 0, 0, 0, 0, 0, 0, 0, 0, 
13, 0, 0, 0, 0, 0, 0, 0, 0, 0, 1, 0, 0, 1, 0, 1, 0, 1, 0, 2, 0, 2, 1, 0, 1, 34, 6, 12, 11, 6, 5, 4, 3, 29, 1, 6, 0, 3, 4, 2, 1, 3, 0, 1, 0, 53, 2, 1, 0, 3, 0, 0, 1, 0, 4, 2, 1, 2, 1, 0, 1, 40, 0, 4, 2, 0, 0, 0, 0, 17, 0, 5, 1, 23, 8, 5, 5, 1, 0, 0, 0, 0, 0, 0, 0, 2, 0, 0, 0, 0, 0, 0, 0, 1, 0, 0, 0, 0, 0, 0, 0, 2, 0, 0, 0, 1, 0, 0, 0, 1, 0, 0, 0, 
14, 0, 0, 0, 0, 0, 0, 0, 0, 0, 0, 0, 1, 0, 0, 0, 0, 1, 0, 0, 0, 0, 1, 0, 0, 23, 9, 13, 10, 3, 7, 2, 3, 41, 1, 3, 1, 0, 0, 0, 0, 6, 4, 7, 4, 55, 1, 0, 1, 1, 2, 3, 2, 3, 3, 3, 2, 4, 0, 1, 4, 52, 1, 1, 2, 1, 0, 4, 0, 18, 2, 0, 4, 16, 7, 5, 1, 0, 0, 0, 0, 0, 0, 0, 0, 0, 0, 0, 0, 2, 0, 0, 0, 0, 0, 0, 0, 1, 0, 0, 0, 1, 0, 0, 0, 1, 0, 0, 0, 0, 0, 0, 0, 
15, 0, 0, 0, 0, 1, 0, 1, 0, 0, 0, 1, 1, 0, 0, 0, 0, 0, 0, 0, 0, 1, 1, 1, 0, 16, 12, 8, 9, 2, 1, 0, 1, 43, 1, 2, 1, 2, 0, 2, 2, 12, 0, 3, 1, 61, 3, 3, 1, 8, 4, 2, 2, 0, 0, 0, 1, 0, 1, 1, 3, 56, 1, 2, 2, 8, 5, 2, 5, 23, 3, 1, 2, 2, 8, 6, 3, 0, 0, 0, 0, 1, 0, 0, 0, 1, 0, 0, 0, 2, 0, 0, 0, 0, 0, 0, 0, 0, 0, 0, 0, 1, 0, 0, 0, 2, 0, 0, 0, 0, 0, 0, 0, 
16, 0, 0, 0, 0, 1, 2, 0, 2, 0, 0, 0, 0, 0, 1, 0, 0, 1, 1, 1, 1, 0, 2, 0, 0, 20, 15, 6, 9, 1, 3, 1, 1, 41, 3, 2, 4, 14, 1, 3, 4, 25, 1, 2, 1, 74, 2, 0, 0, 12, 8, 2, 2, 0, 5, 4, 0, 12, 5, 5, 1, 60, 2, 0, 1, 8, 4, 1, 4, 13, 1, 4, 2, 3, 2, 4, 1, 0, 0, 0, 0, 0, 0, 0, 0, 0, 0, 0, 0, 0, 0, 0, 0, 2, 0, 0, 0, 1, 0, 0, 0, 0, 0, 0, 0, 4, 0, 0, 0, 1, 0, 0, 0, 
17, 2, 1, 0, 2, 0, 0, 0, 0, 2, 3, 0, 0, 0, 0, 0, 2, 1, 0, 2, 0, 2, 1, 1, 1, 18, 13, 6, 9, 0, 0, 1, 0, 40, 2, 1, 3, 2, 2, 1, 0, 24, 1, 2, 4, 82, 2, 1, 0, 15, 2, 3, 1, 5, 2, 1, 1, 0, 3, 5, 3, 53, 0, 0, 4, 4, 4, 9, 4, 23, 0, 0, 1, 6, 8, 2, 1, 1, 0, 0, 0, 1, 0, 0, 0, 0, 0, 0, 0, 1, 0, 0, 0, 0, 0, 0, 0, 1, 0, 0, 0, 0, 0, 0, 0, 1, 0, 0, 0, 2, 0, 0, 0, 
18, 0, 0, 0, 0, 2, 2, 0, 1, 1, 0, 0, 0, 0, 0, 0, 0, 0, 0, 0, 0, 0, 0, 0, 0, 6, 12, 6, 3, 1, 2, 1, 0, 49, 2, 4, 1, 0, 1, 1, 1, 35, 9, 6, 2, 91, 0, 0, 2, 2, 3, 4, 1, 4, 4, 1, 2, 3, 6, 5, 2, 44, 0, 1, 1, 3, 4, 8, 3, 3, 4, 0, 3, 11, 3, 2, 2, 1, 0, 0, 0, 0, 0, 0, 0, 0, 0, 0, 0, 1, 0, 0, 0, 0, 0, 0, 0, 2, 0, 0, 0, 1, 0, 0, 0, 2, 0, 0, 0, 1, 0, 0, 0, 
19, 0, 0, 0, 0, 2, 3, 4, 2, 2, 0, 1, 0, 0, 0, 0, 1, 0, 0, 0, 0, 0, 0, 0, 0, 7, 9, 6, 3, 6, 2, 1, 0, 44, 2, 1, 0, 1, 0, 1, 2, 55, 1, 4, 2, 100, 3, 0, 1, 7, 7, 5, 4, 1, 5, 4, 4, 0, 1, 3, 2, 35, 1, 0, 1, 6, 1, 1, 1, 0, 0, 0, 0, 6, 1, 3, 5, 0, 0, 0, 0, 3, 0, 0, 0, 1, 0, 0, 0, 0, 0, 0, 0, 0, 0, 0, 0, 1, 0, 0, 0, 0, 0, 0, 0, 0, 0, 0, 0, 2, 0, 0, 0, 
20, 0, 0, 4, 1, 1, 2, 0, 1, 3, 0, 1, 1, 1, 0, 1, 0, 0, 1, 0, 0, 0, 0, 0, 0, 3, 5, 0, 5, 2, 4, 2, 0, 45, 1, 0, 1, 0, 1, 1, 1, 58, 2, 3, 7, 100, 0, 0, 1, 3, 4, 6, 2, 4, 3, 5, 4, 6, 2, 3, 0, 50, 3, 3, 0, 8, 4, 4, 9, 0, 0, 0, 0, 1, 1, 0, 0, 1, 0, 0, 0, 1, 0, 0, 0, 1, 0, 0, 0, 1, 0, 0, 0, 1, 0, 0, 0, 2, 0, 0, 0, 0, 0, 0, 0, 1, 0, 0, 0, 1, 0, 0, 0, 
21, 1, 2, 1, 1, 0, 0, 1, 0, 0, 1, 0, 0, 2, 1, 0, 0, 0, 0, 0, 1, 1, 2, 0, 2, 1, 4, 3, 2, 1, 2, 3, 0, 42, 1, 2, 0, 6, 6, 10, 6, 67, 6, 1, 2, 92, 2, 0, 1, 2, 1, 4, 4, 2, 2, 1, 2, 0, 0, 2, 1, 46, 0, 2, 0, 8, 3, 2, 3, 1, 0, 2, 0, 0, 1, 3, 2, 1, 0, 0, 0, 0, 0, 0, 0, 0, 0, 0, 0, 0, 0, 0, 0, 3, 0, 0, 0, 2, 0, 0, 0, 1, 0, 0, 0, 0, 0, 0, 0, 0, 0, 0, 0, 
22, 0, 0, 0, 0, 0, 0, 0, 0, 0, 0, 1, 0, 0, 0, 0, 1, 3, 1, 0, 0, 0, 2, 2, 0, 0, 1, 1, 1, 0, 1, 0, 0, 32, 2, 3, 0, 20, 4, 5, 3, 76, 6, 2, 1, 100, 0, 0, 2, 3, 1, 0, 2, 3, 1, 0, 2, 1, 1, 4, 0, 51, 0, 1, 0, 9, 8, 2, 7, 0, 0, 1, 0, 3, 3, 1, 2, 3, 0, 0, 0, 3, 0, 0, 0, 1, 0, 0, 0, 1, 0, 0, 0, 0, 0, 0, 0, 1, 0, 0, 0, 1, 0, 0, 0, 2, 0, 0, 0, 0, 0, 0, 0, 
23, 1, 0, 1, 0, 0, 0, 0, 0, 0, 0, 0, 1, 0, 2, 1, 0, 1, 1, 1, 1, 0, 0, 0, 0, 0, 0, 0, 0, 0, 1, 2, 0, 35, 2, 3, 2, 13, 5, 7, 3, 70, 2, 5, 1, 99, 1, 0, 1, 2, 1, 4, 3, 1, 2, 1, 1, 4, 2, 2, 4, 49, 1, 0, 0, 8, 6, 7, 7, 0, 1, 2, 2, 4, 2, 1, 1, 2, 0, 0, 0, 0, 0, 0, 0, 0, 0, 0, 0, 0, 0, 0, 0, 0, 0, 0, 0, 2, 0, 0, 0, 0, 0, 0, 0, 1, 0, 0, 0, 2, 0, 0, 0, 
24, 0, 1, 0, 0, 1, 0, 4, 0, 0, 2, 2, 1, 0, 1, 2, 0, 2, 1, 0, 0, 0, 1, 0, 0, 0, 2, 0, 0, 1, 4, 2, 1, 21, 2, 1, 2, 10, 5, 8, 3, 65, 4, 2, 0, 100, 3, 1, 0, 0, 3, 1, 1, 5, 1, 2, 2, 2, 2, 1, 3, 38, 0, 0, 0, 15, 5, 10, 6, 0, 1, 2, 0, 5, 1, 0, 1, 2, 0, 0, 0, 0, 0, 0, 0, 1, 0, 0, 0, 0, 0, 0, 0, 1, 0, 0, 0, 0, 0, 0, 0, 0, 0, 0, 0, 2, 0, 0, 0, 2, 0, 0, 0, 
25, 2, 0, 0, 0, 1, 1, 1, 2, 0, 1, 1, 0, 0, 0, 0, 0, 1, 1, 2, 0, 0, 1, 0, 0, 0, 0, 0, 0, 0, 5, 0, 0, 26, 2, 2, 0, 4, 4, 9, 4, 65, 3, 3, 3, 100, 5, 5, 2, 1, 2, 1, 0, 9, 0, 1, 0, 3, 1, 2, 4, 32, 3, 1, 1, 19, 7, 4, 7, 4, 4, 0, 3, 5, 2, 0, 0, 0, 0, 0, 0, 0, 0, 0, 0, 1, 0, 0, 0, 0, 0, 0, 0, 0, 0, 0, 0, 1, 0, 0, 0, 0, 0, 0, 0, 0, 0, 0, 0, 4, 0, 0, 0, 
26, 0, 0, 0, 0, 4, 1, 0, 1, 0, 0, 0, 0, 0, 1, 2, 0, 2, 0, 0, 1, 0, 0, 0, 0, 6, 1, 5, 4, 2, 1, 1, 1, 29, 1, 6, 3, 1, 2, 2, 5, 68, 5, 1, 1, 100, 0, 0, 2, 3, 0, 0, 1, 0, 1, 0, 0, 8, 4, 8, 3, 39, 3, 1, 0, 3, 8, 6, 8, 1, 3, 0, 2, 1, 2, 2, 2, 2, 0, 0, 0, 1, 0, 0, 0, 0, 0, 0, 0, 0, 0, 0, 0, 0, 0, 0, 0, 0, 0, 0, 0, 2, 0, 0, 0, 0, 0, 0, 0, 0, 0, 0, 0, 
27, 0, 0, 0, 0, 1, 0, 0, 1, 0, 1, 0, 1, 2, 2, 1, 1, 2, 1, 1, 1, 0, 0, 3, 1, 4, 1, 3, 1, 3, 2, 3, 2, 18, 2, 1, 3, 7, 2, 5, 2, 66, 0, 1, 4, 100, 1, 0, 0, 7, 2, 1, 0, 3, 0, 1, 1, 8, 2, 5, 4, 30, 2, 2, 2, 5, 11, 7, 3, 0, 0, 0, 1, 1, 1, 1, 1, 0, 0, 0, 0, 1, 0, 0, 0, 0, 0, 0, 0, 2, 0, 0, 0, 1, 0, 0, 0, 1, 0, 0, 0, 0, 0, 0, 0, 2, 0, 0, 0, 2, 0, 0, 0, 
28, 1, 0, 1, 2, 0, 2, 0, 2, 1, 0, 1, 0, 0, 0, 0, 0, 0, 3, 0, 0, 0, 1, 1, 1, 13, 3, 2, 1, 3, 1, 2, 0, 9, 2, 2, 1, 2, 1, 1, 0, 74, 4, 1, 3, 100, 1, 1, 2, 4, 5, 1, 3, 0, 0, 0, 0, 10, 7, 9, 4, 22, 3, 0, 0, 11, 10, 6, 5, 6, 3, 2, 2, 3, 2, 0, 3, 0, 0, 0, 0, 1, 0, 0, 0, 0, 0, 0, 0, 0, 0, 0, 0, 2, 0, 0, 0, 0, 0, 0, 0, 0, 0, 0, 0, 1, 0, 0, 0, 1, 0, 0, 0, 
29, 0, 0, 0, 0, 0, 0, 0, 1, 4, 0, 1, 1, 0, 1, 0, 1, 1, 0, 2, 1, 0, 0, 0, 0, 14, 0, 0, 0, 0, 0, 1, 2, 7, 4, 2, 1, 1, 5, 4, 2, 84, 18, 1, 2, 100, 1, 3, 2, 2, 6, 5, 3, 3, 2, 0, 2, 12, 6, 3, 2, 15, 1, 1, 1, 3, 4, 5, 2, 2, 0, 2, 3, 2, 3, 1, 3, 0, 0, 0, 0, 0, 0, 0, 0, 0, 0, 0, 0, 0, 0, 0, 0, 1, 0, 0, 0, 0, 0, 0, 0, 3, 0, 0, 0, 2, 0, 0, 0, 1, 0, 0, 0, 
30, 0, 2, 0, 0, 3, 0, 4, 2, 1, 0, 1, 0, 0, 1, 0, 0, 1, 1, 0, 0, 0, 0, 0, 0, 15, 3, 4, 3, 1, 2, 0, 1, 2, 1, 1, 0, 7, 1, 5, 2, 98, 2, 1, 4, 100, 1, 1, 0, 0, 0, 0, 0, 1, 1, 1, 2, 2, 3, 8, 4, 22, 9, 0, 0, 3, 6, 5, 2, 1, 0, 0, 1, 4, 5, 0, 1, 1, 0, 0, 0, 1, 0, 0, 0, 3, 0, 0, 0, 0, 0, 0, 0, 3, 0, 0, 0, 0, 0, 0, 0, 0, 0, 0, 0, 1, 0, 0, 0, 0, 0, 0, 0, 
31, 0, 0, 1, 0, 2, 2, 1, 2, 0, 2, 1, 1, 0, 0, 0, 1, 0, 0, 0, 0, 0, 0, 1, 0, 9, 5, 1, 5, 3, 0, 2, 2, 5, 10, 0, 1, 11, 1, 2, 2, 100, 3, 1, 4, 100, 1, 1, 0, 1, 0, 0, 0, 3, 2, 1, 1, 3, 2, 2, 0, 27, 3, 2, 1, 5, 1, 3, 1, 2, 0, 1, 1, 0, 0, 0, 0, 1, 0, 0, 0, 1, 0, 0, 0, 1, 0, 0, 0, 1, 0, 0, 0, 1, 0, 0, 0, 1, 0, 0, 0, 0, 0, 0, 0, 2, 0, 0, 0, 0, 0, 0, 0, 
32, 1, 0, 0, 0, 1, 0, 1, 0, 0, 1, 2, 0, 0, 0, 1, 0, 0, 1, 0, 1, 0, 0, 0, 2, 8, 3, 4, 1, 3, 2, 1, 3, 4, 2, 1, 1, 25, 3, 1, 2, 100, 2, 2, 2, 100, 1, 1, 1, 2, 2, 1, 1, 2, 1, 2, 1, 0, 0, 1, 1, 49, 5, 1, 1, 0, 0, 0, 0, 0, 3, 2, 0, 1, 1, 2, 2, 1, 0, 0, 0, 0, 0, 0, 0, 0, 0, 0, 0, 0, 0, 0, 0, 2, 0, 0, 0, 0, 0, 0, 0, 1, 0, 0, 0, 1, 0, 0, 0, 2, 0, 0, 0, 
33, 0, 0, 0, 0, 0, 0, 0, 1, 0, 2, 0, 0, 0, 1, 1, 0, 0, 0, 0, 0, 1, 1, 0, 0, 2, 4, 3, 2, 0, 1, 2, 0, 4, 3, 9, 5, 25, 5, 0, 1, 100, 3, 2, 2, 100, 1, 0, 1, 0, 0, 1, 0, 7, 4, 3, 3, 2, 2, 0, 1, 65, 2, 0, 0, 1, 0, 2, 0, 2, 2, 0, 1, 5, 2, 2, 1, 0, 0, 0, 0, 1, 0, 0, 0, 1, 0, 0, 0, 0, 0, 0, 0, 0, 0, 0, 0, 0, 0, 0, 0, 1, 0, 0, 0, 0, 0, 0, 0, 0, 0, 0, 0, 
34, 0, 0, 2, 0, 0, 0, 1, 1, 0, 1, 0, 0, 0, 0, 0, 2, 0, 0, 0, 1, 0, 1, 0, 0, 11, 9, 1, 1, 2, 3, 3, 2, 4, 2, 6, 6, 23, 1, 4, 0, 97, 5, 3, 1, 100, 0, 0, 0, 3, 3, 3, 3, 2, 3, 1, 1, 3, 1, 0, 0, 58, 2, 3, 0, 2, 0, 1, 0, 0, 0, 0, 0, 5, 0, 0, 0, 0, 0, 0, 0, 0, 0, 0, 0, 0, 0, 0, 0, 1, 0, 0, 0, 1, 0, 0, 0, 0, 0, 0, 0, 1, 0, 0, 0, 0, 0, 0, 0, 0, 0, 0, 0, 
35, 2, 3, 0, 0, 0, 0, 0, 0, 2, 0, 0, 0, 0, 0, 0, 0, 0, 0, 1, 0, 0, 0, 0, 0, 18, 7, 3, 1, 3, 1, 1, 1, 12, 9, 9, 8, 14, 0, 4, 3, 94, 3, 4, 2, 100, 2, 0, 0, 7, 5, 3, 2, 5, 2, 5, 0, 1, 1, 1, 1, 73, 1, 0, 0, 3, 0, 1, 0, 1, 2, 0, 1, 2, 2, 1, 0, 1, 0, 0, 0, 0, 0, 0, 0, 0, 0, 0, 0, 0, 0, 0, 0, 3, 0, 0, 0, 1, 0, 0, 0, 1, 0, 0, 0, 1, 0, 0, 0, 0, 0, 0, 0, 
36, 0, 0, 0, 0, 1, 1, 0, 5, 1, 0, 0, 0, 0, 1, 2, 1, 0, 0, 1, 0, 0, 1, 0, 0, 28, 4, 5, 2, 0, 0, 0, 1, 20, 4, 4, 5, 7, 1, 4, 4, 97, 0, 3, 3, 100, 0, 0, 2, 8, 5, 1, 0, 4, 3, 2, 1, 1, 1, 3, 3, 76, 2, 0, 0, 4, 4, 3, 1, 6, 5, 2, 2, 2, 1, 3, 2, 0, 0, 0, 0, 0, 0, 0, 0, 1, 0, 0, 0, 1, 0, 0, 0, 0, 0, 0, 0, 0, 0, 0, 0, 0, 0, 0, 0, 2, 0, 0, 0, 2, 0, 0, 0, 
37, 0, 1, 1, 1, 1, 2, 0, 1, 0, 0, 0, 0, 1, 1, 0, 1, 0, 1, 1, 0, 0, 0, 0, 0, 37, 3, 2, 1, 4, 1, 2, 1, 26, 11, 3, 2, 4, 2, 3, 1, 96, 0, 5, 0, 100, 1, 0, 2, 17, 6, 3, 1, 5, 1, 0, 1, 2, 4, 1, 1, 60, 2, 0, 1, 4, 2, 2, 1, 3, 5, 3, 2, 2, 2, 2, 4, 0, 0, 0, 0, 0, 0, 0, 0, 0, 0, 0, 0, 0, 0, 0, 0, 0, 0, 0, 0, 0, 0, 0, 0, 2, 0, 0, 0, 0, 0, 0, 0, 0, 0, 0, 0, 
38, 4, 0, 0, 2, 0, 0, 0, 1, 1, 0, 2, 2, 1, 1, 1, 0, 0, 1, 0, 0, 2, 4, 0, 0, 22, 3, 8, 2, 0, 1, 0, 1, 18, 6, 5, 4, 5, 4, 7, 4, 95, 2, 1, 0, 100, 2, 1, 1, 25, 4, 4, 3, 1, 0, 2, 0, 1, 0, 4, 1, 44, 0, 1, 0, 2, 3, 4, 2, 2, 5, 1, 1, 16, 1, 2, 3, 0, 0, 0, 0, 0, 0, 0, 0, 0, 0, 0, 0, 2, 0, 0, 0, 1, 0, 0, 0, 0, 0, 0, 0, 0, 0, 0, 0, 0, 0, 0, 0, 1, 0, 0, 0, 
39, 2, 2, 3, 1, 0, 0, 0, 0, 0, 0, 0, 0, 1, 1, 0, 2, 0, 1, 0, 0, 1, 0, 1, 0, 27, 2, 1, 2, 1, 2, 1, 1, 14, 8, 8, 3, 6, 6, 5, 5, 77, 1, 3, 2, 100, 0, 2, 2, 28, 3, 5, 3, 4, 0, 1, 0, 2, 2, 1, 3, 46, 3, 0, 1, 3, 1, 4, 1, 2, 6, 5, 2, 25, 2, 2, 1, 0, 0, 0, 0, 2, 0, 0, 0, 0, 0, 0, 0, 0, 0, 0, 0, 1, 0, 0, 0, 1, 0, 0, 0, 0, 0, 0, 0, 1, 0, 0, 0, 0, 0, 0, 0, 
40, 0, 1, 0, 0, 1, 1, 1, 1, 0, 0, 0, 0, 0, 0, 1, 0, 0, 1, 0, 0, 1, 2, 0, 0, 27, 2, 3, 2, 1, 0, 1, 0, 12, 9, 5, 7, 4, 4, 5, 5, 71, 2, 1, 4, 100, 2, 3, 0, 36, 5, 3, 1, 1, 0, 0, 0, 6, 3, 1, 1, 47, 0, 1, 0, 5, 1, 2, 1, 12, 7, 2, 1, 10, 1, 2, 2, 0, 0, 0, 0, 0, 0, 0, 0, 1, 0, 0, 0, 1, 0, 0, 0, 0, 0, 0, 0, 1, 0, 0, 0, 0, 0, 0, 0, 3, 0, 0, 0, 1, 0, 0, 0, 
41, 0, 0, 1, 0, 0, 0, 0, 1, 2, 0, 0, 0, 1, 2, 0, 2, 1, 0, 0, 0, 1, 0, 0, 2, 45, 2, 2, 4, 4, 3, 0, 1, 11, 7, 2, 3, 6, 6, 1, 6, 65, 8, 2, 2, 100, 5, 2, 1, 33, 0, 4, 0, 2, 1, 0, 1, 5, 2, 0, 0, 33, 2, 0, 1, 6, 4, 2, 1, 21, 2, 2, 0, 0, 1, 0, 0, 1, 0, 0, 0, 0, 0, 0, 0, 0, 0, 0, 0, 1, 0, 0, 0, 1, 0, 0, 0, 2, 0, 0, 0, 1, 0, 0, 0, 4, 0, 0, 0, 0, 0, 0, 0, 
42, 1, 3, 1, 1, 0, 2, 2, 1, 0, 0, 1, 2, 0, 0, 0, 0, 0, 1, 0, 0, 0, 0, 0, 0, 37, 2, 1, 0, 1, 0, 0, 0, 1, 0, 0, 2, 11, 8, 5, 9, 76, 3, 2, 4, 100, 1, 2, 1, 25, 2, 3, 2, 3, 4, 0, 2, 6, 2, 0, 1, 33, 0, 0, 0, 0, 0, 1, 0, 18, 4, 2, 0, 2, 0, 2, 1, 3, 0, 0, 0, 1, 0, 0, 0, 0, 0, 0, 0, 1, 0, 0, 0, 0, 0, 0, 0, 2, 0, 0, 0, 1, 0, 0, 0, 2, 0, 0, 0, 0, 0, 0, 0, 
43, 1, 0, 0, 0, 1, 0, 2, 0, 0, 0, 1, 0, 0, 0, 0, 0, 0, 1, 0, 0, 0, 0, 0, 0, 17, 2, 4, 1, 0, 0, 1, 2, 1, 3, 4, 0, 25, 7, 7, 5, 88, 3, 1, 3, 100, 1, 2, 2, 32, 1, 2, 3, 0, 0, 3, 1, 0, 2, 1, 2, 40, 2, 0, 1, 4, 3, 3, 2, 9, 4, 3, 3, 10, 9, 6, 5, 0, 0, 0, 0, 1, 0, 0, 0, 1, 0, 0, 0, 0, 0, 0, 0, 0, 0, 0, 0, 0, 0, 0, 0, 0, 0, 0, 0, 1, 0, 0, 0, 1, 0, 0, 0, 
44, 2, 0, 3, 3, 0, 0, 0, 0, 0, 1, 0, 0, 0, 1, 0, 0, 0, 0, 0, 0, 0, 0, 0, 1, 28, 13, 6, 2, 3, 4, 6, 1, 8, 3, 0, 0, 35, 6, 5, 4, 65, 0, 4, 0, 100, 2, 2, 0, 14, 3, 2, 3, 1, 3, 1, 2, 0, 0, 0, 1, 46, 2, 1, 1, 7, 0, 0, 1, 11, 5, 4, 2, 10, 6, 9, 5, 1, 0, 0, 0, 0, 0, 0, 0, 1, 0, 0, 0, 0, 0, 0, 0, 1, 0, 0, 0, 1, 0, 0, 0, 2, 0, 0, 0, 0, 0, 0, 0, 1, 0, 0, 0, 
45, 1, 0, 2, 0, 2, 0, 0, 1, 1, 0, 1, 0, 1, 0, 0, 1, 1, 0, 0, 0, 0, 0, 0, 0, 38, 5, 1, 1, 4, 4, 1, 1, 15, 0, 0, 0, 19, 7, 6, 8, 61, 1, 7, 1, 100, 3, 1, 0, 13, 4, 4, 0, 2, 0, 0, 0, 3, 3, 2, 2, 44, 0, 1, 0, 1, 4, 1, 0, 12, 0, 2, 2, 12, 7, 8, 4, 1, 0, 0, 0, 0, 0, 0, 0, 4, 0, 0, 0, 0, 0, 0, 0, 0, 0, 0, 0, 1, 0, 0, 0, 1, 0, 0, 0, 2, 0, 0, 0, 1, 0, 0, 0, 
46, 1, 0, 1, 0, 4, 1, 3, 1, 0, 0, 0, 0, 1, 2, 0, 1, 0, 1, 0, 0, 0, 1, 1, 1, 34, 3, 5, 3, 2, 0, 4, 6, 26, 1, 2, 0, 23, 3, 6, 5, 47, 9, 4, 2, 100, 1, 3, 1, 18, 5, 4, 2, 4, 1, 2, 0, 2, 3, 1, 4, 34, 1, 0, 0, 4, 2, 7, 4, 10, 2, 1, 2, 9, 5, 6, 8, 0, 0, 0, 0, 0, 0, 0, 0, 1, 0, 0, 0, 0, 0, 0, 0, 2, 0, 0, 0, 0, 0, 0, 0, 2, 0, 0, 0, 1, 0, 0, 0, 2, 0, 0, 0, 
47, 1, 0, 0, 0, 0, 0, 0, 0, 3, 0, 0, 0, 1, 0, 1, 1, 0, 1, 1, 1, 0, 0, 1, 0, 36, 5, 3, 0, 3, 2, 4, 5, 26, 3, 0, 2, 12, 10, 8, 11, 42, 2, 3, 3, 100, 0, 0, 1, 2, 1, 3, 5, 5, 0, 1, 0, 2, 2, 2, 1, 20, 0, 3, 2, 4, 2, 3, 2, 17, 1, 7, 2, 9, 4, 4, 7, 1, 0, 0, 0, 3, 0, 0, 0, 0, 0, 0, 0, 1, 0, 0, 0, 0, 0, 0, 0, 0, 0, 0, 0, 1, 0, 0, 0, 0, 0, 0, 0, 1, 0, 0, 0, 
48, 1, 0, 0, 0, 0, 0, 0, 0, 0, 0, 1, 0, 0, 0, 1, 1, 0, 1, 2, 5, 0, 0, 0, 0, 49, 3, 3, 3, 3, 1, 4, 1, 43, 0, 0, 1, 12, 10, 3, 6, 32, 2, 4, 1, 100, 2, 0, 1, 6, 2, 3, 1, 18, 1, 0, 0, 3, 7, 2, 0, 16, 1, 4, 1, 1, 4, 0, 1, 21, 2, 3, 4, 19, 3, 4, 4, 1, 0, 0, 0, 0, 0, 0, 0, 0, 0, 0, 0, 0, 0, 0, 0, 1, 0, 0, 0, 0, 0, 0, 0, 0, 0, 0, 0, 0, 0, 0, 0, 0, 0, 0, 0, 
49, 0, 0, 1, 0, 1, 0, 0, 0, 0, 0, 1, 1, 1, 0, 4, 0, 0, 0, 0, 0, 1, 0, 0, 0, 58, 0, 1, 4, 1, 1, 0, 3, 34, 0, 0, 1, 16, 6, 7, 4, 24, 1, 3, 6, 100, 0, 1, 0, 6, 0, 0, 1, 32, 1, 0, 0, 14, 0, 2, 1, 12, 1, 1, 1, 5, 6, 1, 0, 15, 5, 1, 2, 1, 5, 8, 2, 1, 0, 0, 0, 0, 0, 0, 0, 0, 0, 0, 0, 1, 0, 0, 0, 3, 0, 0, 0, 0, 0, 0, 0, 2, 0, 0, 0, 2, 0, 0, 0, 0, 0, 0, 0, 
50, 0, 0, 2, 1, 0, 0, 0, 0, 2, 1, 2, 2, 0, 0, 0, 0, 1, 0, 0, 0, 0, 0, 0, 2, 59, 2, 5, 4, 3, 0, 2, 0, 43, 0, 1, 2, 11, 3, 6, 2, 31, 4, 0, 3, 100, 4, 3, 2, 4, 1, 0, 0, 49, 1, 2, 2, 12, 0, 1, 1, 14, 4, 1, 0, 1, 0, 0, 1, 4, 1, 0, 1, 2, 2, 5, 4, 1, 0, 0, 0, 0, 0, 0, 0, 0, 0, 0, 0, 1, 0, 0, 0, 1, 0, 0, 0, 0, 0, 0, 0, 1, 0, 0, 0, 0, 0, 0, 0, 0, 0, 0, 0, 
51, 0, 1, 0, 0, 0, 1, 0, 0, 0, 0, 0, 0, 0, 0, 1, 0, 0, 2, 0, 1, 0, 0, 1, 1, 72, 4, 3, 6, 0, 0, 0, 1, 42, 0, 1, 0, 3, 4, 5, 2, 46, 2, 2, 0, 100, 2, 0, 0, 1, 1, 3, 3, 38, 0, 0, 0, 21, 3, 2, 1, 1, 0, 1, 0, 0, 2, 6, 3, 0, 1, 0, 1, 14, 6, 4, 4, 1, 0, 0, 0, 1, 0, 0, 0, 1, 0, 0, 0, 1, 0, 0, 0, 1, 0, 0, 0, 2, 0, 0, 0, 0, 0, 0, 0, 0, 0, 0, 0, 0, 0, 0, 0, 
52, 0, 0, 1, 0, 0, 1, 2, 1, 0, 1, 0, 0, 0, 0, 0, 1, 0, 0, 0, 0, 0, 0, 0, 0, 51, 1, 4, 3, 0, 1, 1, 1, 49, 0, 0, 2, 9, 3, 4, 2, 46, 3, 3, 4, 100, 4, 3, 0, 4, 2, 2, 1, 26, 3, 3, 0, 22, 3, 5, 0, 1, 0, 0, 0, 0, 1, 0, 1, 3, 2, 0, 1, 12, 5, 4, 5, 1, 0, 0, 0, 0, 0, 0, 0, 0, 0, 0, 0, 1, 0, 0, 0, 0, 0, 0, 0, 1, 0, 0, 0, 0, 0, 0, 0, 1, 0, 0, 0, 1, 0, 0, 0, 
53, 2, 1, 4, 0, 1, 1, 1, 1, 0, 0, 0, 0, 0, 2, 1, 0, 1, 0, 1, 1, 0, 1, 2, 0, 42, 3, 5, 1, 15, 5, 5, 1, 45, 0, 0, 0, 0, 8, 4, 1, 36, 2, 1, 5, 100, 0, 1, 0, 0, 0, 1, 0, 10, 2, 2, 0, 21, 2, 2, 1, 2, 2, 3, 2, 2, 0, 2, 0, 1, 3, 0, 0, 22, 12, 7, 1, 0, 0, 0, 0, 0, 0, 0, 0, 2, 0, 0, 0, 1, 0, 0, 0, 0, 0, 0, 0, 0, 0, 0, 0, 0, 0, 0, 0, 0, 0, 0, 0, 2, 0, 0, 0, 
54, 4, 0, 1, 0, 0, 1, 0, 0, 0, 1, 1, 0, 0, 1, 0, 0, 2, 1, 2, 1, 0, 0, 1, 0, 47, 4, 2, 2, 15, 1, 2, 1, 36, 0, 1, 1, 5, 5, 3, 7, 27, 5, 5, 3, 100, 0, 3, 1, 1, 0, 1, 0, 10, 1, 0, 2, 21, 1, 3, 0, 2, 5, 3, 1, 13, 0, 0, 1, 1, 1, 1, 1, 38, 7, 2, 4, 1, 0, 0, 0, 1, 0, 0, 0, 0, 0, 0, 0, 0, 0, 0, 0, 2, 0, 0, 0, 1, 0, 0, 0, 0, 0, 0, 0, 0, 0, 0, 0, 1, 0, 0, 0, 
55, 0, 2, 1, 1, 2, 1, 1, 0, 0, 0, 1, 0, 0, 2, 0, 0, 0, 1, 1, 0, 0, 0, 1, 0, 44, 2, 3, 3, 23, 4, 1, 2, 34, 0, 0, 0, 5, 1, 2, 0, 28, 3, 4, 0, 100, 0, 2, 0, 14, 1, 1, 0, 0, 0, 0, 0, 22, 2, 0, 1, 0, 0, 0, 0, 17, 2, 2, 1, 2, 2, 1, 0, 29, 2, 2, 3, 1, 0, 0, 0, 1, 0, 0, 0, 0, 0, 0, 0, 0, 0, 0, 0, 1, 0, 0, 0, 6, 0, 0, 0, 2, 0, 0, 0, 2, 0, 0, 0, 2, 0, 0, 0, 
56, 4, 3, 2, 0, 1, 0, 1, 2, 0, 0, 0, 1, 0, 0, 0, 0, 0, 0, 0, 0, 1, 2, 0, 0, 32, 4, 4, 3, 24, 3, 1, 0, 48, 1, 0, 0, 1, 2, 4, 4, 16, 5, 3, 1, 100, 4, 1, 2, 5, 5, 1, 0, 8, 1, 3, 1, 18, 2, 0, 2, 0, 0, 0, 0, 23, 2, 2, 2, 1, 0, 0, 2, 24, 5, 3, 2, 1, 0, 0, 0, 0, 0, 0, 0, 1, 0, 0, 0, 0, 0, 0, 0, 1, 0, 0, 0, 0, 0, 0, 0, 1, 0, 0, 0, 0, 0, 0, 0, 1, 0, 0, 0, 
57, 2, 2, 1, 1, 0, 2, 1, 0, 1, 0, 0, 0, 3, 0, 2, 2, 0, 1, 0, 1, 1, 1, 0, 0, 31, 6, 3, 1, 26, 2, 0, 1, 37, 0, 0, 1, 1, 1, 1, 0, 24, 2, 3, 4, 100, 1, 0, 1, 2, 2, 3, 0, 4, 5, 0, 1, 18, 1, 0, 1, 4, 1, 1, 0, 7, 1, 0, 0, 2, 0, 1, 2, 33, 4, 1, 4, 1, 0, 0, 0, 2, 0, 0, 0, 0, 0, 0, 0, 2, 0, 0, 0, 0, 0, 0, 0, 2, 0, 0, 0, 0, 0, 0, 0, 1, 0, 0, 0, 1, 0, 0, 0, 
58, 0, 0, 0, 1, 0, 1, 0, 0, 0, 0, 0, 0, 2, 0, 1, 0, 0, 1, 2, 0, 0, 0, 1, 0, 45, 0, 2, 5, 15, 1, 2, 0, 38, 2, 0, 0, 2, 0, 1, 1, 18, 1, 4, 2, 100, 2, 0, 1, 1, 1, 0, 1, 6, 3, 4, 2, 23, 0, 1, 2, 2, 5, 7, 1, 4, 0, 1, 0, 1, 1, 0, 0, 38, 5, 3, 3, 0, 0, 0, 0, 2, 0, 0, 0, 1, 0, 0, 0, 1, 0, 0, 0, 1, 0, 0, 0, 0, 0, 0, 0, 4, 0, 0, 0, 6, 0, 0, 0, 0, 0, 0, 0, 
59, 0, 0, 0, 0, 0, 0, 0, 0, 0, 3, 1, 0, 1, 1, 0, 1, 0, 0, 1, 0, 1, 1, 1, 2, 56, 4, 6, 4, 16, 0, 3, 2, 52, 1, 0, 0, 3, 0, 2, 0, 14, 1, 2, 3, 100, 2, 1, 0, 0, 0, 3, 0, 3, 2, 1, 1, 22, 0, 0, 4, 3, 3, 4, 6, 1, 0, 0, 1, 2, 1, 3, 1, 45, 3, 8, 1, 0, 0, 0, 0, 1, 0, 0, 0, 0, 0, 0, 0, 0, 0, 0, 0, 0, 0, 0, 0, 0, 0, 0, 0, 1, 0, 0, 0, 0, 0, 0, 0, 0, 0, 0, 0, 
60, 0, 1, 0, 0, 0, 1, 0, 1, 0, 0, 0, 0, 1, 1, 2, 0, 2, 0, 0, 1, 0, 1, 1, 1, 57, 1, 2, 6, 13, 2, 1, 1, 49, 2, 0, 0, 2, 4, 4, 3, 9, 2, 1, 2, 100, 2, 2, 2, 4, 1, 1, 1, 1, 0, 0, 0, 22, 0, 2, 1, 0, 2, 0, 0, 1, 0, 0, 0, 3, 0, 1, 2, 45, 2, 5, 3, 0, 0, 0, 0, 0, 0, 0, 0, 1, 0, 0, 0, 1, 0, 0, 0, 0, 0, 0, 0, 0, 0, 0, 0, 1, 0, 0, 0, 1, 0, 0, 0, 0, 0, 0, 0, 
61, 1, 1, 0, 0, 0, 0, 2, 1, 0, 0, 0, 1, 0, 1, 0, 1, 0, 1, 0, 0, 0, 0, 0, 0, 51, 4, 2, 2, 17, 0, 2, 2, 38, 1, 1, 0, 6, 2, 3, 5, 0, 4, 3, 2, 100, 0, 0, 0, 1, 0, 2, 0, 1, 3, 4, 6, 14, 2, 3, 1, 0, 0, 1, 0, 2, 6, 2, 6, 13, 4, 7, 0, 42, 7, 2, 2, 0, 0, 0, 0, 0, 0, 0, 0, 0, 0, 0, 0, 0, 0, 0, 0, 0, 0, 0, 0, 2, 0, 0, 0, 0, 0, 0, 0, 2, 0, 0, 0, 1, 0, 0, 0, 
62, 1, 2, 2, 0, 0, 0, 0, 0, 1, 0, 2, 2, 1, 0, 0, 0, 1, 0, 0, 0, 0, 0, 0, 1, 56, 2, 0, 2, 18, 0, 1, 1, 22, 0, 2, 0, 2, 0, 0, 2, 1, 2, 1, 1, 100, 1, 0, 1, 1, 0, 1, 0, 0, 1, 2, 4, 10, 0, 0, 1, 16, 6, 7, 1, 5, 5, 6, 3, 17, 4, 1, 2, 51, 3, 3, 4, 1, 0, 0, 0, 0, 0, 0, 0, 2, 0, 0, 0, 0, 0, 0, 0, 0, 0, 0, 0, 1, 0, 0, 0, 1, 0, 0, 0, 0, 0, 0, 0, 1, 0, 0, 0, 
63, 5, 4, 1, 1, 1, 0, 0, 2, 0, 0, 1, 0, 0, 0, 0, 0, 0, 0, 0, 1, 0, 0, 1, 1, 56, 4, 4, 2, 15, 2, 4, 1, 18, 2, 3, 1, 1, 3, 2, 4, 7, 1, 1, 1, 100, 4, 2, 1, 1, 3, 4, 0, 1, 0, 1, 1, 1, 0, 0, 0, 25, 3, 6, 3, 0, 3, 1, 0, 12, 2, 2, 3, 50, 7, 7, 3, 1, 0, 0, 0, 0, 0, 0, 0, 0, 0, 0, 0, 2, 0, 0, 0, 0, 0, 0, 0, 0, 0, 0, 0, 0, 0, 0, 0, 0, 0, 0, 0, 0, 0, 0, 0, 
64, 0, 1, 0, 0, 1, 2, 1, 1, 0, 0, 0, 0, 0, 0, 1, 0, 0, 0, 1, 0, 3, 1, 0, 0, 53, 5, 5, 2, 25, 3, 0, 0, 23, 1, 0, 0, 2, 2, 2, 6, 0, 0, 0, 0, 100, 0, 0, 0, 8, 5, 5, 1, 1, 0, 1, 2, 3, 1, 5, 2, 19, 5, 6, 1, 2, 0, 1, 0, 4, 4, 2, 4, 51, 6, 6, 5, 1, 0, 0, 0, 0, 0, 0, 0, 0, 0, 0, 0, 4, 0, 0, 0, 0, 0, 0, 0, 0, 0, 0, 0, 1, 0, 0, 0, 3, 0, 0, 0, 0, 0, 0, 0, 
65, 1, 0, 1, 0, 2, 0, 0, 0, 0, 0, 0, 0, 0, 0, 1, 0, 1, 0, 0, 1, 0, 0, 0, 0, 51, 5, 4, 2, 34, 3, 4, 1, 32, 2, 3, 0, 2, 5, 4, 3, 0, 0, 1, 1, 100, 1, 0, 0, 11, 5, 4, 2, 7, 3, 3, 4, 3, 3, 4, 3, 14, 4, 6, 3, 10, 6, 1, 4, 0, 1, 0, 0, 45, 4, 4, 5, 1, 0, 0, 0, 0, 0, 0, 0, 0, 0, 0, 0, 0, 0, 0, 0, 2, 0, 0, 0, 1, 0, 0, 0, 0, 0, 0, 0, 2, 0, 0, 0, 0, 0, 0, 0, 
66, 0, 0, 1, 0, 2, 0, 1, 1, 0, 1, 0, 0, 0, 0, 0, 0, 0, 0, 0, 0, 0, 1, 0, 0, 62, 4, 7, 3, 37, 3, 0, 1, 25, 1, 1, 0, 5, 4, 5, 1, 2, 2, 1, 0, 100, 7, 0, 0, 21, 4, 2, 3, 0, 0, 0, 0, 1, 0, 0, 1, 34, 8, 4, 5, 9, 4, 4, 2, 2, 4, 0, 0, 63, 10, 2, 4, 1, 0, 0, 0, 1, 0, 0, 0, 0, 0, 0, 0, 0, 0, 0, 0, 0, 0, 0, 0, 0, 0, 0, 0, 0, 0, 0, 0, 2, 0, 0, 0, 1, 0, 0, 0, 
67, 1, 0, 0, 1, 0, 0, 0, 0, 2, 2, 1, 0, 2, 0, 0, 2, 1, 0, 1, 0, 0, 0, 0, 2, 66, 2, 0, 1, 37, 2, 4, 1, 34, 0, 0, 0, 0, 0, 0, 0, 4, 4, 1, 3, 100, 0, 1, 1, 19, 3, 2, 2, 8, 4, 5, 3, 1, 2, 1, 1, 43, 8, 7, 0, 16, 2, 6, 1, 0, 0, 0, 1, 63, 12, 4, 5, 1, 0, 0, 0, 0, 0, 0, 0, 1, 0, 0, 0, 3, 0, 0, 0, 0, 0, 0, 0, 1, 0, 0, 0, 1, 0, 0, 0, 1, 0, 0, 0, 0, 0, 0, 0, 
68, 1, 0, 0, 1, 1, 0, 0, 2, 0, 0, 1, 0, 1, 0, 0, 2, 0, 1, 0, 0, 0, 0, 1, 0, 54, 9, 3, 1, 46, 2, 1, 0, 31, 0, 2, 0, 4, 4, 4, 4, 7, 5, 6, 5, 100, 2, 0, 0, 17, 2, 0, 1, 18, 9, 3, 0, 7, 3, 1, 4, 43, 8, 2, 3, 22, 8, 5, 2, 3, 1, 1, 0, 61, 3, 2, 4, 1, 0, 0, 0, 0, 0, 0, 0, 0, 0, 0, 0, 1, 0, 0, 0, 1, 0, 0, 0, 0, 0, 0, 0, 0, 0, 0, 0, 0, 0, 0, 0, 0, 0, 0, 0, 
69, 2, 1, 3, 2, 0, 1, 0, 0, 0, 0, 2, 2, 1, 0, 1, 1, 0, 0, 0, 0, 1, 1, 2, 1, 63, 3, 1, 2, 23, 1, 2, 1, 20, 0, 0, 1, 0, 0, 1, 0, 12, 4, 6, 5, 100, 0, 0, 1, 3, 3, 3, 3, 31, 0, 0, 3, 2, 1, 4, 3, 56, 8, 3, 3, 22, 0, 7, 0, 0, 1, 3, 1, 58, 3, 5, 3, 0, 0, 0, 0, 1, 0, 0, 0, 0, 0, 0, 0, 0, 0, 0, 0, 0, 0, 0, 0, 0, 0, 0, 0, 1, 0, 0, 0, 1, 0, 0, 0, 0, 0, 0, 0, 
70, 0, 0, 0, 0, 0, 2, 0, 1, 0, 0, 0, 1, 1, 0, 1, 0, 1, 1, 0, 0, 0, 1, 0, 0, 60, 6, 4, 4, 39, 1, 2, 3, 16, 1, 0, 1, 4, 5, 2, 0, 37, 7, 5, 0, 100, 0, 0, 0, 1, 2, 1, 0, 24, 1, 5, 0, 8, 1, 6, 6, 62, 5, 1, 3, 10, 6, 6, 4, 4, 7, 1, 6, 51, 7, 2, 4, 1, 0, 0, 0, 2, 0, 0, 0, 0, 0, 0, 0, 0, 0, 0, 0, 0, 0, 0, 0, 1, 0, 0, 0, 1, 0, 0, 0, 1, 0, 0, 0, 1, 0, 0, 0, 
71, 0, 0, 0, 0, 0, 0, 1, 0, 1, 0, 0, 0, 2, 0, 1, 0, 0, 1, 0, 0, 3, 0, 2, 1, 69, 3, 5, 3, 42, 3, 3, 1, 17, 1, 0, 0, 4, 2, 2, 1, 47, 9, 2, 3, 100, 0, 1, 0, 2, 0, 0, 2, 23, 2, 2, 1, 4, 5, 1, 4, 54, 2, 7, 2, 14, 2, 0, 2, 5, 6, 6, 3, 52, 6, 2, 4, 1, 0, 0, 0, 2, 0, 0, 0, 0, 0, 0, 0, 2, 0, 0, 0, 0, 0, 0, 0, 0, 0, 0, 0, 1, 0, 0, 0, 1, 0, 0, 0, 1, 0, 0, 0, 
72, 1, 1, 0, 0, 0, 1, 1, 1, 0, 0, 0, 0, 0, 1, 0, 0, 0, 1, 0, 1, 0, 0, 0, 0, 70, 5, 4, 0, 28, 0, 1, 0, 13, 0, 1, 0, 2, 1, 0, 4, 55, 5, 3, 6, 100, 0, 2, 0, 2, 1, 3, 2, 25, 6, 5, 2, 2, 4, 2, 0, 50, 4, 3, 1, 12, 1, 3, 1, 9, 3, 11, 4, 55, 4, 1, 3, 0, 0, 0, 0, 0, 0, 0, 0, 0, 0, 0, 0, 1, 0, 0, 0, 0, 0, 0, 0, 1, 0, 0, 0, 2, 0, 0, 0, 0, 0, 0, 0, 2, 0, 0, 0, 
73, 2, 0, 0, 0, 1, 2, 3, 1, 0, 0, 0, 1, 0, 1, 0, 0, 0, 0, 1, 1, 1, 2, 2, 2, 78, 2, 4, 4, 7, 1, 3, 1, 3, 2, 2, 0, 0, 3, 0, 1, 43, 8, 3, 1, 100, 1, 0, 0, 0, 3, 0, 0, 32, 4, 5, 1, 2, 0, 0, 0, 37, 4, 1, 1, 0, 2, 0, 1, 12, 12, 10, 9, 53, 10, 2, 2, 0, 0, 0, 0, 1, 0, 0, 0, 0, 0, 0, 0, 0, 0, 0, 0, 0, 0, 0, 0, 1, 0, 0, 0, 0, 0, 0, 0, 2, 0, 0, 0, 3, 0, 0, 0, 
74, 0, 0, 0, 0, 0, 1, 0, 1, 0, 0, 2, 0, 1, 0, 1, 0, 0, 0, 1, 1, 0, 1, 1, 0, 81, 1, 5, 2, 0, 0, 1, 0, 18, 1, 0, 1, 1, 1, 1, 0, 35, 5, 3, 5, 100, 2, 0, 0, 0, 1, 2, 1, 36, 3, 4, 1, 0, 0, 0, 1, 34, 4, 3, 6, 9, 4, 2, 1, 13, 22, 7, 6, 50, 8, 5, 3, 0, 0, 0, 0, 0, 0, 0, 0, 0, 0, 0, 0, 2, 0, 0, 0, 1, 0, 0, 0, 1, 0, 0, 0, 1, 0, 0, 0, 1, 0, 0, 0, 1, 0, 0, 0, 
75, 1, 2, 0, 0, 2, 0, 1, 2, 0, 1, 1, 0, 0, 0, 0, 0, 1, 2, 0, 1, 0, 0, 0, 0, 86, 2, 1, 2, 6, 1, 2, 7, 10, 0, 0, 0, 1, 0, 1, 0, 48, 1, 2, 4, 100, 1, 0, 0, 1, 2, 0, 1, 29, 3, 1, 3, 0, 1, 1, 0, 25, 2, 3, 5, 6, 1, 1, 2, 7, 17, 9, 10, 61, 4, 7, 1, 0, 0, 0, 0, 1, 0, 0, 0, 1, 0, 0, 0, 3, 0, 0, 0, 2, 0, 0, 0, 0, 0, 0, 0, 0, 0, 0, 0, 3, 0, 0, 0, 2, 0, 0, 0, 
76, 0, 0, 2, 0, 1, 0, 1, 1, 0, 0, 0, 0, 0, 1, 1, 1, 1, 2, 0, 0, 1, 2, 3, 1, 70, 1, 2, 3, 3, 2, 3, 3, 14, 8, 3, 1, 0, 1, 8, 1, 40, 2, 7, 4, 100, 2, 0, 1, 0, 2, 0, 0, 20, 3, 2, 2, 4, 3, 3, 2, 26, 6, 5, 3, 0, 0, 2, 1, 14, 10, 15, 12, 57, 6, 4, 2, 0, 0, 0, 0, 0, 0, 0, 0, 0, 0, 0, 0, 0, 0, 0, 0, 0, 0, 0, 0, 3, 0, 0, 0, 0, 0, 0, 0, 1, 0, 0, 0, 0, 0, 0, 0, 
77, 2, 3, 4, 3, 1, 0, 0, 0, 2, 0, 0, 0, 3, 2, 1, 0, 0, 0, 0, 0, 1, 2, 2, 2, 72, 5, 4, 6, 5, 3, 0, 1, 15, 0, 0, 0, 1, 1, 1, 2, 20, 3, 3, 1, 100, 0, 0, 0, 1, 0, 0, 0, 20, 2, 1, 3, 9, 4, 7, 3, 45, 4, 4, 4, 2, 2, 0, 1, 20, 9, 4, 14, 69, 6, 4, 4, 0, 0, 0, 0, 0, 0, 0, 0, 1, 0, 0, 0, 2, 0, 0, 0, 2, 0, 0, 0, 2, 0, 0, 0, 0, 0, 0, 0, 2, 0, 0, 0, 0, 0, 0, 0, 
78, 1, 3, 1, 3, 2, 3, 2, 2, 0, 0, 2, 0, 0, 0, 1, 2, 1, 0, 0, 1, 1, 1, 2, 0, 96, 6, 5, 4, 3, 1, 2, 3, 13, 2, 0, 2, 7, 3, 4, 3, 17, 4, 3, 10, 100, 2, 1, 2, 0, 0, 3, 0, 2, 5, 1, 3, 4, 5, 3, 3, 55, 6, 3, 4, 3, 2, 3, 2, 25, 5, 10, 7, 72, 3, 2, 4, 2, 0, 0, 0, 1, 0, 0, 0, 1, 0, 0, 0, 0, 0, 0, 0, 1, 0, 0, 0, 1, 0, 0, 0, 0, 0, 0, 0, 2, 0, 0, 0, 1, 0, 0, 0, 
79, 0, 0, 0, 0, 1, 0, 0, 0, 0, 0, 0, 0, 0, 0, 0, 1, 0, 1, 0, 0, 0, 0, 0, 0, 100, 4, 8, 2, 3, 2, 2, 0, 1, 1, 0, 1, 5, 8, 3, 2, 17, 2, 1, 5, 100, 4, 4, 0, 3, 1, 2, 1, 2, 1, 1, 0, 3, 5, 2, 2, 59, 4, 4, 8, 9, 1, 1, 0, 9, 7, 13, 4, 60, 7, 9, 6, 0, 0, 0, 0, 0, 0, 0, 0, 0, 0, 0, 0, 0, 0, 0, 0, 0, 0, 0, 0, 1, 0, 0, 0, 0, 0, 0, 0, 2, 0, 0, 0, 1, 0, 0, 0, 
80, 0, 0, 3, 0, 3, 0, 0, 4, 0, 0, 0, 0, 8, 2, 0, 1, 1, 1, 0, 0, 1, 0, 0, 1, 100, 3, 2, 2, 1, 1, 0, 0, 0, 2, 4, 1, 5, 8, 5, 3, 5, 3, 5, 1, 100, 0, 3, 0, 3, 4, 1, 1, 0, 3, 2, 1, 3, 6, 4, 1, 64, 4, 1, 1, 0, 0, 0, 1, 10, 8, 11, 4, 77, 8, 2, 3, 1, 0, 0, 0, 0, 0, 0, 0, 0, 0, 0, 0, 2, 0, 0, 0, 2, 0, 0, 0, 0, 0, 0, 0, 1, 0, 0, 0, 1, 0, 0, 0, 1, 0, 0, 0, 
81, 0, 1, 1, 1, 3, 2, 0, 0, 1, 0, 0, 0, 0, 0, 0, 1, 1, 2, 0, 0, 2, 0, 1, 0, 100, 1, 3, 8, 1, 0, 0, 1, 1, 4, 0, 0, 6, 8, 11, 10, 3, 7, 3, 2, 100, 0, 0, 2, 1, 2, 0, 1, 2, 0, 0, 1, 3, 5, 1, 1, 67, 6, 7, 3, 2, 7, 1, 4, 11, 7, 9, 7, 83, 12, 2, 1, 1, 0, 0, 0, 1, 0, 0, 0, 1, 0, 0, 0, 0, 0, 0, 0, 1, 0, 0, 0, 0, 0, 0, 0, 1, 0, 0, 0, 0, 0, 0, 0, 0, 0, 0, 0, 
82, 0, 0, 2, 2, 1, 2, 2, 1, 2, 2, 1, 3, 1, 0, 2, 1, 1, 0, 0, 0, 1, 0, 0, 0, 100, 1, 2, 2, 1, 1, 1, 0, 0, 1, 0, 0, 7, 9, 12, 5, 0, 0, 3, 0, 100, 0, 0, 3, 4, 5, 6, 4, 2, 0, 0, 0, 10, 2, 2, 3, 85, 3, 5, 4, 3, 3, 4, 2, 8, 6, 6, 14, 74, 3, 1, 6, 0, 0, 0, 0, 1, 0, 0, 0, 1, 0, 0, 0, 1, 0, 0, 0, 1, 0, 0, 0, 0, 0, 0, 0, 1, 0, 0, 0, 0, 0, 0, 0, 0, 0, 0, 0, 
83, 0, 1, 1, 0, 1, 0, 0, 0, 1, 2, 0, 0, 0, 0, 0, 0, 0, 0, 0, 1, 0, 0, 0, 0, 100, 5, 4, 2, 11, 3, 0, 1, 3, 3, 6, 0, 7, 4, 8, 8, 4, 1, 1, 0, 100, 3, 0, 0, 8, 4, 10, 8, 3, 2, 4, 2, 5, 2, 3, 3, 94, 4, 5, 1, 3, 4, 5, 3, 9, 10, 7, 8, 81, 3, 3, 2, 0, 0, 0, 0, 1, 0, 0, 0, 2, 0, 0, 0, 1, 0, 0, 0, 1, 0, 0, 0, 0, 0, 0, 0, 0, 0, 0, 0, 2, 0, 0, 0, 4, 0, 0, 0, 
84, 1, 0, 1, 0, 1, 0, 1, 1, 0, 1, 0, 0, 0, 0, 0, 0, 1, 0, 0, 0, 1, 0, 0, 0, 100, 6, 4, 2, 12, 3, 1, 2, 13, 1, 1, 0, 9, 5, 9, 4, 4, 2, 1, 0, 100, 2, 2, 1, 8, 12, 10, 13, 2, 3, 3, 4, 1, 4, 3, 6, 99, 4, 3, 5, 6, 5, 6, 2, 9, 7, 7, 3, 78, 3, 3, 2, 3, 0, 0, 0, 1, 0, 0, 0, 0, 0, 0, 0, 0, 0, 0, 0, 1, 0, 0, 0, 3, 0, 0, 0, 1, 0, 0, 0, 2, 0, 0, 0, 1, 0, 0, 0, 
85, 2, 2, 2, 4, 0, 0, 0, 1, 0, 1, 1, 0, 1, 0, 1, 0, 0, 0, 0, 0, 1, 2, 1, 0, 100, 2, 5, 5, 12, 1, 0, 0, 3, 1, 2, 0, 12, 4, 8, 5, 1, 0, 3, 1, 100, 4, 0, 1, 13, 8, 12, 12, 0, 1, 1, 1, 3, 6, 6, 2, 100, 3, 4, 5, 7, 6, 3, 4, 11, 6, 4, 3, 64, 6, 3, 3, 1, 0, 0, 0, 1, 0, 0, 0, 2, 0, 0, 0, 0, 0, 0, 0, 0, 0, 0, 0, 1, 0, 0, 0, 1, 0, 0, 0, 1, 0, 0, 0, 0, 0, 0, 0, 
86, 1, 0, 2, 0, 0, 0, 1, 0, 0, 0, 0, 0, 0, 2, 5, 0, 0, 0, 0, 1, 0, 0, 0, 1, 100, 1, 2, 4, 13, 2, 1, 1, 10, 2, 0, 0, 7, 6, 9, 5, 3, 5, 1, 2, 100, 2, 1, 0, 10, 13, 11, 8, 2, 2, 1, 1, 3, 9, 7, 3, 100, 5, 2, 3, 8, 7, 7, 5, 5, 3, 5, 2, 84, 4, 5, 1, 1, 0, 0, 0, 0, 0, 0, 0, 0, 0, 0, 0, 2, 0, 0, 0, 0, 0, 0, 0, 0, 0, 0, 0, 2, 0, 0, 0, 2, 0, 0, 0, 1, 0, 0, 0, 
87, 1, 1, 2, 0, 2, 0, 0, 0, 0, 0, 0, 0, 0, 0, 0, 0, 0, 0, 0, 0, 0, 1, 2, 0, 100, 1, 3, 3, 1, 2, 2, 1, 8, 0, 3, 3, 2, 2, 6, 5, 11, 7, 4, 10, 100, 2, 1, 0, 9, 11, 9, 4, 2, 1, 1, 3, 8, 6, 2, 6, 100, 2, 3, 8, 8, 2, 13, 6, 0, 0, 0, 0, 78, 8, 4, 6, 0, 0, 0, 0, 3, 0, 0, 0, 1, 0, 0, 0, 0, 0, 0, 0, 0, 0, 0, 0, 0, 0, 0, 0, 1, 0, 0, 0, 1, 0, 0, 0, 0, 0, 0, 0, 
88, 2, 2, 2, 1, 0, 1, 2, 0, 0, 0, 0, 0, 1, 2, 1, 1, 1, 1, 0, 0, 1, 0, 1, 2, 100, 3, 3, 1, 0, 2, 0, 1, 1, 0, 3, 3, 4, 4, 7, 6, 4, 7, 9, 6, 100, 0, 0, 0, 4, 8, 7, 6, 11, 3, 2, 2, 8, 2, 2, 4, 100, 9, 5, 0, 5, 10, 6, 6, 3, 3, 2, 1, 85, 4, 1, 5, 0, 0, 0, 0, 2, 0, 0, 0, 0, 0, 0, 0, 0, 0, 0, 0, 3, 0, 0, 0, 0, 0, 0, 0, 0, 0, 0, 0, 0, 0, 0, 0, 1, 0, 0, 0, 
89, 1, 1, 0, 0, 0, 1, 1, 1, 0, 1, 1, 1, 1, 0, 0, 0, 0, 1, 1, 1, 0, 1, 0, 0, 100, 2, 2, 2, 2, 2, 0, 3, 3, 5, 4, 3, 1, 3, 9, 7, 12, 12, 9, 7, 100, 0, 1, 0, 6, 4, 4, 3, 3, 0, 3, 2, 2, 0, 1, 1, 100, 2, 2, 3, 6, 6, 7, 5, 9, 2, 2, 1, 84, 2, 4, 9, 0, 0, 0, 0, 3, 0, 0, 0, 0, 0, 0, 0, 1, 0, 0, 0, 0, 0, 0, 0, 1, 0, 0, 0, 0, 0, 0, 0, 4, 0, 0, 0, 1, 0, 0, 0, 
90, 2, 3, 2, 0, 0, 0, 1, 2, 1, 2, 2, 0, 1, 0, 0, 1, 0, 0, 0, 0, 0, 0, 1, 1, 100, 3, 5, 1, 13, 1, 2, 1, 3, 3, 1, 2, 23, 5, 8, 6, 21, 5, 11, 7, 100, 4, 0, 1, 2, 3, 1, 1, 0, 2, 0, 1, 1, 0, 3, 0, 100, 1, 4, 4, 9, 15, 13, 10, 1, 1, 2, 1, 85, 2, 1, 4, 0, 0, 0, 0, 1, 0, 0, 0, 0, 0, 0, 0, 0, 0, 0, 0, 0, 0, 0, 0, 0, 0, 0, 0, 1, 0, 0, 0, 1, 0, 0, 0, 1, 0, 0, 0, 
91, 0, 0, 0, 1, 3, 1, 2, 3, 0, 0, 0, 0, 1, 0, 0, 1, 3, 2, 0, 1, 0, 0, 0, 0, 100, 2, 4, 3, 17, 1, 1, 0, 1, 3, 1, 0, 16, 2, 9, 11, 29, 13, 4, 7, 100, 0, 1, 0, 0, 1, 0, 0, 6, 1, 1, 2, 4, 1, 0, 0, 97, 5, 2, 3, 19, 11, 11, 8, 8, 3, 1, 1, 80, 2, 4, 7, 1, 0, 0, 0, 0, 0, 0, 0, 3, 0, 0, 0, 2, 0, 0, 0, 1, 0, 0, 0, 4, 0, 0, 0, 1, 0, 0, 0, 2, 0, 0, 0, 1, 0, 0, 0, 
92, 0, 0, 0, 0, 3, 1, 0, 2, 1, 0, 0, 0, 0, 0, 0, 0, 2, 0, 3, 0, 1, 2, 1, 0, 96, 3, 1, 6, 26, 6, 1, 1, 1, 1, 2, 2, 28, 4, 11, 8, 25, 10, 7, 8, 100, 0, 1, 1, 5, 3, 5, 3, 3, 2, 3, 3, 2, 0, 1, 0, 93, 8, 1, 2, 11, 10, 13, 9, 18, 3, 1, 2, 65, 5, 1, 2, 3, 0, 0, 0, 2, 0, 0, 0, 2, 0, 0, 0, 1, 0, 0, 0, 0, 0, 0, 0, 0, 0, 0, 0, 0, 0, 0, 0, 0, 0, 0, 0, 0, 0, 0, 0, 
93, 1, 0, 0, 0, 0, 1, 0, 0, 1, 0, 1, 1, 0, 0, 0, 0, 0, 0, 0, 0, 0, 0, 0, 0, 91, 4, 2, 3, 35, 1, 1, 0, 2, 3, 0, 2, 37, 4, 7, 7, 18, 6, 7, 9, 100, 1, 0, 1, 1, 1, 2, 0, 6, 2, 3, 1, 2, 0, 2, 1, 100, 4, 2, 4, 19, 13, 13, 8, 16, 3, 0, 3, 63, 7, 7, 4, 2, 0, 0, 0, 1, 0, 0, 0, 0, 0, 0, 0, 3, 0, 0, 0, 3, 0, 0, 0, 1, 0, 0, 0, 3, 0, 0, 0, 1, 0, 0, 0, 3, 0, 0, 0, 
94, 0, 0, 4, 2, 1, 3, 2, 3, 1, 0, 1, 0, 0, 1, 0, 1, 1, 0, 0, 0, 0, 1, 1, 0, 95, 3, 4, 1, 24, 1, 0, 1, 0, 0, 0, 0, 37, 11, 10, 5, 9, 8, 7, 6, 100, 3, 3, 1, 0, 0, 1, 1, 7, 3, 3, 5, 5, 2, 1, 0, 100, 8, 3, 4, 22, 12, 11, 8, 28, 6, 2, 0, 63, 6, 4, 3, 1, 0, 0, 0, 0, 0, 0, 0, 0, 0, 0, 0, 0, 0, 0, 0, 0, 0, 0, 0, 0, 0, 0, 0, 0, 0, 0, 0, 2, 0, 0, 0, 1, 0, 0, 0, 
95, 3, 3, 4, 1, 1, 2, 3, 1, 1, 0, 1, 0, 1, 1, 0, 0, 1, 1, 0, 1, 2, 2, 1, 0, 87, 1, 4, 1, 8, 1, 2, 0, 2, 1, 1, 1, 42, 6, 10, 4, 10, 10, 9, 3, 100, 1, 0, 0, 3, 0, 0, 0, 3, 2, 3, 0, 9, 2, 3, 4, 100, 4, 3, 3, 24, 13, 9, 9, 24, 2, 0, 1, 64, 5, 4, 4, 0, 0, 0, 0, 0, 0, 0, 0, 1, 0, 0, 0, 1, 0, 0, 0, 2, 0, 0, 0, 1, 0, 0, 0, 1, 0, 0, 0, 0, 0, 0, 0, 2, 0, 0, 0, 
96, 5, 1, 3, 1, 1, 1, 1, 0, 0, 1, 0, 1, 1, 0, 0, 0, 1, 0, 0, 0, 0, 0, 0, 0, 75, 8, 2, 1, 8, 2, 0, 0, 1, 1, 0, 1, 51, 9, 4, 9, 7, 5, 8, 6, 93, 1, 4, 2, 3, 3, 0, 0, 4, 3, 4, 2, 21, 4, 1, 0, 100, 7, 3, 5, 26, 7, 12, 8, 21, 1, 1, 0, 67, 3, 7, 2, 0, 0, 0, 0, 0, 0, 0, 0, 2, 0, 0, 0, 0, 0, 0, 0, 1, 0, 0, 0, 2, 0, 0, 0, 1, 0, 0, 0, 0, 0, 0, 0, 0, 0, 0, 0, 
97, 0, 0, 0, 0, 0, 0, 1, 0, 0, 1, 0, 0, 1, 1, 0, 0, 0, 0, 0, 0, 0, 0, 1, 0, 63, 2, 1, 3, 13, 1, 1, 1, 2, 2, 6, 2, 53, 5, 3, 7, 6, 5, 6, 9, 100, 3, 1, 4, 1, 2, 1, 0, 1, 2, 3, 1, 13, 4, 6, 2, 100, 5, 2, 1, 21, 5, 8, 6, 2, 0, 2, 1, 71, 2, 3, 4, 3, 0, 0, 0, 0, 0, 0, 0, 0, 0, 0, 0, 0, 0, 0, 0, 0, 0, 0, 0, 1, 0, 0, 0, 0, 0, 0, 0, 0, 0, 0, 0, 1, 0, 0, 0, 
98, 0, 0, 1, 1, 0, 2, 0, 0, 0, 0, 1, 0, 0, 0, 0, 0, 0, 0, 0, 0, 0, 1, 0, 0, 60, 4, 1, 1, 20, 2, 2, 0, 6, 2, 5, 4, 43, 5, 3, 7, 10, 7, 9, 3, 100, 6, 1, 1, 2, 5, 5, 2, 0, 0, 0, 0, 14, 3, 2, 3, 100, 6, 4, 6, 10, 8, 11, 11, 2, 3, 1, 2, 65, 5, 5, 6, 1, 0, 0, 0, 1, 0, 0, 0, 0, 0, 0, 0, 0, 0, 0, 0, 0, 0, 0, 0, 0, 0, 0, 0, 1, 0, 0, 0, 1, 0, 0, 0, 0, 0, 0, 0, 
99, 1, 0, 2, 0, 0, 0, 0, 0, 0, 0, 2, 1, 1, 0, 0, 0, 1, 0, 1, 1, 2, 2, 1, 0, 70, 6, 4, 1, 16, 2, 4, 2, 22, 8, 5, 5, 35, 10, 2, 6, 9, 4, 7, 8, 100, 1, 0, 1, 16, 7, 5, 3, 0, 0, 1, 0, 14, 3, 2, 2, 100, 6, 3, 2, 8, 10, 13, 9, 1, 1, 1, 0, 76, 2, 4, 3, 0, 0, 0, 0, 0, 0, 0, 0, 1, 0, 0, 0, 0, 0, 0, 0, 1, 0, 0, 0, 0, 0, 0, 0, 1, 0, 0, 0, 0, 0, 0, 0, 1, 0, 0, 0, 