0, 0, 1, 0, 0, 2, 0, 1, 0, 3, 0, 1, 2, 0, 0, 1, 0, 1, 0, 1, 0, 0, 0, 2, 0, 8, 0, 1, 1, 2, 5, 2, 2, 0, 0, 0, 1, 2, 3, 2, 1, 6, 0, 1, 3, 6, 3, 1, 3, 1, 1, 0, 1, 0, 0, 0, 0, 0, 0, 0, 1, 0, 0, 0, 0, 9, 0, 0, 0, 0, 1, 0, 0, 3, 1, 1, 2, 0, 0, 0, 0, 0, 0, 0, 0, 0, 0, 0, 0, 0, 0, 0, 0, 0, 0, 0, 0, 1, 0, 0, 0, 1, 0, 0, 0, 0, 0, 0, 0, 1, 0, 0, 0, 
1, 2, 0, 0, 0, 0, 1, 1, 0, 1, 1, 0, 1, 0, 0, 0, 0, 0, 0, 0, 0, 0, 0, 1, 0, 9, 0, 1, 0, 0, 0, 2, 1, 3, 7, 1, 0, 1, 1, 0, 1, 0, 1, 0, 0, 16, 5, 4, 4, 3, 3, 4, 3, 2, 4, 3, 2, 0, 3, 1, 0, 1, 2, 2, 1, 0, 0, 0, 0, 5, 3, 2, 1, 4, 0, 1, 3, 0, 0, 0, 0, 0, 0, 0, 0, 0, 0, 0, 0, 0, 0, 0, 0, 2, 0, 0, 0, 1, 0, 0, 0, 2, 0, 0, 0, 3, 0, 0, 0, 0, 0, 0, 0, 
2, 1, 0, 1, 0, 1, 1, 3, 2, 2, 3, 1, 0, 0, 0, 0, 0, 0, 0, 0, 2, 0, 1, 0, 0, 0, 1, 1, 3, 1, 4, 0, 1, 9, 1, 3, 0, 0, 2, 0, 0, 1, 2, 2, 1, 10, 5, 4, 1, 11, 2, 1, 1, 1, 7, 4, 2, 4, 5, 2, 1, 2, 3, 5, 2, 1, 0, 0, 1, 0, 0, 0, 0, 3, 2, 4, 4, 2, 0, 0, 0, 2, 0, 0, 0, 0, 0, 0, 0, 1, 0, 0, 0, 0, 0, 0, 0, 1, 0, 0, 0, 2, 0, 0, 0, 1, 0, 0, 0, 0, 0, 0, 0, 
3, 2, 0, 1, 1, 0, 0, 0, 0, 1, 0, 0, 0, 0, 1, 2, 0, 0, 0, 1, 0, 0, 0, 0, 0, 0, 0, 0, 0, 0, 0, 1, 0, 1, 0, 1, 2, 0, 0, 1, 1, 0, 0, 0, 1, 13, 3, 2, 3, 0, 0, 0, 0, 2, 2, 3, 1, 0, 0, 2, 0, 3, 4, 2, 5, 7, 3, 0, 0, 10, 1, 0, 0, 10, 7, 4, 3, 1, 0, 0, 0, 0, 0, 0, 0, 2, 0, 0, 0, 1, 0, 0, 0, 2, 0, 0, 0, 0, 0, 0, 0, 0, 0, 0, 0, 0, 0, 0, 0, 1, 0, 0, 0, 
4, 0, 0, 1, 0, 0, 0, 0, 0, 1, 0, 0, 0, 1, 1, 0, 0, 0, 0, 0, 0, 1, 1, 0, 0, 0, 0, 1, 0, 4, 0, 0, 0, 4, 11, 8, 6, 2, 2, 0, 2, 5, 3, 3, 1, 3, 5, 5, 3, 0, 1, 4, 1, 3, 3, 5, 4, 1, 1, 1, 3, 6, 8, 3, 3, 1, 0, 0, 0, 5, 0, 1, 0, 11, 3, 4, 2, 0, 0, 0, 0, 1, 0, 0, 0, 1, 0, 0, 0, 2, 0, 0, 0, 0, 0, 0, 0, 1, 0, 0, 0, 0, 0, 0, 0, 0, 0, 0, 0, 0, 0, 0, 0, 
5, 2, 0, 1, 0, 0, 0, 0, 0, 0, 0, 0, 0, 2, 0, 3, 0, 1, 0, 0, 1, 0, 0, 0, 0, 2, 2, 1, 1, 3, 4, 3, 2, 6, 2, 7, 5, 0, 3, 2, 2, 0, 0, 1, 2, 6, 1, 1, 0, 6, 6, 2, 3, 2, 2, 1, 1, 2, 0, 4, 3, 2, 1, 1, 4, 1, 2, 3, 0, 3, 1, 1, 1, 12, 8, 8, 6, 0, 0, 0, 0, 0, 0, 0, 0, 0, 0, 0, 0, 2, 0, 0, 0, 0, 0, 0, 0, 1, 0, 0, 0, 1, 0, 0, 0, 0, 0, 0, 0, 1, 0, 0, 0, 
6, 2, 2, 4, 1, 0, 0, 1, 0, 1, 1, 0, 0, 0, 0, 0, 2, 0, 4, 0, 1, 0, 0, 1, 0, 1, 3, 2, 3, 0, 1, 0, 0, 3, 4, 4, 4, 0, 0, 2, 0, 2, 1, 0, 1, 1, 1, 2, 1, 7, 6, 5, 4, 0, 0, 0, 0, 1, 2, 6, 0, 13, 1, 0, 0, 1, 0, 0, 1, 7, 3, 2, 4, 6, 7, 9, 4, 0, 0, 0, 0, 1, 0, 0, 0, 0, 0, 0, 0, 0, 0, 0, 0, 0, 0, 0, 0, 1, 0, 0, 0, 0, 0, 0, 0, 0, 0, 0, 0, 2, 0, 0, 0, 
7, 1, 1, 0, 0, 0, 0, 0, 0, 1, 0, 1, 1, 1, 0, 1, 0, 0, 1, 1, 0, 0, 0, 0, 0, 1, 0, 0, 0, 0, 0, 0, 1, 0, 1, 2, 2, 0, 1, 0, 0, 5, 2, 2, 3, 1, 1, 3, 0, 9, 6, 5, 1, 0, 1, 0, 0, 5, 3, 3, 5, 14, 0, 0, 0, 3, 6, 0, 0, 3, 5, 3, 3, 5, 4, 9, 7, 0, 0, 0, 0, 0, 0, 0, 0, 1, 0, 0, 0, 1, 0, 0, 0, 2, 0, 0, 0, 0, 0, 0, 0, 2, 0, 0, 0, 0, 0, 0, 0, 0, 0, 0, 0, 
8, 1, 0, 0, 0, 0, 1, 0, 1, 1, 0, 3, 0, 0, 1, 0, 0, 1, 0, 0, 0, 0, 0, 1, 0, 2, 6, 2, 1, 2, 2, 0, 0, 6, 2, 0, 1, 2, 0, 1, 0, 0, 1, 1, 1, 0, 0, 0, 0, 15, 4, 4, 0, 4, 2, 1, 0, 5, 3, 5, 1, 0, 2, 1, 1, 7, 2, 2, 6, 7, 3, 4, 6, 5, 5, 3, 3, 0, 0, 0, 0, 0, 0, 0, 0, 1, 0, 0, 0, 0, 0, 0, 0, 1, 0, 0, 0, 0, 0, 0, 0, 0, 0, 0, 0, 2, 0, 0, 0, 1, 0, 0, 0, 
9, 2, 1, 1, 4, 0, 1, 1, 0, 1, 2, 0, 0, 0, 1, 0, 0, 2, 0, 0, 0, 0, 0, 2, 2, 4, 5, 5, 1, 2, 0, 0, 1, 3, 2, 2, 2, 1, 2, 1, 1, 2, 1, 1, 1, 1, 2, 2, 2, 15, 3, 4, 1, 0, 1, 0, 0, 0, 0, 2, 0, 2, 1, 3, 3, 2, 3, 7, 0, 12, 15, 5, 6, 7, 5, 3, 11, 1, 0, 0, 0, 1, 0, 0, 0, 0, 0, 0, 0, 0, 0, 0, 0, 0, 0, 0, 0, 0, 0, 0, 0, 0, 0, 0, 0, 0, 0, 0, 0, 0, 0, 0, 0, 
10, 1, 0, 1, 0, 0, 0, 0, 0, 1, 0, 0, 0, 0, 1, 0, 0, 0, 0, 0, 0, 0, 2, 1, 1, 0, 1, 0, 0, 1, 1, 0, 0, 0, 2, 2, 1, 0, 0, 1, 0, 13, 3, 0, 0, 2, 2, 2, 4, 11, 2, 4, 5, 0, 0, 0, 0, 3, 0, 0, 1, 2, 2, 0, 0, 8, 9, 2, 3, 18, 8, 13, 13, 12, 10, 7, 8, 0, 0, 0, 0, 1, 0, 0, 0, 1, 0, 0, 0, 1, 0, 0, 0, 0, 0, 0, 0, 1, 0, 0, 0, 1, 0, 0, 0, 1, 0, 0, 0, 0, 0, 0, 0, 
11, 1, 0, 0, 0, 0, 0, 0, 1, 1, 1, 0, 0, 2, 1, 1, 0, 0, 0, 0, 1, 2, 1, 1, 0, 0, 0, 1, 0, 7, 1, 0, 1, 0, 1, 0, 1, 2, 3, 2, 1, 15, 1, 0, 0, 7, 3, 6, 3, 19, 4, 4, 3, 0, 0, 0, 0, 1, 3, 1, 0, 1, 0, 1, 1, 13, 5, 1, 2, 32, 5, 13, 10, 14, 13, 4, 9, 0, 0, 0, 0, 1, 0, 0, 0, 1, 0, 0, 0, 0, 0, 0, 0, 1, 0, 0, 0, 0, 0, 0, 0, 1, 0, 0, 0, 2, 0, 0, 0, 0, 0, 0, 0, 
12, 2, 0, 0, 3, 0, 0, 2, 0, 1, 1, 0, 1, 0, 0, 0, 0, 0, 0, 0, 0, 0, 0, 0, 0, 0, 1, 0, 1, 4, 0, 0, 0, 5, 1, 1, 0, 1, 1, 1, 0, 10, 4, 3, 0, 1, 0, 4, 7, 18, 8, 7, 7, 0, 1, 0, 0, 7, 1, 4, 1, 1, 1, 0, 0, 6, 2, 4, 3, 35, 13, 12, 6, 10, 7, 9, 4, 1, 0, 0, 0, 2, 0, 0, 0, 1, 0, 0, 0, 0, 0, 0, 0, 2, 0, 0, 0, 1, 0, 0, 0, 4, 0, 0, 0, 0, 0, 0, 0, 1, 0, 0, 0, 
13, 0, 1, 1, 0, 0, 0, 0, 0, 0, 0, 0, 0, 0, 0, 0, 0, 0, 0, 1, 0, 0, 0, 0, 0, 0, 1, 1, 1, 1, 2, 2, 0, 9, 4, 3, 0, 1, 0, 1, 3, 14, 1, 0, 0, 2, 0, 2, 0, 41, 6, 1, 2, 17, 1, 2, 1, 4, 2, 1, 4, 2, 4, 3, 2, 8, 4, 7, 3, 48, 10, 9, 5, 17, 10, 10, 7, 0, 0, 0, 0, 0, 0, 0, 0, 0, 0, 0, 0, 3, 0, 0, 0, 0, 0, 0, 0, 0, 0, 0, 0, 0, 0, 0, 0, 0, 0, 0, 0, 2, 0, 0, 0, 
14, 0, 0, 0, 2, 0, 1, 2, 1, 3, 0, 1, 1, 2, 0, 0, 1, 0, 0, 0, 0, 0, 0, 0, 2, 1, 2, 0, 1, 3, 1, 3, 1, 18, 2, 0, 1, 0, 0, 1, 1, 7, 0, 1, 0, 6, 4, 2, 4, 39, 3, 4, 4, 0, 1, 0, 0, 3, 3, 1, 5, 9, 6, 3, 3, 1, 10, 5, 2, 40, 10, 10, 8, 29, 10, 12, 4, 2, 0, 0, 0, 0, 0, 0, 0, 0, 0, 0, 0, 1, 0, 0, 0, 0, 0, 0, 0, 0, 0, 0, 0, 0, 0, 0, 0, 2, 0, 0, 0, 1, 0, 0, 0, 
15, 0, 0, 3, 1, 1, 1, 0, 0, 0, 3, 0, 0, 0, 0, 0, 0, 1, 0, 1, 0, 0, 0, 0, 1, 4, 5, 4, 3, 1, 0, 3, 2, 21, 0, 0, 1, 5, 2, 0, 1, 10, 6, 0, 0, 6, 4, 3, 3, 59, 7, 3, 0, 0, 1, 0, 0, 2, 1, 1, 0, 0, 0, 0, 5, 2, 3, 5, 2, 54, 14, 9, 8, 49, 13, 4, 10, 0, 0, 0, 0, 0, 0, 0, 0, 0, 0, 0, 0, 0, 0, 0, 0, 0, 0, 0, 0, 1, 0, 0, 0, 0, 0, 0, 0, 0, 0, 0, 0, 2, 0, 0, 0, 
16, 0, 0, 0, 0, 0, 1, 1, 0, 1, 1, 1, 0, 0, 0, 0, 0, 1, 0, 1, 2, 0, 0, 0, 0, 5, 1, 3, 1, 2, 0, 0, 0, 19, 0, 0, 1, 2, 2, 3, 1, 17, 2, 1, 1, 1, 2, 1, 1, 57, 6, 7, 2, 12, 1, 4, 3, 1, 1, 1, 2, 0, 0, 0, 0, 2, 0, 2, 1, 62, 6, 13, 8, 54, 12, 5, 5, 0, 0, 0, 0, 2, 0, 0, 0, 1, 0, 0, 0, 1, 0, 0, 0, 1, 0, 0, 0, 3, 0, 0, 0, 1, 0, 0, 0, 0, 0, 0, 0, 2, 0, 0, 0, 
17, 4, 3, 2, 1, 0, 0, 0, 1, 1, 0, 1, 0, 6, 5, 0, 0, 3, 1, 0, 1, 0, 0, 1, 0, 6, 9, 8, 5, 4, 2, 3, 1, 12, 1, 2, 1, 4, 3, 2, 0, 9, 3, 1, 1, 0, 0, 0, 0, 56, 3, 6, 2, 14, 4, 2, 1, 2, 1, 0, 0, 0, 1, 1, 0, 0, 0, 1, 0, 61, 13, 8, 3, 40, 13, 10, 5, 0, 0, 0, 0, 1, 0, 0, 0, 0, 0, 0, 0, 0, 0, 0, 0, 0, 0, 0, 0, 0, 0, 0, 0, 2, 0, 0, 0, 1, 0, 0, 0, 0, 0, 0, 0, 
18, 0, 0, 0, 1, 1, 2, 1, 0, 1, 0, 0, 0, 2, 1, 0, 0, 1, 0, 1, 1, 0, 0, 0, 0, 4, 4, 5, 3, 1, 1, 0, 0, 8, 2, 1, 0, 1, 0, 0, 0, 17, 0, 0, 0, 0, 1, 1, 1, 48, 2, 8, 5, 25, 1, 5, 1, 2, 5, 2, 2, 1, 0, 0, 1, 0, 2, 1, 1, 60, 7, 9, 10, 38, 12, 13, 9, 2, 0, 0, 0, 2, 0, 0, 0, 0, 0, 0, 0, 0, 0, 0, 0, 1, 0, 0, 0, 3, 0, 0, 0, 0, 0, 0, 0, 0, 0, 0, 0, 1, 0, 0, 0, 
19, 1, 1, 0, 0, 1, 2, 3, 0, 1, 0, 0, 0, 0, 0, 0, 0, 2, 0, 0, 0, 0, 1, 0, 0, 10, 5, 5, 10, 1, 0, 1, 0, 13, 1, 1, 0, 3, 4, 6, 2, 10, 0, 1, 0, 3, 2, 1, 3, 40, 3, 5, 2, 27, 3, 2, 2, 2, 0, 3, 2, 0, 2, 0, 1, 2, 2, 0, 0, 49, 9, 13, 4, 48, 7, 6, 7, 1, 0, 0, 0, 1, 0, 0, 0, 1, 0, 0, 0, 1, 0, 0, 0, 2, 0, 0, 0, 2, 0, 0, 0, 0, 0, 0, 0, 1, 0, 0, 0, 0, 0, 0, 0, 
20, 0, 0, 0, 0, 0, 0, 0, 0, 0, 0, 0, 1, 3, 2, 2, 1, 2, 0, 0, 0, 0, 1, 0, 1, 9, 7, 8, 12, 2, 1, 0, 1, 0, 1, 0, 0, 4, 4, 2, 2, 7, 0, 0, 0, 8, 2, 0, 0, 31, 5, 1, 6, 33, 3, 6, 1, 2, 0, 3, 0, 2, 1, 0, 0, 6, 5, 4, 1, 46, 10, 7, 4, 49, 10, 10, 8, 2, 0, 0, 0, 0, 0, 0, 0, 3, 0, 0, 0, 0, 0, 0, 0, 0, 0, 0, 0, 1, 0, 0, 0, 0, 0, 0, 0, 0, 0, 0, 0, 0, 0, 0, 0, 
21, 0, 1, 0, 0, 3, 0, 1, 0, 0, 0, 0, 1, 0, 0, 0, 1, 1, 0, 0, 0, 0, 0, 0, 0, 6, 12, 9, 7, 0, 2, 1, 0, 2, 2, 3, 1, 12, 6, 3, 2, 3, 0, 1, 0, 3, 0, 6, 8, 25, 6, 1, 2, 24, 1, 2, 2, 1, 1, 0, 1, 2, 1, 1, 0, 23, 2, 1, 3, 37, 12, 5, 10, 54, 12, 9, 13, 2, 0, 0, 0, 0, 0, 0, 0, 0, 0, 0, 0, 2, 0, 0, 0, 2, 0, 0, 0, 0, 0, 0, 0, 1, 0, 0, 0, 0, 0, 0, 0, 2, 0, 0, 0, 
22, 1, 0, 0, 0, 0, 0, 1, 2, 0, 0, 1, 1, 0, 1, 0, 0, 0, 1, 1, 0, 0, 0, 0, 0, 9, 4, 10, 8, 4, 2, 4, 3, 1, 1, 0, 1, 8, 1, 3, 0, 2, 0, 2, 2, 1, 7, 4, 6, 21, 5, 3, 2, 14, 4, 1, 2, 1, 1, 0, 3, 2, 3, 3, 0, 28, 0, 2, 1, 28, 9, 10, 8, 52, 9, 13, 13, 3, 0, 0, 0, 0, 0, 0, 0, 0, 0, 0, 0, 1, 0, 0, 0, 0, 0, 0, 0, 1, 0, 0, 0, 1, 0, 0, 0, 1, 0, 0, 0, 1, 0, 0, 0, 
23, 1, 0, 0, 0, 0, 2, 1, 1, 0, 0, 0, 0, 0, 1, 0, 2, 1, 1, 0, 0, 0, 0, 1, 1, 2, 4, 3, 3, 18, 1, 1, 1, 3, 2, 3, 1, 2, 2, 7, 5, 0, 2, 1, 0, 1, 4, 2, 2, 16, 2, 3, 3, 8, 1, 0, 2, 10, 1, 0, 0, 2, 0, 1, 0, 4, 4, 2, 0, 27, 9, 10, 10, 57, 14, 11, 6, 0, 0, 0, 0, 0, 0, 0, 0, 0, 0, 0, 0, 0, 0, 0, 0, 3, 0, 0, 0, 0, 0, 0, 0, 1, 0, 0, 0, 1, 0, 0, 0, 1, 0, 0, 0, 
24, 2, 1, 1, 1, 0, 0, 0, 0, 0, 0, 0, 0, 0, 0, 1, 1, 0, 0, 0, 0, 0, 1, 0, 0, 13, 8, 8, 3, 25, 7, 2, 4, 5, 4, 3, 3, 5, 5, 7, 4, 1, 1, 0, 1, 0, 1, 2, 0, 20, 4, 5, 3, 0, 0, 1, 1, 5, 1, 0, 0, 4, 4, 2, 2, 2, 3, 1, 6, 15, 9, 3, 7, 64, 18, 9, 8, 0, 0, 0, 0, 1, 0, 0, 0, 0, 0, 0, 0, 0, 0, 0, 0, 0, 0, 0, 0, 0, 0, 0, 0, 1, 0, 0, 0, 0, 0, 0, 0, 1, 0, 0, 0, 
25, 0, 1, 0, 0, 1, 1, 0, 0, 0, 0, 0, 0, 1, 0, 1, 0, 0, 1, 1, 0, 0, 0, 0, 1, 10, 7, 8, 8, 24, 1, 5, 1, 2, 3, 1, 3, 1, 1, 3, 5, 2, 1, 1, 2, 6, 4, 7, 6, 18, 2, 4, 1, 8, 2, 0, 0, 3, 0, 7, 7, 1, 1, 3, 1, 6, 1, 2, 0, 11, 6, 6, 9, 74, 10, 6, 14, 0, 0, 0, 0, 1, 0, 0, 0, 3, 0, 0, 0, 2, 0, 0, 0, 0, 0, 0, 0, 2, 0, 0, 0, 1, 0, 0, 0, 1, 0, 0, 0, 1, 0, 0, 0, 
26, 0, 2, 0, 0, 1, 0, 0, 2, 0, 3, 5, 3, 1, 0, 0, 0, 1, 0, 0, 0, 3, 2, 1, 0, 9, 12, 13, 9, 32, 2, 2, 0, 4, 4, 1, 3, 2, 3, 3, 2, 2, 2, 1, 1, 2, 2, 4, 6, 12, 4, 4, 4, 2, 4, 3, 2, 4, 5, 0, 4, 1, 1, 2, 0, 1, 2, 2, 1, 3, 4, 9, 6, 77, 17, 6, 14, 0, 0, 0, 0, 1, 0, 0, 0, 1, 0, 0, 0, 0, 0, 0, 0, 0, 0, 0, 0, 3, 0, 0, 0, 0, 0, 0, 0, 0, 0, 0, 0, 1, 0, 0, 0, 
27, 1, 0, 1, 0, 1, 0, 1, 1, 0, 0, 0, 0, 1, 0, 0, 0, 1, 1, 0, 0, 1, 0, 0, 1, 8, 6, 12, 14, 24, 2, 3, 1, 12, 0, 1, 1, 6, 2, 0, 0, 2, 4, 0, 1, 4, 1, 0, 0, 8, 3, 3, 3, 3, 3, 5, 8, 0, 1, 0, 0, 14, 8, 6, 6, 2, 8, 4, 5, 8, 5, 8, 5, 76, 5, 3, 8, 3, 0, 0, 0, 0, 0, 0, 0, 0, 0, 0, 0, 2, 0, 0, 0, 1, 0, 0, 0, 0, 0, 0, 0, 0, 0, 0, 0, 0, 0, 0, 0, 0, 0, 0, 0, 
28, 0, 1, 2, 1, 2, 1, 1, 0, 2, 1, 2, 1, 0, 1, 0, 0, 3, 0, 0, 1, 1, 0, 0, 0, 11, 12, 8, 19, 24, 3, 2, 2, 20, 4, 2, 1, 5, 4, 0, 0, 0, 1, 0, 0, 3, 1, 0, 0, 2, 1, 2, 2, 0, 1, 2, 0, 2, 3, 1, 1, 18, 9, 5, 3, 10, 2, 2, 2, 8, 4, 3, 3, 65, 19, 11, 8, 0, 0, 0, 0, 0, 0, 0, 0, 2, 0, 0, 0, 0, 0, 0, 0, 0, 0, 0, 0, 0, 0, 0, 0, 2, 0, 0, 0, 2, 0, 0, 0, 0, 0, 0, 0, 
29, 1, 1, 0, 2, 0, 0, 0, 0, 0, 1, 0, 1, 0, 0, 1, 0, 0, 2, 1, 1, 1, 0, 0, 0, 13, 10, 4, 15, 11, 3, 1, 1, 16, 1, 2, 0, 12, 0, 0, 1, 1, 0, 1, 1, 1, 0, 1, 0, 1, 2, 1, 2, 3, 6, 3, 3, 4, 4, 2, 1, 29, 4, 6, 4, 1, 1, 3, 2, 7, 10, 7, 9, 83, 8, 9, 11, 2, 0, 0, 0, 0, 0, 0, 0, 0, 0, 0, 0, 0, 0, 0, 0, 0, 0, 0, 0, 1, 0, 0, 0, 1, 0, 0, 0, 1, 0, 0, 0, 2, 0, 0, 0, 
30, 1, 0, 0, 0, 0, 0, 1, 1, 1, 0, 0, 0, 0, 0, 0, 0, 0, 0, 1, 0, 1, 1, 0, 1, 14, 10, 17, 12, 8, 3, 2, 3, 20, 1, 3, 0, 0, 1, 1, 1, 0, 0, 1, 0, 0, 1, 0, 1, 5, 0, 10, 5, 24, 5, 4, 4, 5, 4, 7, 4, 22, 6, 5, 5, 2, 2, 3, 3, 4, 5, 11, 5, 86, 6, 15, 8, 0, 0, 0, 0, 2, 0, 0, 0, 1, 0, 0, 0, 2, 0, 0, 0, 2, 0, 0, 0, 1, 0, 0, 0, 4, 0, 0, 0, 1, 0, 0, 0, 0, 0, 0, 0, 
31, 0, 1, 0, 1, 0, 0, 0, 1, 0, 3, 2, 1, 0, 0, 0, 1, 0, 0, 1, 0, 0, 1, 0, 0, 14, 12, 13, 10, 2, 0, 0, 1, 8, 1, 1, 3, 0, 0, 1, 0, 3, 2, 5, 1, 11, 1, 0, 1, 10, 8, 2, 0, 28, 4, 2, 0, 1, 1, 0, 2, 23, 11, 5, 2, 2, 3, 1, 2, 7, 5, 7, 2, 87, 11, 7, 5, 1, 0, 0, 0, 1, 0, 0, 0, 2, 0, 0, 0, 3, 0, 0, 0, 1, 0, 0, 0, 2, 0, 0, 0, 1, 0, 0, 0, 0, 0, 0, 0, 1, 0, 0, 0, 
32, 0, 1, 0, 0, 0, 0, 0, 2, 1, 1, 0, 0, 1, 2, 0, 1, 0, 1, 0, 0, 2, 1, 1, 1, 14, 20, 15, 13, 0, 0, 0, 0, 2, 2, 1, 0, 0, 0, 0, 0, 4, 1, 1, 2, 13, 2, 0, 3, 6, 5, 7, 5, 10, 2, 1, 1, 0, 2, 1, 1, 22, 9, 6, 2, 2, 5, 2, 2, 1, 2, 9, 10, 93, 8, 7, 9, 0, 0, 0, 0, 0, 0, 0, 0, 0, 0, 0, 0, 0, 0, 0, 0, 1, 0, 0, 0, 0, 0, 0, 0, 0, 0, 0, 0, 1, 0, 0, 0, 3, 0, 0, 0, 
33, 0, 0, 0, 0, 0, 1, 0, 0, 0, 0, 0, 0, 2, 1, 0, 0, 0, 0, 0, 0, 0, 0, 0, 1, 14, 13, 12, 14, 2, 0, 4, 0, 0, 0, 2, 1, 0, 1, 0, 2, 1, 2, 1, 0, 19, 0, 2, 1, 9, 3, 4, 5, 16, 1, 6, 1, 2, 2, 2, 2, 26, 6, 7, 4, 3, 2, 0, 4, 1, 4, 2, 3, 100, 9, 11, 13, 0, 0, 0, 0, 0, 0, 0, 0, 2, 0, 0, 0, 1, 0, 0, 0, 1, 0, 0, 0, 0, 0, 0, 0, 1, 0, 0, 0, 0, 0, 0, 0, 1, 0, 0, 0, 
34, 0, 0, 0, 1, 0, 1, 0, 2, 0, 0, 0, 0, 2, 1, 1, 1, 0, 0, 2, 0, 0, 1, 0, 1, 10, 8, 8, 8, 4, 2, 2, 2, 2, 5, 3, 1, 7, 3, 1, 3, 6, 3, 3, 0, 8, 0, 2, 3, 19, 5, 5, 4, 15, 3, 4, 2, 10, 7, 1, 1, 27, 6, 4, 3, 1, 0, 0, 2, 4, 3, 2, 3, 100, 5, 6, 7, 1, 0, 0, 0, 3, 0, 0, 0, 0, 0, 0, 0, 0, 0, 0, 0, 0, 0, 0, 0, 0, 0, 0, 0, 1, 0, 0, 0, 0, 0, 0, 0, 0, 0, 0, 0, 
35, 0, 0, 0, 0, 0, 0, 0, 0, 0, 0, 1, 0, 0, 0, 0, 1, 0, 0, 0, 0, 0, 0, 1, 0, 13, 6, 19, 6, 0, 2, 0, 2, 2, 0, 1, 0, 3, 5, 6, 5, 5, 3, 11, 6, 11, 2, 1, 1, 32, 3, 5, 3, 17, 3, 3, 3, 0, 1, 0, 3, 28, 3, 3, 6, 1, 0, 0, 1, 2, 0, 2, 0, 99, 8, 7, 5, 2, 0, 0, 0, 0, 0, 0, 0, 0, 0, 0, 0, 5, 0, 0, 0, 2, 0, 0, 0, 0, 0, 0, 0, 0, 0, 0, 0, 1, 0, 0, 0, 1, 0, 0, 0, 
36, 0, 0, 0, 0, 3, 0, 5, 2, 0, 1, 0, 1, 0, 0, 1, 0, 0, 0, 0, 0, 0, 1, 1, 2, 8, 14, 7, 11, 2, 0, 1, 1, 0, 0, 2, 0, 4, 2, 2, 5, 0, 0, 3, 2, 8, 2, 0, 3, 51, 1, 6, 4, 20, 1, 3, 1, 6, 3, 2, 0, 39, 8, 3, 7, 2, 0, 1, 2, 1, 1, 8, 2, 96, 10, 7, 5, 0, 0, 0, 0, 2, 0, 0, 0, 0, 0, 0, 0, 0, 0, 0, 0, 1, 0, 0, 0, 0, 0, 0, 0, 1, 0, 0, 0, 1, 0, 0, 0, 0, 0, 0, 0, 
37, 0, 1, 0, 0, 0, 0, 1, 0, 0, 0, 0, 0, 1, 0, 0, 0, 1, 1, 0, 2, 1, 1, 0, 0, 14, 7, 13, 5, 2, 0, 2, 0, 9, 1, 2, 2, 0, 1, 2, 1, 0, 0, 0, 2, 4, 3, 5, 2, 44, 7, 5, 4, 19, 1, 2, 2, 9, 5, 1, 2, 38, 9, 4, 5, 3, 9, 2, 3, 0, 3, 1, 2, 88, 12, 11, 13, 2, 0, 0, 0, 0, 0, 0, 0, 2, 0, 0, 0, 0, 0, 0, 0, 0, 0, 0, 0, 2, 0, 0, 0, 0, 0, 0, 0, 1, 0, 0, 0, 0, 0, 0, 0, 
38, 0, 0, 1, 1, 2, 2, 1, 2, 0, 1, 0, 0, 2, 0, 0, 2, 0, 0, 0, 2, 0, 1, 2, 1, 4, 5, 12, 9, 2, 2, 0, 0, 12, 3, 1, 2, 3, 1, 0, 1, 1, 1, 1, 0, 7, 9, 6, 9, 35, 5, 3, 3, 14, 5, 2, 0, 10, 2, 4, 0, 41, 4, 2, 7, 3, 5, 4, 1, 2, 1, 2, 0, 97, 10, 8, 3, 1, 0, 0, 0, 0, 0, 0, 0, 2, 0, 0, 0, 1, 0, 0, 0, 0, 0, 0, 0, 1, 0, 0, 0, 0, 0, 0, 0, 0, 0, 0, 0, 1, 0, 0, 0, 
39, 0, 0, 2, 0, 0, 0, 0, 0, 3, 2, 2, 3, 0, 0, 0, 0, 1, 0, 1, 0, 0, 0, 0, 0, 8, 7, 7, 6, 5, 1, 3, 4, 19, 1, 4, 1, 0, 0, 0, 0, 0, 0, 0, 0, 15, 2, 11, 7, 33, 4, 6, 7, 6, 2, 4, 1, 6, 2, 3, 0, 38, 2, 2, 0, 3, 4, 3, 4, 5, 2, 3, 0, 87, 5, 10, 9, 0, 0, 0, 0, 0, 0, 0, 0, 2, 0, 0, 0, 0, 0, 0, 0, 0, 0, 0, 0, 1, 0, 0, 0, 0, 0, 0, 0, 2, 0, 0, 0, 0, 0, 0, 0, 
40, 0, 0, 0, 0, 0, 0, 0, 0, 1, 0, 1, 2, 0, 0, 2, 1, 0, 1, 0, 1, 1, 0, 1, 0, 5, 5, 4, 6, 13, 3, 3, 2, 25, 2, 1, 0, 3, 0, 2, 0, 2, 0, 0, 1, 11, 5, 1, 7, 31, 6, 3, 2, 11, 1, 3, 1, 4, 4, 4, 1, 35, 1, 4, 3, 4, 2, 4, 1, 1, 0, 2, 2, 83, 8, 9, 10, 0, 0, 0, 0, 0, 0, 0, 0, 0, 0, 0, 0, 1, 0, 0, 0, 1, 0, 0, 0, 0, 0, 0, 0, 1, 0, 0, 0, 0, 0, 0, 0, 1, 0, 0, 0, 
41, 4, 0, 2, 1, 0, 2, 1, 0, 2, 0, 1, 0, 0, 0, 0, 1, 0, 0, 1, 0, 0, 1, 1, 0, 4, 4, 3, 3, 6, 2, 6, 6, 12, 1, 1, 0, 0, 2, 1, 1, 0, 4, 0, 1, 4, 8, 12, 2, 36, 8, 4, 3, 10, 1, 2, 3, 5, 3, 2, 2, 37, 9, 4, 4, 1, 0, 2, 0, 1, 1, 0, 1, 83, 11, 11, 9, 0, 0, 0, 0, 1, 0, 0, 0, 2, 0, 0, 0, 1, 0, 0, 0, 0, 0, 0, 0, 0, 0, 0, 0, 1, 0, 0, 0, 1, 0, 0, 0, 1, 0, 0, 0, 
42, 1, 0, 0, 0, 1, 0, 0, 0, 0, 0, 4, 2, 1, 0, 0, 0, 0, 1, 2, 1, 3, 1, 0, 0, 2, 2, 1, 3, 15, 4, 1, 1, 1, 0, 0, 1, 0, 0, 0, 2, 2, 3, 1, 1, 4, 4, 8, 7, 31, 7, 4, 1, 0, 1, 2, 0, 2, 3, 4, 2, 26, 1, 4, 2, 2, 2, 0, 1, 4, 4, 3, 1, 80, 5, 11, 9, 0, 0, 0, 0, 0, 0, 0, 0, 0, 0, 0, 0, 0, 0, 0, 0, 0, 0, 0, 0, 0, 0, 0, 0, 1, 0, 0, 0, 1, 0, 0, 0, 2, 0, 0, 0, 
43, 0, 0, 0, 0, 0, 0, 0, 2, 1, 0, 1, 1, 0, 2, 3, 1, 0, 1, 1, 0, 0, 0, 2, 0, 2, 1, 5, 3, 11, 5, 3, 2, 0, 2, 3, 0, 0, 3, 2, 1, 1, 1, 1, 1, 7, 6, 4, 3, 19, 2, 3, 1, 2, 7, 3, 2, 4, 1, 3, 1, 15, 5, 5, 5, 1, 0, 2, 1, 1, 3, 4, 1, 78, 7, 13, 9, 1, 0, 0, 0, 0, 0, 0, 0, 1, 0, 0, 0, 0, 0, 0, 0, 0, 0, 0, 0, 0, 0, 0, 0, 1, 0, 0, 0, 3, 0, 0, 0, 0, 0, 0, 0, 
44, 0, 0, 0, 1, 0, 0, 0, 1, 1, 1, 0, 0, 0, 0, 0, 0, 0, 0, 0, 0, 0, 0, 0, 0, 1, 2, 1, 4, 10, 2, 2, 1, 1, 0, 0, 0, 1, 3, 6, 2, 0, 3, 2, 2, 6, 7, 7, 2, 7, 3, 2, 5, 8, 7, 2, 5, 7, 0, 1, 1, 14, 4, 4, 5, 2, 4, 4, 3, 1, 1, 3, 1, 75, 11, 12, 5, 0, 0, 0, 0, 1, 0, 0, 0, 2, 0, 0, 0, 0, 0, 0, 0, 1, 0, 0, 0, 2, 0, 0, 0, 1, 0, 0, 0, 2, 0, 0, 0, 0, 0, 0, 0, 
45, 0, 1, 0, 1, 3, 2, 0, 1, 0, 1, 2, 0, 0, 1, 1, 1, 1, 0, 0, 0, 0, 0, 0, 1, 5, 11, 7, 3, 14, 2, 4, 3, 0, 0, 0, 0, 7, 5, 10, 12, 0, 2, 0, 0, 8, 6, 3, 3, 19, 8, 5, 7, 1, 0, 0, 0, 4, 1, 1, 0, 14, 6, 7, 3, 3, 4, 3, 2, 0, 1, 2, 0, 80, 10, 9, 6, 2, 0, 0, 0, 1, 0, 0, 0, 1, 0, 0, 0, 1, 0, 0, 0, 0, 0, 0, 0, 1, 0, 0, 0, 0, 0, 0, 0, 0, 0, 0, 0, 3, 0, 0, 0, 
46, 1, 1, 0, 0, 2, 0, 0, 2, 1, 0, 0, 0, 0, 3, 2, 0, 0, 2, 0, 1, 0, 0, 0, 0, 9, 6, 3, 5, 10, 1, 2, 5, 1, 2, 1, 0, 19, 5, 8, 8, 1, 1, 0, 0, 10, 6, 2, 5, 21, 15, 5, 6, 2, 1, 2, 2, 5, 3, 0, 1, 17, 8, 2, 4, 2, 5, 2, 1, 4, 2, 1, 1, 83, 9, 11, 7, 1, 0, 0, 0, 1, 0, 0, 0, 1, 0, 0, 0, 0, 0, 0, 0, 0, 0, 0, 0, 1, 0, 0, 0, 2, 0, 0, 0, 1, 0, 0, 0, 0, 0, 0, 0, 
47, 3, 3, 3, 2, 0, 0, 0, 0, 1, 0, 0, 1, 1, 1, 0, 0, 0, 0, 0, 0, 0, 2, 1, 2, 5, 4, 0, 4, 14, 4, 0, 3, 0, 2, 0, 1, 24, 11, 1, 9, 3, 2, 3, 2, 6, 6, 7, 3, 20, 7, 9, 9, 0, 1, 2, 2, 23, 2, 1, 0, 22, 8, 4, 3, 2, 5, 2, 1, 5, 3, 1, 0, 82, 8, 6, 12, 1, 0, 0, 0, 1, 0, 0, 0, 0, 0, 0, 0, 1, 0, 0, 0, 0, 0, 0, 0, 4, 0, 0, 0, 0, 0, 0, 0, 0, 0, 0, 0, 0, 0, 0, 0, 
48, 0, 0, 1, 0, 1, 0, 1, 0, 1, 1, 0, 2, 0, 0, 0, 1, 0, 0, 0, 0, 0, 0, 0, 2, 3, 1, 4, 2, 15, 1, 3, 1, 4, 1, 1, 1, 32, 9, 9, 9, 1, 3, 4, 2, 3, 1, 5, 4, 24, 8, 5, 4, 3, 0, 1, 0, 30, 4, 0, 0, 36, 8, 7, 6, 0, 0, 1, 0, 5, 3, 0, 3, 89, 11, 13, 9, 2, 0, 0, 0, 1, 0, 0, 0, 0, 0, 0, 0, 2, 0, 0, 0, 0, 0, 0, 0, 2, 0, 0, 0, 2, 0, 0, 0, 0, 0, 0, 0, 1, 0, 0, 0, 
49, 2, 3, 0, 2, 1, 0, 1, 1, 1, 2, 1, 0, 1, 0, 0, 1, 1, 1, 0, 1, 0, 0, 0, 1, 0, 1, 1, 1, 0, 5, 3, 2, 1, 2, 1, 5, 29, 12, 5, 8, 4, 3, 2, 3, 1, 1, 1, 0, 9, 5, 3, 6, 11, 4, 3, 3, 20, 0, 2, 0, 43, 5, 7, 4, 8, 1, 3, 1, 5, 3, 5, 4, 94, 12, 4, 9, 0, 0, 0, 0, 1, 0, 0, 0, 0, 0, 0, 0, 0, 0, 0, 0, 0, 0, 0, 0, 1, 0, 0, 0, 1, 0, 0, 0, 0, 0, 0, 0, 0, 0, 0, 0, 
50, 2, 0, 0, 0, 2, 0, 0, 0, 0, 0, 0, 1, 0, 1, 0, 0, 0, 0, 0, 1, 0, 1, 1, 1, 6, 1, 0, 1, 1, 6, 6, 4, 1, 1, 0, 1, 31, 8, 11, 6, 0, 1, 0, 2, 8, 3, 2, 1, 8, 9, 8, 8, 19, 1, 0, 1, 17, 1, 3, 1, 60, 7, 3, 4, 8, 6, 2, 0, 3, 3, 4, 4, 86, 13, 13, 6, 0, 0, 0, 0, 0, 0, 0, 0, 1, 0, 0, 0, 0, 0, 0, 0, 1, 0, 0, 0, 0, 0, 0, 0, 0, 0, 0, 0, 0, 0, 0, 0, 1, 0, 0, 0, 
51, 1, 0, 1, 0, 4, 0, 0, 0, 2, 1, 1, 2, 0, 0, 0, 0, 1, 1, 2, 3, 0, 0, 0, 0, 8, 5, 4, 2, 7, 8, 7, 4, 4, 3, 7, 3, 34, 8, 9, 9, 0, 2, 0, 1, 10, 1, 0, 1, 9, 3, 11, 6, 20, 2, 1, 0, 27, 1, 0, 0, 59, 9, 7, 3, 0, 2, 1, 1, 2, 6, 7, 1, 84, 11, 6, 12, 0, 0, 0, 0, 0, 0, 0, 0, 3, 0, 0, 0, 1, 0, 0, 0, 0, 0, 0, 0, 0, 0, 0, 0, 0, 0, 0, 0, 1, 0, 0, 0, 1, 0, 0, 0, 
52, 0, 0, 0, 0, 0, 1, 1, 0, 0, 0, 0, 0, 1, 0, 0, 1, 3, 1, 0, 1, 0, 0, 1, 0, 4, 5, 6, 3, 0, 0, 0, 0, 5, 1, 6, 3, 28, 7, 8, 9, 0, 0, 0, 0, 9, 2, 2, 1, 10, 12, 6, 6, 25, 7, 1, 2, 20, 3, 0, 1, 61, 2, 5, 5, 2, 1, 0, 0, 8, 5, 7, 7, 99, 14, 11, 13, 3, 0, 0, 0, 0, 0, 0, 0, 0, 0, 0, 0, 1, 0, 0, 0, 2, 0, 0, 0, 1, 0, 0, 0, 1, 0, 0, 0, 1, 0, 0, 0, 3, 0, 0, 0, 
53, 0, 0, 2, 0, 2, 2, 1, 1, 1, 1, 1, 0, 0, 0, 0, 0, 0, 0, 0, 0, 0, 1, 0, 0, 6, 6, 6, 6, 2, 1, 0, 1, 21, 4, 3, 2, 26, 6, 6, 12, 7, 3, 7, 2, 15, 3, 1, 0, 22, 7, 5, 8, 33, 1, 1, 1, 13, 0, 2, 0, 50, 10, 3, 5, 4, 6, 2, 8, 6, 9, 4, 0, 100, 8, 2, 10, 0, 0, 0, 0, 1, 0, 0, 0, 0, 0, 0, 0, 0, 0, 0, 0, 0, 0, 0, 0, 0, 0, 0, 0, 1, 0, 0, 0, 1, 0, 0, 0, 1, 0, 0, 0, 
54, 1, 3, 1, 2, 0, 0, 0, 1, 0, 0, 0, 1, 0, 0, 0, 0, 2, 2, 1, 1, 0, 2, 0, 0, 8, 5, 5, 2, 1, 5, 1, 3, 26, 4, 1, 1, 27, 6, 9, 10, 7, 1, 1, 1, 21, 5, 1, 2, 12, 9, 8, 6, 39, 1, 0, 0, 6, 0, 0, 0, 64, 6, 5, 2, 2, 1, 3, 3, 0, 4, 3, 1, 94, 6, 10, 9, 0, 0, 0, 0, 0, 0, 0, 0, 0, 0, 0, 0, 3, 0, 0, 0, 0, 0, 0, 0, 0, 0, 0, 0, 3, 0, 0, 0, 0, 0, 0, 0, 1, 0, 0, 0, 
55, 2, 0, 3, 0, 1, 1, 0, 0, 0, 0, 0, 1, 1, 1, 3, 0, 1, 2, 1, 1, 0, 0, 1, 0, 2, 2, 2, 2, 9, 4, 3, 2, 16, 2, 1, 0, 24, 12, 3, 4, 5, 2, 0, 1, 8, 2, 0, 1, 20, 6, 0, 5, 25, 3, 1, 0, 3, 2, 0, 0, 73, 4, 3, 2, 3, 10, 4, 2, 5, 2, 2, 6, 93, 19, 10, 11, 0, 0, 0, 0, 0, 0, 0, 0, 1, 0, 0, 0, 1, 0, 0, 0, 2, 0, 0, 0, 0, 0, 0, 0, 1, 0, 0, 0, 1, 0, 0, 0, 0, 0, 0, 0, 
56, 2, 2, 0, 1, 1, 0, 0, 0, 0, 0, 0, 0, 0, 1, 0, 0, 0, 0, 2, 0, 0, 0, 0, 1, 0, 0, 1, 1, 5, 6, 10, 4, 9, 3, 4, 1, 8, 10, 5, 4, 7, 0, 2, 3, 1, 0, 0, 1, 4, 11, 4, 6, 24, 1, 0, 2, 5, 6, 1, 4, 73, 6, 1, 8, 16, 3, 2, 1, 4, 8, 5, 4, 100, 16, 11, 13, 0, 0, 0, 0, 0, 0, 0, 0, 2, 0, 0, 0, 2, 0, 0, 0, 2, 0, 0, 0, 0, 0, 0, 0, 0, 0, 0, 0, 0, 0, 0, 0, 2, 0, 0, 0, 
57, 0, 1, 0, 0, 3, 3, 2, 1, 1, 1, 1, 1, 2, 0, 0, 2, 0, 0, 0, 0, 0, 0, 0, 1, 4, 3, 3, 4, 2, 9, 2, 8, 15, 2, 1, 0, 5, 6, 3, 5, 4, 1, 0, 0, 1, 3, 6, 2, 8, 6, 6, 3, 23, 4, 2, 2, 6, 1, 4, 3, 72, 4, 5, 10, 8, 2, 4, 9, 6, 4, 7, 6, 100, 13, 7, 5, 0, 0, 0, 0, 1, 0, 0, 0, 1, 0, 0, 0, 0, 0, 0, 0, 0, 0, 0, 0, 1, 0, 0, 0, 1, 0, 0, 0, 2, 0, 0, 0, 1, 0, 0, 0, 
58, 1, 1, 1, 0, 0, 0, 2, 0, 2, 1, 1, 0, 0, 0, 0, 2, 1, 2, 0, 0, 0, 0, 0, 0, 10, 0, 1, 3, 3, 10, 8, 7, 16, 5, 1, 1, 7, 6, 1, 2, 7, 2, 2, 0, 3, 6, 2, 2, 2, 5, 2, 3, 17, 3, 1, 0, 0, 2, 1, 0, 72, 4, 5, 6, 15, 4, 5, 4, 8, 9, 10, 9, 100, 12, 7, 6, 2, 0, 0, 0, 2, 0, 0, 0, 0, 0, 0, 0, 1, 0, 0, 0, 1, 0, 0, 0, 0, 0, 0, 0, 0, 0, 0, 0, 1, 0, 0, 0, 1, 0, 0, 0, 
59, 0, 0, 1, 0, 1, 0, 0, 0, 0, 0, 2, 0, 0, 1, 0, 0, 4, 1, 0, 2, 1, 1, 0, 0, 2, 0, 3, 0, 10, 6, 8, 12, 2, 3, 3, 1, 3, 1, 1, 2, 0, 0, 0, 0, 4, 3, 5, 3, 7, 6, 4, 4, 11, 2, 0, 1, 0, 2, 3, 1, 78, 10, 6, 2, 10, 1, 0, 3, 12, 14, 7, 12, 100, 9, 12, 10, 0, 0, 0, 0, 1, 0, 0, 0, 0, 0, 0, 0, 0, 0, 0, 0, 1, 0, 0, 0, 2, 0, 0, 0, 0, 0, 0, 0, 0, 0, 0, 0, 0, 0, 0, 0, 
60, 0, 1, 1, 1, 2, 1, 0, 3, 0, 2, 0, 2, 1, 0, 1, 0, 2, 1, 0, 0, 0, 0, 1, 0, 1, 0, 0, 1, 6, 12, 7, 8, 1, 3, 2, 1, 5, 4, 2, 0, 5, 0, 1, 1, 3, 7, 4, 1, 12, 2, 5, 2, 14, 2, 3, 0, 0, 0, 1, 0, 97, 3, 2, 3, 8, 8, 6, 5, 12, 9, 11, 11, 100, 9, 9, 9, 1, 0, 0, 0, 1, 0, 0, 0, 2, 0, 0, 0, 1, 0, 0, 0, 1, 0, 0, 0, 0, 0, 0, 0, 0, 0, 0, 0, 0, 0, 0, 0, 0, 0, 0, 0, 
61, 0, 1, 1, 0, 0, 2, 0, 1, 0, 0, 0, 1, 2, 2, 1, 2, 0, 0, 0, 0, 0, 0, 0, 0, 9, 4, 1, 0, 16, 10, 9, 8, 1, 0, 1, 0, 6, 0, 0, 0, 3, 1, 0, 0, 6, 3, 6, 2, 4, 1, 3, 2, 22, 3, 2, 1, 1, 2, 0, 1, 83, 7, 6, 7, 4, 6, 6, 5, 13, 13, 10, 6, 100, 9, 7, 14, 0, 0, 0, 0, 1, 0, 0, 0, 1, 0, 0, 0, 1, 0, 0, 0, 1, 0, 0, 0, 0, 0, 0, 0, 0, 0, 0, 0, 1, 0, 0, 0, 0, 0, 0, 0, 
62, 0, 0, 0, 1, 1, 0, 0, 0, 0, 1, 0, 0, 0, 0, 1, 0, 0, 0, 0, 0, 0, 0, 0, 1, 7, 1, 0, 0, 9, 12, 1, 5, 2, 0, 1, 0, 0, 0, 0, 0, 0, 4, 2, 1, 19, 3, 4, 3, 1, 1, 3, 3, 17, 3, 3, 1, 3, 4, 5, 1, 85, 2, 5, 5, 6, 7, 7, 7, 17, 7, 12, 12, 100, 10, 6, 7, 1, 0, 0, 0, 0, 0, 0, 0, 1, 0, 0, 0, 1, 0, 0, 0, 1, 0, 0, 0, 0, 0, 0, 0, 1, 0, 0, 0, 1, 0, 0, 0, 2, 0, 0, 0, 
63, 1, 0, 1, 0, 0, 0, 0, 0, 0, 3, 2, 1, 1, 0, 0, 0, 0, 0, 1, 0, 0, 1, 0, 0, 0, 1, 0, 1, 9, 5, 8, 4, 3, 1, 0, 0, 1, 1, 2, 1, 3, 1, 4, 1, 19, 2, 1, 3, 2, 2, 1, 1, 19, 2, 2, 2, 8, 5, 3, 0, 77, 6, 2, 5, 6, 9, 4, 7, 23, 11, 10, 7, 100, 8, 7, 9, 0, 0, 0, 0, 0, 0, 0, 0, 1, 0, 0, 0, 0, 0, 0, 0, 1, 0, 0, 0, 1, 0, 0, 0, 1, 0, 0, 0, 3, 0, 0, 0, 0, 0, 0, 0, 
64, 0, 0, 1, 1, 0, 0, 0, 0, 0, 1, 0, 0, 0, 0, 2, 0, 0, 0, 0, 1, 0, 0, 1, 0, 0, 0, 0, 0, 9, 12, 6, 11, 9, 1, 1, 2, 1, 1, 2, 0, 6, 4, 3, 3, 20, 3, 5, 5, 6, 0, 1, 1, 21, 1, 1, 2, 4, 3, 0, 1, 76, 8, 3, 6, 4, 12, 7, 3, 15, 18, 9, 10, 100, 20, 14, 9, 2, 0, 0, 0, 2, 0, 0, 0, 1, 0, 0, 0, 0, 0, 0, 0, 0, 0, 0, 0, 1, 0, 0, 0, 1, 0, 0, 0, 0, 0, 0, 0, 1, 0, 0, 0, 
65, 1, 0, 0, 0, 0, 0, 0, 1, 0, 0, 0, 0, 0, 1, 1, 0, 0, 0, 0, 1, 1, 0, 0, 0, 7, 2, 4, 0, 15, 9, 7, 6, 4, 4, 2, 3, 1, 4, 1, 4, 1, 3, 2, 4, 25, 2, 6, 2, 1, 2, 1, 2, 18, 3, 1, 1, 10, 0, 1, 3, 78, 10, 5, 5, 14, 4, 12, 10, 19, 11, 7, 14, 100, 6, 8, 9, 4, 0, 0, 0, 2, 0, 0, 0, 0, 0, 0, 0, 1, 0, 0, 0, 1, 0, 0, 0, 1, 0, 0, 0, 2, 0, 0, 0, 1, 0, 0, 0, 0, 0, 0, 0, 
66, 2, 1, 0, 0, 0, 0, 0, 0, 0, 1, 0, 1, 1, 0, 0, 0, 1, 2, 0, 0, 0, 2, 0, 0, 13, 3, 0, 1, 5, 2, 7, 7, 5, 2, 3, 2, 5, 8, 2, 6, 0, 0, 1, 0, 27, 1, 5, 3, 1, 3, 0, 0, 26, 2, 1, 1, 1, 2, 6, 3, 83, 4, 7, 9, 26, 14, 5, 4, 15, 8, 15, 10, 100, 6, 7, 7, 1, 0, 0, 0, 0, 0, 0, 0, 0, 0, 0, 0, 0, 0, 0, 0, 0, 0, 0, 0, 2, 0, 0, 0, 0, 0, 0, 0, 0, 0, 0, 0, 1, 0, 0, 0, 
67, 1, 1, 0, 0, 2, 0, 1, 0, 1, 0, 0, 0, 0, 2, 5, 1, 0, 1, 1, 1, 5, 0, 0, 1, 24, 0, 0, 1, 16, 9, 4, 7, 5, 2, 0, 2, 4, 3, 2, 2, 0, 0, 1, 0, 32, 7, 3, 4, 2, 2, 4, 4, 30, 2, 0, 1, 4, 6, 2, 2, 86, 5, 4, 4, 20, 12, 10, 2, 11, 8, 5, 11, 100, 14, 9, 5, 0, 0, 0, 0, 1, 0, 0, 0, 0, 0, 0, 0, 1, 0, 0, 0, 1, 0, 0, 0, 2, 0, 0, 0, 1, 0, 0, 0, 1, 0, 0, 0, 1, 0, 0, 0, 
68, 0, 0, 0, 0, 2, 0, 1, 1, 0, 0, 0, 1, 0, 1, 0, 0, 1, 0, 0, 0, 0, 0, 1, 1, 20, 1, 0, 0, 3, 5, 7, 4, 0, 0, 0, 0, 2, 2, 8, 3, 3, 0, 2, 1, 44, 7, 6, 6, 0, 1, 1, 0, 39, 1, 1, 3, 0, 0, 0, 0, 75, 0, 4, 1, 19, 8, 4, 7, 7, 11, 9, 8, 100, 10, 6, 7, 3, 0, 0, 0, 1, 0, 0, 0, 1, 0, 0, 0, 4, 0, 0, 0, 0, 0, 0, 0, 0, 0, 0, 0, 0, 0, 0, 0, 0, 0, 0, 0, 0, 0, 0, 0, 
69, 0, 0, 0, 0, 0, 0, 1, 1, 0, 0, 1, 0, 0, 2, 0, 0, 0, 0, 0, 0, 0, 1, 0, 2, 21, 0, 2, 0, 3, 3, 6, 3, 1, 1, 2, 1, 4, 3, 4, 9, 9, 1, 1, 0, 46, 4, 5, 8, 0, 0, 0, 0, 48, 3, 2, 0, 0, 0, 4, 2, 57, 8, 4, 2, 8, 9, 10, 1, 6, 8, 7, 8, 100, 6, 10, 5, 2, 0, 0, 0, 1, 0, 0, 0, 0, 0, 0, 0, 0, 0, 0, 0, 3, 0, 0, 0, 5, 0, 0, 0, 0, 0, 0, 0, 0, 0, 0, 0, 0, 0, 0, 0, 
70, 0, 0, 0, 0, 0, 0, 0, 0, 5, 2, 0, 1, 1, 0, 0, 2, 0, 0, 0, 0, 0, 0, 1, 2, 27, 1, 1, 1, 3, 1, 2, 1, 0, 1, 3, 3, 4, 7, 6, 3, 1, 1, 5, 1, 53, 4, 1, 2, 3, 2, 3, 1, 42, 1, 3, 0, 3, 7, 5, 1, 49, 1, 4, 7, 13, 10, 10, 4, 2, 4, 2, 3, 100, 13, 9, 9, 0, 0, 0, 0, 2, 0, 0, 0, 0, 0, 0, 0, 1, 0, 0, 0, 2, 0, 0, 0, 1, 0, 0, 0, 0, 0, 0, 0, 0, 0, 0, 0, 1, 0, 0, 0, 
71, 1, 2, 3, 3, 4, 0, 5, 1, 0, 0, 0, 0, 2, 1, 1, 1, 1, 0, 0, 0, 0, 0, 1, 0, 35, 2, 1, 0, 1, 1, 1, 2, 1, 3, 1, 1, 3, 3, 2, 5, 1, 0, 1, 1, 45, 1, 8, 2, 2, 0, 1, 3, 48, 2, 2, 1, 17, 3, 0, 2, 49, 3, 7, 4, 18, 7, 7, 6, 2, 3, 0, 1, 100, 10, 11, 3, 0, 0, 0, 0, 1, 0, 0, 0, 0, 0, 0, 0, 1, 0, 0, 0, 0, 0, 0, 0, 1, 0, 0, 0, 1, 0, 0, 0, 0, 0, 0, 0, 0, 0, 0, 0, 
72, 2, 0, 0, 0, 3, 0, 0, 2, 0, 0, 0, 1, 0, 1, 2, 0, 0, 1, 0, 0, 2, 1, 1, 1, 45, 0, 1, 1, 2, 2, 0, 2, 10, 5, 4, 3, 5, 1, 8, 4, 2, 4, 2, 1, 25, 2, 1, 5, 0, 0, 0, 0, 65, 3, 1, 0, 6, 4, 3, 8, 36, 5, 8, 5, 11, 8, 5, 4, 2, 4, 4, 0, 100, 8, 9, 7, 0, 0, 0, 0, 0, 0, 0, 0, 2, 0, 0, 0, 0, 0, 0, 0, 4, 0, 0, 0, 1, 0, 0, 0, 1, 0, 0, 0, 1, 0, 0, 0, 0, 0, 0, 0, 
73, 0, 3, 3, 2, 1, 0, 1, 0, 0, 0, 1, 0, 0, 1, 1, 0, 0, 0, 0, 0, 0, 0, 1, 0, 50, 1, 3, 0, 3, 2, 1, 2, 4, 5, 8, 3, 9, 3, 2, 0, 3, 0, 0, 1, 16, 3, 2, 3, 1, 0, 1, 1, 59, 2, 1, 0, 7, 5, 5, 6, 50, 1, 6, 2, 5, 2, 4, 7, 0, 0, 0, 0, 100, 9, 14, 6, 1, 0, 0, 0, 0, 0, 0, 0, 1, 0, 0, 0, 0, 0, 0, 0, 2, 0, 0, 0, 1, 0, 0, 0, 0, 0, 0, 0, 0, 0, 0, 0, 1, 0, 0, 0, 
74, 0, 0, 0, 1, 0, 0, 0, 1, 0, 2, 0, 1, 0, 1, 2, 1, 1, 1, 1, 0, 2, 0, 0, 0, 41, 1, 2, 1, 25, 4, 1, 0, 13, 5, 2, 4, 5, 3, 1, 0, 8, 1, 1, 1, 2, 2, 5, 1, 2, 0, 1, 0, 62, 3, 1, 1, 6, 3, 8, 5, 44, 4, 6, 5, 1, 2, 2, 1, 1, 1, 2, 4, 100, 8, 5, 14, 1, 0, 0, 0, 2, 0, 0, 0, 1, 0, 0, 0, 0, 0, 0, 0, 0, 0, 0, 0, 2, 0, 0, 0, 1, 0, 0, 0, 0, 0, 0, 0, 0, 0, 0, 0, 
75, 3, 4, 3, 1, 0, 0, 0, 0, 0, 0, 0, 0, 0, 1, 0, 0, 0, 1, 1, 0, 0, 0, 0, 0, 37, 0, 1, 1, 36, 1, 1, 1, 20, 1, 2, 0, 0, 2, 0, 1, 18, 2, 2, 0, 3, 1, 2, 0, 5, 4, 5, 4, 57, 0, 0, 1, 5, 6, 8, 4, 38, 3, 4, 1, 1, 1, 1, 0, 8, 5, 4, 4, 100, 9, 8, 9, 0, 0, 0, 0, 1, 0, 0, 0, 2, 0, 0, 0, 1, 0, 0, 0, 1, 0, 0, 0, 0, 0, 0, 0, 1, 0, 0, 0, 1, 0, 0, 0, 0, 0, 0, 0, 
76, 0, 0, 1, 0, 0, 0, 0, 0, 1, 0, 1, 1, 3, 0, 0, 1, 0, 0, 0, 0, 0, 1, 0, 2, 44, 0, 0, 0, 34, 1, 3, 1, 13, 6, 2, 1, 2, 1, 0, 0, 9, 1, 3, 0, 9, 5, 5, 3, 6, 3, 7, 7, 52, 1, 2, 1, 10, 8, 8, 7, 25, 6, 3, 4, 1, 3, 3, 3, 4, 10, 1, 5, 100, 11, 10, 9, 0, 0, 0, 0, 2, 0, 0, 0, 1, 0, 0, 0, 4, 0, 0, 0, 0, 0, 0, 0, 0, 0, 0, 0, 2, 0, 0, 0, 2, 0, 0, 0, 0, 0, 0, 0, 
77, 0, 0, 0, 0, 2, 1, 1, 1, 1, 2, 1, 0, 0, 0, 0, 0, 0, 1, 0, 0, 2, 1, 1, 1, 22, 4, 1, 1, 32, 1, 2, 0, 6, 3, 4, 5, 2, 1, 0, 0, 3, 2, 1, 4, 10, 4, 1, 3, 10, 11, 12, 12, 40, 2, 2, 0, 26, 11, 8, 6, 33, 5, 6, 1, 4, 2, 0, 1, 0, 5, 3, 0, 100, 7, 11, 9, 1, 0, 0, 0, 0, 0, 0, 0, 1, 0, 0, 0, 0, 0, 0, 0, 0, 0, 0, 0, 3, 0, 0, 0, 2, 0, 0, 0, 0, 0, 0, 0, 0, 0, 0, 0, 
78, 0, 0, 0, 1, 0, 0, 0, 0, 0, 1, 1, 1, 0, 1, 1, 0, 1, 2, 0, 0, 0, 0, 0, 0, 39, 1, 1, 1, 34, 4, 3, 3, 13, 2, 3, 3, 0, 1, 1, 2, 0, 1, 1, 0, 4, 5, 5, 4, 7, 8, 13, 10, 43, 1, 1, 0, 21, 5, 7, 3, 31, 12, 5, 5, 11, 0, 0, 0, 4, 5, 2, 4, 100, 8, 9, 4, 0, 0, 0, 0, 2, 0, 0, 0, 0, 0, 0, 0, 0, 0, 0, 0, 2, 0, 0, 0, 4, 0, 0, 0, 0, 0, 0, 0, 0, 0, 0, 0, 1, 0, 0, 0, 
79, 0, 0, 0, 0, 0, 0, 0, 0, 0, 0, 0, 0, 0, 1, 1, 0, 1, 0, 0, 0, 0, 0, 0, 0, 49, 0, 1, 0, 34, 2, 5, 2, 18, 7, 1, 3, 1, 0, 1, 1, 0, 4, 5, 0, 4, 2, 0, 3, 8, 8, 10, 8, 49, 1, 0, 2, 14, 6, 6, 8, 46, 7, 5, 3, 8, 1, 0, 1, 5, 3, 7, 1, 92, 11, 8, 14, 2, 0, 0, 0, 1, 0, 0, 0, 1, 0, 0, 0, 0, 0, 0, 0, 1, 0, 0, 0, 0, 0, 0, 0, 0, 0, 0, 0, 1, 0, 0, 0, 0, 0, 0, 0, 
80, 0, 0, 0, 1, 0, 0, 0, 0, 0, 0, 0, 1, 0, 1, 0, 0, 0, 0, 1, 0, 0, 0, 1, 1, 44, 0, 0, 1, 34, 1, 1, 1, 40, 8, 4, 2, 1, 2, 3, 1, 6, 4, 2, 0, 6, 0, 0, 2, 7, 8, 8, 7, 38, 2, 1, 1, 5, 8, 7, 5, 38, 4, 5, 4, 18, 1, 0, 0, 3, 2, 1, 1, 99, 10, 7, 10, 0, 0, 0, 0, 1, 0, 0, 0, 1, 0, 0, 0, 2, 0, 0, 0, 2, 0, 0, 0, 1, 0, 0, 0, 1, 0, 0, 0, 2, 0, 0, 0, 0, 0, 0, 0, 
81, 0, 1, 0, 0, 0, 1, 0, 0, 0, 0, 0, 0, 0, 0, 0, 2, 1, 0, 1, 1, 1, 1, 1, 0, 35, 4, 2, 1, 45, 3, 1, 0, 36, 3, 4, 0, 2, 0, 1, 1, 10, 5, 0, 1, 1, 1, 0, 1, 7, 6, 17, 5, 43, 0, 2, 0, 14, 4, 3, 5, 34, 4, 6, 2, 24, 2, 0, 1, 3, 2, 4, 1, 100, 10, 14, 9, 1, 0, 0, 0, 1, 0, 0, 0, 1, 0, 0, 0, 0, 0, 0, 0, 0, 0, 0, 0, 0, 0, 0, 0, 0, 0, 0, 0, 0, 0, 0, 0, 1, 0, 0, 0, 
82, 2, 0, 1, 0, 1, 0, 0, 0, 0, 0, 0, 1, 0, 0, 0, 0, 0, 0, 0, 0, 0, 0, 0, 0, 49, 1, 0, 1, 56, 0, 5, 2, 37, 2, 6, 2, 2, 1, 0, 2, 10, 3, 4, 2, 0, 0, 0, 0, 11, 17, 5, 9, 38, 6, 1, 1, 17, 15, 10, 7, 37, 13, 7, 3, 24, 0, 0, 0, 6, 3, 1, 2, 100, 6, 10, 7, 0, 0, 0, 0, 1, 0, 0, 0, 1, 0, 0, 0, 1, 0, 0, 0, 1, 0, 0, 0, 0, 0, 0, 0, 1, 0, 0, 0, 0, 0, 0, 0, 1, 0, 0, 0, 
83, 0, 0, 0, 1, 0, 0, 0, 1, 0, 3, 1, 0, 1, 0, 0, 1, 0, 0, 0, 1, 0, 0, 0, 1, 47, 1, 1, 1, 60, 4, 1, 1, 37, 3, 1, 3, 1, 1, 1, 0, 15, 1, 3, 1, 7, 2, 4, 2, 23, 7, 9, 3, 44, 5, 3, 1, 33, 3, 1, 3, 37, 2, 4, 3, 18, 2, 1, 1, 2, 1, 4, 0, 98, 8, 11, 9, 0, 0, 0, 0, 0, 0, 0, 0, 1, 0, 0, 0, 1, 0, 0, 0, 0, 0, 0, 0, 3, 0, 0, 0, 0, 0, 0, 0, 2, 0, 0, 0, 0, 0, 0, 0, 
84, 0, 1, 0, 0, 0, 0, 2, 1, 2, 2, 0, 0, 0, 0, 0, 0, 0, 1, 1, 0, 0, 0, 0, 0, 58, 0, 0, 1, 59, 3, 2, 2, 24, 4, 2, 3, 1, 0, 2, 1, 26, 4, 1, 2, 10, 1, 2, 3, 24, 11, 7, 8, 56, 4, 1, 0, 12, 11, 6, 5, 33, 5, 3, 2, 26, 0, 0, 0, 0, 0, 0, 0, 92, 13, 7, 8, 0, 0, 0, 0, 0, 0, 0, 0, 2, 0, 0, 0, 0, 0, 0, 0, 0, 0, 0, 0, 1, 0, 0, 0, 0, 0, 0, 0, 3, 0, 0, 0, 3, 0, 0, 0, 
85, 1, 2, 2, 3, 0, 0, 0, 0, 1, 0, 3, 0, 1, 0, 1, 0, 0, 2, 0, 1, 0, 1, 0, 0, 50, 1, 1, 1, 49, 1, 3, 5, 30, 4, 3, 2, 2, 0, 0, 0, 25, 0, 1, 0, 11, 1, 1, 2, 30, 7, 8, 3, 61, 0, 1, 2, 14, 8, 6, 7, 27, 11, 5, 2, 25, 0, 0, 0, 0, 0, 1, 3, 83, 6, 7, 6, 2, 0, 0, 0, 0, 0, 0, 0, 0, 0, 0, 0, 4, 0, 0, 0, 0, 0, 0, 0, 2, 0, 0, 0, 0, 0, 0, 0, 0, 0, 0, 0, 1, 0, 0, 0, 
86, 0, 0, 1, 0, 0, 0, 2, 0, 1, 0, 2, 0, 0, 0, 1, 0, 4, 1, 1, 0, 1, 0, 1, 0, 47, 0, 2, 1, 52, 2, 1, 2, 28, 3, 4, 1, 4, 5, 3, 0, 16, 2, 1, 4, 14, 2, 2, 3, 25, 17, 8, 3, 45, 0, 1, 1, 34, 7, 5, 4, 24, 4, 6, 5, 37, 0, 0, 1, 0, 1, 0, 1, 70, 10, 8, 6, 1, 0, 0, 0, 0, 0, 0, 0, 0, 0, 0, 0, 1, 0, 0, 0, 2, 0, 0, 0, 0, 0, 0, 0, 1, 0, 0, 0, 1, 0, 0, 0, 1, 0, 0, 0, 
87, 1, 3, 1, 2, 0, 1, 0, 0, 2, 2, 2, 0, 1, 1, 3, 0, 1, 1, 1, 0, 0, 1, 0, 0, 47, 0, 1, 1, 31, 2, 3, 5, 22, 0, 5, 2, 7, 4, 2, 4, 7, 1, 2, 1, 0, 2, 1, 2, 20, 5, 8, 6, 40, 4, 1, 0, 42, 8, 6, 5, 21, 6, 5, 1, 34, 2, 0, 0, 2, 2, 1, 2, 79, 14, 7, 8, 1, 0, 0, 0, 3, 0, 0, 0, 0, 0, 0, 0, 1, 0, 0, 0, 0, 0, 0, 0, 2, 0, 0, 0, 1, 0, 0, 0, 0, 0, 0, 0, 0, 0, 0, 0, 
88, 1, 0, 0, 0, 0, 0, 1, 1, 0, 0, 0, 0, 4, 3, 3, 0, 0, 0, 0, 1, 0, 0, 1, 1, 44, 3, 1, 0, 34, 0, 1, 3, 3, 5, 4, 3, 6, 9, 1, 3, 0, 0, 0, 0, 0, 0, 2, 1, 7, 4, 9, 4, 34, 3, 1, 0, 50, 5, 4, 4, 12, 4, 3, 4, 27, 0, 0, 0, 1, 2, 0, 0, 77, 11, 12, 5, 2, 0, 0, 0, 1, 0, 0, 0, 3, 0, 0, 0, 0, 0, 0, 0, 1, 0, 0, 0, 0, 0, 0, 0, 1, 0, 0, 0, 0, 0, 0, 0, 1, 0, 0, 0, 
89, 0, 0, 0, 1, 0, 0, 0, 0, 0, 1, 0, 0, 0, 0, 0, 0, 1, 2, 3, 1, 0, 3, 0, 0, 51, 11, 1, 3, 32, 2, 2, 0, 2, 1, 2, 4, 3, 1, 0, 4, 1, 2, 3, 3, 1, 1, 1, 0, 7, 7, 6, 6, 36, 0, 2, 0, 40, 7, 8, 4, 5, 3, 2, 2, 30, 1, 0, 1, 6, 7, 4, 0, 80, 9, 6, 11, 1, 0, 0, 0, 1, 0, 0, 0, 2, 0, 0, 0, 0, 0, 0, 0, 0, 0, 0, 0, 1, 0, 0, 0, 0, 0, 0, 0, 0, 0, 0, 0, 0, 0, 0, 0, 
90, 1, 1, 0, 1, 1, 1, 0, 0, 0, 0, 1, 0, 0, 0, 0, 0, 3, 2, 2, 1, 0, 2, 0, 0, 60, 1, 0, 0, 43, 4, 0, 3, 1, 0, 1, 1, 2, 0, 4, 2, 3, 2, 5, 3, 5, 5, 2, 1, 7, 5, 0, 1, 36, 0, 2, 0, 37, 12, 1, 3, 3, 1, 3, 3, 29, 0, 1, 2, 4, 5, 2, 9, 77, 4, 6, 4, 0, 0, 0, 0, 0, 0, 0, 0, 0, 0, 0, 0, 1, 0, 0, 0, 2, 0, 0, 0, 1, 0, 0, 0, 0, 0, 0, 0, 1, 0, 0, 0, 0, 0, 0, 0, 
91, 1, 1, 2, 2, 2, 1, 1, 1, 1, 0, 0, 0, 0, 0, 0, 0, 0, 0, 0, 0, 1, 0, 0, 3, 47, 1, 0, 0, 39, 1, 0, 3, 0, 5, 1, 4, 11, 0, 0, 0, 6, 2, 1, 4, 6, 4, 2, 1, 4, 2, 1, 3, 21, 1, 0, 4, 20, 6, 5, 4, 1, 1, 2, 1, 15, 1, 0, 0, 10, 7, 6, 7, 61, 6, 4, 9, 0, 0, 0, 0, 0, 0, 0, 0, 0, 0, 0, 0, 4, 0, 0, 0, 0, 0, 0, 0, 0, 0, 0, 0, 5, 0, 0, 0, 0, 0, 0, 0, 1, 0, 0, 0, 
92, 0, 1, 0, 1, 0, 0, 0, 0, 0, 0, 0, 0, 1, 1, 0, 0, 0, 0, 0, 1, 1, 1, 0, 2, 37, 2, 2, 1, 52, 2, 2, 5, 5, 5, 5, 3, 1, 0, 0, 0, 3, 2, 5, 3, 6, 2, 1, 2, 6, 0, 2, 1, 26, 1, 1, 1, 1, 8, 7, 3, 1, 0, 1, 0, 23, 0, 2, 0, 17, 2, 6, 7, 45, 4, 11, 10, 0, 0, 0, 0, 1, 0, 0, 0, 0, 0, 0, 0, 0, 0, 0, 0, 1, 0, 0, 0, 0, 0, 0, 0, 1, 0, 0, 0, 0, 0, 0, 0, 1, 0, 0, 0, 
93, 2, 1, 1, 0, 0, 0, 0, 0, 0, 1, 0, 0, 1, 1, 1, 3, 0, 2, 0, 2, 0, 1, 0, 1, 27, 3, 0, 1, 61, 1, 1, 3, 0, 3, 2, 4, 1, 2, 5, 3, 2, 1, 0, 1, 4, 1, 0, 0, 1, 1, 0, 1, 16, 1, 1, 1, 5, 2, 2, 1, 3, 1, 6, 2, 34, 0, 0, 1, 13, 7, 3, 7, 46, 11, 6, 8, 1, 0, 0, 0, 3, 0, 0, 0, 1, 0, 0, 0, 1, 0, 0, 0, 1, 0, 0, 0, 0, 0, 0, 0, 0, 0, 0, 0, 0, 0, 0, 0, 0, 0, 0, 0, 
94, 1, 0, 0, 0, 1, 1, 0, 0, 0, 0, 0, 1, 0, 1, 1, 1, 0, 0, 0, 0, 1, 0, 1, 0, 19, 1, 1, 0, 49, 4, 0, 2, 0, 1, 2, 0, 5, 1, 0, 1, 8, 1, 4, 1, 1, 2, 1, 2, 2, 1, 0, 0, 7, 0, 2, 2, 1, 1, 2, 0, 4, 4, 1, 3, 26, 1, 0, 0, 13, 5, 5, 6, 49, 12, 10, 10, 0, 0, 0, 0, 1, 0, 0, 0, 1, 0, 0, 0, 1, 0, 0, 0, 0, 0, 0, 0, 4, 0, 0, 0, 0, 0, 0, 0, 1, 0, 0, 0, 1, 0, 0, 0, 
95, 0, 0, 1, 0, 0, 0, 0, 0, 0, 0, 0, 0, 2, 1, 0, 1, 2, 2, 0, 0, 0, 1, 1, 0, 20, 0, 0, 0, 46, 3, 1, 1, 1, 2, 3, 2, 1, 0, 0, 0, 1, 0, 0, 0, 2, 0, 0, 2, 1, 5, 1, 0, 2, 2, 2, 2, 1, 2, 1, 2, 2, 5, 5, 3, 30, 0, 0, 1, 13, 10, 8, 4, 50, 9, 5, 8, 1, 0, 0, 0, 1, 0, 0, 0, 2, 0, 0, 0, 0, 0, 0, 0, 1, 0, 0, 0, 0, 0, 0, 0, 2, 0, 0, 0, 2, 0, 0, 0, 1, 0, 0, 0, 
96, 2, 1, 1, 1, 0, 0, 0, 0, 0, 0, 0, 0, 1, 0, 1, 2, 0, 0, 0, 0, 0, 2, 0, 0, 24, 1, 6, 0, 51, 0, 0, 3, 9, 1, 3, 3, 2, 1, 0, 2, 0, 1, 1, 0, 1, 1, 0, 1, 1, 2, 2, 2, 9, 0, 0, 2, 0, 1, 1, 2, 4, 3, 3, 3, 29, 0, 3, 0, 16, 2, 10, 5, 48, 4, 6, 3, 0, 0, 0, 0, 2, 0, 0, 0, 0, 0, 0, 0, 1, 0, 0, 0, 0, 0, 0, 0, 0, 0, 0, 0, 0, 0, 0, 0, 4, 0, 0, 0, 1, 0, 0, 0, 
97, 0, 0, 0, 1, 0, 0, 1, 0, 0, 0, 1, 1, 1, 0, 1, 0, 0, 0, 0, 0, 0, 0, 0, 0, 15, 1, 1, 2, 57, 3, 7, 0, 1, 1, 1, 0, 1, 0, 1, 0, 4, 3, 3, 2, 3, 1, 4, 4, 2, 5, 5, 3, 1, 0, 0, 3, 3, 0, 3, 5, 4, 5, 3, 2, 25, 0, 0, 0, 2, 5, 4, 5, 27, 9, 5, 6, 0, 0, 0, 0, 2, 0, 0, 0, 0, 0, 0, 0, 0, 0, 0, 0, 2, 0, 0, 0, 0, 0, 0, 0, 4, 0, 0, 0, 1, 0, 0, 0, 0, 0, 0, 0, 
98, 0, 0, 0, 0, 0, 0, 0, 0, 0, 1, 0, 0, 0, 1, 0, 1, 0, 0, 0, 1, 1, 0, 1, 1, 30, 7, 2, 2, 73, 0, 1, 0, 1, 3, 1, 3, 2, 4, 1, 1, 4, 1, 2, 2, 4, 0, 2, 4, 7, 3, 8, 5, 2, 1, 1, 1, 5, 3, 2, 0, 1, 2, 0, 4, 40, 1, 0, 0, 0, 2, 1, 1, 11, 2, 14, 8, 2, 0, 0, 0, 2, 0, 0, 0, 3, 0, 0, 0, 0, 0, 0, 0, 1, 0, 0, 0, 2, 0, 0, 0, 1, 0, 0, 0, 0, 0, 0, 0, 2, 0, 0, 0, 
99, 1, 0, 2, 1, 0, 1, 0, 0, 0, 0, 1, 0, 0, 0, 0, 0, 0, 1, 0, 0, 2, 3, 0, 0, 35, 3, 2, 2, 53, 3, 1, 1, 1, 2, 1, 0, 1, 1, 1, 1, 5, 2, 4, 2, 9, 7, 2, 7, 1, 3, 2, 3, 3, 0, 2, 1, 0, 0, 0, 0, 1, 3, 0, 2, 39, 2, 1, 1, 1, 3, 3, 2, 12, 7, 13, 14, 0, 0, 0, 0, 1, 0, 0, 0, 0, 0, 0, 0, 2, 0, 0, 0, 1, 0, 0, 0, 1, 0, 0, 0, 0, 0, 0, 0, 2, 0, 0, 0, 1, 0, 0, 0, 