0, 0, 2, 0, 0, 0, 3, 2, 2, 0, 0, 1, 0, 0, 0, 0, 0, 0, 0, 0, 1, 0, 0, 0, 0, 10, 4, 2, 0, 0, 2, 2, 1, 0, 0, 0, 1, 1, 1, 0, 0, 1, 0, 0, 0, 2, 2, 4, 1, 1, 0, 1, 0, 4, 1, 2, 0, 1, 0, 3, 0, 6, 2, 5, 4, 0, 0, 1, 0, 0, 0, 0, 1, 4, 2, 1, 1, 1, 0, 0, 0, 0, 0, 0, 0, 3, 0, 0, 0, 0, 0, 0, 0, 2, 0, 0, 0, 2, 0, 0, 0, 0, 0, 0, 0, 0, 0, 0, 0, 0, 0, 0, 0, 
1, 1, 1, 1, 1, 0, 0, 1, 0, 1, 0, 0, 0, 4, 1, 2, 0, 0, 0, 1, 0, 0, 0, 0, 0, 8, 5, 4, 4, 2, 0, 2, 3, 0, 0, 0, 0, 2, 1, 0, 1, 0, 0, 0, 0, 1, 3, 2, 3, 0, 3, 0, 3, 8, 3, 1, 0, 1, 2, 1, 1, 1, 1, 3, 1, 1, 1, 4, 4, 2, 2, 1, 1, 2, 1, 0, 0, 0, 0, 0, 0, 1, 0, 0, 0, 1, 0, 0, 0, 2, 0, 0, 0, 0, 0, 0, 0, 0, 0, 0, 0, 1, 0, 0, 0, 2, 0, 0, 0, 0, 0, 0, 0, 
2, 1, 1, 0, 0, 0, 1, 0, 0, 0, 0, 0, 2, 8, 1, 3, 0, 2, 2, 2, 1, 0, 0, 0, 0, 0, 0, 0, 0, 2, 2, 1, 1, 2, 4, 0, 3, 0, 0, 0, 0, 2, 1, 3, 1, 1, 3, 3, 4, 2, 1, 0, 2, 1, 2, 3, 0, 0, 2, 0, 0, 2, 1, 0, 0, 0, 0, 0, 0, 1, 4, 2, 0, 0, 1, 0, 0, 0, 0, 0, 0, 3, 0, 0, 0, 2, 0, 0, 0, 1, 0, 0, 0, 1, 0, 0, 0, 1, 0, 0, 0, 2, 0, 0, 0, 0, 0, 0, 0, 1, 0, 0, 0, 
3, 1, 1, 0, 0, 0, 3, 1, 1, 0, 1, 0, 0, 1, 0, 0, 0, 2, 1, 1, 1, 1, 0, 0, 0, 1, 2, 1, 0, 1, 2, 0, 0, 4, 3, 2, 1, 13, 0, 1, 0, 1, 4, 2, 6, 6, 6, 3, 3, 6, 5, 2, 3, 3, 0, 1, 0, 5, 1, 1, 0, 1, 2, 1, 2, 1, 1, 2, 1, 4, 5, 1, 0, 0, 0, 0, 1, 1, 0, 0, 0, 1, 0, 0, 0, 0, 0, 0, 0, 4, 0, 0, 0, 0, 0, 0, 0, 1, 0, 0, 0, 0, 0, 0, 0, 1, 0, 0, 0, 1, 0, 0, 0, 
4, 0, 0, 1, 0, 1, 2, 0, 0, 2, 0, 2, 1, 0, 0, 0, 1, 0, 0, 3, 0, 3, 0, 1, 0, 2, 0, 5, 1, 0, 1, 0, 0, 1, 2, 2, 6, 0, 1, 1, 1, 6, 3, 13, 9, 7, 5, 5, 5, 5, 2, 3, 1, 1, 1, 4, 1, 0, 0, 0, 0, 0, 0, 0, 0, 0, 0, 1, 1, 3, 5, 0, 1, 2, 4, 2, 2, 3, 0, 0, 0, 1, 0, 0, 0, 0, 0, 0, 0, 1, 0, 0, 0, 0, 0, 0, 0, 2, 0, 0, 0, 0, 0, 0, 0, 0, 0, 0, 0, 0, 0, 0, 0, 
5, 0, 0, 1, 0, 0, 0, 0, 0, 1, 0, 1, 1, 0, 0, 0, 0, 1, 1, 0, 1, 0, 0, 1, 0, 3, 4, 4, 7, 0, 0, 0, 1, 16, 3, 4, 3, 1, 2, 0, 2, 10, 6, 8, 3, 2, 1, 4, 1, 4, 1, 3, 1, 0, 0, 0, 0, 1, 0, 1, 0, 5, 0, 1, 0, 5, 1, 1, 1, 1, 6, 3, 3, 5, 5, 9, 4, 3, 0, 0, 0, 0, 0, 0, 0, 0, 0, 0, 0, 0, 0, 0, 0, 1, 0, 0, 0, 1, 0, 0, 0, 2, 0, 0, 0, 1, 0, 0, 0, 1, 0, 0, 0, 
6, 2, 0, 1, 1, 0, 0, 0, 0, 0, 0, 0, 2, 0, 1, 0, 0, 0, 1, 1, 0, 1, 2, 0, 0, 3, 4, 2, 3, 2, 3, 3, 5, 18, 3, 7, 3, 0, 0, 0, 0, 6, 7, 3, 9, 4, 1, 6, 2, 3, 2, 8, 2, 0, 0, 0, 0, 2, 3, 0, 2, 4, 3, 4, 3, 2, 1, 1, 0, 0, 3, 2, 3, 5, 2, 2, 2, 2, 0, 0, 0, 1, 0, 0, 0, 0, 0, 0, 0, 0, 0, 0, 0, 2, 0, 0, 0, 0, 0, 0, 0, 4, 0, 0, 0, 0, 0, 0, 0, 1, 0, 0, 0, 
7, 3, 0, 0, 0, 1, 0, 0, 0, 0, 0, 0, 0, 0, 0, 0, 1, 0, 1, 0, 1, 1, 0, 1, 0, 2, 3, 2, 1, 0, 0, 0, 2, 14, 2, 3, 2, 0, 0, 0, 1, 7, 5, 8, 5, 6, 1, 3, 3, 2, 0, 1, 0, 8, 6, 6, 1, 1, 2, 2, 2, 4, 1, 3, 3, 3, 1, 2, 4, 5, 0, 0, 0, 4, 1, 7, 1, 0, 0, 0, 0, 0, 0, 0, 0, 1, 0, 0, 0, 0, 0, 0, 0, 3, 0, 0, 0, 0, 0, 0, 0, 0, 0, 0, 0, 2, 0, 0, 0, 0, 0, 0, 0, 
8, 1, 0, 1, 1, 0, 0, 0, 0, 0, 0, 1, 0, 0, 0, 0, 1, 0, 1, 0, 0, 1, 2, 1, 0, 0, 1, 3, 4, 1, 3, 2, 4, 17, 5, 4, 3, 2, 1, 0, 0, 12, 7, 3, 3, 3, 1, 3, 1, 2, 0, 0, 0, 10, 5, 6, 2, 1, 0, 0, 1, 11, 6, 2, 2, 2, 1, 2, 2, 11, 1, 1, 1, 5, 3, 4, 3, 1, 0, 0, 0, 0, 0, 0, 0, 0, 0, 0, 0, 1, 0, 0, 0, 0, 0, 0, 0, 3, 0, 0, 0, 2, 0, 0, 0, 0, 0, 0, 0, 0, 0, 0, 0, 
9, 0, 1, 0, 1, 1, 1, 2, 1, 0, 0, 0, 0, 0, 0, 0, 0, 1, 0, 0, 0, 1, 0, 0, 1, 1, 1, 1, 1, 0, 0, 3, 3, 12, 4, 5, 2, 0, 1, 1, 3, 5, 7, 4, 8, 11, 3, 1, 2, 1, 0, 2, 2, 8, 8, 7, 6, 12, 3, 3, 3, 8, 3, 2, 0, 0, 1, 2, 2, 22, 1, 1, 1, 5, 3, 3, 3, 0, 0, 0, 0, 1, 0, 0, 0, 0, 0, 0, 0, 2, 0, 0, 0, 0, 0, 0, 0, 0, 0, 0, 0, 0, 0, 0, 0, 0, 0, 0, 0, 0, 0, 0, 0, 
10, 3, 1, 2, 0, 1, 1, 0, 2, 0, 0, 0, 0, 0, 1, 0, 0, 1, 0, 0, 0, 0, 0, 0, 0, 0, 1, 0, 0, 0, 0, 0, 2, 7, 2, 5, 2, 1, 1, 1, 3, 14, 10, 14, 9, 2, 0, 1, 1, 3, 4, 3, 2, 12, 6, 10, 2, 4, 4, 5, 8, 3, 2, 4, 4, 1, 0, 1, 0, 13, 1, 0, 1, 4, 8, 9, 6, 0, 0, 0, 0, 1, 0, 0, 0, 0, 0, 0, 0, 0, 0, 0, 0, 0, 0, 0, 0, 2, 0, 0, 0, 2, 0, 0, 0, 1, 0, 0, 0, 0, 0, 0, 0, 
11, 0, 0, 0, 0, 2, 1, 1, 1, 0, 1, 2, 1, 1, 1, 1, 0, 1, 1, 2, 3, 0, 0, 1, 0, 1, 1, 1, 1, 16, 1, 0, 0, 27, 5, 0, 1, 1, 1, 0, 6, 16, 8, 13, 10, 1, 0, 0, 0, 0, 0, 0, 0, 10, 16, 6, 8, 0, 1, 0, 0, 1, 4, 4, 4, 4, 2, 4, 4, 10, 1, 0, 0, 11, 6, 6, 7, 1, 0, 0, 0, 1, 0, 0, 0, 2, 0, 0, 0, 1, 0, 0, 0, 1, 0, 0, 0, 3, 0, 0, 0, 3, 0, 0, 0, 0, 0, 0, 0, 1, 0, 0, 0, 
12, 1, 2, 2, 3, 0, 1, 0, 0, 1, 1, 0, 1, 2, 4, 1, 1, 0, 1, 1, 0, 0, 0, 0, 0, 0, 1, 0, 1, 3, 1, 1, 1, 17, 6, 6, 1, 7, 5, 7, 7, 13, 5, 7, 2, 2, 2, 0, 2, 0, 0, 0, 0, 10, 10, 9, 10, 8, 7, 5, 2, 0, 2, 0, 1, 1, 2, 1, 5, 4, 0, 1, 0, 10, 8, 6, 7, 0, 0, 0, 0, 1, 0, 0, 0, 1, 0, 0, 0, 0, 0, 0, 0, 0, 0, 0, 0, 0, 0, 0, 0, 1, 0, 0, 0, 0, 0, 0, 0, 0, 0, 0, 0, 
13, 1, 0, 2, 3, 0, 0, 0, 0, 0, 0, 0, 1, 1, 3, 0, 1, 0, 0, 1, 0, 0, 0, 0, 0, 3, 1, 2, 1, 13, 1, 1, 1, 22, 1, 1, 5, 3, 2, 0, 3, 9, 8, 5, 9, 0, 1, 0, 1, 1, 2, 0, 2, 9, 10, 4, 9, 6, 4, 9, 2, 1, 2, 0, 1, 1, 0, 3, 1, 1, 1, 2, 0, 5, 6, 11, 3, 0, 0, 0, 0, 1, 0, 0, 0, 0, 0, 0, 0, 0, 0, 0, 0, 1, 0, 0, 0, 0, 0, 0, 0, 0, 0, 0, 0, 0, 0, 0, 0, 0, 0, 0, 0, 
14, 2, 1, 2, 0, 0, 1, 1, 0, 1, 0, 0, 0, 0, 3, 1, 1, 0, 1, 1, 1, 0, 0, 0, 0, 0, 0, 0, 1, 8, 3, 1, 0, 24, 2, 1, 2, 3, 0, 6, 2, 8, 7, 10, 11, 3, 2, 0, 1, 2, 3, 1, 2, 13, 8, 8, 7, 8, 2, 3, 2, 2, 0, 0, 1, 5, 3, 3, 2, 5, 1, 1, 2, 3, 2, 6, 6, 1, 0, 0, 0, 2, 0, 0, 0, 0, 0, 0, 0, 0, 0, 0, 0, 0, 0, 0, 0, 1, 0, 0, 0, 0, 0, 0, 0, 0, 0, 0, 0, 0, 0, 0, 0, 
15, 0, 0, 0, 0, 2, 2, 0, 1, 0, 0, 0, 0, 0, 1, 0, 0, 1, 0, 1, 0, 0, 0, 0, 1, 0, 0, 3, 2, 2, 1, 0, 1, 19, 4, 5, 1, 3, 0, 2, 3, 13, 10, 7, 8, 0, 1, 0, 0, 2, 0, 1, 0, 13, 6, 7, 18, 8, 2, 6, 1, 1, 0, 3, 1, 4, 0, 3, 4, 0, 1, 3, 0, 12, 9, 8, 8, 0, 0, 0, 0, 1, 0, 0, 0, 1, 0, 0, 0, 0, 0, 0, 0, 1, 0, 0, 0, 1, 0, 0, 0, 1, 0, 0, 0, 0, 0, 0, 0, 2, 0, 0, 0, 
16, 1, 0, 0, 0, 1, 0, 1, 1, 0, 1, 1, 1, 2, 0, 1, 0, 0, 1, 0, 0, 0, 0, 0, 0, 1, 0, 0, 0, 4, 1, 1, 0, 19, 2, 0, 1, 5, 8, 4, 5, 11, 10, 7, 9, 2, 2, 1, 4, 0, 0, 0, 1, 21, 14, 7, 7, 16, 9, 5, 4, 1, 0, 0, 4, 1, 2, 2, 0, 1, 1, 1, 1, 8, 10, 5, 4, 3, 0, 0, 0, 3, 0, 0, 0, 3, 0, 0, 0, 0, 0, 0, 0, 0, 0, 0, 0, 0, 0, 0, 0, 0, 0, 0, 0, 0, 0, 0, 0, 0, 0, 0, 0, 
17, 0, 1, 2, 0, 0, 0, 0, 1, 1, 0, 0, 0, 0, 0, 0, 0, 0, 0, 0, 0, 1, 1, 0, 0, 3, 2, 1, 2, 5, 5, 4, 3, 6, 0, 2, 0, 15, 8, 7, 6, 3, 7, 9, 8, 1, 1, 0, 3, 2, 2, 2, 0, 20, 19, 12, 10, 14, 4, 6, 5, 3, 2, 1, 1, 1, 2, 0, 1, 3, 4, 1, 0, 6, 3, 2, 9, 0, 0, 0, 0, 2, 0, 0, 0, 0, 0, 0, 0, 1, 0, 0, 0, 1, 0, 0, 0, 0, 0, 0, 0, 1, 0, 0, 0, 0, 0, 0, 0, 1, 0, 0, 0, 
18, 1, 0, 2, 4, 0, 0, 1, 0, 1, 0, 1, 2, 0, 4, 2, 1, 0, 1, 1, 0, 0, 0, 0, 0, 3, 4, 3, 1, 0, 3, 5, 1, 1, 0, 2, 0, 21, 4, 8, 5, 8, 11, 11, 15, 2, 1, 1, 0, 1, 3, 0, 1, 29, 11, 9, 13, 8, 7, 5, 3, 0, 1, 1, 0, 7, 4, 3, 0, 0, 0, 0, 0, 5, 1, 2, 6, 1, 0, 0, 0, 1, 0, 0, 0, 0, 0, 0, 0, 4, 0, 0, 0, 0, 0, 0, 0, 0, 0, 0, 0, 0, 0, 0, 0, 0, 0, 0, 0, 0, 0, 0, 0, 
19, 0, 0, 1, 0, 1, 0, 1, 0, 0, 1, 0, 0, 0, 0, 1, 0, 0, 0, 0, 0, 2, 1, 1, 0, 3, 1, 6, 2, 0, 3, 2, 0, 0, 2, 1, 0, 7, 7, 10, 6, 14, 18, 8, 9, 0, 1, 0, 2, 0, 0, 0, 1, 39, 11, 7, 7, 10, 7, 9, 10, 1, 1, 0, 1, 1, 2, 2, 2, 2, 1, 2, 0, 10, 8, 4, 7, 0, 0, 0, 0, 1, 0, 0, 0, 2, 0, 0, 0, 1, 0, 0, 0, 1, 0, 0, 0, 0, 0, 0, 0, 1, 0, 0, 0, 1, 0, 0, 0, 0, 0, 0, 0, 
20, 1, 0, 0, 0, 0, 1, 0, 0, 3, 1, 3, 2, 0, 0, 0, 0, 1, 1, 0, 0, 0, 0, 1, 2, 7, 2, 2, 1, 1, 3, 2, 0, 20, 0, 4, 1, 8, 9, 7, 6, 8, 8, 7, 11, 0, 0, 0, 0, 2, 1, 1, 3, 30, 8, 8, 10, 14, 8, 8, 4, 2, 0, 0, 0, 4, 4, 5, 1, 0, 0, 1, 2, 13, 6, 6, 9, 1, 0, 0, 0, 0, 0, 0, 0, 2, 0, 0, 0, 1, 0, 0, 0, 1, 0, 0, 0, 0, 0, 0, 0, 0, 0, 0, 0, 1, 0, 0, 0, 0, 0, 0, 0, 
21, 0, 3, 0, 0, 1, 2, 0, 1, 0, 1, 0, 0, 0, 0, 0, 1, 2, 2, 0, 0, 0, 0, 0, 0, 5, 2, 6, 2, 1, 1, 0, 0, 15, 1, 1, 2, 6, 12, 3, 6, 10, 13, 10, 5, 0, 0, 0, 1, 0, 0, 0, 0, 24, 13, 8, 4, 13, 12, 14, 6, 9, 1, 7, 3, 4, 11, 1, 1, 4, 5, 3, 4, 14, 15, 12, 6, 0, 0, 0, 0, 0, 0, 0, 0, 0, 0, 0, 0, 0, 0, 0, 0, 0, 0, 0, 0, 0, 0, 0, 0, 0, 0, 0, 0, 0, 0, 0, 0, 2, 0, 0, 0, 
22, 2, 0, 2, 1, 0, 0, 0, 0, 0, 1, 0, 1, 1, 6, 0, 1, 0, 0, 0, 0, 1, 0, 0, 0, 9, 3, 4, 1, 5, 9, 3, 1, 2, 3, 1, 0, 6, 6, 8, 8, 3, 15, 9, 9, 1, 2, 1, 1, 0, 1, 2, 2, 18, 13, 5, 6, 21, 8, 10, 6, 1, 1, 1, 0, 9, 0, 1, 3, 8, 6, 3, 5, 23, 8, 10, 5, 1, 0, 0, 0, 1, 0, 0, 0, 1, 0, 0, 0, 0, 0, 0, 0, 1, 0, 0, 0, 1, 0, 0, 0, 2, 0, 0, 0, 0, 0, 0, 0, 1, 0, 0, 0, 
23, 1, 0, 0, 2, 0, 1, 0, 1, 1, 0, 2, 0, 1, 2, 0, 0, 0, 0, 1, 0, 0, 0, 0, 0, 9, 6, 5, 8, 9, 5, 5, 5, 1, 2, 2, 1, 10, 6, 2, 4, 4, 3, 8, 5, 7, 2, 4, 4, 2, 1, 6, 1, 19, 17, 8, 13, 19, 16, 13, 9, 2, 2, 1, 2, 5, 1, 2, 2, 5, 4, 2, 2, 16, 6, 7, 11, 1, 0, 0, 0, 1, 0, 0, 0, 0, 0, 0, 0, 0, 0, 0, 0, 0, 0, 0, 0, 0, 0, 0, 0, 1, 0, 0, 0, 2, 0, 0, 0, 0, 0, 0, 0, 
24, 2, 3, 0, 0, 3, 3, 1, 0, 0, 0, 0, 0, 0, 0, 0, 0, 0, 0, 0, 0, 1, 0, 0, 3, 5, 4, 5, 6, 0, 0, 0, 1, 2, 1, 1, 1, 5, 5, 2, 7, 2, 2, 1, 1, 3, 4, 8, 5, 10, 7, 2, 2, 19, 6, 8, 11, 32, 12, 7, 9, 0, 2, 0, 2, 1, 2, 4, 2, 0, 2, 0, 2, 9, 6, 10, 7, 0, 0, 0, 0, 0, 0, 0, 0, 0, 0, 0, 0, 0, 0, 0, 0, 1, 0, 0, 0, 1, 0, 0, 0, 0, 0, 0, 0, 0, 0, 0, 0, 3, 0, 0, 0, 
25, 3, 2, 0, 0, 0, 0, 0, 0, 1, 2, 1, 0, 1, 0, 0, 0, 1, 1, 1, 0, 0, 0, 0, 0, 11, 8, 4, 12, 4, 2, 0, 3, 4, 4, 4, 3, 7, 1, 1, 4, 1, 0, 0, 0, 8, 4, 4, 7, 6, 1, 3, 4, 5, 12, 12, 11, 27, 10, 9, 9, 2, 1, 5, 2, 1, 3, 1, 2, 2, 3, 2, 1, 11, 9, 13, 6, 1, 0, 0, 0, 1, 0, 0, 0, 0, 0, 0, 0, 1, 0, 0, 0, 0, 0, 0, 0, 0, 0, 0, 0, 1, 0, 0, 0, 2, 0, 0, 0, 0, 0, 0, 0, 
26, 0, 0, 1, 2, 1, 0, 1, 1, 0, 1, 1, 2, 0, 1, 1, 1, 2, 0, 0, 0, 3, 2, 0, 5, 19, 2, 8, 4, 1, 4, 2, 1, 9, 5, 5, 9, 5, 2, 2, 1, 6, 0, 0, 0, 6, 12, 7, 6, 10, 3, 5, 1, 15, 13, 14, 17, 35, 8, 11, 11, 2, 1, 1, 3, 1, 0, 0, 1, 3, 1, 0, 1, 20, 14, 12, 12, 3, 0, 0, 0, 1, 0, 0, 0, 1, 0, 0, 0, 1, 0, 0, 0, 0, 0, 0, 0, 0, 0, 0, 0, 1, 0, 0, 0, 1, 0, 0, 0, 3, 0, 0, 0, 
27, 0, 0, 2, 1, 0, 0, 0, 2, 0, 2, 2, 1, 2, 0, 2, 0, 2, 0, 1, 1, 1, 0, 0, 0, 22, 8, 9, 5, 6, 4, 3, 4, 5, 6, 6, 9, 0, 2, 0, 1, 0, 1, 1, 0, 16, 9, 10, 2, 5, 2, 1, 3, 14, 15, 12, 9, 34, 14, 9, 14, 0, 0, 1, 0, 1, 0, 0, 2, 0, 0, 0, 0, 23, 14, 9, 9, 1, 0, 0, 0, 1, 0, 0, 0, 1, 0, 0, 0, 1, 0, 0, 0, 0, 0, 0, 0, 0, 0, 0, 0, 1, 0, 0, 0, 0, 0, 0, 0, 2, 0, 0, 0, 
28, 0, 0, 0, 0, 1, 3, 1, 2, 0, 0, 0, 0, 0, 1, 0, 0, 1, 1, 2, 0, 0, 0, 0, 0, 34, 5, 7, 9, 23, 9, 5, 6, 6, 7, 11, 5, 1, 4, 1, 3, 0, 2, 0, 1, 8, 6, 5, 3, 3, 0, 4, 1, 10, 13, 16, 16, 42, 8, 10, 8, 3, 2, 4, 5, 5, 1, 3, 1, 3, 1, 2, 2, 14, 1, 8, 8, 1, 0, 0, 0, 0, 0, 0, 0, 0, 0, 0, 0, 0, 0, 0, 0, 0, 0, 0, 0, 0, 0, 0, 0, 1, 0, 0, 0, 1, 0, 0, 0, 0, 0, 0, 0, 
29, 0, 0, 2, 0, 3, 3, 2, 1, 0, 1, 1, 1, 0, 1, 0, 0, 1, 1, 2, 1, 0, 2, 0, 0, 19, 17, 8, 9, 16, 9, 4, 3, 6, 12, 9, 3, 5, 5, 5, 5, 3, 3, 5, 0, 2, 5, 3, 1, 7, 4, 2, 4, 24, 10, 8, 8, 37, 5, 9, 8, 4, 3, 5, 3, 2, 2, 0, 1, 9, 3, 4, 1, 7, 11, 9, 7, 0, 0, 0, 0, 0, 0, 0, 0, 1, 0, 0, 0, 0, 0, 0, 0, 0, 0, 0, 0, 1, 0, 0, 0, 0, 0, 0, 0, 1, 0, 0, 0, 0, 0, 0, 0, 
30, 0, 0, 0, 0, 0, 1, 2, 0, 0, 0, 0, 0, 0, 1, 0, 0, 0, 0, 0, 0, 1, 2, 0, 2, 40, 4, 7, 8, 24, 3, 1, 1, 8, 5, 8, 12, 9, 3, 11, 4, 6, 6, 3, 1, 3, 5, 7, 3, 4, 5, 1, 1, 10, 12, 7, 12, 27, 9, 5, 6, 20, 8, 2, 2, 0, 0, 2, 0, 16, 2, 4, 0, 5, 1, 8, 6, 1, 0, 0, 0, 0, 0, 0, 0, 1, 0, 0, 0, 0, 0, 0, 0, 0, 0, 0, 0, 0, 0, 0, 0, 0, 0, 0, 0, 0, 0, 0, 0, 0, 0, 0, 0, 
31, 0, 1, 1, 0, 0, 1, 0, 0, 0, 5, 1, 4, 0, 0, 0, 0, 1, 0, 1, 1, 1, 0, 0, 0, 53, 7, 8, 6, 14, 3, 3, 1, 8, 7, 7, 10, 7, 7, 7, 9, 3, 6, 3, 2, 5, 8, 4, 6, 3, 0, 1, 0, 4, 5, 3, 3, 16, 11, 9, 5, 14, 5, 1, 3, 2, 1, 1, 1, 5, 1, 2, 1, 7, 4, 5, 6, 1, 0, 0, 0, 0, 0, 0, 0, 1, 0, 0, 0, 2, 0, 0, 0, 0, 0, 0, 0, 3, 0, 0, 0, 0, 0, 0, 0, 1, 0, 0, 0, 2, 0, 0, 0, 
32, 1, 0, 0, 0, 1, 1, 2, 0, 1, 1, 2, 0, 5, 1, 0, 0, 2, 1, 0, 0, 1, 3, 1, 0, 58, 6, 5, 8, 18, 6, 5, 3, 10, 14, 7, 12, 5, 10, 8, 5, 0, 1, 1, 1, 2, 3, 5, 3, 1, 1, 0, 1, 10, 6, 8, 7, 11, 7, 10, 10, 6, 2, 1, 1, 7, 1, 6, 4, 3, 0, 3, 1, 8, 6, 11, 7, 1, 0, 0, 0, 0, 0, 0, 0, 1, 0, 0, 0, 1, 0, 0, 0, 1, 0, 0, 0, 0, 0, 0, 0, 1, 0, 0, 0, 1, 0, 0, 0, 0, 0, 0, 0, 
33, 1, 1, 0, 2, 1, 0, 0, 1, 1, 0, 0, 0, 2, 0, 0, 1, 0, 0, 0, 1, 1, 0, 0, 0, 44, 6, 5, 9, 17, 6, 6, 6, 14, 12, 15, 15, 3, 7, 4, 7, 2, 4, 4, 2, 1, 1, 2, 4, 2, 0, 0, 1, 8, 4, 3, 4, 17, 13, 11, 10, 7, 0, 3, 1, 3, 3, 3, 4, 3, 4, 0, 2, 14, 10, 7, 4, 0, 0, 0, 0, 0, 0, 0, 0, 1, 0, 0, 0, 2, 0, 0, 0, 0, 0, 0, 0, 0, 0, 0, 0, 0, 0, 0, 0, 1, 0, 0, 0, 0, 0, 0, 0, 
34, 1, 2, 4, 1, 0, 0, 0, 1, 1, 1, 0, 0, 0, 1, 0, 1, 0, 3, 0, 0, 0, 1, 0, 0, 45, 8, 4, 5, 12, 10, 1, 2, 17, 16, 9, 11, 5, 4, 4, 3, 3, 1, 4, 3, 6, 2, 4, 5, 2, 1, 2, 3, 5, 7, 11, 8, 15, 8, 5, 4, 2, 4, 5, 3, 5, 5, 11, 2, 3, 4, 3, 4, 25, 9, 4, 6, 0, 0, 0, 0, 0, 0, 0, 0, 1, 0, 0, 0, 0, 0, 0, 0, 0, 0, 0, 0, 0, 0, 0, 0, 1, 0, 0, 0, 1, 0, 0, 0, 1, 0, 0, 0, 
35, 0, 2, 3, 2, 1, 1, 2, 0, 1, 0, 0, 0, 1, 0, 0, 1, 0, 0, 0, 0, 3, 1, 2, 2, 40, 3, 2, 6, 13, 4, 3, 5, 18, 12, 7, 10, 2, 4, 2, 4, 0, 2, 0, 0, 14, 2, 3, 2, 1, 0, 4, 4, 10, 9, 16, 8, 7, 12, 10, 3, 5, 3, 5, 1, 1, 4, 5, 11, 4, 0, 2, 2, 25, 4, 6, 8, 1, 0, 0, 0, 0, 0, 0, 0, 0, 0, 0, 0, 1, 0, 0, 0, 0, 0, 0, 0, 0, 0, 0, 0, 0, 0, 0, 0, 0, 0, 0, 0, 0, 0, 0, 0, 
36, 2, 0, 0, 0, 0, 0, 1, 0, 0, 0, 0, 1, 2, 0, 0, 0, 0, 0, 0, 0, 0, 0, 0, 0, 31, 6, 8, 6, 12, 4, 3, 3, 17, 8, 15, 16, 2, 2, 0, 2, 2, 0, 0, 1, 14, 1, 4, 2, 5, 2, 7, 2, 13, 9, 12, 11, 9, 7, 11, 7, 0, 2, 2, 1, 7, 13, 7, 4, 2, 3, 5, 3, 18, 12, 8, 9, 1, 0, 0, 0, 1, 0, 0, 0, 0, 0, 0, 0, 0, 0, 0, 0, 1, 0, 0, 0, 0, 0, 0, 0, 0, 0, 0, 0, 1, 0, 0, 0, 0, 0, 0, 0, 
37, 0, 0, 0, 0, 1, 3, 0, 2, 1, 0, 1, 0, 1, 0, 0, 1, 1, 0, 0, 0, 4, 2, 0, 1, 30, 7, 5, 4, 2, 8, 4, 5, 10, 13, 14, 21, 7, 4, 2, 1, 0, 3, 1, 2, 20, 5, 1, 1, 5, 2, 7, 3, 24, 16, 6, 10, 7, 5, 2, 4, 0, 0, 0, 0, 3, 5, 6, 6, 1, 0, 2, 0, 31, 7, 5, 8, 0, 0, 0, 0, 1, 0, 0, 0, 1, 0, 0, 0, 1, 0, 0, 0, 1, 0, 0, 0, 0, 0, 0, 0, 1, 0, 0, 0, 3, 0, 0, 0, 0, 0, 0, 0, 
38, 0, 0, 2, 4, 0, 0, 1, 0, 1, 3, 2, 0, 3, 0, 0, 0, 0, 0, 0, 1, 2, 0, 1, 1, 26, 4, 7, 3, 5, 5, 7, 5, 12, 15, 22, 13, 0, 1, 1, 0, 5, 3, 1, 2, 18, 2, 2, 2, 1, 0, 0, 0, 38, 7, 8, 10, 8, 6, 6, 2, 4, 2, 1, 1, 0, 3, 0, 2, 0, 0, 0, 0, 23, 5, 11, 8, 1, 0, 0, 0, 3, 0, 0, 0, 0, 0, 0, 0, 0, 0, 0, 0, 1, 0, 0, 0, 0, 0, 0, 0, 0, 0, 0, 0, 1, 0, 0, 0, 0, 0, 0, 0, 
39, 0, 0, 0, 0, 1, 0, 1, 1, 1, 0, 0, 2, 0, 1, 1, 1, 1, 0, 0, 0, 1, 1, 0, 1, 40, 7, 6, 3, 9, 4, 13, 6, 20, 18, 11, 18, 5, 3, 3, 5, 1, 1, 0, 2, 17, 1, 1, 2, 3, 2, 2, 1, 36, 4, 11, 7, 6, 2, 3, 4, 0, 1, 1, 0, 1, 0, 0, 1, 0, 1, 0, 3, 31, 9, 11, 4, 0, 0, 0, 0, 0, 0, 0, 0, 2, 0, 0, 0, 2, 0, 0, 0, 2, 0, 0, 0, 0, 0, 0, 0, 4, 0, 0, 0, 0, 0, 0, 0, 0, 0, 0, 0, 
40, 0, 2, 0, 0, 0, 0, 0, 0, 0, 0, 0, 0, 1, 3, 3, 0, 2, 2, 0, 2, 6, 4, 1, 0, 31, 10, 6, 4, 12, 1, 8, 6, 14, 14, 20, 17, 6, 0, 1, 3, 4, 2, 4, 1, 29, 3, 0, 2, 8, 0, 2, 3, 20, 12, 15, 3, 1, 2, 2, 0, 1, 0, 1, 0, 3, 2, 0, 3, 7, 3, 0, 0, 33, 8, 7, 7, 3, 0, 0, 0, 0, 0, 0, 0, 0, 0, 0, 0, 1, 0, 0, 0, 0, 0, 0, 0, 0, 0, 0, 0, 1, 0, 0, 0, 0, 0, 0, 0, 1, 0, 0, 0, 
41, 0, 0, 0, 0, 1, 0, 1, 1, 3, 2, 0, 1, 0, 0, 0, 1, 0, 2, 1, 0, 1, 1, 0, 0, 31, 3, 7, 6, 14, 8, 6, 6, 12, 17, 17, 16, 3, 1, 1, 0, 5, 1, 2, 1, 38, 4, 2, 0, 0, 3, 1, 2, 18, 9, 7, 13, 4, 0, 2, 0, 0, 2, 0, 1, 1, 0, 2, 1, 11, 1, 1, 1, 25, 10, 9, 4, 0, 0, 0, 0, 0, 0, 0, 0, 0, 0, 0, 0, 2, 0, 0, 0, 2, 0, 0, 0, 0, 0, 0, 0, 4, 0, 0, 0, 1, 0, 0, 0, 1, 0, 0, 0, 
42, 0, 3, 1, 0, 0, 2, 0, 2, 2, 0, 1, 0, 0, 1, 0, 0, 2, 0, 2, 1, 0, 0, 0, 0, 36, 10, 10, 2, 21, 6, 3, 7, 17, 12, 15, 7, 5, 1, 0, 2, 1, 0, 0, 0, 33, 4, 1, 1, 2, 1, 0, 1, 14, 13, 11, 10, 0, 1, 0, 1, 0, 1, 1, 0, 3, 1, 3, 2, 17, 2, 4, 1, 31, 7, 7, 12, 1, 0, 0, 0, 0, 0, 0, 0, 0, 0, 0, 0, 1, 0, 0, 0, 1, 0, 0, 0, 0, 0, 0, 0, 2, 0, 0, 0, 3, 0, 0, 0, 0, 0, 0, 0, 
43, 0, 0, 1, 0, 0, 0, 0, 0, 0, 0, 0, 1, 2, 0, 0, 0, 1, 1, 2, 1, 1, 2, 1, 2, 33, 6, 6, 2, 24, 4, 5, 5, 13, 15, 17, 13, 0, 2, 1, 1, 2, 3, 2, 0, 29, 4, 3, 2, 2, 2, 1, 1, 25, 17, 5, 6, 2, 3, 1, 1, 7, 1, 1, 1, 1, 1, 1, 0, 15, 3, 1, 0, 43, 10, 6, 5, 0, 0, 0, 0, 2, 0, 0, 0, 0, 0, 0, 0, 0, 0, 0, 0, 1, 0, 0, 0, 0, 0, 0, 0, 1, 0, 0, 0, 0, 0, 0, 0, 0, 0, 0, 0, 
44, 1, 1, 1, 0, 0, 0, 0, 0, 0, 1, 0, 0, 1, 2, 0, 0, 1, 0, 0, 0, 0, 0, 1, 0, 15, 2, 6, 4, 19, 7, 7, 4, 22, 17, 10, 11, 1, 1, 1, 0, 2, 2, 0, 1, 24, 3, 7, 7, 4, 2, 1, 4, 18, 11, 11, 7, 6, 7, 1, 3, 18, 0, 1, 0, 14, 5, 2, 0, 23, 1, 0, 1, 37, 9, 6, 4, 0, 0, 0, 0, 2, 0, 0, 0, 0, 0, 0, 0, 0, 0, 0, 0, 0, 0, 0, 0, 1, 0, 0, 0, 0, 0, 0, 0, 2, 0, 0, 0, 2, 0, 0, 0, 
45, 1, 1, 1, 0, 2, 1, 1, 1, 4, 3, 0, 0, 0, 0, 1, 1, 0, 1, 0, 1, 0, 0, 0, 0, 15, 7, 8, 4, 2, 8, 5, 2, 14, 24, 12, 10, 2, 2, 1, 1, 0, 1, 1, 0, 40, 3, 3, 2, 7, 0, 1, 0, 21, 12, 9, 10, 6, 7, 4, 5, 22, 1, 3, 0, 15, 0, 1, 0, 12, 1, 0, 1, 46, 10, 10, 10, 0, 0, 0, 0, 0, 0, 0, 0, 3, 0, 0, 0, 0, 0, 0, 0, 0, 0, 0, 0, 0, 0, 0, 0, 0, 0, 0, 0, 1, 0, 0, 0, 1, 0, 0, 0, 
46, 1, 2, 0, 0, 0, 0, 1, 0, 5, 0, 0, 1, 0, 0, 0, 1, 3, 0, 0, 0, 1, 1, 1, 1, 4, 4, 10, 4, 6, 7, 7, 7, 28, 16, 11, 10, 12, 0, 0, 1, 1, 0, 0, 0, 41, 1, 3, 1, 2, 1, 0, 0, 14, 7, 13, 8, 4, 2, 3, 2, 29, 1, 2, 0, 0, 2, 1, 0, 15, 4, 2, 0, 55, 9, 11, 6, 2, 0, 0, 0, 1, 0, 0, 0, 0, 0, 0, 0, 0, 0, 0, 0, 0, 0, 0, 0, 1, 0, 0, 0, 0, 0, 0, 0, 0, 0, 0, 0, 0, 0, 0, 0, 
47, 1, 4, 3, 0, 2, 0, 1, 1, 0, 1, 0, 1, 1, 1, 0, 1, 2, 0, 1, 0, 0, 2, 1, 1, 1, 2, 1, 5, 20, 7, 4, 1, 33, 11, 21, 7, 0, 1, 1, 1, 5, 0, 2, 0, 33, 4, 1, 1, 0, 0, 0, 0, 17, 13, 9, 10, 9, 2, 5, 0, 41, 1, 1, 0, 3, 4, 0, 1, 26, 2, 0, 2, 56, 5, 6, 10, 0, 0, 0, 0, 1, 0, 0, 0, 1, 0, 0, 0, 0, 0, 0, 0, 0, 0, 0, 0, 1, 0, 0, 0, 0, 0, 0, 0, 1, 0, 0, 0, 2, 0, 0, 0, 
48, 1, 2, 2, 3, 1, 0, 0, 1, 1, 2, 0, 0, 0, 2, 0, 0, 2, 2, 2, 1, 0, 1, 0, 0, 1, 3, 3, 2, 21, 4, 5, 4, 33, 16, 16, 10, 4, 1, 1, 2, 14, 1, 1, 1, 30, 1, 5, 2, 0, 0, 1, 0, 8, 8, 9, 13, 5, 2, 6, 3, 49, 0, 1, 0, 0, 0, 0, 1, 31, 7, 3, 0, 63, 2, 5, 17, 3, 0, 0, 0, 2, 0, 0, 0, 1, 0, 0, 0, 2, 0, 0, 0, 1, 0, 0, 0, 0, 0, 0, 0, 3, 0, 0, 0, 0, 0, 0, 0, 0, 0, 0, 0, 
49, 1, 1, 0, 0, 0, 0, 0, 1, 0, 0, 0, 0, 2, 0, 0, 0, 2, 0, 1, 1, 0, 0, 0, 0, 2, 2, 1, 2, 24, 8, 5, 2, 31, 10, 17, 7, 1, 1, 0, 3, 16, 1, 1, 0, 37, 1, 3, 0, 2, 3, 6, 3, 14, 4, 9, 5, 7, 3, 4, 2, 39, 1, 0, 1, 3, 3, 3, 4, 19, 2, 0, 3, 60, 6, 2, 3, 0, 0, 0, 0, 1, 0, 0, 0, 2, 0, 0, 0, 0, 0, 0, 0, 0, 0, 0, 0, 1, 0, 0, 0, 1, 0, 0, 0, 1, 0, 0, 0, 0, 0, 0, 0, 
50, 1, 0, 1, 1, 0, 0, 0, 0, 1, 0, 0, 0, 3, 2, 1, 0, 1, 0, 1, 0, 1, 1, 0, 0, 0, 0, 1, 2, 18, 14, 4, 5, 28, 18, 9, 5, 2, 3, 2, 2, 10, 0, 0, 0, 41, 5, 6, 0, 2, 3, 3, 4, 6, 7, 6, 3, 6, 4, 2, 1, 41, 1, 0, 0, 4, 4, 1, 3, 18, 1, 2, 1, 42, 8, 4, 5, 0, 0, 0, 0, 0, 0, 0, 0, 1, 0, 0, 0, 1, 0, 0, 0, 0, 0, 0, 0, 1, 0, 0, 0, 0, 0, 0, 0, 1, 0, 0, 0, 3, 0, 0, 0, 
51, 0, 0, 0, 0, 2, 0, 1, 0, 4, 1, 4, 3, 0, 0, 0, 0, 0, 0, 1, 0, 2, 2, 3, 2, 4, 1, 4, 3, 16, 10, 7, 9, 31, 10, 19, 17, 1, 2, 4, 0, 0, 1, 0, 1, 27, 5, 3, 0, 11, 2, 1, 2, 9, 11, 5, 5, 1, 2, 1, 0, 49, 1, 0, 0, 0, 1, 0, 0, 24, 1, 1, 1, 41, 5, 5, 4, 3, 0, 0, 0, 0, 0, 0, 0, 1, 0, 0, 0, 1, 0, 0, 0, 0, 0, 0, 0, 1, 0, 0, 0, 1, 0, 0, 0, 4, 0, 0, 0, 1, 0, 0, 0, 
52, 0, 1, 1, 1, 0, 1, 0, 1, 2, 0, 3, 1, 0, 1, 0, 0, 0, 0, 0, 0, 4, 1, 1, 2, 3, 1, 1, 0, 24, 5, 4, 7, 45, 7, 9, 18, 3, 5, 3, 2, 0, 1, 0, 1, 33, 3, 4, 1, 2, 1, 0, 1, 9, 9, 9, 5, 2, 3, 1, 1, 54, 5, 1, 0, 1, 0, 0, 0, 11, 1, 0, 0, 53, 4, 3, 1, 2, 0, 0, 0, 2, 0, 0, 0, 0, 0, 0, 0, 0, 0, 0, 0, 0, 0, 0, 0, 0, 0, 0, 0, 1, 0, 0, 0, 0, 0, 0, 0, 1, 0, 0, 0, 
53, 1, 1, 4, 2, 0, 0, 0, 1, 1, 3, 0, 1, 1, 2, 0, 0, 0, 1, 0, 0, 0, 0, 1, 0, 8, 3, 4, 0, 15, 0, 5, 5, 40, 13, 17, 8, 1, 4, 1, 1, 4, 0, 0, 1, 27, 3, 2, 0, 8, 5, 6, 5, 11, 5, 10, 4, 1, 1, 2, 0, 69, 1, 1, 1, 3, 1, 4, 2, 10, 1, 1, 2, 39, 8, 6, 7, 1, 0, 0, 0, 1, 0, 0, 0, 0, 0, 0, 0, 0, 0, 0, 0, 0, 0, 0, 0, 1, 0, 0, 0, 1, 0, 0, 0, 0, 0, 0, 0, 1, 0, 0, 0, 
54, 2, 2, 3, 2, 1, 2, 1, 0, 0, 0, 0, 0, 0, 2, 0, 0, 1, 1, 0, 1, 0, 0, 0, 1, 14, 2, 6, 1, 18, 7, 10, 2, 42, 15, 10, 10, 1, 2, 1, 0, 6, 2, 2, 0, 29, 6, 1, 3, 15, 5, 6, 2, 8, 5, 8, 5, 0, 1, 1, 0, 71, 7, 2, 0, 1, 2, 5, 2, 5, 4, 0, 1, 47, 11, 6, 8, 0, 0, 0, 0, 0, 0, 0, 0, 2, 0, 0, 0, 2, 0, 0, 0, 0, 0, 0, 0, 1, 0, 0, 0, 1, 0, 0, 0, 0, 0, 0, 0, 0, 0, 0, 0, 
55, 0, 0, 2, 0, 1, 1, 1, 0, 1, 0, 0, 0, 2, 1, 0, 2, 0, 1, 0, 0, 0, 1, 0, 0, 13, 3, 4, 1, 30, 4, 3, 2, 35, 13, 9, 9, 1, 2, 5, 3, 8, 1, 0, 0, 36, 1, 1, 1, 6, 3, 7, 4, 19, 5, 3, 5, 2, 0, 0, 2, 70, 1, 0, 0, 1, 1, 1, 0, 0, 2, 0, 3, 64, 6, 6, 8, 1, 0, 0, 0, 1, 0, 0, 0, 0, 0, 0, 0, 0, 0, 0, 0, 1, 0, 0, 0, 3, 0, 0, 0, 0, 0, 0, 0, 0, 0, 0, 0, 1, 0, 0, 0, 
56, 0, 0, 0, 0, 0, 0, 3, 0, 3, 2, 3, 3, 0, 1, 0, 0, 0, 3, 1, 0, 0, 0, 1, 1, 9, 0, 2, 0, 25, 8, 5, 6, 27, 9, 15, 7, 3, 0, 3, 0, 5, 5, 1, 1, 26, 0, 2, 1, 4, 3, 2, 6, 9, 6, 6, 5, 1, 0, 1, 3, 74, 7, 0, 0, 0, 1, 1, 0, 2, 4, 1, 0, 59, 7, 4, 4, 1, 0, 0, 0, 1, 0, 0, 0, 1, 0, 0, 0, 1, 0, 0, 0, 2, 0, 0, 0, 1, 0, 0, 0, 0, 0, 0, 0, 0, 0, 0, 0, 0, 0, 0, 0, 
57, 0, 0, 0, 0, 3, 0, 2, 0, 0, 2, 1, 1, 0, 1, 0, 1, 0, 0, 0, 0, 0, 0, 0, 0, 10, 0, 2, 1, 30, 11, 6, 7, 26, 17, 7, 4, 3, 0, 1, 0, 7, 0, 1, 0, 21, 9, 6, 7, 0, 0, 0, 0, 6, 5, 6, 4, 0, 0, 1, 2, 79, 2, 0, 2, 0, 2, 0, 1, 3, 1, 0, 3, 58, 9, 9, 4, 0, 0, 0, 0, 1, 0, 0, 0, 1, 0, 0, 0, 2, 0, 0, 0, 0, 0, 0, 0, 0, 0, 0, 0, 0, 0, 0, 0, 1, 0, 0, 0, 1, 0, 0, 0, 
58, 2, 2, 1, 1, 1, 0, 1, 1, 1, 0, 2, 2, 0, 0, 0, 0, 1, 1, 0, 0, 0, 1, 1, 1, 10, 0, 2, 1, 28, 11, 11, 4, 22, 16, 15, 11, 1, 0, 3, 1, 10, 1, 0, 0, 40, 7, 3, 1, 2, 2, 2, 2, 6, 2, 7, 3, 1, 4, 0, 0, 78, 1, 0, 1, 1, 1, 0, 0, 2, 2, 3, 1, 51, 6, 6, 5, 4, 0, 0, 0, 0, 0, 0, 0, 0, 0, 0, 0, 2, 0, 0, 0, 6, 0, 0, 0, 0, 0, 0, 0, 1, 0, 0, 0, 0, 0, 0, 0, 0, 0, 0, 0, 
59, 1, 0, 0, 0, 1, 0, 1, 0, 0, 0, 0, 2, 2, 1, 3, 3, 0, 2, 1, 3, 0, 0, 0, 0, 11, 0, 1, 1, 41, 5, 7, 5, 26, 12, 11, 13, 0, 2, 0, 2, 8, 1, 2, 2, 37, 2, 0, 3, 16, 7, 1, 4, 2, 1, 2, 3, 3, 2, 0, 1, 83, 1, 2, 0, 0, 0, 0, 1, 3, 0, 1, 2, 48, 7, 5, 10, 0, 0, 0, 0, 1, 0, 0, 0, 3, 0, 0, 0, 1, 0, 0, 0, 1, 0, 0, 0, 0, 0, 0, 0, 0, 0, 0, 0, 0, 0, 0, 0, 0, 0, 0, 0, 
60, 0, 0, 1, 1, 0, 0, 0, 0, 3, 2, 3, 0, 0, 0, 0, 0, 0, 0, 0, 0, 4, 3, 1, 2, 2, 2, 0, 1, 46, 7, 6, 3, 12, 15, 7, 7, 1, 1, 2, 0, 11, 6, 0, 0, 25, 2, 1, 1, 10, 3, 3, 4, 0, 0, 1, 0, 4, 4, 1, 5, 100, 1, 1, 1, 1, 2, 3, 2, 5, 1, 0, 2, 54, 10, 6, 2, 0, 0, 0, 0, 1, 0, 0, 0, 3, 0, 0, 0, 0, 0, 0, 0, 1, 0, 0, 0, 0, 0, 0, 0, 0, 0, 0, 0, 2, 0, 0, 0, 0, 0, 0, 0, 
61, 1, 0, 0, 0, 0, 1, 3, 0, 2, 1, 0, 0, 0, 0, 0, 0, 0, 1, 1, 2, 1, 3, 0, 0, 0, 0, 0, 0, 33, 10, 7, 1, 4, 12, 5, 7, 8, 2, 1, 3, 9, 0, 0, 0, 20, 5, 2, 1, 13, 2, 2, 1, 0, 2, 0, 2, 8, 3, 3, 5, 100, 2, 0, 0, 2, 2, 0, 1, 14, 1, 1, 2, 57, 5, 3, 1, 2, 0, 0, 0, 0, 0, 0, 0, 1, 0, 0, 0, 0, 0, 0, 0, 1, 0, 0, 0, 0, 0, 0, 0, 0, 0, 0, 0, 1, 0, 0, 0, 1, 0, 0, 0, 
62, 4, 2, 3, 0, 0, 1, 1, 2, 1, 3, 2, 1, 0, 0, 0, 0, 0, 2, 0, 0, 0, 0, 1, 0, 1, 2, 3, 1, 31, 2, 6, 3, 6, 5, 2, 7, 7, 3, 4, 5, 15, 2, 0, 2, 16, 4, 3, 1, 7, 1, 1, 4, 0, 1, 2, 0, 12, 3, 2, 2, 100, 1, 0, 0, 1, 0, 0, 0, 15, 2, 1, 1, 56, 7, 6, 4, 1, 0, 0, 0, 0, 0, 0, 0, 0, 0, 0, 0, 0, 0, 0, 0, 0, 0, 0, 0, 0, 0, 0, 0, 0, 0, 0, 0, 1, 0, 0, 0, 1, 0, 0, 0, 
63, 1, 0, 3, 0, 0, 0, 4, 0, 1, 3, 1, 0, 0, 2, 0, 2, 0, 1, 1, 0, 0, 1, 0, 1, 2, 0, 0, 0, 35, 7, 4, 5, 1, 1, 1, 0, 6, 10, 4, 3, 14, 1, 1, 0, 18, 2, 4, 4, 3, 2, 2, 3, 1, 3, 2, 3, 12, 6, 6, 7, 100, 0, 2, 0, 0, 3, 1, 0, 26, 12, 3, 3, 36, 4, 8, 8, 0, 0, 0, 0, 0, 0, 0, 0, 1, 0, 0, 0, 0, 0, 0, 0, 0, 0, 0, 0, 0, 0, 0, 0, 0, 0, 0, 0, 2, 0, 0, 0, 0, 0, 0, 0, 
64, 4, 2, 1, 1, 0, 0, 0, 0, 1, 0, 0, 0, 3, 0, 0, 0, 0, 1, 0, 0, 0, 1, 0, 1, 3, 3, 1, 2, 38, 6, 14, 4, 4, 2, 3, 1, 6, 4, 7, 3, 6, 0, 0, 1, 24, 4, 4, 4, 2, 1, 5, 7, 1, 0, 0, 0, 13, 1, 1, 4, 100, 0, 1, 2, 1, 3, 2, 2, 39, 1, 3, 0, 24, 12, 8, 6, 2, 0, 0, 0, 0, 0, 0, 0, 2, 0, 0, 0, 1, 0, 0, 0, 0, 0, 0, 0, 0, 0, 0, 0, 0, 0, 0, 0, 2, 0, 0, 0, 0, 0, 0, 0, 
65, 2, 0, 1, 0, 1, 0, 4, 0, 0, 0, 0, 1, 0, 0, 0, 0, 0, 0, 0, 0, 0, 0, 0, 0, 2, 2, 2, 1, 57, 1, 8, 4, 4, 1, 2, 1, 2, 5, 6, 2, 0, 0, 0, 0, 15, 3, 1, 2, 4, 9, 9, 0, 2, 0, 4, 0, 15, 2, 1, 3, 100, 1, 1, 1, 9, 12, 4, 9, 40, 2, 2, 2, 18, 14, 7, 6, 0, 0, 0, 0, 0, 0, 0, 0, 2, 0, 0, 0, 0, 0, 0, 0, 2, 0, 0, 0, 2, 0, 0, 0, 0, 0, 0, 0, 0, 0, 0, 0, 1, 0, 0, 0, 
66, 2, 0, 0, 0, 1, 3, 3, 2, 1, 0, 0, 0, 0, 5, 2, 1, 1, 0, 0, 1, 1, 1, 2, 1, 2, 2, 1, 1, 59, 2, 7, 2, 2, 0, 0, 1, 1, 1, 4, 3, 14, 3, 1, 1, 14, 1, 6, 1, 11, 5, 3, 7, 1, 3, 1, 3, 6, 3, 0, 5, 100, 2, 0, 0, 13, 6, 3, 8, 37, 4, 1, 1, 28, 9, 6, 4, 1, 0, 0, 0, 2, 0, 0, 0, 0, 0, 0, 0, 1, 0, 0, 0, 1, 0, 0, 0, 0, 0, 0, 0, 1, 0, 0, 0, 2, 0, 0, 0, 0, 0, 0, 0, 
67, 3, 1, 2, 1, 0, 1, 0, 1, 0, 0, 0, 2, 1, 1, 0, 0, 0, 0, 0, 1, 0, 0, 1, 4, 1, 1, 0, 0, 50, 9, 5, 5, 2, 4, 2, 2, 3, 3, 0, 1, 14, 1, 2, 1, 10, 0, 1, 4, 11, 5, 12, 9, 4, 1, 3, 1, 1, 3, 1, 0, 100, 0, 1, 1, 13, 9, 9, 8, 32, 2, 1, 1, 26, 8, 12, 13, 1, 0, 0, 0, 0, 0, 0, 0, 0, 0, 0, 0, 1, 0, 0, 0, 0, 0, 0, 0, 0, 0, 0, 0, 0, 0, 0, 0, 0, 0, 0, 0, 1, 0, 0, 0, 
68, 0, 0, 1, 0, 2, 4, 1, 1, 2, 0, 3, 3, 0, 1, 0, 0, 0, 0, 1, 1, 0, 1, 0, 0, 8, 4, 0, 3, 53, 6, 7, 5, 2, 0, 3, 3, 4, 2, 2, 5, 9, 0, 1, 2, 18, 2, 1, 2, 23, 2, 5, 5, 5, 0, 2, 1, 2, 0, 0, 0, 100, 0, 0, 0, 8, 4, 6, 6, 28, 1, 3, 2, 32, 4, 9, 5, 0, 0, 0, 0, 1, 0, 0, 0, 0, 0, 0, 0, 2, 0, 0, 0, 0, 0, 0, 0, 1, 0, 0, 0, 0, 0, 0, 0, 3, 0, 0, 0, 0, 0, 0, 0, 
69, 1, 2, 0, 1, 4, 2, 0, 3, 2, 0, 2, 1, 5, 1, 0, 1, 0, 1, 0, 0, 0, 1, 0, 0, 9, 0, 2, 3, 59, 9, 3, 3, 3, 3, 1, 2, 5, 4, 5, 3, 12, 0, 2, 0, 0, 1, 1, 1, 20, 8, 6, 11, 4, 4, 3, 5, 1, 0, 1, 1, 100, 1, 0, 2, 8, 2, 3, 6, 22, 2, 1, 3, 42, 7, 9, 3, 0, 0, 0, 0, 0, 0, 0, 0, 0, 0, 0, 0, 0, 0, 0, 0, 0, 0, 0, 0, 1, 0, 0, 0, 3, 0, 0, 0, 2, 0, 0, 0, 0, 0, 0, 0, 
70, 1, 0, 4, 2, 0, 2, 0, 0, 0, 1, 0, 0, 0, 1, 0, 1, 1, 1, 1, 1, 3, 1, 1, 1, 3, 1, 0, 1, 60, 7, 7, 2, 2, 2, 5, 0, 5, 0, 2, 1, 8, 0, 0, 0, 0, 1, 0, 1, 35, 10, 4, 8, 3, 8, 3, 3, 3, 0, 2, 0, 100, 0, 0, 1, 6, 7, 6, 7, 28, 3, 2, 2, 41, 7, 6, 5, 0, 0, 0, 0, 1, 0, 0, 0, 0, 0, 0, 0, 0, 0, 0, 0, 1, 0, 0, 0, 0, 0, 0, 0, 1, 0, 0, 0, 1, 0, 0, 0, 0, 0, 0, 0, 
71, 0, 0, 0, 0, 1, 2, 3, 2, 0, 1, 0, 0, 0, 0, 0, 0, 1, 1, 2, 0, 0, 0, 0, 1, 5, 1, 3, 2, 59, 8, 2, 4, 0, 1, 3, 2, 1, 0, 1, 2, 6, 0, 0, 1, 0, 3, 2, 1, 39, 8, 6, 6, 2, 4, 4, 5, 4, 1, 1, 1, 100, 4, 2, 1, 7, 13, 3, 6, 44, 5, 1, 1, 40, 10, 5, 6, 2, 0, 0, 0, 1, 0, 0, 0, 1, 0, 0, 0, 0, 0, 0, 0, 1, 0, 0, 0, 0, 0, 0, 0, 0, 0, 0, 0, 1, 0, 0, 0, 0, 0, 0, 0, 
72, 1, 0, 1, 1, 0, 0, 0, 0, 0, 0, 0, 0, 0, 0, 0, 1, 3, 0, 1, 1, 0, 1, 0, 1, 3, 2, 3, 1, 47, 0, 6, 1, 3, 4, 3, 2, 2, 8, 4, 4, 2, 2, 1, 1, 1, 1, 1, 1, 52, 6, 5, 6, 1, 1, 2, 4, 2, 1, 0, 1, 100, 1, 0, 0, 6, 7, 8, 6, 53, 2, 4, 0, 45, 6, 6, 8, 0, 0, 0, 0, 0, 0, 0, 0, 2, 0, 0, 0, 0, 0, 0, 0, 1, 0, 0, 0, 0, 0, 0, 0, 0, 0, 0, 0, 1, 0, 0, 0, 0, 0, 0, 0, 
73, 0, 0, 0, 1, 2, 3, 1, 5, 0, 1, 0, 0, 0, 0, 0, 0, 0, 1, 0, 0, 1, 1, 0, 0, 1, 1, 1, 0, 16, 5, 2, 7, 10, 7, 2, 4, 9, 1, 2, 0, 0, 0, 0, 1, 1, 2, 5, 5, 55, 4, 8, 1, 1, 1, 1, 2, 0, 0, 0, 1, 100, 3, 1, 0, 19, 4, 11, 6, 53, 2, 2, 1, 41, 9, 8, 7, 0, 0, 0, 0, 3, 0, 0, 0, 3, 0, 0, 0, 0, 0, 0, 0, 0, 0, 0, 0, 2, 0, 0, 0, 1, 0, 0, 0, 1, 0, 0, 0, 0, 0, 0, 0, 
74, 0, 0, 1, 0, 1, 1, 1, 0, 1, 0, 1, 0, 2, 0, 0, 0, 0, 0, 1, 0, 0, 0, 0, 0, 3, 4, 5, 3, 24, 9, 6, 9, 5, 8, 4, 8, 1, 1, 2, 2, 2, 0, 0, 1, 1, 1, 1, 4, 49, 5, 9, 4, 2, 0, 0, 1, 0, 3, 2, 2, 100, 0, 0, 0, 15, 10, 11, 7, 60, 2, 0, 1, 42, 6, 3, 9, 1, 0, 0, 0, 1, 0, 0, 0, 0, 0, 0, 0, 0, 0, 0, 0, 0, 0, 0, 0, 0, 0, 0, 0, 0, 0, 0, 0, 0, 0, 0, 0, 1, 0, 0, 0, 
75, 1, 3, 0, 0, 0, 1, 1, 0, 1, 2, 2, 0, 0, 0, 0, 0, 0, 0, 0, 0, 0, 0, 0, 0, 5, 2, 4, 6, 28, 3, 6, 4, 9, 7, 8, 7, 3, 0, 1, 0, 7, 3, 4, 5, 2, 2, 0, 1, 44, 3, 6, 6, 1, 1, 2, 0, 2, 0, 2, 2, 100, 5, 0, 0, 4, 8, 7, 8, 55, 2, 4, 0, 30, 2, 8, 6, 1, 0, 0, 0, 2, 0, 0, 0, 2, 0, 0, 0, 1, 0, 0, 0, 1, 0, 0, 0, 0, 0, 0, 0, 1, 0, 0, 0, 0, 0, 0, 0, 0, 0, 0, 0, 
76, 0, 2, 0, 1, 0, 0, 2, 0, 0, 0, 1, 0, 0, 0, 0, 0, 0, 0, 0, 0, 1, 1, 2, 0, 4, 6, 5, 2, 18, 4, 4, 7, 30, 11, 4, 10, 1, 2, 0, 2, 4, 4, 3, 5, 3, 3, 1, 0, 23, 6, 3, 4, 2, 2, 1, 1, 0, 2, 3, 1, 100, 2, 0, 0, 3, 2, 4, 4, 57, 6, 2, 0, 20, 10, 6, 4, 0, 0, 0, 0, 3, 0, 0, 0, 1, 0, 0, 0, 1, 0, 0, 0, 0, 0, 0, 0, 0, 0, 0, 0, 1, 0, 0, 0, 1, 0, 0, 0, 0, 0, 0, 0, 
77, 5, 6, 0, 1, 7, 4, 4, 2, 0, 1, 0, 2, 0, 0, 1, 0, 2, 0, 0, 1, 1, 1, 1, 0, 17, 2, 6, 2, 10, 4, 4, 1, 40, 8, 8, 9, 0, 1, 2, 0, 13, 7, 2, 2, 3, 3, 0, 2, 13, 5, 2, 2, 5, 0, 2, 1, 1, 1, 0, 3, 100, 0, 1, 1, 1, 3, 0, 0, 56, 1, 5, 1, 22, 9, 8, 11, 0, 0, 0, 0, 2, 0, 0, 0, 2, 0, 0, 0, 1, 0, 0, 0, 1, 0, 0, 0, 0, 0, 0, 0, 1, 0, 0, 0, 0, 0, 0, 0, 0, 0, 0, 0, 
78, 3, 0, 2, 1, 0, 0, 0, 0, 0, 1, 1, 0, 0, 1, 0, 0, 1, 0, 1, 0, 0, 0, 0, 0, 19, 2, 4, 2, 3, 4, 12, 5, 61, 14, 6, 5, 3, 1, 4, 3, 16, 2, 2, 2, 2, 0, 1, 0, 3, 2, 5, 1, 8, 5, 0, 0, 1, 1, 6, 2, 100, 0, 0, 0, 4, 0, 1, 2, 69, 4, 4, 2, 30, 5, 6, 8, 3, 0, 0, 0, 0, 0, 0, 0, 0, 0, 0, 0, 0, 0, 0, 0, 1, 0, 0, 0, 0, 0, 0, 0, 0, 0, 0, 0, 0, 0, 0, 0, 2, 0, 0, 0, 
79, 2, 1, 0, 1, 0, 1, 0, 0, 5, 1, 1, 2, 0, 0, 0, 0, 1, 0, 0, 0, 0, 1, 0, 0, 21, 4, 6, 0, 10, 6, 6, 5, 73, 6, 5, 5, 1, 1, 0, 1, 8, 2, 2, 1, 16, 2, 2, 1, 2, 9, 9, 4, 11, 2, 2, 1, 2, 4, 3, 8, 100, 1, 0, 0, 2, 0, 0, 1, 66, 4, 0, 0, 31, 6, 5, 3, 1, 0, 0, 0, 0, 0, 0, 0, 1, 0, 0, 0, 1, 0, 0, 0, 2, 0, 0, 0, 1, 0, 0, 0, 1, 0, 0, 0, 0, 0, 0, 0, 0, 0, 0, 0, 
80, 0, 1, 0, 1, 2, 1, 0, 2, 0, 3, 1, 1, 1, 1, 1, 1, 0, 0, 0, 0, 0, 1, 0, 0, 16, 6, 2, 4, 5, 4, 5, 3, 66, 6, 11, 6, 0, 1, 1, 0, 3, 1, 4, 1, 13, 4, 2, 1, 18, 4, 5, 3, 6, 0, 1, 0, 10, 9, 7, 9, 100, 3, 1, 0, 5, 2, 4, 1, 68, 1, 0, 1, 28, 4, 6, 4, 1, 0, 0, 0, 1, 0, 0, 0, 1, 0, 0, 0, 1, 0, 0, 0, 1, 0, 0, 0, 0, 0, 0, 0, 0, 0, 0, 0, 0, 0, 0, 0, 0, 0, 0, 0, 
81, 2, 0, 2, 1, 1, 4, 0, 1, 2, 0, 0, 1, 0, 0, 0, 0, 0, 0, 1, 0, 0, 2, 1, 1, 17, 3, 3, 6, 1, 3, 0, 4, 72, 6, 8, 9, 0, 1, 1, 0, 3, 1, 1, 2, 25, 4, 2, 1, 23, 3, 5, 4, 2, 1, 3, 1, 11, 9, 8, 3, 100, 1, 0, 0, 1, 1, 2, 0, 66, 1, 0, 2, 22, 18, 6, 4, 0, 0, 0, 0, 3, 0, 0, 0, 0, 0, 0, 0, 0, 0, 0, 0, 0, 0, 0, 0, 1, 0, 0, 0, 1, 0, 0, 0, 0, 0, 0, 0, 1, 0, 0, 0, 
82, 0, 1, 0, 2, 0, 0, 1, 3, 1, 0, 1, 1, 1, 0, 0, 1, 0, 0, 0, 0, 1, 0, 0, 0, 21, 4, 2, 1, 3, 2, 0, 1, 73, 4, 5, 7, 11, 2, 1, 0, 0, 0, 0, 0, 11, 6, 1, 4, 13, 3, 5, 4, 3, 10, 2, 2, 13, 9, 7, 4, 100, 0, 0, 1, 1, 1, 1, 0, 75, 2, 2, 1, 30, 10, 7, 7, 2, 0, 0, 0, 0, 0, 0, 0, 1, 0, 0, 0, 0, 0, 0, 0, 1, 0, 0, 0, 1, 0, 0, 0, 2, 0, 0, 0, 2, 0, 0, 0, 2, 0, 0, 0, 
83, 0, 0, 0, 0, 0, 0, 0, 0, 7, 3, 2, 1, 0, 0, 0, 0, 0, 0, 1, 0, 0, 0, 0, 1, 15, 0, 2, 5, 1, 2, 3, 2, 66, 1, 7, 3, 0, 1, 1, 0, 1, 0, 0, 0, 17, 1, 2, 0, 10, 7, 4, 10, 12, 2, 2, 3, 5, 4, 9, 8, 100, 0, 2, 0, 1, 2, 0, 0, 73, 4, 2, 1, 49, 10, 11, 8, 1, 0, 0, 0, 1, 0, 0, 0, 0, 0, 0, 0, 2, 0, 0, 0, 0, 0, 0, 0, 1, 0, 0, 0, 0, 0, 0, 0, 0, 0, 0, 0, 1, 0, 0, 0, 
84, 0, 3, 0, 1, 1, 0, 0, 1, 1, 1, 0, 0, 0, 2, 0, 0, 0, 0, 1, 0, 0, 0, 0, 1, 25, 5, 4, 6, 10, 1, 1, 1, 42, 5, 5, 7, 2, 1, 3, 2, 0, 3, 2, 0, 11, 3, 1, 3, 15, 3, 2, 3, 13, 1, 1, 1, 3, 2, 5, 5, 100, 8, 1, 2, 3, 3, 3, 1, 91, 2, 1, 2, 47, 3, 11, 7, 4, 0, 0, 0, 1, 0, 0, 0, 0, 0, 0, 0, 2, 0, 0, 0, 0, 0, 0, 0, 0, 0, 0, 0, 0, 0, 0, 0, 1, 0, 0, 0, 0, 0, 0, 0, 
85, 1, 1, 0, 0, 1, 0, 0, 1, 0, 0, 1, 0, 0, 2, 0, 2, 0, 1, 0, 0, 0, 0, 2, 0, 28, 4, 1, 3, 15, 1, 3, 1, 39, 5, 7, 2, 0, 0, 0, 1, 24, 4, 0, 0, 5, 3, 1, 1, 30, 2, 7, 4, 0, 2, 5, 2, 1, 2, 1, 3, 100, 0, 1, 1, 3, 2, 0, 0, 81, 3, 2, 0, 50, 15, 7, 7, 1, 0, 0, 0, 0, 0, 0, 0, 0, 0, 0, 0, 1, 0, 0, 0, 0, 0, 0, 0, 2, 0, 0, 0, 0, 0, 0, 0, 0, 0, 0, 0, 1, 0, 0, 0, 
86, 1, 0, 2, 0, 0, 0, 0, 0, 0, 2, 0, 0, 2, 1, 1, 1, 2, 1, 0, 1, 0, 1, 1, 0, 16, 5, 1, 1, 30, 1, 0, 2, 36, 12, 5, 9, 1, 2, 0, 1, 12, 1, 1, 3, 2, 2, 0, 1, 37, 5, 3, 1, 0, 1, 0, 0, 0, 2, 2, 0, 100, 4, 0, 0, 2, 1, 5, 1, 95, 6, 3, 1, 57, 9, 12, 8, 1, 0, 0, 0, 2, 0, 0, 0, 1, 0, 0, 0, 2, 0, 0, 0, 1, 0, 0, 0, 0, 0, 0, 0, 1, 0, 0, 0, 0, 0, 0, 0, 2, 0, 0, 0, 
87, 0, 1, 0, 0, 0, 1, 0, 0, 2, 1, 0, 0, 1, 0, 2, 0, 0, 1, 0, 0, 0, 0, 0, 0, 5, 4, 7, 1, 27, 2, 1, 0, 44, 8, 10, 8, 0, 0, 0, 2, 2, 1, 2, 0, 2, 0, 0, 0, 33, 5, 5, 1, 0, 2, 0, 0, 3, 7, 3, 0, 100, 3, 3, 0, 16, 4, 5, 2, 100, 5, 3, 4, 70, 4, 11, 7, 0, 0, 0, 0, 1, 0, 0, 0, 0, 0, 0, 0, 1, 0, 0, 0, 0, 0, 0, 0, 1, 0, 0, 0, 3, 0, 0, 0, 1, 0, 0, 0, 2, 0, 0, 0, 
88, 0, 1, 0, 3, 0, 1, 0, 0, 1, 1, 3, 2, 0, 0, 1, 1, 1, 1, 0, 0, 1, 1, 0, 0, 4, 7, 1, 3, 25, 1, 0, 1, 33, 7, 6, 9, 1, 1, 1, 1, 16, 0, 0, 1, 3, 2, 1, 7, 36, 5, 5, 4, 5, 2, 1, 1, 10, 7, 1, 3, 100, 3, 1, 0, 31, 2, 1, 1, 96, 0, 0, 1, 79, 7, 8, 12, 1, 0, 0, 0, 0, 0, 0, 0, 1, 0, 0, 0, 1, 0, 0, 0, 0, 0, 0, 0, 3, 0, 0, 0, 0, 0, 0, 0, 1, 0, 0, 0, 1, 0, 0, 0, 
89, 1, 0, 1, 1, 0, 1, 0, 0, 2, 1, 1, 0, 0, 0, 0, 1, 1, 0, 1, 2, 1, 1, 0, 0, 8, 7, 7, 3, 27, 0, 1, 0, 26, 8, 4, 4, 0, 0, 1, 1, 15, 0, 0, 0, 4, 8, 8, 5, 37, 2, 2, 6, 17, 1, 2, 2, 17, 6, 3, 6, 100, 1, 0, 0, 33, 3, 2, 0, 84, 2, 3, 3, 93, 8, 5, 10, 0, 0, 0, 0, 1, 0, 0, 0, 1, 0, 0, 0, 1, 0, 0, 0, 0, 0, 0, 0, 7, 0, 0, 0, 0, 0, 0, 0, 1, 0, 0, 0, 0, 0, 0, 0, 
90, 0, 1, 1, 0, 0, 0, 1, 0, 1, 1, 0, 0, 0, 0, 0, 1, 0, 1, 0, 0, 3, 1, 1, 3, 14, 9, 7, 8, 25, 1, 0, 0, 31, 8, 7, 8, 5, 1, 1, 4, 10, 1, 0, 1, 4, 1, 3, 1, 20, 3, 2, 5, 8, 1, 0, 0, 17, 2, 4, 3, 100, 2, 1, 1, 26, 2, 0, 1, 97, 7, 0, 3, 89, 9, 11, 5, 0, 0, 0, 0, 2, 0, 0, 0, 0, 0, 0, 0, 0, 0, 0, 0, 2, 0, 0, 0, 1, 0, 0, 0, 1, 0, 0, 0, 1, 0, 0, 0, 0, 0, 0, 0, 
91, 2, 2, 0, 1, 1, 1, 1, 2, 0, 1, 0, 0, 5, 0, 1, 1, 0, 2, 0, 0, 1, 1, 0, 0, 10, 8, 8, 8, 32, 1, 0, 1, 28, 4, 7, 6, 5, 3, 0, 6, 0, 1, 1, 1, 3, 4, 2, 0, 18, 6, 6, 3, 3, 0, 3, 5, 17, 6, 3, 4, 100, 2, 0, 0, 22, 1, 2, 1, 95, 2, 6, 1, 93, 12, 5, 4, 2, 0, 0, 0, 0, 0, 0, 0, 0, 0, 0, 0, 4, 0, 0, 0, 0, 0, 0, 0, 0, 0, 0, 0, 0, 0, 0, 0, 0, 0, 0, 0, 0, 0, 0, 0, 
92, 0, 0, 0, 1, 0, 0, 0, 0, 1, 2, 0, 1, 1, 1, 1, 0, 0, 2, 0, 0, 1, 1, 0, 0, 5, 11, 6, 6, 36, 4, 0, 2, 24, 7, 8, 6, 0, 2, 2, 2, 5, 3, 4, 2, 1, 4, 3, 3, 22, 5, 4, 3, 1, 1, 1, 0, 14, 5, 2, 6, 100, 0, 0, 0, 22, 2, 0, 0, 86, 1, 0, 0, 100, 5, 10, 4, 0, 0, 0, 0, 4, 0, 0, 0, 1, 0, 0, 0, 0, 0, 0, 0, 0, 0, 0, 0, 0, 0, 0, 0, 1, 0, 0, 0, 1, 0, 0, 0, 0, 0, 0, 0, 
93, 1, 0, 0, 1, 0, 0, 0, 0, 0, 0, 1, 0, 1, 1, 2, 1, 2, 0, 0, 1, 0, 0, 0, 0, 6, 9, 8, 7, 45, 1, 0, 1, 28, 11, 7, 7, 1, 0, 0, 1, 5, 8, 6, 0, 1, 1, 0, 1, 19, 2, 2, 7, 6, 4, 5, 1, 18, 5, 5, 6, 100, 0, 0, 1, 16, 3, 0, 2, 83, 1, 1, 2, 99, 11, 9, 10, 1, 0, 0, 0, 0, 0, 0, 0, 1, 0, 0, 0, 0, 0, 0, 0, 0, 0, 0, 0, 0, 0, 0, 0, 2, 0, 0, 0, 0, 0, 0, 0, 2, 0, 0, 0, 
94, 0, 2, 1, 0, 0, 0, 0, 1, 3, 0, 2, 1, 2, 1, 0, 2, 0, 0, 1, 1, 0, 0, 0, 1, 12, 5, 9, 16, 52, 0, 0, 0, 30, 9, 8, 8, 2, 1, 0, 0, 3, 8, 6, 9, 0, 1, 0, 1, 10, 5, 7, 2, 4, 9, 5, 3, 25, 10, 9, 6, 100, 0, 2, 0, 15, 0, 1, 2, 85, 0, 2, 2, 100, 11, 7, 2, 0, 0, 0, 0, 0, 0, 0, 0, 0, 0, 0, 0, 1, 0, 0, 0, 1, 0, 0, 0, 1, 0, 0, 0, 2, 0, 0, 0, 0, 0, 0, 0, 0, 0, 0, 0, 
95, 3, 3, 3, 0, 0, 0, 0, 0, 0, 0, 0, 0, 0, 1, 0, 1, 0, 0, 0, 0, 0, 1, 0, 1, 10, 7, 10, 11, 51, 0, 0, 0, 29, 10, 6, 6, 9, 4, 3, 4, 15, 6, 7, 6, 2, 1, 3, 1, 15, 6, 6, 2, 5, 5, 5, 5, 45, 2, 5, 2, 100, 0, 1, 1, 14, 2, 0, 1, 86, 6, 4, 0, 99, 7, 9, 6, 1, 0, 0, 0, 0, 0, 0, 0, 1, 0, 0, 0, 1, 0, 0, 0, 0, 0, 0, 0, 3, 0, 0, 0, 1, 0, 0, 0, 0, 0, 0, 0, 1, 0, 0, 0, 
96, 1, 0, 2, 2, 2, 0, 1, 2, 1, 0, 0, 1, 0, 0, 0, 0, 0, 0, 0, 1, 1, 2, 0, 0, 13, 12, 10, 7, 53, 3, 0, 0, 36, 15, 3, 4, 15, 4, 0, 1, 9, 8, 8, 1, 5, 0, 4, 5, 24, 6, 3, 4, 1, 5, 0, 4, 41, 10, 5, 1, 100, 3, 0, 2, 9, 2, 3, 0, 77, 4, 2, 2, 87, 9, 4, 8, 0, 0, 0, 0, 0, 0, 0, 0, 3, 0, 0, 0, 2, 0, 0, 0, 1, 0, 0, 0, 1, 0, 0, 0, 0, 0, 0, 0, 0, 0, 0, 0, 0, 0, 0, 0, 
97, 1, 1, 1, 0, 1, 1, 0, 1, 0, 1, 0, 1, 0, 0, 0, 0, 2, 1, 2, 1, 0, 0, 2, 1, 8, 10, 5, 9, 47, 2, 0, 0, 39, 3, 5, 6, 18, 1, 1, 2, 10, 6, 7, 5, 3, 0, 2, 1, 27, 4, 5, 2, 2, 3, 4, 3, 51, 6, 3, 3, 100, 1, 2, 1, 2, 1, 2, 0, 74, 0, 2, 2, 82, 8, 11, 3, 1, 0, 0, 0, 0, 0, 0, 0, 4, 0, 0, 0, 0, 0, 0, 0, 0, 0, 0, 0, 3, 0, 0, 0, 0, 0, 0, 0, 1, 0, 0, 0, 4, 0, 0, 0, 
98, 0, 1, 0, 0, 1, 0, 1, 3, 1, 2, 1, 2, 0, 0, 0, 0, 2, 0, 0, 0, 0, 0, 0, 0, 7, 4, 2, 7, 38, 3, 1, 0, 28, 11, 11, 8, 3, 2, 2, 0, 3, 8, 3, 4, 0, 0, 0, 0, 20, 4, 3, 9, 3, 2, 1, 0, 66, 8, 6, 0, 100, 0, 1, 0, 1, 1, 1, 2, 84, 1, 1, 1, 80, 11, 8, 2, 1, 0, 0, 0, 0, 0, 0, 0, 1, 0, 0, 0, 0, 0, 0, 0, 3, 0, 0, 0, 4, 0, 0, 0, 1, 0, 0, 0, 2, 0, 0, 0, 2, 0, 0, 0, 
99, 0, 2, 1, 1, 4, 0, 1, 0, 0, 0, 2, 0, 1, 2, 1, 1, 0, 2, 1, 0, 0, 1, 0, 0, 8, 4, 6, 3, 27, 1, 2, 1, 31, 2, 10, 3, 0, 0, 1, 0, 5, 3, 1, 4, 6, 3, 5, 4, 30, 6, 3, 4, 0, 1, 3, 2, 76, 6, 2, 3, 100, 0, 2, 0, 0, 2, 0, 0, 73, 0, 0, 0, 71, 7, 5, 5, 0, 0, 0, 0, 0, 0, 0, 0, 1, 0, 0, 0, 0, 0, 0, 0, 1, 0, 0, 0, 0, 0, 0, 0, 1, 0, 0, 0, 0, 0, 0, 0, 0, 0, 0, 0, 