0, 0, 0, 0, 0, 0, 0, 0, 0, 0, 0, 1, 0, 1, 0, 0, 0, 1, 0, 0, 1, 1, 0, 0, 0, 2, 1, 0, 0, 2, 1, 0, 1, 8, 5, 0, 0, 0, 1, 3, 1, 0, 0, 1, 0, 3, 1, 1, 3, 0, 2, 1, 0, 1, 0, 0, 0, 2, 3, 1, 1, 0, 0, 0, 0, 0, 0, 0, 0, 1, 1, 2, 0, 2, 1, 1, 1, 1, 0, 0, 0, 0, 0, 0, 0, 0, 0, 0, 0, 0, 0, 0, 0, 0, 0, 0, 0, 4, 0, 0, 0, 0, 0, 0, 0, 0, 0, 0, 0, 0, 0, 0, 0, 
1, 3, 3, 1, 1, 0, 0, 0, 0, 0, 0, 0, 1, 1, 1, 0, 1, 2, 0, 0, 0, 0, 1, 0, 1, 14, 1, 1, 0, 1, 1, 2, 3, 3, 0, 1, 1, 0, 2, 1, 1, 1, 0, 1, 1, 0, 0, 0, 0, 0, 1, 1, 0, 3, 8, 2, 2, 2, 0, 0, 0, 1, 0, 1, 1, 0, 0, 0, 0, 0, 0, 1, 4, 0, 3, 1, 0, 0, 0, 0, 0, 1, 0, 0, 0, 1, 0, 0, 0, 1, 0, 0, 0, 2, 0, 0, 0, 1, 0, 0, 0, 0, 0, 0, 0, 0, 0, 0, 0, 0, 0, 0, 0, 
2, 0, 0, 0, 0, 0, 1, 0, 0, 0, 0, 0, 0, 0, 0, 0, 0, 0, 0, 0, 0, 0, 0, 1, 1, 2, 1, 1, 2, 0, 2, 0, 0, 6, 4, 1, 6, 0, 0, 1, 0, 3, 3, 4, 2, 3, 1, 2, 1, 4, 3, 1, 0, 10, 2, 2, 2, 6, 3, 1, 0, 0, 0, 0, 0, 4, 2, 1, 2, 2, 1, 2, 2, 0, 0, 2, 2, 1, 0, 0, 0, 0, 0, 0, 0, 0, 0, 0, 0, 0, 0, 0, 0, 4, 0, 0, 0, 0, 0, 0, 0, 0, 0, 0, 0, 2, 0, 0, 0, 2, 0, 0, 0, 
3, 0, 0, 0, 0, 0, 2, 0, 1, 0, 0, 0, 0, 1, 1, 1, 0, 0, 1, 1, 0, 0, 0, 0, 0, 0, 0, 0, 0, 1, 1, 1, 1, 12, 5, 3, 1, 3, 1, 2, 2, 11, 5, 5, 8, 1, 7, 4, 2, 4, 1, 0, 0, 12, 5, 3, 4, 15, 2, 1, 0, 0, 2, 1, 0, 0, 0, 1, 0, 6, 4, 7, 14, 3, 0, 3, 1, 3, 0, 0, 0, 0, 0, 0, 0, 0, 0, 0, 0, 0, 0, 0, 0, 0, 0, 0, 0, 1, 0, 0, 0, 0, 0, 0, 0, 0, 0, 0, 0, 1, 0, 0, 0, 
4, 1, 5, 0, 3, 0, 0, 0, 1, 0, 1, 0, 3, 0, 0, 1, 0, 1, 0, 0, 0, 0, 0, 0, 0, 0, 1, 0, 1, 6, 3, 10, 1, 20, 6, 2, 2, 4, 1, 1, 2, 5, 4, 4, 3, 5, 3, 1, 1, 0, 2, 2, 2, 12, 2, 2, 6, 18, 1, 0, 3, 1, 1, 0, 0, 1, 3, 1, 2, 18, 6, 8, 2, 0, 0, 0, 0, 1, 0, 0, 0, 0, 0, 0, 0, 0, 0, 0, 0, 1, 0, 0, 0, 3, 0, 0, 0, 1, 0, 0, 0, 0, 0, 0, 0, 1, 0, 0, 0, 1, 0, 0, 0, 
5, 0, 1, 0, 1, 0, 0, 1, 0, 0, 1, 0, 0, 0, 0, 0, 2, 0, 0, 0, 0, 1, 3, 2, 0, 1, 0, 2, 2, 0, 3, 2, 5, 17, 4, 1, 5, 2, 3, 0, 1, 6, 6, 6, 5, 2, 1, 1, 3, 1, 0, 1, 0, 13, 5, 4, 0, 43, 1, 1, 0, 2, 0, 1, 0, 0, 0, 0, 0, 15, 4, 2, 11, 2, 0, 2, 0, 3, 0, 0, 0, 0, 0, 0, 0, 0, 0, 0, 0, 2, 0, 0, 0, 1, 0, 0, 0, 1, 0, 0, 0, 0, 0, 0, 0, 2, 0, 0, 0, 0, 0, 0, 0, 
6, 4, 1, 1, 0, 0, 0, 1, 0, 0, 0, 0, 0, 1, 0, 0, 1, 0, 1, 0, 1, 2, 0, 0, 4, 5, 0, 0, 0, 12, 4, 4, 3, 17, 1, 2, 5, 3, 1, 1, 1, 9, 4, 5, 4, 0, 0, 1, 0, 0, 0, 0, 0, 12, 6, 3, 2, 52, 0, 1, 2, 0, 0, 1, 0, 3, 1, 0, 0, 12, 6, 8, 5, 3, 3, 6, 3, 2, 0, 0, 0, 3, 0, 0, 0, 0, 0, 0, 0, 1, 0, 0, 0, 1, 0, 0, 0, 0, 0, 0, 0, 0, 0, 0, 0, 0, 0, 0, 0, 0, 0, 0, 0, 
7, 1, 0, 1, 0, 1, 0, 1, 3, 0, 1, 1, 0, 0, 0, 0, 0, 1, 0, 1, 1, 0, 0, 0, 1, 1, 0, 0, 0, 22, 3, 1, 2, 30, 4, 4, 1, 0, 1, 0, 0, 6, 5, 6, 1, 1, 1, 2, 0, 12, 2, 1, 1, 9, 5, 1, 4, 64, 2, 1, 1, 0, 2, 2, 5, 2, 1, 1, 0, 9, 10, 7, 5, 0, 2, 2, 0, 1, 0, 0, 0, 0, 0, 0, 0, 0, 0, 0, 0, 1, 0, 0, 0, 0, 0, 0, 0, 0, 0, 0, 0, 1, 0, 0, 0, 1, 0, 0, 0, 2, 0, 0, 0, 
8, 0, 1, 0, 0, 0, 0, 0, 1, 2, 1, 1, 0, 0, 3, 0, 1, 0, 0, 0, 0, 0, 0, 1, 0, 1, 2, 1, 2, 2, 1, 1, 1, 11, 2, 5, 4, 1, 1, 0, 0, 1, 0, 1, 0, 6, 4, 6, 3, 3, 2, 4, 0, 27, 0, 2, 0, 62, 0, 1, 0, 5, 0, 0, 1, 18, 3, 2, 0, 17, 14, 11, 5, 0, 0, 1, 0, 0, 0, 0, 0, 2, 0, 0, 0, 1, 0, 0, 0, 4, 0, 0, 0, 0, 0, 0, 0, 0, 0, 0, 0, 0, 0, 0, 0, 0, 0, 0, 0, 0, 0, 0, 0, 
9, 0, 1, 1, 2, 0, 0, 1, 0, 1, 0, 0, 1, 0, 0, 0, 1, 0, 0, 0, 0, 1, 0, 1, 0, 1, 0, 1, 0, 4, 2, 0, 0, 23, 1, 2, 5, 1, 2, 0, 1, 1, 3, 5, 4, 6, 4, 8, 5, 17, 1, 0, 2, 17, 3, 2, 5, 54, 1, 1, 0, 3, 2, 3, 2, 18, 3, 4, 1, 29, 7, 5, 8, 1, 2, 0, 4, 1, 0, 0, 0, 0, 0, 0, 0, 0, 0, 0, 0, 1, 0, 0, 0, 0, 0, 0, 0, 1, 0, 0, 0, 1, 0, 0, 0, 1, 0, 0, 0, 1, 0, 0, 0, 
10, 1, 0, 0, 1, 0, 1, 0, 1, 1, 0, 1, 0, 0, 0, 0, 0, 0, 0, 0, 0, 0, 2, 0, 1, 5, 5, 4, 2, 0, 0, 0, 0, 18, 2, 4, 4, 3, 2, 2, 2, 3, 4, 2, 3, 3, 4, 10, 6, 6, 2, 1, 0, 27, 2, 2, 1, 68, 1, 1, 0, 3, 6, 7, 5, 21, 5, 1, 2, 28, 13, 10, 5, 1, 2, 2, 1, 1, 0, 0, 0, 0, 0, 0, 0, 0, 0, 0, 0, 1, 0, 0, 0, 0, 0, 0, 0, 1, 0, 0, 0, 2, 0, 0, 0, 2, 0, 0, 0, 0, 0, 0, 0, 
11, 0, 0, 0, 0, 0, 0, 0, 0, 0, 0, 0, 1, 0, 0, 0, 1, 2, 0, 1, 0, 0, 1, 1, 0, 7, 4, 7, 5, 1, 0, 0, 0, 8, 5, 4, 1, 0, 0, 0, 0, 1, 1, 1, 4, 10, 10, 4, 7, 9, 1, 0, 1, 23, 6, 1, 1, 74, 0, 0, 0, 11, 9, 6, 6, 27, 0, 0, 1, 33, 9, 8, 3, 0, 0, 2, 0, 1, 0, 0, 0, 1, 0, 0, 0, 2, 0, 0, 0, 0, 0, 0, 0, 0, 0, 0, 0, 2, 0, 0, 0, 2, 0, 0, 0, 1, 0, 0, 0, 0, 0, 0, 0, 
12, 0, 1, 0, 0, 0, 0, 0, 1, 0, 0, 0, 2, 0, 0, 0, 0, 0, 0, 1, 1, 0, 0, 0, 0, 3, 3, 1, 3, 4, 2, 3, 4, 15, 4, 3, 4, 5, 6, 4, 3, 3, 2, 0, 0, 16, 7, 7, 3, 18, 0, 0, 1, 13, 4, 4, 5, 58, 2, 1, 0, 4, 8, 5, 7, 11, 0, 3, 1, 30, 9, 6, 7, 3, 4, 1, 2, 1, 0, 0, 0, 2, 0, 0, 0, 2, 0, 0, 0, 0, 0, 0, 0, 1, 0, 0, 0, 2, 0, 0, 0, 0, 0, 0, 0, 1, 0, 0, 0, 0, 0, 0, 0, 
13, 1, 2, 0, 1, 0, 0, 1, 1, 2, 0, 2, 0, 0, 0, 0, 0, 0, 0, 0, 3, 0, 2, 1, 0, 1, 0, 0, 1, 8, 4, 4, 1, 9, 3, 2, 0, 2, 1, 1, 2, 12, 2, 2, 0, 20, 5, 10, 8, 1, 0, 0, 0, 1, 1, 1, 2, 67, 0, 0, 1, 4, 3, 11, 8, 12, 4, 2, 2, 28, 10, 9, 3, 10, 3, 4, 1, 1, 0, 0, 0, 0, 0, 0, 0, 1, 0, 0, 0, 0, 0, 0, 0, 2, 0, 0, 0, 0, 0, 0, 0, 0, 0, 0, 0, 1, 0, 0, 0, 2, 0, 0, 0, 
14, 0, 2, 2, 1, 0, 1, 1, 1, 1, 0, 0, 0, 0, 0, 0, 0, 1, 1, 0, 0, 1, 1, 0, 0, 8, 0, 1, 0, 1, 1, 0, 2, 1, 4, 3, 0, 2, 3, 2, 3, 1, 0, 1, 2, 20, 6, 6, 3, 3, 2, 2, 0, 14, 2, 0, 0, 65, 0, 1, 0, 1, 6, 2, 3, 31, 0, 1, 1, 22, 7, 6, 8, 3, 5, 1, 4, 0, 0, 0, 0, 0, 0, 0, 0, 0, 0, 0, 0, 0, 0, 0, 0, 1, 0, 0, 0, 0, 0, 0, 0, 0, 0, 0, 0, 1, 0, 0, 0, 0, 0, 0, 0, 
15, 1, 0, 0, 0, 2, 0, 2, 0, 0, 0, 1, 0, 0, 0, 0, 0, 0, 0, 0, 0, 1, 2, 2, 0, 5, 1, 0, 0, 0, 0, 0, 1, 3, 2, 1, 0, 0, 2, 2, 2, 3, 3, 1, 0, 6, 8, 6, 1, 1, 1, 2, 1, 0, 0, 1, 0, 54, 2, 1, 0, 11, 1, 2, 3, 39, 3, 2, 0, 19, 7, 14, 4, 4, 3, 9, 7, 0, 0, 0, 0, 0, 0, 0, 0, 2, 0, 0, 0, 0, 0, 0, 0, 0, 0, 0, 0, 1, 0, 0, 0, 0, 0, 0, 0, 2, 0, 0, 0, 0, 0, 0, 0, 
16, 0, 0, 0, 0, 0, 0, 1, 0, 1, 1, 0, 2, 0, 1, 1, 0, 0, 0, 1, 0, 0, 0, 0, 0, 16, 1, 1, 1, 4, 4, 2, 0, 0, 0, 1, 1, 1, 0, 0, 0, 1, 4, 1, 1, 12, 12, 6, 8, 3, 1, 1, 0, 7, 2, 2, 1, 63, 0, 1, 0, 24, 4, 2, 1, 17, 0, 1, 2, 25, 14, 12, 6, 1, 2, 1, 0, 0, 0, 0, 0, 2, 0, 0, 0, 1, 0, 0, 0, 0, 0, 0, 0, 1, 0, 0, 0, 3, 0, 0, 0, 1, 0, 0, 0, 1, 0, 0, 0, 1, 0, 0, 0, 
17, 0, 0, 2, 0, 0, 0, 0, 0, 0, 0, 0, 0, 0, 0, 1, 1, 0, 1, 2, 1, 0, 1, 0, 2, 11, 1, 0, 1, 3, 6, 1, 3, 2, 1, 1, 2, 1, 1, 4, 4, 5, 1, 2, 3, 9, 15, 11, 6, 0, 0, 1, 1, 16, 3, 1, 0, 61, 1, 0, 0, 12, 1, 1, 4, 14, 0, 0, 1, 35, 9, 4, 8, 8, 2, 0, 0, 3, 0, 0, 0, 1, 0, 0, 0, 0, 0, 0, 0, 0, 0, 0, 0, 2, 0, 0, 0, 0, 0, 0, 0, 2, 0, 0, 0, 1, 0, 0, 0, 0, 0, 0, 0, 
18, 1, 0, 0, 0, 1, 1, 2, 0, 0, 0, 1, 0, 1, 0, 0, 1, 1, 0, 1, 0, 0, 2, 1, 0, 0, 0, 1, 3, 12, 6, 1, 0, 4, 4, 0, 6, 3, 2, 1, 0, 10, 2, 2, 0, 9, 8, 11, 7, 4, 2, 1, 2, 26, 1, 1, 3, 47, 0, 1, 0, 14, 1, 1, 1, 13, 3, 1, 1, 34, 11, 10, 2, 7, 1, 1, 1, 0, 0, 0, 0, 2, 0, 0, 0, 0, 0, 0, 0, 0, 0, 0, 0, 1, 0, 0, 0, 0, 0, 0, 0, 0, 0, 0, 0, 0, 0, 0, 0, 1, 0, 0, 0, 
19, 0, 1, 1, 0, 1, 1, 0, 0, 1, 0, 2, 1, 0, 1, 0, 0, 0, 1, 0, 0, 0, 1, 0, 2, 2, 5, 4, 3, 12, 1, 0, 0, 4, 1, 5, 2, 1, 5, 5, 3, 8, 1, 0, 0, 14, 5, 7, 9, 0, 0, 1, 0, 34, 2, 0, 1, 45, 5, 1, 0, 9, 3, 2, 4, 1, 0, 1, 2, 26, 9, 13, 10, 4, 4, 1, 1, 1, 0, 0, 0, 1, 0, 0, 0, 1, 0, 0, 0, 2, 0, 0, 0, 0, 0, 0, 0, 3, 0, 0, 0, 2, 0, 0, 0, 0, 0, 0, 0, 2, 0, 0, 0, 
20, 2, 0, 3, 1, 0, 0, 0, 0, 0, 0, 1, 1, 0, 0, 0, 0, 1, 0, 0, 0, 0, 0, 0, 1, 1, 0, 0, 2, 17, 1, 1, 0, 2, 1, 5, 3, 9, 7, 7, 8, 1, 2, 0, 2, 6, 5, 13, 4, 2, 0, 0, 3, 31, 1, 1, 1, 42, 2, 3, 0, 3, 2, 4, 2, 0, 2, 2, 0, 29, 8, 4, 2, 19, 5, 3, 0, 1, 0, 0, 0, 0, 0, 0, 0, 4, 0, 0, 0, 1, 0, 0, 0, 0, 0, 0, 0, 1, 0, 0, 0, 1, 0, 0, 0, 0, 0, 0, 0, 1, 0, 0, 0, 
21, 2, 2, 2, 3, 2, 0, 0, 1, 0, 1, 2, 0, 0, 0, 0, 0, 0, 1, 2, 2, 1, 0, 0, 0, 1, 0, 1, 2, 20, 1, 0, 0, 8, 3, 1, 1, 5, 4, 5, 2, 1, 2, 0, 0, 3, 6, 6, 5, 2, 0, 2, 1, 27, 3, 1, 2, 40, 0, 1, 1, 4, 5, 2, 4, 2, 4, 1, 4, 22, 8, 10, 2, 17, 2, 0, 2, 1, 0, 0, 0, 1, 0, 0, 0, 0, 0, 0, 0, 1, 0, 0, 0, 0, 0, 0, 0, 1, 0, 0, 0, 5, 0, 0, 0, 1, 0, 0, 0, 1, 0, 0, 0, 
22, 1, 1, 0, 2, 0, 0, 1, 1, 1, 0, 0, 1, 0, 0, 0, 0, 0, 0, 0, 0, 0, 2, 0, 0, 1, 1, 1, 1, 17, 3, 1, 0, 6, 1, 0, 0, 7, 4, 5, 1, 1, 0, 1, 1, 6, 6, 4, 4, 1, 1, 2, 2, 25, 0, 1, 1, 41, 4, 0, 0, 2, 3, 1, 0, 14, 4, 3, 6, 25, 8, 9, 5, 15, 0, 1, 0, 1, 0, 0, 0, 1, 0, 0, 0, 0, 0, 0, 0, 0, 0, 0, 0, 1, 0, 0, 0, 0, 0, 0, 0, 0, 0, 0, 0, 1, 0, 0, 0, 1, 0, 0, 0, 
23, 0, 1, 1, 1, 2, 0, 1, 0, 0, 0, 0, 0, 0, 1, 0, 0, 0, 0, 0, 0, 0, 1, 0, 0, 0, 1, 1, 0, 10, 2, 0, 2, 14, 8, 0, 0, 0, 2, 1, 2, 1, 0, 1, 1, 7, 3, 6, 6, 1, 0, 0, 0, 21, 0, 0, 2, 37, 3, 0, 0, 1, 1, 3, 0, 27, 10, 1, 4, 26, 8, 12, 6, 6, 2, 1, 3, 0, 0, 0, 0, 0, 0, 0, 0, 1, 0, 0, 0, 0, 0, 0, 0, 1, 0, 0, 0, 0, 0, 0, 0, 0, 0, 0, 0, 0, 0, 0, 0, 0, 0, 0, 0, 
24, 1, 0, 0, 1, 0, 0, 1, 0, 1, 0, 1, 1, 0, 1, 0, 1, 0, 0, 0, 0, 1, 0, 1, 0, 4, 5, 5, 4, 1, 0, 0, 0, 4, 3, 2, 0, 5, 2, 2, 2, 6, 3, 3, 0, 8, 1, 4, 1, 0, 2, 0, 0, 22, 0, 2, 0, 34, 2, 1, 0, 1, 2, 0, 0, 27, 5, 5, 7, 22, 16, 11, 5, 23, 0, 1, 0, 1, 0, 0, 0, 0, 0, 0, 0, 0, 0, 0, 0, 0, 0, 0, 0, 0, 0, 0, 0, 1, 0, 0, 0, 1, 0, 0, 0, 2, 0, 0, 0, 0, 0, 0, 0, 
25, 0, 0, 0, 0, 1, 0, 0, 0, 0, 0, 0, 0, 0, 0, 0, 0, 2, 0, 0, 1, 0, 1, 0, 1, 23, 8, 6, 2, 4, 3, 1, 1, 4, 2, 0, 1, 17, 0, 0, 0, 0, 0, 2, 0, 2, 1, 0, 0, 0, 1, 0, 2, 37, 0, 1, 2, 40, 0, 1, 1, 7, 3, 2, 3, 34, 4, 4, 8, 19, 6, 13, 4, 19, 0, 2, 0, 1, 0, 0, 0, 2, 0, 0, 0, 1, 0, 0, 0, 0, 0, 0, 0, 1, 0, 0, 0, 0, 0, 0, 0, 0, 0, 0, 0, 1, 0, 0, 0, 1, 0, 0, 0, 
26, 2, 0, 0, 0, 0, 1, 0, 0, 0, 0, 0, 0, 0, 0, 3, 0, 0, 0, 0, 0, 0, 0, 1, 0, 18, 3, 5, 6, 1, 2, 3, 5, 0, 0, 1, 1, 14, 7, 3, 0, 0, 0, 0, 0, 2, 2, 4, 2, 1, 0, 0, 0, 52, 5, 3, 0, 36, 0, 0, 0, 1, 1, 1, 0, 37, 5, 2, 7, 12, 8, 8, 7, 29, 2, 3, 1, 0, 0, 0, 0, 0, 0, 0, 0, 0, 0, 0, 0, 0, 0, 0, 0, 0, 0, 0, 0, 1, 0, 0, 0, 0, 0, 0, 0, 1, 0, 0, 0, 1, 0, 0, 0, 
27, 4, 1, 2, 1, 0, 1, 2, 1, 0, 0, 0, 0, 0, 0, 1, 0, 0, 1, 0, 0, 0, 1, 0, 0, 17, 5, 1, 8, 1, 3, 2, 1, 1, 3, 2, 0, 27, 0, 1, 0, 3, 0, 2, 0, 3, 5, 1, 3, 4, 2, 2, 2, 58, 3, 3, 1, 26, 0, 1, 0, 2, 2, 0, 3, 33, 6, 6, 4, 6, 7, 5, 7, 24, 2, 0, 2, 0, 0, 0, 0, 1, 0, 0, 0, 0, 0, 0, 0, 0, 0, 0, 0, 1, 0, 0, 0, 0, 0, 0, 0, 0, 0, 0, 0, 1, 0, 0, 0, 0, 0, 0, 0, 
28, 0, 2, 0, 0, 2, 1, 2, 0, 0, 0, 0, 0, 0, 0, 0, 0, 1, 5, 1, 0, 0, 0, 0, 0, 21, 1, 3, 5, 1, 2, 0, 0, 5, 4, 0, 0, 20, 0, 1, 0, 2, 0, 0, 2, 3, 3, 5, 0, 2, 4, 2, 4, 86, 1, 1, 1, 28, 1, 0, 0, 3, 1, 2, 0, 34, 2, 6, 4, 0, 3, 3, 2, 10, 0, 1, 0, 1, 0, 0, 0, 0, 0, 0, 0, 0, 0, 0, 0, 0, 0, 0, 0, 0, 0, 0, 0, 1, 0, 0, 0, 0, 0, 0, 0, 0, 0, 0, 0, 1, 0, 0, 0, 
29, 0, 0, 0, 0, 3, 1, 0, 0, 1, 0, 0, 2, 0, 1, 0, 0, 0, 0, 0, 1, 0, 0, 0, 0, 8, 1, 6, 4, 15, 1, 1, 1, 1, 3, 1, 1, 14, 2, 0, 0, 3, 0, 0, 1, 3, 1, 1, 2, 2, 8, 5, 2, 84, 3, 1, 1, 9, 0, 1, 1, 1, 2, 0, 0, 26, 4, 4, 4, 4, 2, 2, 2, 10, 1, 3, 2, 1, 0, 0, 0, 0, 0, 0, 0, 3, 0, 0, 0, 0, 0, 0, 0, 1, 0, 0, 0, 1, 0, 0, 0, 0, 0, 0, 0, 0, 0, 0, 0, 1, 0, 0, 0, 
30, 1, 1, 2, 0, 0, 0, 0, 0, 0, 0, 1, 0, 0, 0, 1, 0, 1, 0, 1, 1, 1, 3, 1, 1, 14, 6, 5, 5, 27, 1, 2, 0, 2, 2, 4, 4, 16, 2, 0, 0, 0, 1, 0, 0, 3, 1, 0, 1, 8, 9, 3, 2, 85, 2, 0, 1, 3, 2, 1, 1, 2, 1, 0, 1, 25, 8, 2, 3, 1, 1, 0, 0, 3, 2, 0, 1, 2, 0, 0, 0, 0, 0, 0, 0, 1, 0, 0, 0, 1, 0, 0, 0, 1, 0, 0, 0, 0, 0, 0, 0, 1, 0, 0, 0, 1, 0, 0, 0, 0, 0, 0, 0, 
31, 1, 0, 0, 0, 1, 1, 1, 0, 1, 0, 1, 1, 0, 1, 0, 0, 0, 0, 2, 0, 0, 2, 1, 0, 30, 2, 3, 5, 34, 3, 0, 0, 2, 1, 2, 1, 24, 0, 0, 1, 1, 0, 3, 2, 5, 4, 0, 2, 3, 4, 4, 3, 90, 1, 2, 2, 1, 3, 2, 1, 2, 2, 0, 0, 19, 9, 2, 2, 0, 1, 1, 0, 2, 0, 1, 2, 1, 0, 0, 0, 0, 0, 0, 0, 1, 0, 0, 0, 2, 0, 0, 0, 1, 0, 0, 0, 0, 0, 0, 0, 0, 0, 0, 0, 0, 0, 0, 0, 0, 0, 0, 0, 
32, 0, 0, 0, 2, 2, 1, 2, 1, 0, 0, 2, 0, 0, 0, 1, 0, 0, 0, 1, 0, 0, 0, 0, 0, 15, 3, 1, 3, 43, 0, 1, 0, 4, 2, 2, 3, 12, 1, 1, 0, 6, 0, 2, 1, 0, 2, 3, 2, 9, 8, 3, 7, 82, 4, 4, 0, 0, 0, 0, 0, 2, 1, 1, 3, 35, 8, 5, 2, 2, 5, 1, 3, 10, 1, 2, 1, 0, 0, 0, 0, 0, 0, 0, 0, 0, 0, 0, 0, 1, 0, 0, 0, 1, 0, 0, 0, 1, 0, 0, 0, 0, 0, 0, 0, 0, 0, 0, 0, 0, 0, 0, 0, 
33, 0, 1, 0, 0, 0, 1, 0, 0, 0, 0, 1, 1, 0, 0, 0, 0, 0, 0, 1, 0, 2, 0, 2, 0, 3, 6, 4, 3, 43, 0, 1, 0, 3, 6, 4, 1, 17, 0, 0, 0, 8, 1, 2, 0, 1, 1, 2, 1, 2, 7, 7, 4, 77, 0, 2, 1, 3, 1, 1, 1, 1, 1, 3, 0, 42, 5, 2, 2, 9, 0, 4, 2, 5, 0, 0, 0, 0, 0, 0, 0, 0, 0, 0, 0, 1, 0, 0, 0, 0, 0, 0, 0, 2, 0, 0, 0, 2, 0, 0, 0, 1, 0, 0, 0, 0, 0, 0, 0, 1, 0, 0, 0, 
34, 6, 4, 2, 0, 0, 0, 0, 0, 0, 0, 0, 0, 0, 1, 0, 0, 0, 0, 2, 0, 0, 0, 1, 0, 2, 5, 2, 7, 37, 0, 0, 1, 4, 3, 7, 2, 26, 0, 0, 0, 13, 1, 0, 2, 1, 1, 0, 0, 7, 4, 5, 9, 77, 1, 1, 0, 1, 1, 1, 2, 4, 2, 2, 0, 26, 7, 4, 5, 2, 6, 7, 2, 0, 0, 0, 0, 4, 0, 0, 0, 1, 0, 0, 0, 1, 0, 0, 0, 2, 0, 0, 0, 1, 0, 0, 0, 0, 0, 0, 0, 0, 0, 0, 0, 0, 0, 0, 0, 0, 0, 0, 0, 
35, 0, 1, 1, 0, 1, 2, 0, 2, 1, 1, 0, 0, 0, 1, 1, 1, 0, 0, 0, 0, 0, 0, 0, 0, 7, 4, 0, 3, 31, 0, 1, 1, 2, 2, 1, 0, 27, 0, 0, 0, 9, 2, 1, 3, 4, 3, 2, 1, 7, 5, 3, 10, 78, 1, 4, 1, 3, 1, 3, 3, 0, 10, 6, 1, 25, 5, 7, 4, 7, 4, 5, 2, 0, 1, 2, 0, 0, 0, 0, 0, 2, 0, 0, 0, 1, 0, 0, 0, 1, 0, 0, 0, 1, 0, 0, 0, 0, 0, 0, 0, 1, 0, 0, 0, 1, 0, 0, 0, 0, 0, 0, 0, 
36, 1, 3, 2, 1, 1, 0, 0, 1, 2, 1, 1, 0, 0, 0, 0, 1, 0, 0, 0, 0, 2, 1, 1, 3, 1, 5, 2, 3, 37, 1, 0, 0, 4, 3, 0, 0, 31, 0, 1, 0, 17, 5, 1, 0, 0, 3, 1, 2, 0, 0, 1, 1, 78, 3, 1, 2, 4, 4, 2, 1, 7, 8, 4, 7, 26, 4, 3, 5, 2, 1, 1, 1, 0, 0, 0, 0, 1, 0, 0, 0, 1, 0, 0, 0, 1, 0, 0, 0, 0, 0, 0, 0, 1, 0, 0, 0, 1, 0, 0, 0, 0, 0, 0, 0, 0, 0, 0, 0, 3, 0, 0, 0, 
37, 1, 1, 3, 0, 1, 2, 1, 2, 0, 0, 0, 0, 2, 1, 0, 0, 0, 1, 1, 0, 0, 0, 0, 0, 1, 6, 2, 0, 40, 0, 0, 0, 3, 6, 4, 4, 26, 1, 1, 1, 16, 0, 3, 2, 4, 5, 4, 2, 2, 0, 1, 0, 69, 2, 1, 2, 1, 3, 1, 0, 5, 6, 4, 3, 33, 11, 3, 6, 5, 7, 6, 3, 8, 3, 2, 1, 0, 0, 0, 0, 0, 0, 0, 0, 1, 0, 0, 0, 0, 0, 0, 0, 0, 0, 0, 0, 0, 0, 0, 0, 3, 0, 0, 0, 0, 0, 0, 0, 2, 0, 0, 0, 
38, 0, 0, 1, 1, 0, 0, 0, 0, 1, 0, 0, 0, 0, 0, 0, 0, 0, 0, 0, 3, 0, 0, 0, 1, 2, 6, 3, 1, 30, 4, 3, 0, 1, 0, 1, 0, 49, 3, 2, 0, 17, 3, 2, 2, 2, 5, 5, 1, 6, 6, 4, 7, 78, 0, 0, 2, 0, 0, 0, 0, 5, 3, 7, 6, 37, 7, 5, 4, 6, 6, 3, 8, 17, 4, 2, 1, 2, 0, 0, 0, 1, 0, 0, 0, 0, 0, 0, 0, 0, 0, 0, 0, 1, 0, 0, 0, 1, 0, 0, 0, 2, 0, 0, 0, 0, 0, 0, 0, 0, 0, 0, 0, 
39, 0, 2, 0, 0, 0, 0, 0, 1, 3, 1, 0, 0, 0, 2, 0, 0, 1, 0, 0, 0, 0, 0, 1, 0, 9, 3, 0, 1, 36, 2, 1, 2, 3, 1, 2, 1, 39, 1, 1, 0, 29, 4, 2, 1, 2, 1, 7, 0, 22, 9, 2, 6, 77, 4, 0, 1, 2, 3, 2, 2, 4, 2, 2, 2, 44, 1, 8, 2, 6, 3, 7, 7, 17, 6, 3, 1, 0, 0, 0, 0, 1, 0, 0, 0, 0, 0, 0, 0, 0, 0, 0, 0, 1, 0, 0, 0, 1, 0, 0, 0, 1, 0, 0, 0, 0, 0, 0, 0, 0, 0, 0, 0, 
40, 0, 1, 0, 0, 1, 0, 1, 0, 0, 0, 0, 0, 0, 0, 0, 0, 0, 0, 0, 0, 1, 0, 0, 1, 7, 8, 8, 7, 22, 0, 0, 3, 0, 3, 1, 4, 23, 0, 2, 0, 32, 2, 0, 2, 0, 0, 0, 1, 28, 9, 4, 5, 80, 0, 2, 1, 6, 4, 7, 4, 0, 0, 1, 0, 37, 3, 5, 6, 10, 5, 6, 3, 11, 4, 1, 3, 1, 0, 0, 0, 1, 0, 0, 0, 1, 0, 0, 0, 1, 0, 0, 0, 0, 0, 0, 0, 0, 0, 0, 0, 2, 0, 0, 0, 1, 0, 0, 0, 0, 0, 0, 0, 
41, 0, 0, 0, 0, 0, 0, 1, 0, 0, 0, 0, 0, 1, 2, 1, 0, 0, 0, 0, 0, 0, 1, 0, 0, 15, 11, 6, 6, 22, 1, 0, 0, 1, 0, 2, 1, 21, 3, 0, 1, 36, 1, 2, 0, 0, 0, 0, 1, 26, 4, 5, 3, 85, 0, 0, 1, 5, 2, 1, 3, 0, 0, 0, 1, 45, 4, 4, 5, 4, 9, 7, 4, 8, 2, 4, 6, 3, 0, 0, 0, 2, 0, 0, 0, 0, 0, 0, 0, 0, 0, 0, 0, 0, 0, 0, 0, 1, 0, 0, 0, 1, 0, 0, 0, 0, 0, 0, 0, 1, 0, 0, 0, 
42, 0, 0, 2, 2, 1, 0, 0, 1, 0, 0, 0, 0, 1, 0, 0, 2, 0, 0, 0, 0, 0, 0, 1, 0, 15, 3, 6, 6, 29, 1, 1, 0, 11, 3, 1, 3, 34, 1, 0, 1, 29, 2, 2, 5, 1, 1, 0, 1, 15, 4, 5, 1, 86, 2, 4, 3, 6, 1, 2, 2, 3, 2, 1, 3, 50, 7, 6, 5, 6, 3, 3, 2, 23, 2, 2, 4, 1, 0, 0, 0, 0, 0, 0, 0, 0, 0, 0, 0, 0, 0, 0, 0, 0, 0, 0, 0, 0, 0, 0, 0, 0, 0, 0, 0, 0, 0, 0, 0, 0, 0, 0, 0, 
43, 0, 0, 0, 1, 0, 0, 1, 0, 0, 0, 0, 0, 0, 0, 0, 1, 1, 0, 1, 0, 0, 0, 0, 0, 5, 11, 5, 3, 15, 2, 2, 0, 14, 4, 1, 3, 43, 2, 1, 1, 30, 5, 0, 0, 6, 0, 4, 1, 3, 4, 6, 2, 85, 0, 1, 0, 9, 3, 1, 0, 1, 1, 1, 1, 54, 4, 7, 5, 3, 6, 6, 2, 43, 0, 2, 0, 0, 0, 0, 0, 1, 0, 0, 0, 2, 0, 0, 0, 0, 0, 0, 0, 1, 0, 0, 0, 0, 0, 0, 0, 2, 0, 0, 0, 0, 0, 0, 0, 1, 0, 0, 0, 
44, 0, 1, 1, 0, 0, 0, 0, 0, 3, 1, 0, 0, 0, 0, 1, 0, 2, 0, 0, 0, 1, 0, 0, 0, 5, 1, 2, 7, 25, 0, 2, 2, 18, 2, 2, 3, 61, 5, 1, 2, 31, 0, 0, 2, 1, 1, 1, 1, 6, 8, 5, 7, 78, 1, 0, 0, 2, 2, 1, 2, 12, 5, 0, 2, 41, 4, 4, 6, 1, 2, 2, 3, 42, 1, 3, 0, 2, 0, 0, 0, 0, 0, 0, 0, 3, 0, 0, 0, 1, 0, 0, 0, 1, 0, 0, 0, 0, 0, 0, 0, 0, 0, 0, 0, 0, 0, 0, 0, 0, 0, 0, 0, 
45, 0, 2, 2, 0, 1, 0, 1, 0, 1, 0, 0, 0, 0, 0, 0, 0, 0, 0, 0, 0, 0, 1, 0, 0, 5, 3, 4, 3, 27, 1, 0, 0, 32, 4, 0, 0, 65, 3, 1, 3, 34, 4, 1, 2, 0, 3, 1, 1, 1, 5, 6, 2, 69, 1, 0, 1, 1, 0, 1, 0, 10, 1, 2, 2, 45, 2, 5, 5, 0, 3, 3, 2, 41, 1, 0, 1, 1, 0, 0, 0, 0, 0, 0, 0, 3, 0, 0, 0, 0, 0, 0, 0, 1, 0, 0, 0, 1, 0, 0, 0, 1, 0, 0, 0, 1, 0, 0, 0, 0, 0, 0, 0, 
46, 1, 1, 0, 1, 1, 0, 0, 0, 0, 0, 3, 0, 1, 0, 1, 0, 0, 0, 0, 0, 0, 0, 0, 1, 5, 6, 8, 3, 19, 1, 0, 1, 17, 2, 4, 3, 72, 4, 2, 2, 21, 1, 1, 1, 5, 3, 0, 3, 4, 2, 11, 4, 67, 0, 1, 0, 11, 1, 3, 4, 5, 1, 2, 3, 41, 7, 2, 7, 2, 4, 4, 1, 36, 1, 2, 4, 2, 0, 0, 0, 0, 0, 0, 0, 2, 0, 0, 0, 0, 0, 0, 0, 1, 0, 0, 0, 0, 0, 0, 0, 0, 0, 0, 0, 5, 0, 0, 0, 1, 0, 0, 0, 
47, 2, 1, 1, 3, 0, 0, 2, 0, 3, 2, 3, 2, 0, 0, 0, 1, 0, 0, 1, 1, 0, 1, 0, 0, 5, 4, 8, 3, 9, 0, 1, 1, 13, 3, 2, 2, 82, 2, 1, 0, 23, 1, 2, 4, 18, 9, 8, 4, 5, 4, 5, 4, 49, 1, 2, 2, 22, 4, 1, 3, 1, 0, 1, 0, 49, 6, 2, 4, 1, 0, 1, 2, 40, 3, 1, 0, 0, 0, 0, 0, 1, 0, 0, 0, 2, 0, 0, 0, 0, 0, 0, 0, 0, 0, 0, 0, 2, 0, 0, 0, 2, 0, 0, 0, 2, 0, 0, 0, 0, 0, 0, 0, 
48, 0, 0, 0, 1, 0, 1, 0, 0, 0, 0, 0, 0, 1, 0, 2, 1, 0, 0, 0, 1, 0, 0, 0, 1, 5, 9, 4, 13, 24, 1, 2, 0, 14, 2, 2, 1, 74, 1, 3, 1, 4, 1, 0, 1, 21, 3, 5, 4, 6, 4, 4, 9, 47, 2, 2, 1, 11, 1, 0, 5, 4, 1, 4, 3, 43, 8, 3, 7, 1, 0, 1, 0, 47, 1, 2, 0, 2, 0, 0, 0, 1, 0, 0, 0, 1, 0, 0, 0, 1, 0, 0, 0, 0, 0, 0, 0, 1, 0, 0, 0, 0, 0, 0, 0, 0, 0, 0, 0, 1, 0, 0, 0, 
49, 1, 0, 1, 1, 0, 0, 0, 0, 0, 0, 1, 0, 0, 3, 0, 1, 2, 0, 1, 0, 0, 0, 0, 1, 9, 6, 8, 8, 24, 4, 2, 2, 22, 0, 1, 2, 78, 1, 0, 0, 13, 6, 5, 0, 19, 0, 6, 2, 2, 6, 3, 0, 36, 2, 2, 0, 13, 5, 3, 4, 3, 4, 5, 5, 32, 6, 2, 1, 3, 1, 1, 0, 49, 3, 1, 0, 0, 0, 0, 0, 0, 0, 0, 0, 2, 0, 0, 0, 0, 0, 0, 0, 1, 0, 0, 0, 0, 0, 0, 0, 0, 0, 0, 0, 0, 0, 0, 0, 1, 0, 0, 0, 
50, 1, 2, 1, 3, 0, 0, 0, 0, 1, 1, 0, 0, 0, 1, 1, 0, 2, 0, 0, 0, 0, 1, 1, 0, 19, 9, 7, 10, 29, 0, 1, 0, 14, 5, 4, 4, 81, 1, 1, 0, 26, 4, 2, 1, 23, 7, 3, 5, 6, 3, 4, 1, 15, 1, 2, 2, 35, 5, 3, 5, 3, 0, 2, 1, 43, 6, 3, 0, 4, 2, 2, 2, 43, 5, 1, 4, 0, 0, 0, 0, 1, 0, 0, 0, 0, 0, 0, 0, 1, 0, 0, 0, 0, 0, 0, 0, 1, 0, 0, 0, 3, 0, 0, 0, 0, 0, 0, 0, 0, 0, 0, 0, 
51, 0, 0, 1, 0, 0, 0, 0, 0, 0, 0, 0, 0, 0, 0, 0, 0, 0, 0, 0, 2, 0, 4, 0, 0, 25, 9, 3, 3, 39, 2, 1, 1, 21, 3, 4, 1, 84, 3, 0, 1, 37, 3, 1, 2, 22, 1, 3, 5, 3, 1, 0, 0, 13, 2, 2, 0, 30, 5, 2, 2, 4, 5, 5, 0, 29, 1, 3, 4, 2, 3, 4, 4, 53, 2, 1, 0, 1, 0, 0, 0, 0, 0, 0, 0, 0, 0, 0, 0, 1, 0, 0, 0, 0, 0, 0, 0, 2, 0, 0, 0, 0, 0, 0, 0, 1, 0, 0, 0, 0, 0, 0, 0, 
52, 1, 0, 0, 0, 1, 1, 0, 0, 1, 0, 0, 0, 0, 0, 0, 2, 5, 0, 0, 0, 0, 2, 1, 1, 33, 7, 4, 7, 49, 2, 0, 1, 21, 1, 5, 1, 85, 6, 1, 1, 23, 1, 1, 2, 26, 7, 3, 1, 1, 0, 1, 0, 30, 6, 0, 3, 34, 4, 4, 3, 3, 2, 0, 2, 15, 4, 3, 2, 3, 7, 2, 3, 37, 2, 2, 1, 0, 0, 0, 0, 1, 0, 0, 0, 1, 0, 0, 0, 2, 0, 0, 0, 0, 0, 0, 0, 1, 0, 0, 0, 0, 0, 0, 0, 0, 0, 0, 0, 1, 0, 0, 0, 
53, 1, 3, 1, 1, 2, 2, 1, 1, 0, 0, 1, 0, 0, 0, 0, 1, 1, 1, 0, 1, 1, 2, 1, 0, 38, 13, 4, 11, 45, 0, 0, 0, 26, 3, 4, 2, 79, 0, 0, 0, 34, 0, 0, 0, 35, 3, 0, 6, 0, 1, 1, 5, 32, 2, 1, 1, 34, 6, 4, 3, 2, 1, 1, 1, 5, 5, 5, 4, 2, 2, 2, 2, 24, 6, 1, 1, 0, 0, 0, 0, 0, 0, 0, 0, 2, 0, 0, 0, 0, 0, 0, 0, 0, 0, 0, 0, 1, 0, 0, 0, 1, 0, 0, 0, 0, 0, 0, 0, 0, 0, 0, 0, 
54, 2, 0, 3, 0, 1, 0, 0, 0, 0, 0, 1, 0, 0, 2, 4, 0, 0, 0, 0, 0, 0, 0, 1, 0, 51, 10, 3, 4, 58, 2, 0, 1, 30, 2, 2, 1, 85, 3, 1, 1, 35, 1, 0, 3, 20, 10, 3, 4, 3, 1, 1, 1, 27, 1, 4, 3, 44, 2, 5, 2, 0, 1, 0, 0, 9, 3, 5, 3, 1, 4, 1, 4, 10, 1, 0, 2, 0, 0, 0, 0, 1, 0, 0, 0, 3, 0, 0, 0, 0, 0, 0, 0, 0, 0, 0, 0, 1, 0, 0, 0, 1, 0, 0, 0, 0, 0, 0, 0, 2, 0, 0, 0, 
55, 1, 1, 1, 0, 0, 0, 1, 0, 0, 0, 0, 1, 3, 0, 1, 1, 3, 0, 1, 4, 0, 0, 0, 0, 54, 8, 11, 8, 49, 3, 3, 0, 28, 2, 0, 2, 99, 0, 0, 2, 45, 3, 3, 1, 37, 3, 6, 3, 1, 1, 1, 0, 23, 1, 2, 1, 40, 1, 2, 4, 3, 3, 1, 1, 5, 2, 2, 2, 4, 1, 3, 2, 4, 1, 2, 1, 0, 0, 0, 0, 0, 0, 0, 0, 0, 0, 0, 0, 1, 0, 0, 0, 1, 0, 0, 0, 1, 0, 0, 0, 3, 0, 0, 0, 0, 0, 0, 0, 0, 0, 0, 0, 
56, 1, 0, 1, 0, 1, 0, 1, 0, 0, 0, 0, 0, 0, 0, 0, 0, 0, 1, 0, 0, 0, 0, 0, 1, 62, 9, 5, 7, 54, 3, 2, 0, 38, 4, 2, 0, 100, 0, 0, 0, 38, 4, 2, 1, 39, 1, 3, 5, 1, 0, 2, 0, 9, 2, 0, 1, 41, 4, 1, 3, 1, 4, 6, 5, 4, 4, 1, 7, 0, 1, 0, 0, 5, 3, 3, 2, 0, 0, 0, 0, 0, 0, 0, 0, 1, 0, 0, 0, 0, 0, 0, 0, 1, 0, 0, 0, 1, 0, 0, 0, 0, 0, 0, 0, 1, 0, 0, 0, 1, 0, 0, 0, 
57, 1, 1, 1, 0, 0, 0, 0, 0, 0, 0, 0, 0, 0, 0, 0, 0, 0, 0, 0, 0, 0, 0, 0, 0, 66, 7, 3, 7, 44, 2, 0, 0, 42, 1, 1, 3, 100, 1, 6, 1, 34, 4, 1, 1, 28, 6, 1, 4, 0, 4, 0, 0, 17, 1, 1, 1, 41, 2, 1, 4, 5, 5, 2, 4, 10, 4, 2, 1, 2, 2, 2, 1, 3, 2, 0, 1, 2, 0, 0, 0, 0, 0, 0, 0, 0, 0, 0, 0, 0, 0, 0, 0, 0, 0, 0, 0, 2, 0, 0, 0, 0, 0, 0, 0, 1, 0, 0, 0, 3, 0, 0, 0, 
58, 0, 0, 2, 0, 0, 0, 0, 0, 0, 0, 1, 1, 0, 0, 0, 0, 1, 0, 0, 1, 0, 0, 0, 0, 63, 7, 6, 8, 41, 1, 2, 0, 39, 2, 4, 0, 100, 1, 1, 1, 40, 3, 3, 0, 20, 6, 1, 8, 1, 0, 1, 0, 20, 2, 1, 1, 41, 1, 3, 7, 4, 4, 6, 2, 8, 4, 5, 6, 3, 1, 2, 1, 2, 1, 5, 1, 0, 0, 0, 0, 1, 0, 0, 0, 0, 0, 0, 0, 0, 0, 0, 0, 1, 0, 0, 0, 2, 0, 0, 0, 1, 0, 0, 0, 0, 0, 0, 0, 1, 0, 0, 0, 
59, 0, 1, 0, 0, 0, 0, 0, 0, 0, 0, 2, 0, 0, 0, 0, 2, 0, 1, 0, 0, 0, 0, 1, 0, 63, 10, 4, 10, 26, 1, 1, 0, 33, 3, 1, 1, 100, 3, 0, 1, 43, 4, 1, 0, 24, 12, 4, 3, 2, 0, 1, 1, 15, 3, 1, 1, 34, 2, 1, 4, 0, 1, 0, 3, 7, 7, 8, 6, 5, 4, 1, 0, 1, 0, 1, 1, 1, 0, 0, 0, 0, 0, 0, 0, 0, 0, 0, 0, 1, 0, 0, 0, 1, 0, 0, 0, 0, 0, 0, 0, 1, 0, 0, 0, 0, 0, 0, 0, 0, 0, 0, 0, 
60, 2, 2, 0, 1, 1, 0, 3, 1, 1, 1, 0, 0, 0, 0, 0, 1, 0, 0, 1, 0, 0, 0, 2, 0, 79, 8, 6, 6, 24, 6, 0, 3, 31, 3, 3, 3, 100, 2, 1, 0, 43, 2, 0, 1, 39, 7, 1, 1, 1, 2, 2, 0, 18, 9, 0, 3, 35, 2, 1, 3, 0, 0, 0, 0, 6, 5, 7, 5, 6, 1, 1, 1, 1, 1, 0, 0, 0, 0, 0, 0, 0, 0, 0, 0, 2, 0, 0, 0, 1, 0, 0, 0, 1, 0, 0, 0, 1, 0, 0, 0, 0, 0, 0, 0, 0, 0, 0, 0, 0, 0, 0, 0, 
61, 0, 0, 4, 1, 2, 2, 0, 4, 0, 2, 2, 0, 1, 0, 0, 0, 0, 1, 0, 0, 0, 0, 1, 0, 76, 10, 6, 5, 34, 2, 1, 1, 22, 1, 1, 1, 100, 4, 2, 2, 45, 1, 0, 1, 30, 5, 7, 3, 1, 2, 3, 1, 21, 0, 1, 1, 40, 3, 3, 2, 2, 0, 4, 3, 8, 10, 8, 4, 11, 0, 1, 0, 2, 1, 3, 1, 1, 0, 0, 0, 1, 0, 0, 0, 1, 0, 0, 0, 2, 0, 0, 0, 0, 0, 0, 0, 0, 0, 0, 0, 1, 0, 0, 0, 1, 0, 0, 0, 1, 0, 0, 0, 
62, 0, 0, 0, 1, 3, 2, 2, 0, 0, 2, 0, 1, 1, 3, 2, 0, 1, 0, 0, 0, 0, 0, 0, 0, 75, 11, 6, 8, 35, 4, 1, 0, 21, 5, 3, 1, 100, 2, 2, 1, 56, 2, 4, 0, 42, 5, 3, 4, 3, 2, 1, 2, 22, 1, 0, 0, 35, 3, 2, 2, 2, 2, 2, 1, 1, 3, 1, 0, 21, 4, 0, 0, 1, 0, 0, 0, 0, 0, 0, 0, 0, 0, 0, 0, 1, 0, 0, 0, 0, 0, 0, 0, 1, 0, 0, 0, 1, 0, 0, 0, 1, 0, 0, 0, 2, 0, 0, 0, 0, 0, 0, 0, 
63, 0, 0, 0, 2, 0, 2, 1, 0, 3, 1, 0, 0, 0, 1, 0, 0, 0, 0, 0, 0, 0, 0, 1, 0, 88, 7, 5, 8, 34, 1, 0, 0, 26, 7, 2, 1, 100, 2, 0, 0, 42, 1, 0, 1, 31, 5, 5, 3, 11, 3, 3, 1, 19, 2, 1, 4, 34, 5, 2, 2, 1, 1, 2, 2, 3, 2, 3, 1, 12, 0, 2, 1, 1, 2, 0, 1, 3, 0, 0, 0, 2, 0, 0, 0, 1, 0, 0, 0, 1, 0, 0, 0, 0, 0, 0, 0, 1, 0, 0, 0, 0, 0, 0, 0, 2, 0, 0, 0, 0, 0, 0, 0, 
64, 1, 0, 0, 0, 1, 0, 0, 1, 1, 2, 0, 0, 2, 0, 0, 0, 0, 0, 0, 0, 0, 0, 0, 2, 81, 9, 6, 2, 30, 0, 0, 1, 28, 3, 0, 1, 100, 0, 1, 1, 41, 1, 0, 0, 28, 6, 3, 1, 2, 2, 1, 2, 19, 2, 1, 0, 42, 4, 2, 3, 2, 5, 4, 2, 1, 2, 2, 1, 18, 0, 1, 0, 3, 6, 5, 2, 2, 0, 0, 0, 0, 0, 0, 0, 0, 0, 0, 0, 0, 0, 0, 0, 1, 0, 0, 0, 2, 0, 0, 0, 3, 0, 0, 0, 1, 0, 0, 0, 0, 0, 0, 0, 
65, 1, 1, 0, 0, 2, 0, 0, 3, 0, 0, 0, 0, 0, 0, 0, 0, 0, 1, 0, 0, 3, 2, 0, 0, 83, 8, 10, 4, 27, 1, 2, 0, 30, 2, 1, 1, 100, 1, 1, 0, 44, 3, 4, 2, 36, 6, 2, 2, 0, 0, 1, 1, 16, 2, 2, 0, 51, 2, 6, 2, 4, 0, 1, 1, 2, 2, 0, 1, 27, 0, 1, 0, 4, 7, 4, 4, 0, 0, 0, 0, 0, 0, 0, 0, 1, 0, 0, 0, 2, 0, 0, 0, 1, 0, 0, 0, 0, 0, 0, 0, 3, 0, 0, 0, 1, 0, 0, 0, 0, 0, 0, 0, 
66, 2, 0, 1, 0, 0, 1, 0, 0, 0, 0, 0, 0, 1, 0, 0, 0, 0, 0, 0, 1, 0, 0, 0, 0, 93, 9, 6, 3, 12, 2, 2, 1, 34, 5, 2, 1, 100, 5, 1, 1, 50, 0, 0, 0, 41, 4, 3, 4, 1, 3, 5, 5, 21, 2, 2, 1, 63, 7, 4, 3, 0, 4, 0, 0, 13, 3, 0, 0, 19, 3, 1, 1, 6, 10, 7, 5, 0, 0, 0, 0, 2, 0, 0, 0, 0, 0, 0, 0, 1, 0, 0, 0, 0, 0, 0, 0, 1, 0, 0, 0, 1, 0, 0, 0, 0, 0, 0, 0, 2, 0, 0, 0, 
67, 0, 0, 1, 0, 1, 1, 0, 0, 0, 0, 2, 0, 0, 0, 0, 2, 2, 0, 0, 0, 0, 0, 0, 0, 100, 11, 7, 4, 15, 4, 3, 0, 29, 1, 0, 2, 100, 11, 0, 0, 55, 1, 2, 1, 41, 1, 6, 6, 1, 1, 1, 1, 23, 2, 3, 3, 63, 1, 2, 1, 2, 1, 1, 4, 5, 5, 0, 1, 16, 4, 4, 0, 7, 7, 7, 7, 0, 0, 0, 0, 0, 0, 0, 0, 0, 0, 0, 0, 1, 0, 0, 0, 0, 0, 0, 0, 0, 0, 0, 0, 0, 0, 0, 0, 0, 0, 0, 0, 0, 0, 0, 0, 
68, 1, 2, 2, 0, 0, 0, 1, 0, 1, 0, 1, 0, 1, 0, 0, 0, 0, 0, 0, 0, 0, 0, 0, 0, 100, 9, 6, 3, 17, 5, 1, 0, 37, 2, 3, 4, 100, 1, 1, 0, 51, 6, 0, 0, 43, 3, 5, 3, 1, 2, 2, 0, 30, 0, 0, 1, 55, 5, 0, 4, 5, 3, 4, 1, 10, 2, 1, 0, 29, 0, 0, 0, 17, 10, 4, 7, 0, 0, 0, 0, 1, 0, 0, 0, 2, 0, 0, 0, 0, 0, 0, 0, 0, 0, 0, 0, 1, 0, 0, 0, 0, 0, 0, 0, 0, 0, 0, 0, 2, 0, 0, 0, 
69, 1, 0, 0, 1, 0, 0, 1, 0, 0, 0, 0, 0, 0, 2, 3, 1, 0, 0, 1, 0, 0, 0, 0, 1, 100, 4, 11, 9, 31, 1, 0, 0, 31, 3, 4, 2, 100, 0, 2, 0, 48, 2, 0, 1, 37, 1, 4, 6, 2, 0, 0, 2, 26, 2, 0, 0, 58, 3, 6, 4, 4, 0, 1, 0, 2, 2, 1, 0, 28, 2, 0, 1, 16, 7, 5, 5, 1, 0, 0, 0, 0, 0, 0, 0, 0, 0, 0, 0, 0, 0, 0, 0, 1, 0, 0, 0, 0, 0, 0, 0, 1, 0, 0, 0, 1, 0, 0, 0, 2, 0, 0, 0, 
70, 0, 2, 0, 1, 0, 0, 1, 0, 0, 0, 0, 1, 0, 0, 0, 0, 1, 0, 0, 0, 0, 0, 1, 1, 100, 9, 5, 5, 29, 1, 0, 2, 32, 2, 2, 1, 100, 3, 0, 1, 41, 2, 1, 1, 45, 2, 7, 5, 1, 3, 0, 0, 18, 0, 0, 2, 67, 3, 2, 6, 16, 1, 3, 0, 2, 0, 0, 2, 35, 0, 0, 0, 8, 7, 0, 4, 2, 0, 0, 0, 0, 0, 0, 0, 0, 0, 0, 0, 1, 0, 0, 0, 1, 0, 0, 0, 2, 0, 0, 0, 1, 0, 0, 0, 0, 0, 0, 0, 0, 0, 0, 0, 
71, 5, 0, 0, 1, 1, 0, 2, 1, 3, 0, 1, 0, 0, 1, 2, 0, 0, 0, 1, 0, 0, 0, 1, 0, 100, 6, 5, 5, 35, 0, 1, 0, 39, 1, 2, 4, 100, 1, 1, 1, 31, 1, 1, 0, 45, 6, 2, 4, 0, 2, 1, 0, 11, 3, 0, 1, 65, 3, 0, 1, 36, 1, 2, 1, 7, 0, 0, 0, 30, 1, 0, 0, 3, 8, 6, 3, 2, 0, 0, 0, 4, 0, 0, 0, 1, 0, 0, 0, 3, 0, 0, 0, 1, 0, 0, 0, 0, 0, 0, 0, 0, 0, 0, 0, 1, 0, 0, 0, 0, 0, 0, 0, 
72, 0, 0, 2, 1, 0, 0, 1, 0, 1, 1, 1, 0, 0, 1, 0, 0, 1, 0, 0, 1, 0, 0, 0, 0, 100, 5, 11, 8, 32, 1, 1, 1, 28, 1, 3, 3, 100, 3, 0, 0, 28, 1, 0, 0, 48, 1, 5, 5, 2, 2, 4, 2, 1, 0, 1, 1, 48, 5, 8, 3, 43, 5, 1, 0, 16, 0, 0, 1, 32, 1, 1, 1, 11, 3, 7, 3, 0, 0, 0, 0, 0, 0, 0, 0, 1, 0, 0, 0, 0, 0, 0, 0, 1, 0, 0, 0, 1, 0, 0, 0, 1, 0, 0, 0, 1, 0, 0, 0, 1, 0, 0, 0, 
73, 0, 0, 0, 0, 0, 2, 2, 0, 0, 1, 0, 0, 0, 0, 2, 0, 0, 0, 0, 1, 0, 0, 0, 0, 100, 22, 5, 7, 39, 0, 2, 2, 20, 3, 3, 1, 100, 5, 3, 0, 13, 1, 1, 0, 35, 8, 5, 5, 3, 2, 1, 3, 2, 1, 2, 4, 54, 2, 5, 3, 50, 2, 0, 0, 3, 2, 0, 1, 38, 1, 0, 1, 10, 10, 6, 7, 1, 0, 0, 0, 1, 0, 0, 0, 0, 0, 0, 0, 1, 0, 0, 0, 2, 0, 0, 0, 0, 0, 0, 0, 0, 0, 0, 0, 0, 0, 0, 0, 1, 0, 0, 0, 
74, 1, 0, 0, 0, 0, 2, 2, 0, 0, 0, 0, 0, 0, 1, 0, 0, 1, 0, 2, 1, 0, 0, 0, 0, 100, 12, 2, 10, 41, 1, 1, 0, 24, 3, 3, 1, 100, 1, 0, 1, 6, 2, 2, 0, 47, 11, 2, 3, 2, 3, 1, 2, 2, 0, 2, 0, 55, 8, 3, 3, 54, 5, 0, 2, 7, 0, 0, 2, 34, 0, 0, 0, 8, 10, 5, 5, 0, 0, 0, 0, 0, 0, 0, 0, 1, 0, 0, 0, 1, 0, 0, 0, 0, 0, 0, 0, 0, 0, 0, 0, 0, 0, 0, 0, 4, 0, 0, 0, 0, 0, 0, 0, 
75, 0, 1, 0, 0, 1, 0, 0, 0, 0, 0, 0, 0, 0, 0, 1, 1, 1, 1, 0, 1, 0, 0, 0, 1, 100, 9, 6, 8, 40, 0, 1, 0, 11, 1, 3, 1, 100, 1, 1, 1, 0, 0, 1, 1, 41, 7, 5, 5, 1, 0, 0, 1, 6, 9, 2, 3, 58, 8, 3, 3, 44, 1, 2, 0, 8, 1, 0, 0, 49, 7, 0, 1, 10, 15, 5, 11, 1, 0, 0, 0, 1, 0, 0, 0, 1, 0, 0, 0, 0, 0, 0, 0, 4, 0, 0, 0, 1, 0, 0, 0, 3, 0, 0, 0, 0, 0, 0, 0, 0, 0, 0, 0, 
76, 2, 0, 0, 0, 4, 0, 4, 0, 0, 0, 2, 0, 2, 0, 0, 0, 1, 0, 0, 0, 1, 1, 0, 0, 100, 6, 3, 6, 39, 0, 1, 2, 12, 0, 1, 3, 100, 0, 0, 3, 0, 0, 0, 0, 38, 5, 5, 5, 0, 1, 2, 1, 15, 1, 2, 3, 70, 5, 0, 2, 28, 1, 0, 2, 1, 0, 2, 1, 65, 3, 0, 0, 15, 11, 10, 4, 2, 0, 0, 0, 3, 0, 0, 0, 2, 0, 0, 0, 0, 0, 0, 0, 0, 0, 0, 0, 3, 0, 0, 0, 1, 0, 0, 0, 3, 0, 0, 0, 0, 0, 0, 0, 
77, 1, 0, 2, 0, 1, 0, 0, 0, 0, 0, 0, 0, 1, 0, 0, 0, 1, 1, 1, 1, 1, 2, 0, 0, 100, 5, 7, 4, 32, 0, 0, 0, 2, 1, 1, 1, 100, 2, 0, 0, 1, 1, 3, 3, 44, 9, 3, 5, 1, 1, 0, 1, 22, 6, 2, 4, 71, 4, 4, 3, 31, 3, 1, 1, 1, 2, 1, 0, 65, 2, 2, 0, 8, 14, 7, 7, 1, 0, 0, 0, 2, 0, 0, 0, 0, 0, 0, 0, 0, 0, 0, 0, 1, 0, 0, 0, 0, 0, 0, 0, 2, 0, 0, 0, 0, 0, 0, 0, 1, 0, 0, 0, 
78, 0, 2, 0, 1, 1, 0, 0, 0, 0, 0, 0, 0, 0, 0, 0, 0, 1, 1, 0, 1, 1, 1, 2, 1, 100, 12, 5, 1, 30, 1, 1, 0, 10, 3, 0, 1, 100, 2, 0, 0, 3, 2, 2, 0, 51, 8, 3, 5, 5, 4, 0, 1, 21, 4, 4, 1, 65, 8, 2, 1, 35, 3, 3, 1, 2, 1, 0, 2, 72, 0, 1, 0, 6, 13, 16, 9, 0, 0, 0, 0, 2, 0, 0, 0, 0, 0, 0, 0, 0, 0, 0, 0, 0, 0, 0, 0, 2, 0, 0, 0, 3, 0, 0, 0, 0, 0, 0, 0, 0, 0, 0, 0, 
79, 0, 0, 0, 1, 2, 0, 1, 0, 0, 0, 0, 0, 1, 1, 0, 0, 1, 0, 0, 0, 0, 1, 1, 0, 100, 7, 4, 4, 34, 1, 1, 3, 16, 0, 1, 0, 100, 0, 2, 0, 1, 3, 8, 4, 59, 2, 2, 2, 2, 2, 2, 1, 25, 2, 4, 2, 69, 3, 1, 8, 47, 0, 1, 0, 2, 0, 0, 1, 57, 0, 0, 2, 6, 6, 12, 12, 0, 0, 0, 0, 0, 0, 0, 0, 0, 0, 0, 0, 2, 0, 0, 0, 2, 0, 0, 0, 2, 0, 0, 0, 0, 0, 0, 0, 2, 0, 0, 0, 1, 0, 0, 0, 
80, 1, 0, 0, 0, 0, 0, 0, 0, 0, 1, 0, 0, 1, 0, 0, 0, 0, 0, 0, 0, 0, 0, 0, 0, 100, 6, 5, 6, 47, 1, 0, 1, 14, 1, 0, 1, 100, 1, 2, 0, 6, 8, 3, 7, 52, 5, 7, 3, 8, 3, 0, 0, 27, 6, 2, 0, 58, 1, 3, 2, 51, 2, 0, 1, 2, 4, 2, 1, 47, 0, 0, 0, 5, 4, 5, 7, 0, 0, 0, 0, 0, 0, 0, 0, 1, 0, 0, 0, 3, 0, 0, 0, 0, 0, 0, 0, 0, 0, 0, 0, 1, 0, 0, 0, 3, 0, 0, 0, 0, 0, 0, 0, 
81, 4, 0, 1, 0, 0, 0, 1, 1, 1, 0, 2, 0, 1, 1, 0, 0, 0, 0, 0, 0, 0, 1, 0, 0, 100, 6, 4, 6, 45, 1, 0, 0, 21, 3, 1, 0, 100, 1, 1, 0, 9, 11, 3, 10, 51, 4, 5, 2, 16, 2, 0, 1, 19, 3, 3, 2, 52, 2, 2, 2, 48, 2, 2, 1, 1, 0, 1, 0, 49, 0, 0, 0, 3, 7, 5, 4, 1, 0, 0, 0, 2, 0, 0, 0, 0, 0, 0, 0, 1, 0, 0, 0, 1, 0, 0, 0, 3, 0, 0, 0, 0, 0, 0, 0, 3, 0, 0, 0, 1, 0, 0, 0, 
82, 5, 6, 0, 1, 0, 1, 0, 1, 0, 0, 2, 0, 0, 0, 0, 0, 0, 0, 0, 1, 1, 0, 0, 0, 100, 12, 6, 5, 34, 1, 0, 0, 24, 2, 1, 1, 100, 0, 3, 0, 12, 7, 8, 6, 53, 7, 5, 5, 0, 2, 0, 0, 47, 7, 2, 4, 44, 5, 5, 1, 64, 0, 2, 0, 4, 4, 2, 3, 38, 0, 0, 0, 2, 3, 4, 2, 0, 0, 0, 0, 0, 0, 0, 0, 0, 0, 0, 0, 1, 0, 0, 0, 0, 0, 0, 0, 3, 0, 0, 0, 0, 0, 0, 0, 2, 0, 0, 0, 0, 0, 0, 0, 
83, 0, 0, 0, 2, 0, 1, 1, 0, 0, 1, 0, 2, 1, 0, 0, 0, 1, 0, 0, 0, 0, 0, 0, 2, 100, 3, 6, 5, 34, 4, 0, 0, 43, 3, 0, 1, 100, 2, 0, 0, 24, 11, 8, 6, 62, 5, 6, 3, 15, 9, 1, 1, 47, 4, 1, 1, 42, 2, 1, 3, 57, 2, 1, 1, 6, 2, 3, 2, 34, 0, 0, 0, 5, 9, 3, 4, 0, 0, 0, 0, 0, 0, 0, 0, 0, 0, 0, 0, 1, 0, 0, 0, 1, 0, 0, 0, 2, 0, 0, 0, 1, 0, 0, 0, 0, 0, 0, 0, 0, 0, 0, 0, 
84, 0, 0, 1, 0, 0, 1, 1, 0, 0, 0, 0, 1, 9, 1, 1, 0, 2, 1, 1, 1, 0, 2, 0, 1, 100, 11, 5, 5, 48, 8, 0, 0, 41, 2, 0, 0, 100, 4, 1, 1, 31, 7, 7, 5, 66, 1, 5, 4, 23, 2, 1, 1, 41, 4, 2, 3, 48, 5, 4, 3, 41, 2, 1, 0, 2, 0, 0, 2, 51, 1, 1, 0, 5, 6, 8, 7, 1, 0, 0, 0, 2, 0, 0, 0, 2, 0, 0, 0, 2, 0, 0, 0, 1, 0, 0, 0, 0, 0, 0, 0, 0, 0, 0, 0, 1, 0, 0, 0, 1, 0, 0, 0, 
85, 7, 3, 3, 0, 0, 0, 0, 0, 0, 1, 0, 0, 2, 3, 0, 2, 0, 1, 1, 0, 3, 2, 3, 1, 100, 8, 6, 7, 47, 0, 0, 0, 37, 1, 1, 1, 100, 1, 1, 0, 25, 7, 4, 9, 60, 3, 4, 2, 22, 1, 2, 1, 33, 5, 3, 3, 47, 3, 2, 1, 26, 0, 2, 1, 2, 3, 3, 0, 46, 0, 0, 1, 22, 5, 7, 9, 0, 0, 0, 0, 0, 0, 0, 0, 0, 0, 0, 0, 0, 0, 0, 0, 1, 0, 0, 0, 2, 0, 0, 0, 0, 0, 0, 0, 1, 0, 0, 0, 2, 0, 0, 0, 
86, 2, 2, 1, 2, 0, 0, 0, 0, 0, 0, 0, 0, 1, 0, 0, 0, 0, 1, 0, 2, 0, 0, 2, 0, 100, 5, 6, 11, 31, 0, 0, 0, 41, 1, 2, 1, 100, 2, 1, 0, 36, 10, 7, 6, 52, 7, 2, 5, 19, 0, 1, 1, 37, 3, 1, 3, 44, 6, 3, 5, 28, 1, 0, 0, 2, 2, 1, 2, 42, 1, 0, 1, 21, 8, 8, 9, 1, 0, 0, 0, 0, 0, 0, 0, 1, 0, 0, 0, 0, 0, 0, 0, 1, 0, 0, 0, 1, 0, 0, 0, 0, 0, 0, 0, 0, 0, 0, 0, 0, 0, 0, 0, 
87, 0, 0, 1, 0, 1, 0, 0, 3, 1, 1, 0, 0, 0, 0, 0, 0, 0, 0, 1, 0, 0, 1, 1, 0, 100, 9, 6, 8, 36, 0, 0, 1, 43, 0, 0, 1, 100, 3, 1, 0, 30, 7, 7, 6, 53, 4, 6, 5, 27, 1, 0, 1, 39, 1, 3, 1, 54, 6, 1, 4, 30, 8, 1, 0, 11, 9, 1, 1, 37, 1, 2, 1, 33, 8, 7, 4, 1, 0, 0, 0, 2, 0, 0, 0, 1, 0, 0, 0, 0, 0, 0, 0, 0, 0, 0, 0, 0, 0, 0, 0, 1, 0, 0, 0, 1, 0, 0, 0, 1, 0, 0, 0, 
88, 0, 1, 0, 0, 0, 2, 0, 0, 1, 0, 0, 0, 0, 2, 1, 2, 0, 1, 1, 0, 1, 0, 1, 0, 100, 9, 6, 6, 31, 0, 2, 0, 39, 0, 0, 1, 100, 2, 0, 2, 30, 4, 7, 5, 47, 6, 7, 5, 33, 4, 2, 1, 31, 1, 2, 1, 65, 1, 1, 0, 22, 1, 3, 1, 9, 3, 2, 5, 45, 2, 3, 0, 25, 9, 5, 0, 2, 0, 0, 0, 0, 0, 0, 0, 2, 0, 0, 0, 0, 0, 0, 0, 0, 0, 0, 0, 0, 0, 0, 0, 0, 0, 0, 0, 0, 0, 0, 0, 0, 0, 0, 0, 
89, 0, 1, 0, 0, 2, 1, 0, 0, 0, 1, 1, 0, 0, 0, 0, 0, 0, 0, 0, 0, 0, 0, 0, 0, 100, 9, 3, 7, 24, 0, 2, 2, 48, 0, 0, 0, 100, 1, 2, 0, 38, 7, 8, 1, 57, 3, 4, 1, 42, 0, 1, 1, 17, 10, 0, 2, 68, 2, 2, 2, 16, 2, 1, 1, 11, 2, 3, 0, 61, 1, 1, 0, 20, 11, 8, 3, 1, 0, 0, 0, 2, 0, 0, 0, 1, 0, 0, 0, 1, 0, 0, 0, 0, 0, 0, 0, 0, 0, 0, 0, 0, 0, 0, 0, 0, 0, 0, 0, 1, 0, 0, 0, 
90, 1, 1, 0, 1, 2, 1, 0, 1, 0, 0, 0, 1, 0, 0, 0, 0, 1, 0, 1, 1, 0, 0, 0, 0, 100, 8, 5, 5, 17, 1, 2, 0, 45, 0, 1, 0, 100, 0, 1, 1, 49, 10, 3, 5, 37, 1, 3, 2, 36, 0, 0, 0, 20, 5, 1, 4, 76, 3, 5, 4, 28, 1, 0, 0, 14, 0, 2, 0, 62, 0, 2, 1, 11, 7, 2, 5, 0, 0, 0, 0, 0, 0, 0, 0, 1, 0, 0, 0, 3, 0, 0, 0, 0, 0, 0, 0, 0, 0, 0, 0, 2, 0, 0, 0, 1, 0, 0, 0, 0, 0, 0, 0, 
91, 2, 1, 0, 2, 0, 1, 1, 1, 1, 4, 0, 1, 0, 1, 2, 0, 1, 0, 0, 0, 0, 0, 0, 0, 100, 7, 3, 6, 5, 2, 3, 1, 42, 1, 2, 1, 100, 2, 1, 0, 50, 8, 6, 7, 39, 6, 3, 3, 45, 0, 1, 1, 24, 5, 1, 2, 72, 4, 3, 5, 18, 0, 0, 0, 10, 4, 2, 2, 62, 0, 0, 0, 2, 4, 5, 4, 0, 0, 0, 0, 3, 0, 0, 0, 2, 0, 0, 0, 1, 0, 0, 0, 0, 0, 0, 0, 1, 0, 0, 0, 2, 0, 0, 0, 1, 0, 0, 0, 1, 0, 0, 0, 
92, 1, 0, 2, 1, 1, 0, 0, 0, 0, 0, 0, 0, 0, 2, 0, 1, 0, 0, 0, 1, 0, 0, 0, 1, 100, 8, 3, 6, 21, 1, 2, 0, 33, 0, 0, 0, 100, 0, 0, 0, 57, 8, 9, 4, 37, 9, 4, 5, 49, 2, 0, 0, 39, 3, 1, 6, 74, 4, 6, 1, 9, 3, 1, 3, 17, 3, 1, 1, 67, 1, 1, 2, 3, 3, 5, 1, 1, 0, 0, 0, 0, 0, 0, 0, 1, 0, 0, 0, 0, 0, 0, 0, 1, 0, 0, 0, 1, 0, 0, 0, 1, 0, 0, 0, 0, 0, 0, 0, 1, 0, 0, 0, 
93, 1, 0, 2, 0, 1, 0, 0, 0, 0, 0, 0, 1, 0, 1, 0, 0, 0, 0, 1, 2, 1, 1, 0, 0, 100, 7, 6, 6, 18, 2, 1, 0, 28, 1, 0, 0, 100, 1, 0, 0, 66, 9, 7, 6, 26, 6, 3, 3, 70, 0, 0, 0, 22, 1, 0, 1, 71, 6, 1, 6, 12, 4, 0, 2, 6, 2, 5, 2, 68, 2, 0, 2, 1, 5, 3, 3, 1, 0, 0, 0, 0, 0, 0, 0, 0, 0, 0, 0, 0, 0, 0, 0, 1, 0, 0, 0, 1, 0, 0, 0, 0, 0, 0, 0, 0, 0, 0, 0, 0, 0, 0, 0, 
94, 1, 0, 0, 0, 0, 1, 2, 0, 2, 1, 0, 0, 0, 0, 0, 0, 0, 0, 0, 0, 3, 0, 0, 1, 100, 7, 5, 11, 20, 1, 1, 0, 37, 0, 1, 1, 100, 3, 0, 1, 59, 4, 6, 1, 21, 3, 4, 5, 62, 0, 0, 1, 30, 5, 2, 1, 66, 4, 3, 2, 20, 4, 1, 1, 14, 4, 3, 3, 69, 0, 0, 1, 0, 0, 1, 0, 0, 0, 0, 0, 0, 0, 0, 0, 1, 0, 0, 0, 0, 0, 0, 0, 0, 0, 0, 0, 2, 0, 0, 0, 1, 0, 0, 0, 1, 0, 0, 0, 5, 0, 0, 0, 
95, 1, 1, 0, 0, 0, 0, 1, 1, 1, 0, 0, 1, 0, 0, 1, 0, 0, 0, 0, 0, 1, 0, 0, 0, 100, 12, 7, 13, 27, 3, 3, 1, 39, 1, 0, 0, 100, 1, 0, 0, 51, 7, 8, 9, 28, 2, 3, 2, 55, 1, 1, 2, 32, 4, 2, 2, 61, 6, 1, 7, 18, 0, 1, 0, 11, 6, 0, 1, 61, 1, 0, 0, 0, 1, 0, 0, 1, 0, 0, 0, 1, 0, 0, 0, 1, 0, 0, 0, 1, 0, 0, 0, 3, 0, 0, 0, 0, 0, 0, 0, 1, 0, 0, 0, 1, 0, 0, 0, 0, 0, 0, 0, 
96, 2, 3, 5, 2, 0, 1, 0, 0, 0, 0, 0, 0, 1, 0, 1, 1, 0, 0, 1, 0, 0, 1, 0, 0, 100, 11, 6, 6, 29, 1, 1, 1, 54, 0, 0, 0, 100, 3, 2, 0, 64, 5, 8, 7, 14, 4, 3, 6, 36, 0, 1, 1, 31, 1, 3, 1, 60, 1, 2, 1, 17, 1, 2, 3, 0, 1, 1, 1, 59, 0, 0, 0, 1, 2, 0, 0, 0, 0, 0, 0, 1, 0, 0, 0, 2, 0, 0, 0, 1, 0, 0, 0, 1, 0, 0, 0, 3, 0, 0, 0, 5, 0, 0, 0, 0, 0, 0, 0, 1, 0, 0, 0, 
97, 0, 1, 1, 0, 2, 2, 0, 0, 0, 1, 0, 1, 0, 0, 1, 0, 0, 0, 1, 0, 1, 0, 0, 1, 100, 3, 5, 6, 42, 0, 0, 1, 67, 0, 2, 0, 100, 2, 1, 0, 58, 5, 8, 3, 22, 2, 2, 1, 36, 1, 1, 0, 28, 4, 4, 4, 59, 5, 5, 3, 27, 1, 1, 1, 2, 0, 0, 1, 52, 0, 0, 1, 3, 4, 2, 4, 1, 0, 0, 0, 0, 0, 0, 0, 0, 0, 0, 0, 0, 0, 0, 0, 2, 0, 0, 0, 0, 0, 0, 0, 0, 0, 0, 0, 0, 0, 0, 0, 0, 0, 0, 0, 
98, 0, 1, 1, 0, 0, 1, 0, 0, 0, 0, 0, 1, 0, 0, 0, 0, 1, 1, 1, 0, 0, 1, 0, 0, 100, 10, 9, 9, 27, 1, 0, 0, 59, 1, 0, 0, 100, 1, 0, 0, 63, 9, 5, 3, 10, 3, 3, 3, 44, 2, 0, 1, 22, 2, 3, 2, 57, 6, 2, 9, 15, 1, 1, 0, 2, 4, 4, 8, 59, 0, 3, 0, 9, 5, 3, 6, 0, 0, 0, 0, 0, 0, 0, 0, 1, 0, 0, 0, 0, 0, 0, 0, 0, 0, 0, 0, 2, 0, 0, 0, 0, 0, 0, 0, 1, 0, 0, 0, 0, 0, 0, 0, 
99, 5, 0, 1, 3, 0, 0, 1, 0, 1, 0, 0, 0, 0, 0, 0, 1, 0, 1, 0, 0, 0, 1, 0, 0, 100, 11, 3, 8, 41, 4, 4, 0, 55, 0, 1, 0, 100, 2, 0, 2, 61, 3, 6, 9, 1, 4, 4, 4, 49, 0, 1, 0, 26, 2, 3, 2, 65, 6, 3, 0, 6, 1, 1, 0, 6, 6, 3, 4, 59, 1, 1, 0, 6, 4, 5, 4, 3, 0, 0, 0, 0, 0, 0, 0, 1, 0, 0, 0, 0, 0, 0, 0, 0, 0, 0, 0, 1, 0, 0, 0, 0, 0, 0, 0, 0, 0, 0, 0, 2, 0, 0, 0, 