0, 2, 0, 0, 0, 1, 0, 2, 2, 0, 1, 0, 0, 0, 1, 2, 2, 0, 0, 1, 0, 0, 0, 0, 0, 0, 0, 1, 0, 1, 0, 1, 2, 13, 4, 0, 3, 0, 1, 0, 0, 1, 0, 1, 0, 1, 0, 1, 0, 1, 0, 0, 0, 1, 1, 1, 4, 5, 2, 0, 1, 0, 0, 0, 0, 0, 1, 2, 2, 2, 0, 0, 0, 1, 1, 1, 3, 0, 0, 0, 0, 1, 0, 0, 0, 1, 0, 0, 0, 1, 0, 0, 0, 3, 0, 0, 0, 0, 0, 0, 0, 0, 0, 0, 0, 1, 0, 0, 0, 0, 0, 0, 0, 
1, 0, 0, 0, 0, 0, 1, 1, 0, 0, 1, 0, 0, 0, 0, 0, 1, 0, 0, 0, 0, 1, 0, 1, 0, 0, 3, 2, 0, 8, 1, 0, 1, 4, 2, 3, 3, 0, 0, 1, 3, 1, 2, 0, 2, 0, 0, 0, 1, 0, 1, 0, 1, 1, 1, 3, 2, 3, 1, 3, 3, 0, 1, 0, 1, 3, 0, 1, 0, 3, 6, 0, 2, 9, 3, 1, 0, 1, 0, 0, 0, 1, 0, 0, 0, 1, 0, 0, 0, 0, 0, 0, 0, 1, 0, 0, 0, 1, 0, 0, 0, 0, 0, 0, 0, 1, 0, 0, 0, 0, 0, 0, 0, 
2, 0, 0, 0, 0, 0, 0, 0, 0, 1, 2, 0, 0, 0, 0, 0, 0, 1, 0, 0, 1, 0, 1, 0, 0, 1, 0, 1, 1, 0, 3, 3, 2, 0, 2, 0, 1, 5, 6, 8, 3, 0, 0, 0, 0, 7, 4, 4, 0, 0, 1, 3, 0, 1, 0, 0, 0, 1, 3, 1, 2, 0, 2, 4, 0, 2, 1, 4, 1, 2, 4, 0, 0, 9, 1, 1, 0, 0, 0, 0, 0, 2, 0, 0, 0, 0, 0, 0, 0, 1, 0, 0, 0, 2, 0, 0, 0, 0, 0, 0, 0, 2, 0, 0, 0, 1, 0, 0, 0, 1, 0, 0, 0, 
3, 5, 1, 1, 2, 0, 2, 0, 3, 0, 0, 0, 0, 1, 0, 0, 0, 0, 0, 1, 1, 0, 0, 0, 0, 0, 0, 0, 0, 3, 2, 4, 3, 0, 2, 1, 0, 3, 6, 1, 2, 0, 0, 1, 0, 3, 2, 3, 0, 4, 1, 1, 1, 2, 0, 1, 0, 0, 3, 2, 0, 1, 2, 0, 1, 5, 4, 2, 1, 1, 2, 1, 1, 29, 2, 0, 0, 0, 0, 0, 0, 1, 0, 0, 0, 0, 0, 0, 0, 1, 0, 0, 0, 2, 0, 0, 0, 0, 0, 0, 0, 1, 0, 0, 0, 2, 0, 0, 0, 2, 0, 0, 0, 
4, 0, 0, 0, 0, 1, 1, 1, 1, 0, 0, 0, 0, 0, 1, 0, 0, 0, 0, 0, 0, 0, 0, 1, 0, 1, 0, 2, 1, 5, 3, 1, 1, 0, 0, 0, 0, 1, 7, 6, 1, 0, 0, 0, 0, 2, 1, 0, 1, 0, 1, 0, 0, 4, 0, 4, 0, 21, 1, 4, 3, 8, 3, 5, 4, 0, 3, 1, 2, 7, 2, 6, 2, 38, 1, 0, 0, 4, 0, 0, 0, 0, 0, 0, 0, 1, 0, 0, 0, 1, 0, 0, 0, 2, 0, 0, 0, 0, 0, 0, 0, 0, 0, 0, 0, 0, 0, 0, 0, 0, 0, 0, 0, 
5, 0, 1, 0, 0, 0, 0, 0, 0, 0, 0, 0, 1, 0, 0, 0, 0, 2, 0, 0, 2, 0, 0, 0, 0, 2, 0, 1, 2, 1, 0, 1, 0, 0, 0, 0, 0, 2, 1, 1, 2, 2, 2, 3, 6, 2, 0, 1, 1, 6, 0, 2, 2, 2, 0, 0, 1, 32, 2, 1, 2, 3, 4, 6, 7, 5, 4, 6, 2, 4, 6, 2, 1, 37, 0, 0, 3, 0, 0, 0, 0, 1, 0, 0, 0, 0, 0, 0, 0, 1, 0, 0, 0, 0, 0, 0, 0, 0, 0, 0, 0, 1, 0, 0, 0, 3, 0, 0, 0, 4, 0, 0, 0, 
6, 3, 4, 4, 2, 1, 1, 0, 1, 0, 0, 1, 0, 0, 0, 1, 0, 1, 1, 1, 1, 0, 0, 0, 0, 1, 0, 0, 0, 1, 0, 1, 1, 0, 0, 1, 0, 0, 1, 3, 3, 11, 6, 1, 4, 0, 0, 0, 0, 3, 3, 1, 4, 5, 0, 2, 3, 42, 1, 1, 3, 6, 6, 6, 4, 3, 5, 0, 1, 0, 2, 1, 0, 40, 4, 1, 0, 0, 0, 0, 0, 0, 0, 0, 0, 1, 0, 0, 0, 0, 0, 0, 0, 1, 0, 0, 0, 0, 0, 0, 0, 0, 0, 0, 0, 2, 0, 0, 0, 2, 0, 0, 0, 
7, 0, 2, 3, 2, 2, 0, 0, 0, 0, 0, 0, 0, 0, 0, 0, 0, 1, 0, 0, 0, 0, 1, 0, 1, 3, 2, 0, 0, 1, 2, 3, 1, 1, 3, 0, 1, 8, 0, 5, 1, 20, 5, 4, 1, 0, 2, 0, 0, 0, 3, 2, 2, 0, 0, 0, 0, 42, 3, 2, 3, 15, 7, 7, 8, 3, 2, 2, 0, 2, 3, 3, 6, 43, 1, 0, 1, 0, 0, 0, 0, 0, 0, 0, 0, 0, 0, 0, 0, 0, 0, 0, 0, 2, 0, 0, 0, 0, 0, 0, 0, 3, 0, 0, 0, 1, 0, 0, 0, 0, 0, 0, 0, 
8, 0, 1, 0, 1, 0, 0, 0, 0, 0, 0, 0, 0, 0, 0, 0, 0, 0, 0, 0, 2, 0, 0, 1, 2, 2, 4, 2, 1, 3, 1, 3, 3, 3, 2, 1, 1, 16, 2, 0, 2, 17, 1, 4, 3, 0, 2, 1, 1, 1, 4, 0, 1, 5, 0, 2, 2, 33, 1, 1, 1, 46, 6, 7, 3, 2, 2, 4, 2, 0, 2, 1, 3, 36, 0, 0, 1, 1, 0, 0, 0, 2, 0, 0, 0, 1, 0, 0, 0, 0, 0, 0, 0, 0, 0, 0, 0, 1, 0, 0, 0, 0, 0, 0, 0, 0, 0, 0, 0, 0, 0, 0, 0, 
9, 1, 1, 0, 0, 0, 1, 1, 1, 3, 0, 1, 0, 2, 2, 2, 1, 0, 2, 1, 0, 0, 0, 0, 1, 11, 0, 1, 1, 1, 2, 1, 3, 11, 3, 1, 1, 7, 0, 1, 1, 18, 2, 4, 3, 0, 0, 2, 0, 10, 5, 2, 0, 1, 1, 1, 0, 19, 1, 5, 0, 51, 7, 5, 3, 3, 3, 1, 0, 1, 0, 0, 0, 32, 1, 2, 0, 4, 0, 0, 0, 2, 0, 0, 0, 0, 0, 0, 0, 2, 0, 0, 0, 1, 0, 0, 0, 1, 0, 0, 0, 0, 0, 0, 0, 0, 0, 0, 0, 3, 0, 0, 0, 
10, 2, 2, 3, 4, 0, 0, 0, 0, 2, 0, 0, 0, 0, 0, 0, 0, 1, 1, 2, 0, 0, 0, 1, 0, 1, 0, 0, 0, 5, 4, 0, 1, 17, 4, 1, 1, 14, 2, 2, 1, 14, 4, 0, 5, 1, 2, 4, 2, 16, 3, 2, 2, 3, 2, 2, 4, 30, 1, 1, 4, 44, 2, 8, 3, 0, 0, 1, 1, 0, 2, 1, 1, 34, 1, 2, 1, 1, 0, 0, 0, 0, 0, 0, 0, 3, 0, 0, 0, 0, 0, 0, 0, 1, 0, 0, 0, 2, 0, 0, 0, 3, 0, 0, 0, 2, 0, 0, 0, 0, 0, 0, 0, 
11, 0, 2, 1, 2, 1, 0, 3, 0, 0, 0, 0, 0, 3, 0, 2, 0, 0, 0, 1, 0, 0, 0, 0, 0, 1, 1, 0, 2, 3, 0, 0, 0, 28, 3, 3, 1, 1, 1, 1, 2, 19, 4, 1, 4, 0, 0, 0, 0, 10, 1, 3, 3, 1, 0, 0, 0, 44, 1, 1, 4, 40, 4, 4, 3, 0, 2, 0, 0, 0, 2, 0, 1, 39, 1, 0, 1, 1, 0, 0, 0, 1, 0, 0, 0, 3, 0, 0, 0, 1, 0, 0, 0, 1, 0, 0, 0, 0, 0, 0, 0, 0, 0, 0, 0, 2, 0, 0, 0, 2, 0, 0, 0, 
12, 0, 0, 0, 0, 1, 1, 1, 1, 0, 0, 0, 0, 0, 2, 1, 1, 1, 1, 1, 1, 0, 1, 0, 0, 1, 1, 0, 1, 3, 1, 5, 3, 30, 4, 3, 0, 2, 2, 1, 1, 25, 4, 1, 4, 4, 1, 1, 1, 4, 1, 3, 3, 9, 4, 1, 0, 54, 4, 2, 2, 31, 2, 4, 7, 1, 0, 1, 0, 0, 0, 0, 0, 32, 0, 0, 2, 0, 0, 0, 0, 1, 0, 0, 0, 0, 0, 0, 0, 0, 0, 0, 0, 2, 0, 0, 0, 1, 0, 0, 0, 0, 0, 0, 0, 1, 0, 0, 0, 2, 0, 0, 0, 
13, 1, 0, 0, 0, 0, 1, 0, 0, 0, 1, 0, 0, 0, 0, 1, 0, 0, 0, 0, 0, 0, 0, 0, 0, 9, 4, 0, 1, 6, 8, 4, 2, 32, 1, 3, 0, 2, 2, 1, 5, 15, 3, 1, 2, 2, 1, 0, 0, 3, 2, 2, 2, 9, 2, 3, 0, 62, 5, 3, 1, 27, 8, 2, 7, 3, 1, 1, 2, 0, 1, 1, 1, 30, 2, 2, 0, 0, 0, 0, 0, 0, 0, 0, 0, 0, 0, 0, 0, 1, 0, 0, 0, 1, 0, 0, 0, 7, 0, 0, 0, 0, 0, 0, 0, 2, 0, 0, 0, 0, 0, 0, 0, 
14, 0, 1, 2, 1, 1, 0, 0, 0, 0, 0, 0, 0, 0, 0, 0, 0, 1, 1, 1, 0, 0, 0, 0, 0, 16, 2, 2, 0, 6, 6, 9, 8, 22, 2, 1, 1, 1, 2, 1, 1, 12, 4, 5, 3, 6, 0, 1, 0, 2, 2, 2, 2, 5, 0, 3, 4, 65, 2, 0, 2, 26, 4, 2, 3, 3, 0, 1, 0, 14, 5, 2, 1, 31, 0, 0, 0, 0, 0, 0, 0, 1, 0, 0, 0, 2, 0, 0, 0, 1, 0, 0, 0, 1, 0, 0, 0, 1, 0, 0, 0, 1, 0, 0, 0, 0, 0, 0, 0, 1, 0, 0, 0, 
15, 0, 0, 0, 0, 9, 0, 2, 1, 0, 1, 1, 1, 0, 2, 1, 0, 1, 0, 0, 0, 1, 2, 1, 0, 21, 3, 1, 3, 7, 5, 4, 6, 31, 1, 2, 1, 2, 0, 1, 0, 19, 3, 6, 4, 11, 2, 0, 0, 1, 0, 0, 0, 9, 2, 3, 0, 62, 2, 2, 1, 3, 4, 3, 5, 4, 3, 3, 5, 13, 4, 4, 0, 36, 0, 0, 1, 2, 0, 0, 0, 1, 0, 0, 0, 0, 0, 0, 0, 0, 0, 0, 0, 0, 0, 0, 0, 2, 0, 0, 0, 0, 0, 0, 0, 1, 0, 0, 0, 0, 0, 0, 0, 
16, 0, 0, 2, 0, 6, 0, 1, 0, 0, 0, 0, 0, 1, 3, 1, 1, 1, 2, 0, 0, 0, 0, 0, 0, 9, 2, 3, 1, 8, 7, 7, 5, 31, 0, 2, 1, 1, 0, 1, 1, 17, 1, 8, 4, 19, 0, 1, 0, 1, 3, 3, 4, 19, 3, 2, 1, 52, 4, 1, 0, 0, 1, 0, 3, 1, 0, 0, 0, 36, 3, 2, 1, 31, 0, 0, 0, 0, 0, 0, 0, 1, 0, 0, 0, 1, 0, 0, 0, 2, 0, 0, 0, 0, 0, 0, 0, 0, 0, 0, 0, 0, 0, 0, 0, 1, 0, 0, 0, 1, 0, 0, 0, 
17, 1, 0, 0, 0, 1, 0, 1, 0, 1, 0, 0, 0, 1, 0, 0, 0, 0, 0, 0, 0, 0, 1, 1, 0, 11, 1, 2, 1, 9, 6, 12, 11, 30, 2, 1, 1, 1, 7, 7, 3, 28, 4, 4, 1, 5, 0, 0, 0, 11, 4, 3, 2, 18, 1, 1, 1, 55, 0, 5, 0, 5, 1, 1, 2, 2, 0, 2, 2, 35, 5, 0, 1, 19, 5, 1, 1, 1, 0, 0, 0, 0, 0, 0, 0, 1, 0, 0, 0, 0, 0, 0, 0, 1, 0, 0, 0, 3, 0, 0, 0, 2, 0, 0, 0, 1, 0, 0, 0, 0, 0, 0, 0, 
18, 0, 0, 0, 0, 1, 0, 1, 0, 0, 0, 1, 0, 0, 0, 1, 0, 0, 1, 0, 0, 0, 0, 1, 2, 1, 0, 1, 1, 7, 11, 14, 7, 28, 3, 1, 2, 8, 4, 5, 3, 14, 4, 2, 3, 0, 1, 1, 0, 2, 2, 3, 0, 18, 0, 0, 3, 52, 3, 3, 0, 1, 2, 1, 2, 11, 3, 7, 6, 30, 1, 0, 1, 27, 0, 0, 0, 0, 0, 0, 0, 0, 0, 0, 0, 1, 0, 0, 0, 2, 0, 0, 0, 1, 0, 0, 0, 3, 0, 0, 0, 0, 0, 0, 0, 2, 0, 0, 0, 0, 0, 0, 0, 
19, 0, 1, 0, 3, 0, 0, 0, 0, 0, 0, 0, 2, 0, 0, 0, 0, 3, 1, 0, 1, 0, 1, 0, 0, 4, 0, 1, 0, 9, 8, 9, 10, 11, 3, 2, 3, 2, 0, 0, 1, 6, 4, 1, 2, 4, 4, 1, 1, 9, 4, 0, 1, 16, 3, 2, 1, 46, 2, 2, 2, 4, 5, 2, 3, 12, 1, 1, 2, 21, 2, 2, 1, 27, 1, 2, 1, 1, 0, 0, 0, 1, 0, 0, 0, 2, 0, 0, 0, 0, 0, 0, 0, 0, 0, 0, 0, 0, 0, 0, 0, 5, 0, 0, 0, 4, 0, 0, 0, 1, 0, 0, 0, 
20, 0, 0, 0, 0, 0, 0, 1, 1, 0, 0, 0, 0, 0, 1, 0, 0, 1, 0, 0, 2, 0, 0, 0, 1, 1, 1, 1, 1, 10, 11, 9, 8, 9, 0, 2, 1, 13, 0, 1, 1, 0, 3, 3, 0, 0, 1, 0, 0, 27, 1, 0, 0, 2, 1, 3, 0, 39, 2, 0, 1, 7, 2, 6, 2, 13, 9, 6, 3, 10, 0, 0, 3, 27, 0, 0, 1, 0, 0, 0, 0, 0, 0, 0, 0, 0, 0, 0, 0, 1, 0, 0, 0, 1, 0, 0, 0, 0, 0, 0, 0, 0, 0, 0, 0, 1, 0, 0, 0, 0, 0, 0, 0, 
21, 1, 0, 0, 0, 1, 0, 0, 0, 0, 2, 0, 0, 1, 0, 0, 0, 1, 0, 0, 0, 0, 0, 0, 1, 3, 1, 0, 0, 23, 11, 5, 2, 12, 3, 0, 3, 8, 1, 3, 0, 1, 2, 1, 1, 1, 0, 1, 0, 22, 1, 0, 2, 3, 4, 5, 3, 43, 2, 0, 2, 4, 2, 6, 6, 6, 10, 4, 4, 0, 0, 1, 1, 32, 0, 0, 0, 1, 0, 0, 0, 2, 0, 0, 0, 0, 0, 0, 0, 1, 0, 0, 0, 0, 0, 0, 0, 0, 0, 0, 0, 0, 0, 0, 0, 0, 0, 0, 0, 2, 0, 0, 0, 
22, 0, 1, 0, 0, 0, 2, 0, 0, 2, 0, 1, 1, 0, 0, 0, 0, 1, 0, 0, 0, 0, 0, 0, 0, 2, 1, 2, 2, 23, 10, 8, 7, 22, 0, 1, 8, 1, 1, 0, 0, 2, 2, 2, 1, 2, 2, 3, 1, 19, 0, 0, 0, 13, 4, 4, 0, 43, 3, 2, 0, 3, 1, 4, 2, 1, 1, 4, 4, 1, 0, 2, 2, 23, 3, 1, 0, 1, 0, 0, 0, 1, 0, 0, 0, 1, 0, 0, 0, 1, 0, 0, 0, 2, 0, 0, 0, 0, 0, 0, 0, 1, 0, 0, 0, 1, 0, 0, 0, 2, 0, 0, 0, 
23, 1, 1, 1, 0, 0, 0, 0, 0, 2, 0, 0, 0, 0, 0, 2, 1, 0, 0, 0, 1, 1, 0, 1, 0, 2, 0, 1, 0, 20, 4, 5, 11, 27, 6, 3, 0, 1, 1, 1, 0, 1, 1, 0, 1, 2, 1, 2, 3, 11, 2, 1, 0, 14, 3, 4, 4, 53, 6, 3, 1, 1, 1, 2, 0, 1, 2, 2, 1, 1, 0, 1, 0, 21, 2, 3, 0, 0, 0, 0, 0, 2, 0, 0, 0, 0, 0, 0, 0, 0, 0, 0, 0, 0, 0, 0, 0, 1, 0, 0, 0, 0, 0, 0, 0, 0, 0, 0, 0, 0, 0, 0, 0, 
24, 1, 2, 1, 1, 1, 3, 2, 1, 0, 0, 0, 0, 0, 0, 0, 0, 1, 0, 0, 0, 0, 0, 1, 0, 2, 0, 0, 1, 20, 12, 10, 7, 21, 0, 3, 1, 2, 2, 3, 2, 5, 2, 0, 2, 4, 0, 3, 1, 6, 1, 1, 1, 9, 3, 3, 2, 61, 1, 2, 2, 2, 2, 0, 1, 2, 1, 2, 1, 0, 3, 5, 0, 13, 0, 0, 0, 0, 0, 0, 0, 1, 0, 0, 0, 0, 0, 0, 0, 0, 0, 0, 0, 1, 0, 0, 0, 0, 0, 0, 0, 1, 0, 0, 0, 1, 0, 0, 0, 0, 0, 0, 0, 
25, 2, 0, 1, 0, 0, 0, 0, 0, 0, 0, 0, 0, 2, 1, 2, 0, 0, 1, 0, 0, 0, 2, 1, 1, 1, 1, 2, 6, 24, 12, 3, 13, 7, 0, 3, 0, 2, 0, 2, 0, 2, 2, 2, 0, 0, 1, 0, 0, 10, 0, 1, 2, 12, 5, 3, 3, 64, 3, 7, 1, 0, 0, 0, 0, 6, 5, 1, 4, 1, 3, 1, 0, 8, 1, 0, 1, 1, 0, 0, 0, 1, 0, 0, 0, 1, 0, 0, 0, 0, 0, 0, 0, 1, 0, 0, 0, 1, 0, 0, 0, 0, 0, 0, 0, 0, 0, 0, 0, 0, 0, 0, 0, 
26, 0, 0, 0, 0, 1, 1, 1, 0, 2, 0, 0, 0, 2, 0, 0, 0, 0, 0, 0, 0, 0, 0, 0, 0, 0, 1, 1, 1, 17, 13, 9, 12, 6, 1, 1, 1, 8, 3, 0, 0, 3, 2, 1, 1, 4, 3, 2, 1, 3, 2, 1, 1, 13, 3, 2, 3, 72, 3, 3, 0, 1, 0, 2, 1, 1, 2, 2, 0, 16, 3, 0, 4, 1, 2, 0, 0, 1, 0, 0, 0, 1, 0, 0, 0, 1, 0, 0, 0, 1, 0, 0, 0, 1, 0, 0, 0, 0, 0, 0, 0, 3, 0, 0, 0, 0, 0, 0, 0, 0, 0, 0, 0, 
27, 0, 0, 0, 0, 0, 2, 0, 0, 0, 1, 0, 0, 0, 1, 2, 1, 0, 0, 0, 0, 1, 0, 0, 0, 1, 0, 3, 0, 38, 8, 12, 7, 14, 0, 0, 0, 10, 1, 1, 0, 2, 2, 1, 1, 3, 4, 0, 1, 8, 6, 1, 2, 7, 5, 6, 2, 71, 5, 2, 1, 1, 3, 1, 2, 2, 2, 1, 1, 15, 4, 5, 2, 0, 2, 1, 1, 2, 0, 0, 0, 1, 0, 0, 0, 0, 0, 0, 0, 0, 0, 0, 0, 0, 0, 0, 0, 1, 0, 0, 0, 0, 0, 0, 0, 1, 0, 0, 0, 0, 0, 0, 0, 
28, 0, 0, 0, 0, 0, 0, 1, 0, 0, 2, 2, 1, 0, 0, 0, 0, 0, 1, 0, 0, 1, 0, 2, 1, 2, 0, 0, 1, 39, 11, 9, 9, 9, 0, 0, 3, 10, 1, 1, 2, 3, 2, 3, 1, 3, 6, 3, 6, 5, 2, 1, 3, 18, 5, 3, 2, 71, 3, 1, 2, 3, 3, 6, 3, 1, 1, 0, 1, 18, 4, 3, 2, 4, 2, 2, 1, 1, 0, 0, 0, 1, 0, 0, 0, 1, 0, 0, 0, 2, 0, 0, 0, 0, 0, 0, 0, 0, 0, 0, 0, 0, 0, 0, 0, 1, 0, 0, 0, 2, 0, 0, 0, 
29, 4, 1, 2, 1, 0, 1, 0, 0, 1, 0, 1, 2, 0, 0, 0, 1, 1, 0, 1, 0, 0, 0, 1, 0, 1, 2, 0, 2, 40, 10, 12, 5, 2, 1, 0, 0, 16, 0, 1, 0, 2, 1, 0, 1, 3, 4, 5, 1, 4, 2, 0, 3, 9, 3, 2, 1, 70, 1, 3, 0, 1, 1, 2, 3, 0, 0, 1, 4, 9, 1, 1, 6, 1, 1, 0, 1, 0, 0, 0, 0, 0, 0, 0, 0, 2, 0, 0, 0, 0, 0, 0, 0, 2, 0, 0, 0, 0, 0, 0, 0, 0, 0, 0, 0, 1, 0, 0, 0, 0, 0, 0, 0, 
30, 0, 0, 1, 0, 0, 0, 1, 0, 2, 0, 0, 1, 2, 1, 0, 1, 1, 1, 0, 1, 4, 0, 0, 0, 0, 0, 0, 0, 42, 5, 8, 5, 7, 1, 2, 0, 1, 0, 1, 0, 1, 2, 1, 3, 3, 4, 3, 5, 1, 0, 0, 2, 3, 0, 1, 2, 66, 0, 0, 3, 0, 0, 1, 3, 13, 4, 0, 0, 21, 3, 2, 6, 3, 1, 5, 3, 1, 0, 0, 0, 0, 0, 0, 0, 0, 0, 0, 0, 1, 0, 0, 0, 0, 0, 0, 0, 1, 0, 0, 0, 0, 0, 0, 0, 1, 0, 0, 0, 3, 0, 0, 0, 
31, 0, 0, 1, 0, 0, 2, 1, 0, 1, 0, 1, 1, 3, 0, 2, 1, 1, 0, 0, 0, 2, 1, 1, 2, 0, 1, 2, 0, 28, 6, 8, 9, 16, 0, 0, 0, 0, 2, 2, 3, 4, 2, 2, 2, 5, 12, 5, 8, 6, 2, 2, 2, 1, 0, 0, 0, 52, 2, 1, 2, 2, 1, 0, 0, 17, 0, 0, 0, 20, 3, 4, 2, 3, 0, 0, 0, 0, 0, 0, 0, 1, 0, 0, 0, 0, 0, 0, 0, 0, 0, 0, 0, 1, 0, 0, 0, 1, 0, 0, 0, 5, 0, 0, 0, 0, 0, 0, 0, 4, 0, 0, 0, 
32, 1, 1, 0, 1, 0, 0, 1, 0, 0, 0, 0, 0, 0, 0, 0, 0, 0, 0, 0, 1, 0, 0, 0, 0, 2, 3, 3, 2, 28, 11, 14, 6, 22, 1, 0, 3, 0, 0, 0, 1, 7, 2, 5, 4, 12, 7, 7, 2, 2, 0, 0, 0, 1, 5, 4, 3, 61, 9, 3, 2, 3, 3, 3, 6, 13, 0, 0, 0, 11, 6, 3, 3, 3, 2, 4, 3, 0, 0, 0, 0, 0, 0, 0, 0, 2, 0, 0, 0, 0, 0, 0, 0, 2, 0, 0, 0, 0, 0, 0, 0, 0, 0, 0, 0, 0, 0, 0, 0, 2, 0, 0, 0, 
33, 0, 1, 0, 0, 0, 0, 0, 0, 0, 0, 0, 0, 0, 2, 1, 0, 0, 0, 0, 0, 0, 0, 1, 1, 0, 2, 0, 2, 37, 11, 11, 5, 6, 1, 1, 1, 0, 3, 4, 1, 0, 0, 1, 0, 7, 2, 5, 7, 0, 0, 0, 3, 10, 4, 1, 3, 79, 7, 2, 2, 4, 2, 4, 5, 0, 1, 1, 1, 26, 7, 3, 2, 0, 0, 0, 0, 1, 0, 0, 0, 2, 0, 0, 0, 1, 0, 0, 0, 0, 0, 0, 0, 0, 0, 0, 0, 2, 0, 0, 0, 1, 0, 0, 0, 2, 0, 0, 0, 1, 0, 0, 0, 
34, 9, 0, 1, 1, 0, 1, 1, 0, 1, 0, 0, 2, 0, 0, 1, 1, 1, 0, 0, 0, 0, 0, 0, 1, 7, 6, 3, 2, 41, 9, 4, 9, 1, 0, 0, 0, 3, 2, 2, 3, 3, 0, 0, 1, 1, 1, 5, 5, 0, 1, 0, 0, 1, 0, 1, 3, 89, 2, 4, 2, 5, 11, 5, 3, 0, 1, 1, 1, 18, 1, 6, 2, 1, 0, 0, 0, 3, 0, 0, 0, 2, 0, 0, 0, 0, 0, 0, 0, 1, 0, 0, 0, 1, 0, 0, 0, 0, 0, 0, 0, 0, 0, 0, 0, 0, 0, 0, 0, 0, 0, 0, 0, 
35, 1, 0, 1, 0, 0, 0, 0, 0, 0, 0, 0, 0, 2, 1, 2, 1, 0, 0, 0, 0, 0, 0, 0, 0, 12, 8, 3, 0, 31, 11, 9, 4, 2, 1, 0, 2, 2, 2, 2, 3, 0, 0, 0, 1, 3, 1, 3, 2, 1, 1, 2, 1, 10, 6, 1, 4, 91, 2, 1, 1, 5, 7, 5, 7, 4, 3, 1, 0, 23, 2, 1, 4, 0, 1, 1, 0, 1, 0, 0, 0, 0, 0, 0, 0, 0, 0, 0, 0, 0, 0, 0, 0, 0, 0, 0, 0, 0, 0, 0, 0, 4, 0, 0, 0, 0, 0, 0, 0, 1, 0, 0, 0, 
36, 0, 0, 0, 2, 0, 1, 0, 1, 1, 0, 2, 0, 1, 1, 1, 1, 0, 0, 0, 1, 0, 0, 0, 0, 2, 2, 1, 2, 22, 3, 9, 13, 2, 0, 0, 0, 0, 0, 0, 2, 1, 2, 1, 2, 6, 2, 3, 0, 1, 1, 0, 0, 9, 11, 5, 13, 79, 0, 2, 2, 6, 2, 5, 5, 0, 1, 0, 0, 12, 4, 2, 4, 2, 3, 2, 1, 0, 0, 0, 0, 0, 0, 0, 0, 0, 0, 0, 0, 1, 0, 0, 0, 0, 0, 0, 0, 1, 0, 0, 0, 0, 0, 0, 0, 0, 0, 0, 0, 6, 0, 0, 0, 
37, 0, 0, 0, 0, 0, 0, 2, 0, 1, 0, 1, 0, 0, 0, 0, 0, 1, 0, 1, 0, 0, 0, 1, 1, 8, 2, 1, 2, 26, 13, 11, 9, 9, 1, 3, 2, 0, 1, 1, 0, 0, 1, 1, 1, 1, 0, 1, 1, 7, 2, 0, 0, 26, 8, 12, 7, 92, 7, 2, 2, 0, 1, 0, 0, 1, 0, 1, 2, 8, 1, 4, 0, 8, 3, 2, 3, 0, 0, 0, 0, 0, 0, 0, 0, 0, 0, 0, 0, 5, 0, 0, 0, 1, 0, 0, 0, 0, 0, 0, 0, 0, 0, 0, 0, 3, 0, 0, 0, 1, 0, 0, 0, 
38, 0, 1, 0, 0, 0, 1, 0, 0, 0, 0, 0, 0, 1, 0, 2, 0, 0, 1, 2, 0, 0, 0, 0, 0, 1, 3, 2, 2, 30, 8, 5, 5, 5, 4, 2, 3, 1, 1, 1, 1, 0, 0, 0, 0, 2, 3, 0, 1, 0, 1, 0, 0, 26, 7, 10, 7, 100, 13, 2, 1, 0, 0, 0, 1, 0, 0, 1, 0, 16, 0, 2, 1, 11, 11, 5, 4, 1, 0, 0, 0, 1, 0, 0, 0, 2, 0, 0, 0, 0, 0, 0, 0, 1, 0, 0, 0, 1, 0, 0, 0, 0, 0, 0, 0, 1, 0, 0, 0, 1, 0, 0, 0, 
39, 0, 0, 0, 0, 2, 2, 2, 2, 5, 1, 2, 0, 0, 0, 0, 0, 0, 0, 0, 0, 0, 2, 1, 2, 0, 1, 0, 0, 30, 8, 4, 8, 2, 0, 0, 0, 2, 4, 3, 0, 2, 1, 1, 3, 3, 1, 0, 1, 0, 0, 0, 0, 26, 4, 6, 4, 100, 2, 0, 1, 0, 1, 0, 1, 0, 1, 1, 0, 8, 4, 5, 1, 6, 5, 6, 6, 0, 0, 0, 0, 2, 0, 0, 0, 3, 0, 0, 0, 2, 0, 0, 0, 0, 0, 0, 0, 1, 0, 0, 0, 0, 0, 0, 0, 0, 0, 0, 0, 0, 0, 0, 0, 
40, 1, 0, 0, 0, 1, 0, 2, 4, 1, 1, 0, 0, 1, 0, 1, 0, 0, 0, 1, 0, 2, 0, 0, 2, 8, 0, 0, 0, 37, 7, 10, 7, 0, 0, 0, 0, 1, 3, 1, 1, 6, 3, 0, 1, 9, 1, 0, 0, 13, 0, 0, 0, 15, 8, 8, 10, 100, 4, 3, 2, 2, 2, 5, 4, 8, 5, 0, 2, 3, 2, 4, 2, 4, 5, 5, 4, 1, 0, 0, 0, 0, 0, 0, 0, 0, 0, 0, 0, 1, 0, 0, 0, 1, 0, 0, 0, 2, 0, 0, 0, 0, 0, 0, 0, 0, 0, 0, 0, 0, 0, 0, 0, 
41, 0, 0, 0, 1, 0, 1, 0, 0, 0, 1, 1, 1, 0, 1, 0, 0, 3, 0, 0, 0, 0, 1, 0, 0, 3, 0, 0, 2, 46, 13, 8, 8, 0, 1, 3, 2, 3, 3, 3, 1, 2, 0, 1, 0, 16, 0, 1, 0, 0, 0, 0, 3, 22, 6, 5, 6, 100, 2, 4, 0, 9, 5, 4, 1, 13, 5, 2, 2, 0, 0, 2, 0, 3, 4, 5, 4, 0, 0, 0, 0, 2, 0, 0, 0, 1, 0, 0, 0, 2, 0, 0, 0, 0, 0, 0, 0, 0, 0, 0, 0, 0, 0, 0, 0, 3, 0, 0, 0, 0, 0, 0, 0, 
42, 0, 0, 0, 0, 3, 2, 0, 1, 0, 0, 0, 0, 0, 0, 0, 0, 1, 1, 0, 3, 0, 0, 0, 0, 2, 1, 1, 0, 62, 8, 7, 10, 3, 3, 5, 2, 0, 8, 2, 1, 14, 2, 1, 1, 17, 0, 1, 2, 1, 1, 2, 0, 12, 7, 4, 4, 100, 3, 1, 2, 5, 6, 1, 0, 22, 4, 4, 1, 3, 3, 2, 4, 1, 3, 2, 2, 1, 0, 0, 0, 3, 0, 0, 0, 1, 0, 0, 0, 2, 0, 0, 0, 1, 0, 0, 0, 0, 0, 0, 0, 1, 0, 0, 0, 0, 0, 0, 0, 0, 0, 0, 0, 
43, 1, 0, 2, 0, 0, 2, 0, 0, 1, 2, 4, 0, 1, 2, 0, 2, 0, 0, 0, 1, 1, 1, 0, 0, 0, 1, 1, 1, 59, 11, 14, 10, 2, 2, 1, 1, 6, 4, 3, 2, 29, 0, 1, 0, 19, 0, 1, 0, 0, 0, 0, 1, 11, 7, 11, 12, 100, 3, 0, 1, 3, 4, 2, 1, 16, 3, 0, 3, 2, 2, 3, 0, 4, 1, 1, 3, 0, 0, 0, 0, 3, 0, 0, 0, 1, 0, 0, 0, 1, 0, 0, 0, 2, 0, 0, 0, 2, 0, 0, 0, 0, 0, 0, 0, 0, 0, 0, 0, 1, 0, 0, 0, 
44, 0, 3, 0, 2, 0, 1, 0, 0, 0, 1, 0, 0, 0, 0, 0, 0, 0, 0, 0, 1, 2, 1, 0, 1, 4, 6, 1, 0, 70, 2, 11, 5, 2, 1, 1, 0, 2, 1, 3, 1, 44, 2, 0, 0, 21, 0, 0, 0, 3, 0, 0, 2, 11, 8, 15, 12, 100, 1, 2, 0, 3, 1, 2, 5, 14, 3, 1, 2, 1, 3, 3, 2, 12, 4, 1, 2, 0, 0, 0, 0, 1, 0, 0, 0, 1, 0, 0, 0, 1, 0, 0, 0, 2, 0, 0, 0, 1, 0, 0, 0, 0, 0, 0, 0, 0, 0, 0, 0, 0, 0, 0, 0, 
45, 0, 0, 1, 0, 0, 0, 0, 0, 0, 2, 0, 1, 0, 3, 0, 0, 1, 1, 0, 0, 0, 0, 1, 1, 3, 0, 0, 0, 53, 8, 7, 13, 9, 2, 1, 0, 1, 0, 0, 0, 32, 1, 0, 1, 16, 0, 0, 1, 11, 1, 1, 2, 19, 18, 19, 15, 100, 2, 0, 0, 1, 0, 0, 1, 0, 1, 2, 1, 4, 3, 8, 2, 14, 4, 2, 2, 2, 0, 0, 0, 0, 0, 0, 0, 2, 0, 0, 0, 0, 0, 0, 0, 4, 0, 0, 0, 0, 0, 0, 0, 1, 0, 0, 0, 1, 0, 0, 0, 1, 0, 0, 0, 
46, 2, 0, 0, 3, 1, 0, 0, 0, 0, 3, 1, 1, 0, 0, 1, 0, 0, 0, 0, 0, 0, 0, 1, 1, 0, 1, 0, 0, 56, 9, 8, 7, 14, 0, 0, 1, 2, 2, 1, 2, 41, 0, 0, 2, 5, 2, 1, 1, 3, 2, 1, 2, 35, 12, 10, 12, 100, 3, 2, 1, 1, 3, 2, 0, 2, 5, 5, 2, 7, 6, 2, 0, 6, 3, 1, 2, 1, 0, 0, 0, 0, 0, 0, 0, 1, 0, 0, 0, 1, 0, 0, 0, 0, 0, 0, 0, 0, 0, 0, 0, 0, 0, 0, 0, 1, 0, 0, 0, 0, 0, 0, 0, 
47, 0, 0, 2, 1, 0, 2, 0, 0, 0, 0, 1, 0, 0, 1, 0, 0, 0, 0, 0, 0, 0, 1, 0, 0, 0, 1, 1, 0, 40, 10, 9, 9, 0, 0, 0, 0, 8, 5, 1, 0, 53, 4, 1, 1, 7, 2, 4, 2, 2, 3, 1, 2, 25, 18, 8, 14, 100, 2, 0, 2, 6, 4, 7, 3, 2, 0, 2, 1, 7, 5, 8, 7, 0, 1, 0, 0, 0, 0, 0, 0, 0, 0, 0, 0, 0, 0, 0, 0, 1, 0, 0, 0, 0, 0, 0, 0, 0, 0, 0, 0, 1, 0, 0, 0, 1, 0, 0, 0, 0, 0, 0, 0, 
48, 1, 0, 0, 1, 0, 0, 1, 1, 0, 1, 1, 0, 0, 0, 0, 0, 0, 0, 0, 0, 1, 0, 0, 1, 9, 1, 3, 2, 39, 10, 6, 8, 0, 0, 3, 1, 4, 5, 5, 6, 64, 0, 0, 0, 1, 1, 2, 3, 4, 4, 0, 3, 22, 12, 21, 12, 100, 0, 0, 0, 1, 0, 1, 0, 1, 2, 3, 2, 4, 4, 4, 5, 2, 3, 4, 8, 1, 0, 0, 0, 0, 0, 0, 0, 0, 0, 0, 0, 0, 0, 0, 0, 1, 0, 0, 0, 0, 0, 0, 0, 2, 0, 0, 0, 0, 0, 0, 0, 0, 0, 0, 0, 
49, 0, 0, 1, 0, 2, 0, 1, 0, 0, 0, 0, 0, 0, 0, 0, 1, 0, 1, 0, 0, 1, 4, 0, 0, 21, 2, 1, 3, 42, 15, 8, 9, 2, 1, 2, 2, 6, 3, 2, 5, 56, 1, 1, 0, 0, 1, 0, 1, 12, 2, 0, 2, 20, 16, 17, 13, 99, 3, 1, 1, 3, 4, 0, 2, 3, 1, 1, 2, 10, 7, 3, 1, 12, 5, 5, 8, 1, 0, 0, 0, 0, 0, 0, 0, 1, 0, 0, 0, 0, 0, 0, 0, 0, 0, 0, 0, 0, 0, 0, 0, 1, 0, 0, 0, 0, 0, 0, 0, 1, 0, 0, 0, 
50, 2, 0, 2, 5, 1, 0, 3, 0, 0, 0, 0, 0, 0, 0, 0, 0, 2, 0, 1, 1, 0, 1, 1, 1, 16, 0, 3, 1, 39, 4, 6, 10, 4, 1, 2, 2, 6, 3, 1, 3, 57, 0, 0, 0, 6, 1, 2, 0, 7, 1, 1, 2, 29, 23, 19, 16, 89, 3, 2, 3, 2, 1, 0, 0, 3, 2, 3, 3, 3, 1, 3, 3, 8, 4, 8, 8, 1, 0, 0, 0, 5, 0, 0, 0, 0, 0, 0, 0, 0, 0, 0, 0, 0, 0, 0, 0, 0, 0, 0, 0, 0, 0, 0, 0, 1, 0, 0, 0, 0, 0, 0, 0, 
51, 0, 0, 1, 0, 2, 1, 0, 3, 0, 0, 0, 0, 0, 0, 0, 1, 1, 0, 0, 0, 1, 0, 0, 0, 13, 3, 0, 1, 29, 9, 8, 8, 2, 0, 0, 1, 3, 4, 7, 1, 45, 2, 2, 0, 1, 2, 0, 1, 8, 0, 2, 1, 46, 11, 16, 8, 95, 1, 2, 2, 3, 0, 2, 1, 12, 2, 6, 2, 3, 4, 4, 3, 4, 10, 6, 4, 0, 0, 0, 0, 2, 0, 0, 0, 1, 0, 0, 0, 0, 0, 0, 0, 1, 0, 0, 0, 0, 0, 0, 0, 0, 0, 0, 0, 1, 0, 0, 0, 1, 0, 0, 0, 
52, 0, 3, 0, 0, 0, 0, 0, 0, 0, 0, 1, 0, 1, 1, 4, 1, 0, 1, 0, 0, 0, 0, 0, 0, 7, 1, 1, 1, 11, 10, 5, 5, 1, 1, 1, 2, 13, 4, 4, 3, 49, 1, 1, 0, 0, 1, 0, 0, 2, 3, 1, 3, 39, 21, 12, 8, 94, 1, 2, 1, 8, 7, 8, 1, 19, 0, 3, 3, 4, 6, 3, 1, 9, 6, 7, 6, 2, 0, 0, 0, 3, 0, 0, 0, 3, 0, 0, 0, 2, 0, 0, 0, 0, 0, 0, 0, 0, 0, 0, 0, 1, 0, 0, 0, 0, 0, 0, 0, 0, 0, 0, 0, 
53, 1, 2, 3, 1, 0, 0, 0, 0, 1, 0, 1, 1, 0, 0, 0, 0, 0, 0, 0, 0, 0, 0, 0, 0, 1, 0, 0, 0, 11, 9, 7, 9, 6, 2, 0, 1, 27, 2, 2, 3, 35, 1, 0, 0, 13, 0, 0, 1, 10, 1, 2, 1, 40, 16, 13, 15, 99, 5, 4, 1, 21, 5, 3, 2, 19, 6, 7, 2, 1, 0, 0, 1, 3, 7, 10, 3, 1, 0, 0, 0, 0, 0, 0, 0, 0, 0, 0, 0, 1, 0, 0, 0, 1, 0, 0, 0, 0, 0, 0, 0, 0, 0, 0, 0, 0, 0, 0, 0, 2, 0, 0, 0, 
54, 0, 0, 1, 1, 0, 0, 0, 0, 6, 4, 0, 1, 0, 0, 1, 0, 1, 2, 0, 0, 0, 0, 0, 0, 0, 0, 1, 0, 14, 11, 8, 14, 2, 0, 1, 3, 21, 2, 3, 2, 31, 2, 1, 0, 11, 1, 0, 0, 1, 3, 2, 3, 48, 20, 17, 13, 98, 3, 0, 1, 31, 2, 3, 1, 20, 3, 3, 6, 3, 0, 0, 1, 5, 4, 5, 5, 4, 0, 0, 0, 1, 0, 0, 0, 0, 0, 0, 0, 0, 0, 0, 0, 0, 0, 0, 0, 1, 0, 0, 0, 1, 0, 0, 0, 0, 0, 0, 0, 1, 0, 0, 0, 
55, 0, 0, 0, 0, 2, 2, 2, 1, 1, 0, 0, 1, 0, 0, 0, 1, 0, 0, 0, 0, 0, 2, 0, 2, 2, 3, 1, 2, 18, 10, 11, 8, 2, 0, 2, 0, 32, 0, 3, 1, 35, 1, 1, 0, 11, 1, 1, 0, 1, 5, 1, 3, 62, 10, 11, 11, 88, 3, 1, 0, 35, 1, 2, 0, 17, 4, 1, 0, 6, 3, 4, 3, 7, 7, 9, 4, 1, 0, 0, 0, 2, 0, 0, 0, 0, 0, 0, 0, 1, 0, 0, 0, 0, 0, 0, 0, 2, 0, 0, 0, 0, 0, 0, 0, 0, 0, 0, 0, 0, 0, 0, 0, 
56, 0, 1, 1, 1, 1, 1, 0, 1, 0, 0, 0, 0, 0, 1, 0, 0, 2, 1, 0, 0, 0, 0, 0, 0, 3, 3, 0, 0, 15, 4, 7, 9, 1, 2, 1, 0, 17, 6, 2, 0, 19, 0, 0, 1, 24, 0, 1, 1, 4, 3, 5, 3, 64, 18, 17, 10, 96, 0, 2, 3, 33, 4, 3, 4, 6, 2, 4, 3, 1, 0, 3, 1, 3, 6, 2, 2, 1, 0, 0, 0, 0, 0, 0, 0, 2, 0, 0, 0, 1, 0, 0, 0, 0, 0, 0, 0, 1, 0, 0, 0, 2, 0, 0, 0, 0, 0, 0, 0, 0, 0, 0, 0, 
57, 0, 1, 0, 1, 0, 1, 0, 0, 0, 0, 0, 0, 0, 1, 0, 0, 0, 1, 0, 1, 0, 0, 0, 1, 1, 5, 2, 3, 11, 12, 6, 15, 10, 2, 1, 0, 7, 6, 3, 2, 4, 3, 1, 1, 10, 0, 0, 1, 7, 12, 4, 4, 62, 10, 6, 8, 93, 2, 3, 2, 26, 2, 0, 0, 3, 1, 0, 3, 11, 5, 0, 0, 4, 8, 3, 6, 0, 0, 0, 0, 0, 0, 0, 0, 0, 0, 0, 0, 1, 0, 0, 0, 1, 0, 0, 0, 0, 0, 0, 0, 0, 0, 0, 0, 2, 0, 0, 0, 1, 0, 0, 0, 
58, 0, 0, 1, 2, 0, 0, 1, 0, 0, 0, 1, 1, 0, 0, 0, 1, 0, 0, 1, 1, 2, 0, 1, 1, 2, 1, 0, 1, 10, 11, 16, 2, 2, 1, 2, 1, 8, 3, 3, 4, 20, 0, 0, 0, 8, 0, 0, 0, 2, 2, 5, 4, 41, 17, 10, 12, 98, 1, 2, 2, 25, 5, 1, 2, 3, 1, 4, 1, 1, 3, 1, 2, 1, 1, 1, 0, 2, 0, 0, 0, 1, 0, 0, 0, 2, 0, 0, 0, 0, 0, 0, 0, 2, 0, 0, 0, 0, 0, 0, 0, 5, 0, 0, 0, 0, 0, 0, 0, 1, 0, 0, 0, 
59, 0, 1, 0, 0, 0, 0, 0, 0, 0, 2, 2, 1, 0, 1, 0, 0, 0, 0, 1, 0, 0, 0, 1, 0, 4, 1, 1, 4, 11, 9, 6, 6, 0, 1, 1, 2, 3, 0, 0, 0, 17, 1, 1, 0, 17, 3, 1, 0, 4, 2, 6, 3, 37, 14, 6, 12, 82, 2, 3, 3, 32, 0, 2, 2, 8, 6, 4, 3, 2, 1, 3, 0, 13, 1, 3, 1, 0, 0, 0, 0, 1, 0, 0, 0, 3, 0, 0, 0, 0, 0, 0, 0, 1, 0, 0, 0, 0, 0, 0, 0, 0, 0, 0, 0, 1, 0, 0, 0, 2, 0, 0, 0, 
60, 1, 0, 2, 2, 1, 0, 0, 0, 0, 1, 1, 1, 0, 0, 0, 0, 0, 0, 0, 0, 1, 0, 0, 0, 1, 0, 3, 1, 7, 5, 12, 7, 1, 1, 1, 0, 3, 2, 3, 0, 7, 0, 2, 0, 16, 3, 0, 1, 5, 11, 4, 4, 22, 9, 8, 6, 94, 1, 1, 1, 26, 6, 2, 0, 4, 1, 2, 0, 2, 3, 1, 1, 3, 3, 3, 0, 2, 0, 0, 0, 1, 0, 0, 0, 0, 0, 0, 0, 1, 0, 0, 0, 2, 0, 0, 0, 1, 0, 0, 0, 0, 0, 0, 0, 0, 0, 0, 0, 1, 0, 0, 0, 
61, 0, 2, 1, 0, 0, 1, 1, 0, 0, 0, 0, 0, 3, 4, 1, 1, 1, 0, 1, 0, 0, 0, 0, 1, 8, 3, 0, 0, 9, 11, 10, 7, 9, 1, 0, 0, 0, 0, 2, 0, 4, 0, 1, 2, 4, 0, 6, 4, 2, 2, 0, 6, 10, 8, 6, 8, 88, 4, 3, 3, 28, 1, 1, 0, 10, 0, 2, 2, 4, 3, 4, 2, 1, 0, 0, 3, 1, 0, 0, 0, 0, 0, 0, 0, 0, 0, 0, 0, 1, 0, 0, 0, 0, 0, 0, 0, 0, 0, 0, 0, 1, 0, 0, 0, 0, 0, 0, 0, 0, 0, 0, 0, 
62, 1, 2, 3, 0, 0, 0, 0, 0, 0, 0, 0, 0, 0, 0, 1, 1, 0, 0, 0, 0, 0, 2, 0, 1, 0, 0, 0, 0, 14, 10, 17, 16, 8, 3, 0, 1, 1, 0, 1, 0, 3, 5, 1, 2, 5, 8, 5, 3, 0, 3, 2, 0, 8, 2, 6, 5, 82, 1, 1, 3, 38, 5, 2, 1, 1, 3, 2, 1, 4, 6, 7, 7, 7, 6, 1, 0, 1, 0, 0, 0, 1, 0, 0, 0, 0, 0, 0, 0, 1, 0, 0, 0, 0, 0, 0, 0, 0, 0, 0, 0, 0, 0, 0, 0, 1, 0, 0, 0, 1, 0, 0, 0, 
63, 0, 0, 0, 1, 0, 0, 0, 0, 0, 0, 1, 0, 2, 0, 0, 0, 1, 0, 0, 0, 0, 1, 0, 0, 0, 1, 3, 3, 13, 18, 11, 9, 11, 2, 3, 0, 9, 0, 0, 0, 2, 1, 1, 3, 6, 4, 3, 3, 2, 1, 0, 1, 4, 6, 5, 7, 84, 4, 3, 2, 34, 2, 0, 0, 1, 0, 1, 0, 5, 11, 5, 4, 14, 3, 1, 0, 1, 0, 0, 0, 3, 0, 0, 0, 2, 0, 0, 0, 1, 0, 0, 0, 2, 0, 0, 0, 1, 0, 0, 0, 2, 0, 0, 0, 0, 0, 0, 0, 2, 0, 0, 0, 
64, 3, 1, 1, 1, 0, 0, 2, 0, 0, 0, 0, 2, 2, 2, 0, 0, 0, 0, 0, 0, 0, 0, 1, 1, 7, 1, 1, 2, 22, 14, 14, 10, 2, 3, 5, 2, 0, 0, 0, 0, 6, 6, 3, 2, 1, 0, 0, 0, 1, 1, 6, 1, 5, 6, 3, 3, 89, 3, 2, 1, 42, 3, 4, 3, 9, 1, 1, 0, 7, 5, 3, 6, 14, 0, 2, 0, 2, 0, 0, 0, 0, 0, 0, 0, 0, 0, 0, 0, 0, 0, 0, 0, 1, 0, 0, 0, 0, 0, 0, 0, 0, 0, 0, 0, 1, 0, 0, 0, 0, 0, 0, 0, 
65, 0, 0, 1, 0, 0, 0, 1, 1, 0, 0, 0, 0, 0, 0, 0, 2, 2, 1, 0, 0, 0, 1, 0, 0, 1, 4, 4, 2, 31, 14, 9, 8, 6, 6, 4, 2, 0, 0, 2, 1, 2, 5, 5, 5, 0, 1, 1, 2, 5, 3, 2, 2, 6, 7, 6, 2, 92, 1, 0, 1, 54, 7, 5, 1, 4, 1, 1, 1, 8, 5, 1, 4, 31, 3, 1, 0, 1, 0, 0, 0, 1, 0, 0, 0, 1, 0, 0, 0, 0, 0, 0, 0, 0, 0, 0, 0, 2, 0, 0, 0, 3, 0, 0, 0, 0, 0, 0, 0, 0, 0, 0, 0, 
66, 0, 0, 0, 0, 1, 2, 0, 0, 1, 0, 0, 1, 1, 1, 0, 2, 0, 0, 1, 0, 0, 0, 0, 0, 3, 2, 1, 5, 30, 8, 12, 10, 2, 2, 3, 4, 1, 3, 1, 4, 11, 3, 5, 2, 7, 4, 4, 5, 0, 3, 0, 0, 6, 5, 4, 4, 99, 3, 0, 2, 65, 3, 2, 1, 3, 4, 2, 3, 13, 2, 3, 5, 37, 2, 1, 0, 0, 0, 0, 0, 0, 0, 0, 0, 0, 0, 0, 0, 0, 0, 0, 0, 1, 0, 0, 0, 0, 0, 0, 0, 0, 0, 0, 0, 1, 0, 0, 0, 3, 0, 0, 0, 
67, 0, 0, 0, 0, 1, 0, 0, 0, 0, 1, 0, 0, 0, 0, 0, 0, 0, 0, 0, 0, 0, 0, 0, 0, 5, 3, 1, 5, 17, 13, 7, 2, 0, 0, 0, 0, 3, 2, 5, 2, 11, 5, 6, 4, 22, 3, 4, 4, 0, 0, 0, 0, 10, 11, 8, 8, 91, 1, 0, 2, 80, 1, 1, 1, 8, 3, 4, 3, 3, 7, 3, 5, 36, 3, 0, 0, 0, 0, 0, 0, 0, 0, 0, 0, 1, 0, 0, 0, 2, 0, 0, 0, 0, 0, 0, 0, 1, 0, 0, 0, 1, 0, 0, 0, 0, 0, 0, 0, 0, 0, 0, 0, 
68, 0, 0, 0, 0, 0, 2, 0, 3, 1, 0, 0, 0, 3, 1, 0, 0, 0, 0, 0, 0, 1, 0, 0, 1, 3, 3, 2, 2, 15, 14, 18, 7, 1, 0, 0, 0, 2, 1, 1, 0, 7, 3, 7, 4, 14, 4, 8, 6, 0, 1, 1, 1, 25, 5, 11, 7, 83, 4, 1, 2, 59, 2, 2, 1, 15, 6, 6, 1, 3, 3, 1, 1, 29, 2, 0, 1, 2, 0, 0, 0, 0, 0, 0, 0, 0, 0, 0, 0, 1, 0, 0, 0, 0, 0, 0, 0, 2, 0, 0, 0, 1, 0, 0, 0, 2, 0, 0, 0, 0, 0, 0, 0, 
69, 0, 0, 0, 2, 3, 0, 1, 0, 0, 0, 1, 0, 1, 0, 0, 0, 0, 0, 0, 0, 0, 1, 0, 0, 2, 2, 3, 2, 22, 6, 13, 10, 1, 2, 4, 3, 2, 1, 2, 1, 3, 3, 8, 9, 22, 5, 7, 3, 1, 2, 0, 3, 15, 4, 7, 6, 99, 2, 3, 0, 47, 4, 1, 1, 19, 2, 2, 2, 3, 3, 2, 1, 28, 2, 3, 0, 0, 0, 0, 0, 1, 0, 0, 0, 2, 0, 0, 0, 0, 0, 0, 0, 2, 0, 0, 0, 0, 0, 0, 0, 1, 0, 0, 0, 0, 0, 0, 0, 3, 0, 0, 0, 
70, 2, 2, 4, 2, 0, 0, 0, 0, 0, 0, 1, 1, 3, 1, 0, 0, 0, 0, 0, 0, 0, 0, 0, 0, 0, 0, 0, 1, 19, 13, 14, 11, 0, 1, 0, 1, 2, 0, 2, 1, 5, 7, 5, 3, 23, 5, 5, 3, 3, 1, 2, 0, 12, 11, 10, 9, 93, 1, 2, 2, 36, 1, 4, 2, 31, 5, 2, 2, 24, 2, 0, 2, 20, 0, 1, 0, 0, 0, 0, 0, 3, 0, 0, 0, 2, 0, 0, 0, 0, 0, 0, 0, 2, 0, 0, 0, 3, 0, 0, 0, 2, 0, 0, 0, 1, 0, 0, 0, 1, 0, 0, 0, 
71, 0, 0, 0, 0, 0, 0, 1, 0, 4, 2, 0, 0, 0, 0, 0, 0, 0, 0, 0, 3, 0, 1, 1, 0, 15, 4, 1, 2, 29, 14, 15, 9, 1, 5, 1, 1, 2, 5, 2, 4, 3, 2, 2, 4, 6, 6, 3, 11, 11, 3, 0, 0, 21, 22, 9, 14, 85, 1, 2, 1, 44, 3, 4, 2, 20, 0, 1, 0, 24, 1, 0, 1, 16, 0, 0, 0, 1, 0, 0, 0, 0, 0, 0, 0, 1, 0, 0, 0, 2, 0, 0, 0, 0, 0, 0, 0, 2, 0, 0, 0, 0, 0, 0, 0, 1, 0, 0, 0, 0, 0, 0, 0, 
72, 2, 0, 2, 1, 0, 0, 1, 0, 0, 0, 1, 0, 1, 0, 1, 0, 0, 0, 0, 0, 0, 1, 0, 2, 7, 2, 1, 2, 33, 9, 12, 11, 2, 3, 2, 4, 4, 3, 6, 2, 6, 2, 2, 2, 3, 8, 6, 7, 27, 3, 1, 3, 33, 7, 9, 11, 90, 2, 3, 1, 55, 6, 2, 3, 4, 4, 2, 2, 14, 1, 0, 2, 4, 1, 0, 0, 0, 0, 0, 0, 0, 0, 0, 0, 0, 0, 0, 0, 0, 0, 0, 0, 0, 0, 0, 0, 0, 0, 0, 0, 1, 0, 0, 0, 0, 0, 0, 0, 2, 0, 0, 0, 
73, 1, 2, 0, 0, 0, 0, 1, 0, 0, 0, 0, 0, 0, 1, 0, 1, 0, 0, 0, 0, 0, 0, 0, 0, 17, 3, 2, 0, 38, 10, 5, 16, 4, 6, 5, 1, 1, 0, 4, 1, 8, 7, 4, 3, 8, 1, 2, 4, 39, 1, 1, 2, 32, 8, 6, 7, 86, 8, 2, 0, 70, 8, 2, 2, 1, 3, 0, 1, 4, 2, 4, 2, 5, 0, 0, 0, 1, 0, 0, 0, 0, 0, 0, 0, 0, 0, 0, 0, 3, 0, 0, 0, 1, 0, 0, 0, 2, 0, 0, 0, 0, 0, 0, 0, 1, 0, 0, 0, 0, 0, 0, 0, 
74, 10, 1, 0, 0, 0, 0, 0, 0, 0, 0, 1, 0, 1, 1, 3, 0, 0, 2, 0, 1, 0, 2, 0, 0, 17, 2, 5, 0, 37, 14, 5, 11, 12, 5, 6, 4, 2, 1, 4, 1, 6, 6, 3, 3, 8, 3, 2, 3, 45, 5, 1, 1, 16, 6, 3, 7, 82, 3, 3, 3, 77, 2, 1, 2, 7, 1, 0, 0, 0, 0, 0, 0, 9, 1, 1, 0, 0, 0, 0, 0, 2, 0, 0, 0, 1, 0, 0, 0, 1, 0, 0, 0, 0, 0, 0, 0, 0, 0, 0, 0, 1, 0, 0, 0, 0, 0, 0, 0, 3, 0, 0, 0, 
75, 3, 3, 0, 0, 0, 0, 0, 0, 0, 0, 1, 0, 0, 1, 1, 0, 0, 1, 0, 0, 1, 2, 0, 0, 15, 4, 4, 3, 41, 9, 11, 13, 13, 4, 3, 1, 1, 1, 7, 2, 3, 2, 2, 2, 10, 5, 4, 3, 56, 0, 0, 1, 5, 6, 5, 7, 75, 0, 1, 1, 66, 6, 3, 0, 1, 1, 1, 1, 0, 2, 0, 1, 9, 1, 0, 0, 0, 0, 0, 0, 1, 0, 0, 0, 0, 0, 0, 0, 0, 0, 0, 0, 1, 0, 0, 0, 1, 0, 0, 0, 1, 0, 0, 0, 0, 0, 0, 0, 1, 0, 0, 0, 
76, 0, 0, 0, 2, 0, 0, 1, 0, 1, 0, 0, 0, 0, 0, 1, 1, 0, 0, 0, 0, 0, 0, 0, 0, 27, 6, 2, 3, 40, 12, 7, 9, 17, 2, 2, 1, 9, 4, 2, 1, 1, 1, 1, 0, 0, 2, 1, 2, 71, 0, 0, 1, 4, 2, 4, 4, 73, 1, 1, 0, 54, 3, 2, 2, 3, 3, 2, 0, 0, 1, 1, 0, 6, 2, 0, 5, 2, 0, 0, 0, 1, 0, 0, 0, 1, 0, 0, 0, 2, 0, 0, 0, 1, 0, 0, 0, 2, 0, 0, 0, 0, 0, 0, 0, 0, 0, 0, 0, 1, 0, 0, 0, 
77, 1, 0, 0, 0, 0, 0, 1, 0, 0, 0, 0, 0, 0, 0, 0, 2, 0, 0, 0, 1, 1, 0, 1, 0, 33, 0, 1, 2, 39, 6, 11, 9, 12, 1, 5, 2, 2, 2, 0, 5, 1, 0, 2, 4, 3, 1, 0, 1, 65, 1, 0, 1, 8, 6, 10, 6, 79, 1, 3, 1, 50, 3, 2, 3, 0, 0, 1, 1, 3, 4, 2, 3, 2, 4, 2, 2, 1, 0, 0, 0, 1, 0, 0, 0, 1, 0, 0, 0, 1, 0, 0, 0, 0, 0, 0, 0, 0, 0, 0, 0, 0, 0, 0, 0, 2, 0, 0, 0, 0, 0, 0, 0, 
78, 0, 1, 3, 2, 0, 0, 0, 0, 1, 1, 1, 2, 1, 0, 1, 1, 0, 0, 0, 0, 1, 0, 1, 0, 33, 2, 0, 0, 32, 13, 7, 10, 7, 1, 1, 5, 7, 1, 4, 0, 2, 0, 0, 1, 1, 1, 1, 2, 65, 1, 1, 0, 19, 5, 4, 0, 79, 0, 0, 0, 58, 3, 0, 2, 1, 0, 1, 0, 5, 5, 4, 7, 1, 2, 5, 3, 0, 0, 0, 0, 1, 0, 0, 0, 1, 0, 0, 0, 1, 0, 0, 0, 1, 0, 0, 0, 0, 0, 0, 0, 0, 0, 0, 0, 0, 0, 0, 0, 0, 0, 0, 0, 
79, 1, 0, 3, 0, 0, 0, 0, 0, 0, 0, 2, 1, 1, 0, 0, 0, 0, 0, 0, 1, 0, 0, 0, 0, 28, 1, 1, 0, 28, 8, 9, 10, 14, 3, 8, 3, 1, 2, 1, 2, 10, 4, 6, 5, 1, 1, 6, 4, 55, 2, 0, 1, 24, 8, 7, 4, 78, 3, 1, 1, 54, 1, 2, 1, 3, 2, 2, 6, 2, 0, 1, 0, 3, 1, 0, 5, 0, 0, 0, 0, 1, 0, 0, 0, 1, 0, 0, 0, 2, 0, 0, 0, 0, 0, 0, 0, 3, 0, 0, 0, 2, 0, 0, 0, 0, 0, 0, 0, 0, 0, 0, 0, 
80, 1, 1, 2, 3, 1, 0, 0, 0, 1, 0, 0, 0, 0, 0, 0, 0, 0, 1, 1, 1, 0, 0, 0, 0, 18, 1, 3, 1, 17, 5, 10, 9, 32, 6, 4, 2, 5, 1, 4, 4, 6, 3, 2, 1, 3, 9, 2, 4, 45, 0, 2, 0, 39, 2, 8, 5, 71, 0, 1, 0, 51, 3, 2, 1, 5, 3, 5, 4, 1, 0, 2, 1, 0, 0, 0, 0, 1, 0, 0, 0, 1, 0, 0, 0, 2, 0, 0, 0, 0, 0, 0, 0, 0, 0, 0, 0, 1, 0, 0, 0, 0, 0, 0, 0, 1, 0, 0, 0, 0, 0, 0, 0, 
81, 0, 0, 0, 0, 0, 0, 0, 0, 2, 1, 2, 0, 1, 0, 1, 0, 1, 0, 0, 0, 1, 0, 1, 1, 7, 3, 2, 3, 15, 16, 11, 11, 34, 5, 1, 5, 1, 4, 0, 1, 0, 0, 1, 0, 6, 2, 8, 4, 55, 3, 1, 1, 31, 7, 5, 6, 74, 2, 2, 2, 52, 2, 2, 0, 2, 3, 6, 1, 6, 5, 5, 3, 15, 0, 1, 0, 2, 0, 0, 0, 2, 0, 0, 0, 2, 0, 0, 0, 0, 0, 0, 0, 2, 0, 0, 0, 0, 0, 0, 0, 1, 0, 0, 0, 0, 0, 0, 0, 1, 0, 0, 0, 
82, 0, 0, 0, 1, 0, 1, 0, 0, 1, 1, 2, 0, 0, 1, 0, 0, 1, 0, 0, 1, 0, 1, 0, 1, 4, 4, 0, 4, 13, 21, 23, 7, 50, 6, 2, 2, 0, 1, 0, 0, 4, 2, 0, 2, 11, 6, 7, 12, 57, 1, 1, 0, 25, 8, 8, 3, 76, 2, 1, 0, 50, 3, 1, 2, 12, 6, 3, 0, 9, 3, 3, 5, 5, 0, 2, 0, 0, 0, 0, 0, 0, 0, 0, 0, 1, 0, 0, 0, 1, 0, 0, 0, 1, 0, 0, 0, 1, 0, 0, 0, 1, 0, 0, 0, 0, 0, 0, 0, 0, 0, 0, 0, 
83, 1, 0, 1, 2, 0, 0, 1, 0, 1, 0, 1, 0, 0, 0, 1, 0, 0, 0, 3, 0, 1, 0, 1, 0, 7, 0, 0, 2, 20, 18, 15, 13, 68, 6, 3, 1, 0, 0, 0, 0, 5, 1, 3, 3, 30, 17, 8, 5, 53, 3, 3, 3, 25, 7, 7, 3, 62, 1, 2, 4, 59, 1, 3, 3, 2, 6, 3, 3, 3, 8, 2, 1, 4, 0, 0, 0, 0, 0, 0, 0, 3, 0, 0, 0, 2, 0, 0, 0, 0, 0, 0, 0, 0, 0, 0, 0, 1, 0, 0, 0, 1, 0, 0, 0, 1, 0, 0, 0, 0, 0, 0, 0, 
84, 0, 1, 0, 1, 6, 1, 0, 0, 3, 0, 0, 0, 0, 0, 0, 0, 1, 1, 0, 0, 0, 2, 1, 1, 2, 3, 1, 2, 21, 14, 14, 12, 75, 3, 1, 2, 4, 5, 3, 4, 6, 5, 10, 6, 44, 7, 7, 7, 48, 2, 1, 0, 34, 9, 3, 9, 71, 0, 0, 1, 73, 3, 5, 1, 1, 2, 4, 0, 4, 1, 4, 2, 14, 0, 0, 0, 1, 0, 0, 0, 1, 0, 0, 0, 0, 0, 0, 0, 1, 0, 0, 0, 0, 0, 0, 0, 1, 0, 0, 0, 0, 0, 0, 0, 1, 0, 0, 0, 0, 0, 0, 0, 
85, 0, 0, 1, 1, 0, 1, 0, 0, 2, 1, 0, 0, 0, 0, 0, 0, 0, 0, 0, 0, 2, 0, 1, 0, 1, 0, 0, 0, 27, 13, 11, 16, 82, 3, 1, 1, 3, 1, 3, 5, 10, 1, 8, 3, 30, 11, 11, 8, 47, 2, 2, 1, 35, 16, 9, 7, 85, 1, 1, 0, 70, 3, 1, 4, 2, 1, 6, 0, 0, 3, 0, 3, 11, 0, 1, 0, 2, 0, 0, 0, 2, 0, 0, 0, 0, 0, 0, 0, 1, 0, 0, 0, 0, 0, 0, 0, 0, 0, 0, 0, 2, 0, 0, 0, 1, 0, 0, 0, 3, 0, 0, 0, 
86, 2, 0, 1, 0, 0, 0, 0, 0, 0, 1, 0, 1, 0, 0, 0, 0, 0, 0, 0, 1, 4, 0, 1, 2, 5, 1, 1, 4, 18, 18, 13, 13, 84, 3, 2, 2, 4, 8, 4, 8, 5, 8, 4, 4, 38, 8, 6, 8, 49, 0, 0, 1, 44, 5, 6, 3, 79, 4, 0, 3, 56, 1, 1, 1, 15, 13, 2, 3, 1, 1, 0, 0, 8, 2, 1, 0, 1, 0, 0, 0, 1, 0, 0, 0, 0, 0, 0, 0, 2, 0, 0, 0, 1, 0, 0, 0, 0, 0, 0, 0, 0, 0, 0, 0, 2, 0, 0, 0, 0, 0, 0, 0, 
87, 0, 0, 0, 0, 0, 0, 0, 0, 0, 0, 0, 0, 0, 0, 1, 0, 1, 1, 0, 1, 0, 1, 0, 0, 3, 2, 8, 2, 16, 11, 15, 15, 79, 1, 2, 4, 1, 2, 3, 0, 6, 5, 9, 6, 57, 4, 4, 10, 45, 1, 0, 0, 49, 12, 5, 5, 79, 3, 2, 2, 40, 2, 0, 1, 16, 3, 6, 1, 1, 3, 2, 0, 15, 4, 1, 0, 2, 0, 0, 0, 2, 0, 0, 0, 1, 0, 0, 0, 0, 0, 0, 0, 4, 0, 0, 0, 1, 0, 0, 0, 1, 0, 0, 0, 0, 0, 0, 0, 0, 0, 0, 0, 
88, 0, 0, 0, 0, 0, 0, 0, 0, 0, 1, 0, 1, 0, 0, 1, 1, 1, 0, 0, 1, 3, 0, 0, 0, 7, 7, 6, 7, 9, 13, 11, 15, 74, 3, 2, 6, 6, 1, 3, 3, 8, 18, 13, 16, 61, 11, 4, 6, 36, 2, 1, 2, 65, 5, 4, 5, 65, 1, 0, 0, 39, 2, 4, 1, 9, 2, 3, 2, 0, 1, 2, 4, 12, 0, 0, 1, 0, 0, 0, 0, 1, 0, 0, 0, 2, 0, 0, 0, 0, 0, 0, 0, 1, 0, 0, 0, 1, 0, 0, 0, 0, 0, 0, 0, 3, 0, 0, 0, 0, 0, 0, 0, 
89, 0, 0, 0, 1, 0, 0, 1, 0, 1, 0, 0, 0, 0, 0, 1, 1, 0, 0, 0, 1, 0, 1, 1, 0, 9, 6, 9, 7, 13, 16, 6, 9, 70, 4, 2, 1, 11, 1, 0, 0, 18, 13, 15, 11, 66, 4, 2, 3, 31, 1, 0, 0, 75, 12, 5, 7, 62, 6, 3, 1, 57, 2, 2, 5, 16, 0, 1, 1, 2, 3, 2, 1, 4, 2, 7, 1, 1, 0, 0, 0, 0, 0, 0, 0, 1, 0, 0, 0, 0, 0, 0, 0, 0, 0, 0, 0, 0, 0, 0, 0, 0, 0, 0, 0, 0, 0, 0, 0, 0, 0, 0, 0, 
90, 0, 3, 1, 0, 0, 2, 1, 0, 1, 2, 0, 0, 3, 1, 1, 3, 0, 0, 0, 0, 0, 1, 0, 0, 6, 5, 8, 6, 16, 22, 8, 11, 72, 0, 4, 2, 3, 1, 0, 1, 10, 18, 16, 12, 49, 9, 8, 2, 34, 0, 1, 1, 87, 6, 3, 5, 53, 2, 3, 0, 75, 3, 2, 1, 2, 4, 2, 0, 2, 3, 3, 3, 18, 2, 3, 0, 0, 0, 0, 0, 0, 0, 0, 0, 1, 0, 0, 0, 0, 0, 0, 0, 2, 0, 0, 0, 1, 0, 0, 0, 1, 0, 0, 0, 1, 0, 0, 0, 2, 0, 0, 0, 
91, 0, 2, 1, 2, 0, 0, 0, 0, 0, 1, 0, 0, 0, 1, 0, 0, 1, 0, 0, 1, 1, 0, 1, 0, 7, 2, 7, 6, 15, 24, 14, 14, 83, 4, 1, 1, 1, 2, 2, 0, 24, 14, 9, 15, 48, 6, 3, 8, 16, 4, 0, 1, 74, 4, 3, 2, 57, 5, 1, 1, 93, 1, 3, 2, 0, 2, 0, 0, 2, 0, 4, 5, 20, 2, 1, 0, 1, 0, 0, 0, 0, 0, 0, 0, 1, 0, 0, 0, 1, 0, 0, 0, 3, 0, 0, 0, 0, 0, 0, 0, 0, 0, 0, 0, 0, 0, 0, 0, 1, 0, 0, 0, 
92, 0, 0, 0, 0, 0, 0, 1, 0, 0, 0, 0, 0, 1, 0, 2, 1, 1, 2, 0, 0, 1, 1, 0, 0, 3, 4, 2, 2, 32, 5, 18, 15, 83, 6, 3, 0, 10, 1, 1, 3, 36, 15, 10, 13, 33, 8, 4, 6, 14, 1, 0, 0, 68, 6, 6, 10, 54, 1, 1, 4, 95, 5, 2, 1, 1, 0, 2, 0, 5, 4, 4, 4, 21, 5, 2, 1, 0, 0, 0, 0, 1, 0, 0, 0, 0, 0, 0, 0, 0, 0, 0, 0, 0, 0, 0, 0, 0, 0, 0, 0, 0, 0, 0, 0, 2, 0, 0, 0, 0, 0, 0, 0, 
93, 2, 0, 1, 0, 1, 0, 0, 0, 0, 1, 0, 0, 0, 0, 0, 0, 0, 0, 2, 1, 0, 0, 0, 0, 5, 4, 1, 1, 35, 18, 16, 9, 90, 4, 1, 1, 1, 1, 0, 1, 33, 18, 11, 11, 20, 9, 9, 5, 11, 0, 1, 3, 78, 9, 8, 4, 55, 3, 2, 3, 100, 0, 1, 1, 7, 4, 1, 2, 1, 1, 1, 1, 22, 2, 3, 0, 1, 0, 0, 0, 0, 0, 0, 0, 1, 0, 0, 0, 0, 0, 0, 0, 1, 0, 0, 0, 1, 0, 0, 0, 0, 0, 0, 0, 0, 0, 0, 0, 1, 0, 0, 0, 
94, 1, 0, 1, 0, 1, 1, 0, 1, 0, 1, 0, 0, 1, 0, 0, 1, 0, 0, 0, 0, 1, 0, 0, 0, 0, 0, 0, 2, 46, 11, 14, 12, 76, 2, 3, 4, 1, 3, 3, 1, 28, 14, 9, 8, 18, 4, 7, 7, 16, 2, 1, 0, 69, 5, 9, 9, 65, 2, 2, 1, 96, 1, 5, 1, 1, 2, 1, 0, 1, 0, 1, 2, 27, 4, 2, 0, 0, 0, 0, 0, 0, 0, 0, 0, 0, 0, 0, 0, 1, 0, 0, 0, 2, 0, 0, 0, 0, 0, 0, 0, 2, 0, 0, 0, 1, 0, 0, 0, 0, 0, 0, 0, 
95, 0, 0, 1, 0, 0, 0, 0, 0, 0, 1, 1, 0, 0, 1, 2, 2, 0, 1, 0, 0, 3, 1, 1, 1, 2, 0, 0, 1, 38, 16, 10, 14, 67, 3, 4, 2, 1, 2, 1, 5, 28, 8, 11, 15, 16, 7, 8, 7, 41, 5, 2, 0, 59, 8, 6, 5, 54, 5, 1, 0, 83, 2, 5, 1, 2, 3, 2, 1, 1, 1, 1, 1, 15, 3, 3, 0, 1, 0, 0, 0, 2, 0, 0, 0, 0, 0, 0, 0, 1, 0, 0, 0, 0, 0, 0, 0, 0, 0, 0, 0, 2, 0, 0, 0, 1, 0, 0, 0, 0, 0, 0, 0, 
96, 0, 0, 0, 1, 3, 0, 0, 0, 0, 0, 0, 0, 0, 2, 0, 1, 0, 0, 0, 0, 0, 0, 1, 1, 1, 0, 1, 3, 39, 25, 13, 12, 79, 1, 1, 0, 1, 3, 3, 2, 22, 17, 14, 9, 19, 7, 9, 5, 57, 2, 2, 0, 49, 5, 2, 5, 50, 1, 1, 1, 90, 2, 4, 1, 5, 2, 5, 1, 8, 5, 0, 0, 2, 4, 2, 1, 1, 0, 0, 0, 0, 0, 0, 0, 1, 0, 0, 0, 1, 0, 0, 0, 1, 0, 0, 0, 1, 0, 0, 0, 2, 0, 0, 0, 0, 0, 0, 0, 2, 0, 0, 0, 
97, 2, 1, 0, 0, 0, 0, 0, 0, 2, 2, 3, 1, 2, 0, 1, 0, 0, 3, 0, 0, 0, 1, 1, 1, 0, 0, 2, 1, 53, 8, 8, 9, 71, 1, 7, 1, 2, 1, 1, 1, 18, 18, 16, 8, 15, 13, 8, 3, 39, 1, 1, 0, 32, 8, 10, 4, 50, 1, 2, 2, 100, 1, 3, 1, 15, 2, 2, 3, 4, 7, 2, 1, 15, 0, 0, 0, 1, 0, 0, 0, 1, 0, 0, 0, 0, 0, 0, 0, 2, 0, 0, 0, 1, 0, 0, 0, 0, 0, 0, 0, 1, 0, 0, 0, 0, 0, 0, 0, 0, 0, 0, 0, 
98, 3, 1, 0, 0, 0, 2, 1, 0, 0, 1, 0, 2, 3, 0, 1, 0, 0, 0, 0, 0, 3, 0, 0, 1, 2, 4, 2, 2, 30, 16, 12, 13, 65, 4, 4, 1, 1, 1, 1, 1, 32, 6, 9, 6, 18, 3, 5, 6, 34, 2, 0, 1, 30, 11, 0, 6, 56, 0, 0, 2, 100, 2, 2, 4, 0, 1, 1, 1, 3, 2, 2, 0, 7, 1, 0, 3, 0, 0, 0, 0, 1, 0, 0, 0, 0, 0, 0, 0, 2, 0, 0, 0, 1, 0, 0, 0, 1, 0, 0, 0, 1, 0, 0, 0, 0, 0, 0, 0, 2, 0, 0, 0, 
99, 1, 1, 0, 0, 0, 0, 0, 0, 0, 0, 0, 0, 0, 1, 0, 0, 0, 1, 2, 1, 0, 0, 1, 0, 5, 1, 2, 1, 34, 11, 11, 10, 73, 4, 3, 0, 0, 1, 0, 0, 23, 13, 16, 13, 5, 5, 4, 4, 27, 3, 0, 0, 14, 6, 4, 4, 47, 2, 1, 2, 100, 1, 7, 2, 0, 1, 2, 0, 12, 8, 3, 2, 15, 5, 1, 0, 0, 0, 0, 0, 1, 0, 0, 0, 0, 0, 0, 0, 1, 0, 0, 0, 0, 0, 0, 0, 1, 0, 0, 0, 0, 0, 0, 0, 1, 0, 0, 0, 2, 0, 0, 0, 