0, 0, 0, 0, 1, 0, 0, 0, 1, 0, 1, 0, 0, 0, 0, 0, 0, 1, 0, 0, 0, 3, 0, 0, 1, 1, 0, 2, 1, 8, 2, 0, 1, 2, 3, 2, 1, 4, 2, 2, 0, 0, 2, 1, 0, 3, 0, 2, 3, 0, 0, 0, 0, 2, 0, 1, 0, 3, 2, 1, 2, 0, 1, 1, 0, 4, 0, 1, 0, 0, 0, 0, 0, 2, 2, 0, 0, 1, 0, 0, 0, 0, 0, 0, 0, 1, 0, 0, 0, 1, 0, 0, 0, 0, 0, 0, 0, 1, 0, 0, 0, 0, 0, 0, 0, 1, 0, 0, 0, 0, 0, 0, 0, 
1, 0, 1, 1, 2, 0, 1, 0, 1, 2, 5, 4, 3, 1, 0, 0, 0, 2, 1, 1, 0, 0, 0, 1, 2, 3, 1, 1, 1, 0, 0, 0, 0, 1, 2, 1, 4, 1, 0, 1, 2, 1, 2, 2, 3, 6, 2, 4, 0, 0, 0, 0, 0, 0, 0, 2, 2, 0, 1, 1, 1, 0, 0, 0, 0, 0, 0, 0, 1, 1, 0, 0, 0, 11, 7, 2, 3, 1, 0, 0, 0, 2, 0, 0, 0, 2, 0, 0, 0, 2, 0, 0, 0, 0, 0, 0, 0, 0, 0, 0, 0, 0, 0, 0, 0, 2, 0, 0, 0, 2, 0, 0, 0, 
2, 0, 0, 0, 2, 0, 2, 0, 2, 1, 1, 1, 2, 0, 0, 3, 1, 1, 0, 1, 0, 0, 2, 0, 0, 8, 5, 2, 6, 0, 1, 1, 1, 0, 0, 0, 0, 6, 1, 3, 1, 3, 3, 0, 1, 0, 1, 0, 0, 2, 4, 0, 1, 4, 0, 2, 3, 1, 1, 0, 0, 1, 0, 1, 1, 0, 0, 2, 0, 2, 1, 0, 3, 22, 3, 0, 3, 0, 0, 0, 0, 0, 0, 0, 0, 0, 0, 0, 0, 0, 0, 0, 0, 0, 0, 0, 0, 1, 0, 0, 0, 3, 0, 0, 0, 1, 0, 0, 0, 1, 0, 0, 0, 
3, 2, 1, 1, 2, 1, 0, 0, 0, 0, 2, 3, 0, 2, 1, 0, 1, 0, 2, 1, 1, 0, 0, 1, 0, 8, 4, 6, 4, 0, 1, 1, 1, 1, 0, 0, 1, 4, 2, 2, 4, 7, 1, 0, 0, 1, 3, 0, 3, 0, 1, 2, 1, 2, 1, 2, 2, 1, 1, 1, 0, 3, 1, 1, 4, 5, 4, 1, 2, 1, 0, 2, 0, 33, 6, 2, 2, 0, 0, 0, 0, 0, 0, 0, 0, 0, 0, 0, 0, 2, 0, 0, 0, 1, 0, 0, 0, 0, 0, 0, 0, 0, 0, 0, 0, 0, 0, 0, 0, 0, 0, 0, 0, 
4, 0, 0, 0, 0, 1, 2, 0, 2, 0, 0, 0, 0, 0, 1, 0, 0, 5, 4, 0, 3, 0, 1, 0, 0, 7, 6, 7, 3, 5, 2, 6, 2, 3, 3, 3, 3, 3, 4, 2, 2, 17, 0, 0, 0, 0, 1, 3, 1, 0, 0, 0, 0, 0, 1, 1, 0, 0, 2, 1, 0, 23, 1, 0, 2, 13, 2, 0, 1, 1, 1, 0, 2, 29, 1, 1, 3, 0, 0, 0, 0, 0, 0, 0, 0, 0, 0, 0, 0, 1, 0, 0, 0, 0, 0, 0, 0, 0, 0, 0, 0, 0, 0, 0, 0, 0, 0, 0, 0, 3, 0, 0, 0, 
5, 2, 1, 3, 1, 2, 0, 0, 1, 2, 1, 0, 1, 1, 1, 0, 0, 0, 1, 2, 1, 1, 0, 0, 0, 2, 0, 1, 2, 2, 5, 6, 3, 3, 3, 6, 0, 5, 1, 4, 3, 25, 0, 0, 0, 0, 1, 4, 3, 0, 0, 2, 0, 2, 0, 1, 0, 3, 2, 1, 7, 29, 0, 2, 0, 0, 2, 1, 1, 3, 3, 4, 4, 16, 2, 3, 1, 0, 0, 0, 0, 0, 0, 0, 0, 1, 0, 0, 0, 3, 0, 0, 0, 2, 0, 0, 0, 0, 0, 0, 0, 0, 0, 0, 0, 1, 0, 0, 0, 0, 0, 0, 0, 
6, 0, 1, 0, 0, 0, 1, 1, 0, 0, 0, 3, 0, 0, 0, 0, 0, 0, 1, 0, 0, 2, 0, 0, 0, 7, 3, 2, 0, 1, 1, 3, 0, 6, 6, 0, 1, 4, 2, 7, 2, 14, 0, 0, 0, 1, 6, 5, 2, 0, 3, 2, 0, 1, 4, 1, 1, 3, 4, 1, 3, 46, 2, 1, 1, 10, 2, 1, 0, 3, 0, 6, 3, 11, 0, 2, 1, 1, 0, 0, 0, 1, 0, 0, 0, 1, 0, 0, 0, 0, 0, 0, 0, 0, 0, 0, 0, 0, 0, 0, 0, 1, 0, 0, 0, 0, 0, 0, 0, 0, 0, 0, 0, 
7, 1, 3, 0, 1, 1, 0, 0, 0, 4, 1, 4, 0, 0, 1, 0, 0, 0, 1, 1, 4, 0, 1, 0, 1, 2, 4, 2, 1, 3, 4, 4, 1, 0, 1, 2, 0, 3, 5, 2, 4, 5, 1, 3, 0, 3, 2, 3, 1, 0, 1, 0, 0, 1, 0, 0, 0, 5, 1, 3, 2, 37, 0, 0, 0, 15, 2, 0, 0, 3, 5, 4, 6, 1, 2, 1, 0, 0, 0, 0, 0, 1, 0, 0, 0, 0, 0, 0, 0, 1, 0, 0, 0, 1, 0, 0, 0, 0, 0, 0, 0, 1, 0, 0, 0, 0, 0, 0, 0, 0, 0, 0, 0, 
8, 1, 0, 0, 0, 0, 1, 1, 0, 0, 0, 0, 0, 2, 0, 2, 1, 0, 5, 5, 3, 1, 2, 1, 1, 1, 0, 0, 1, 1, 1, 0, 0, 1, 0, 1, 1, 11, 6, 8, 5, 0, 0, 1, 1, 4, 1, 5, 2, 1, 5, 0, 0, 5, 6, 2, 1, 2, 3, 4, 1, 28, 2, 2, 0, 13, 1, 1, 0, 2, 3, 2, 3, 11, 1, 0, 1, 2, 0, 0, 0, 1, 0, 0, 0, 3, 0, 0, 0, 0, 0, 0, 0, 0, 0, 0, 0, 1, 0, 0, 0, 0, 0, 0, 0, 0, 0, 0, 0, 0, 0, 0, 0, 
9, 0, 0, 0, 0, 2, 3, 0, 0, 2, 0, 1, 0, 3, 2, 0, 0, 0, 0, 2, 2, 0, 1, 0, 0, 1, 3, 1, 0, 0, 0, 0, 0, 0, 0, 0, 0, 5, 6, 0, 5, 0, 1, 0, 0, 4, 3, 1, 1, 0, 1, 0, 1, 5, 9, 5, 11, 6, 4, 4, 5, 23, 3, 0, 3, 8, 1, 1, 1, 1, 0, 0, 1, 23, 0, 1, 0, 0, 0, 0, 0, 0, 0, 0, 0, 1, 0, 0, 0, 3, 0, 0, 0, 1, 0, 0, 0, 2, 0, 0, 0, 1, 0, 0, 0, 0, 0, 0, 0, 2, 0, 0, 0, 
10, 1, 1, 1, 3, 0, 0, 1, 0, 1, 0, 0, 0, 0, 1, 0, 0, 0, 1, 0, 0, 1, 1, 0, 0, 7, 1, 1, 1, 6, 3, 2, 2, 0, 0, 0, 0, 1, 1, 0, 0, 5, 0, 1, 2, 1, 0, 1, 1, 1, 0, 1, 1, 7, 19, 9, 9, 8, 5, 6, 4, 43, 15, 4, 3, 1, 2, 3, 0, 0, 0, 2, 0, 26, 3, 0, 0, 0, 0, 0, 0, 0, 0, 0, 0, 1, 0, 0, 0, 0, 0, 0, 0, 0, 0, 0, 0, 1, 0, 0, 0, 0, 0, 0, 0, 0, 0, 0, 0, 1, 0, 0, 0, 
11, 4, 4, 2, 1, 0, 2, 0, 0, 1, 0, 2, 1, 1, 1, 1, 2, 0, 1, 1, 2, 0, 0, 0, 0, 10, 1, 2, 1, 2, 0, 1, 2, 0, 0, 0, 1, 2, 2, 2, 3, 5, 6, 3, 2, 2, 1, 0, 1, 0, 0, 0, 1, 15, 15, 15, 9, 5, 3, 4, 6, 52, 1, 0, 0, 6, 2, 1, 3, 3, 2, 0, 0, 16, 4, 2, 1, 2, 0, 0, 0, 2, 0, 0, 0, 0, 0, 0, 0, 1, 0, 0, 0, 0, 0, 0, 0, 2, 0, 0, 0, 0, 0, 0, 0, 0, 0, 0, 0, 0, 0, 0, 0, 
12, 3, 5, 4, 0, 2, 2, 0, 1, 0, 0, 0, 0, 0, 1, 0, 0, 1, 0, 1, 0, 1, 0, 1, 0, 5, 1, 3, 2, 1, 0, 1, 0, 2, 1, 0, 0, 2, 2, 2, 0, 6, 8, 4, 5, 1, 2, 1, 2, 0, 2, 2, 1, 30, 5, 8, 7, 8, 6, 8, 2, 40, 0, 0, 4, 3, 6, 2, 3, 2, 2, 2, 2, 18, 6, 1, 1, 0, 0, 0, 0, 0, 0, 0, 0, 1, 0, 0, 0, 1, 0, 0, 0, 2, 0, 0, 0, 1, 0, 0, 0, 0, 0, 0, 0, 0, 0, 0, 0, 1, 0, 0, 0, 
13, 3, 3, 3, 4, 0, 0, 0, 0, 1, 1, 1, 0, 2, 2, 0, 1, 0, 0, 0, 0, 0, 0, 0, 0, 18, 1, 2, 4, 0, 2, 0, 0, 0, 1, 2, 0, 2, 3, 0, 1, 10, 8, 5, 1, 4, 1, 4, 2, 0, 0, 1, 0, 8, 8, 9, 8, 6, 1, 1, 0, 44, 2, 1, 1, 2, 2, 0, 2, 2, 0, 1, 1, 34, 0, 1, 0, 1, 0, 0, 0, 1, 0, 0, 0, 1, 0, 0, 0, 4, 0, 0, 0, 0, 0, 0, 0, 1, 0, 0, 0, 1, 0, 0, 0, 2, 0, 0, 0, 1, 0, 0, 0, 
14, 1, 1, 2, 1, 1, 0, 0, 2, 0, 0, 0, 2, 0, 0, 0, 0, 1, 0, 0, 1, 0, 0, 0, 0, 18, 5, 2, 0, 10, 2, 1, 1, 1, 1, 0, 0, 0, 0, 1, 0, 5, 5, 6, 6, 0, 0, 1, 0, 1, 6, 3, 3, 8, 6, 5, 8, 5, 1, 4, 0, 39, 1, 0, 0, 2, 2, 0, 2, 14, 4, 3, 3, 48, 4, 0, 1, 4, 0, 0, 0, 2, 0, 0, 0, 1, 0, 0, 0, 0, 0, 0, 0, 1, 0, 0, 0, 2, 0, 0, 0, 0, 0, 0, 0, 1, 0, 0, 0, 0, 0, 0, 0, 
15, 1, 1, 2, 1, 0, 1, 0, 1, 2, 2, 1, 1, 2, 0, 1, 1, 1, 0, 2, 2, 2, 0, 0, 0, 8, 1, 0, 1, 6, 1, 1, 0, 4, 2, 3, 3, 1, 0, 0, 0, 11, 5, 4, 6, 0, 0, 1, 0, 2, 3, 6, 7, 6, 3, 4, 4, 0, 1, 0, 0, 36, 7, 1, 0, 8, 4, 4, 2, 14, 2, 2, 0, 48, 0, 1, 0, 2, 0, 0, 0, 1, 0, 0, 0, 1, 0, 0, 0, 1, 0, 0, 0, 1, 0, 0, 0, 0, 0, 0, 0, 1, 0, 0, 0, 1, 0, 0, 0, 0, 0, 0, 0, 
16, 1, 0, 0, 0, 0, 0, 0, 1, 0, 0, 1, 0, 2, 0, 0, 0, 1, 0, 0, 0, 1, 0, 3, 0, 0, 0, 2, 1, 0, 2, 2, 3, 5, 4, 0, 0, 3, 3, 0, 1, 14, 5, 1, 3, 2, 1, 1, 1, 6, 12, 4, 10, 0, 0, 0, 0, 0, 0, 0, 2, 32, 2, 1, 0, 9, 5, 5, 3, 1, 3, 4, 0, 56, 4, 0, 1, 2, 0, 0, 0, 0, 0, 0, 0, 1, 0, 0, 0, 1, 0, 0, 0, 0, 0, 0, 0, 0, 0, 0, 0, 2, 0, 0, 0, 1, 0, 0, 0, 1, 0, 0, 0, 
17, 1, 0, 3, 1, 1, 2, 2, 2, 0, 0, 1, 1, 1, 0, 1, 0, 0, 0, 1, 1, 4, 0, 0, 0, 5, 0, 1, 0, 3, 2, 6, 2, 1, 0, 2, 3, 4, 3, 1, 1, 18, 3, 3, 3, 0, 1, 1, 0, 7, 3, 5, 3, 0, 3, 0, 0, 4, 4, 0, 0, 25, 1, 0, 2, 6, 7, 3, 5, 1, 5, 3, 1, 45, 2, 0, 0, 0, 0, 0, 0, 1, 0, 0, 0, 2, 0, 0, 0, 0, 0, 0, 0, 0, 0, 0, 0, 0, 0, 0, 0, 0, 0, 0, 0, 0, 0, 0, 0, 1, 0, 0, 0, 
18, 0, 2, 1, 3, 5, 2, 0, 0, 3, 0, 0, 0, 3, 1, 0, 0, 0, 1, 0, 1, 0, 1, 0, 1, 1, 0, 1, 2, 9, 3, 2, 1, 2, 1, 0, 0, 10, 9, 1, 1, 18, 8, 2, 4, 1, 2, 2, 5, 5, 6, 11, 7, 2, 0, 1, 1, 10, 1, 3, 2, 13, 1, 2, 0, 1, 3, 2, 4, 9, 2, 2, 1, 26, 2, 2, 0, 1, 0, 0, 0, 0, 0, 0, 0, 1, 0, 0, 0, 1, 0, 0, 0, 1, 0, 0, 0, 0, 0, 0, 0, 3, 0, 0, 0, 0, 0, 0, 0, 0, 0, 0, 0, 
19, 9, 4, 0, 0, 0, 1, 2, 1, 0, 0, 0, 0, 1, 0, 1, 0, 1, 0, 1, 0, 0, 0, 0, 0, 2, 0, 2, 1, 4, 2, 2, 6, 1, 2, 1, 0, 15, 0, 1, 0, 26, 6, 2, 2, 5, 2, 2, 1, 7, 5, 5, 10, 5, 0, 2, 1, 15, 5, 1, 0, 3, 4, 2, 0, 9, 7, 4, 1, 12, 3, 4, 2, 13, 1, 0, 0, 2, 0, 0, 0, 1, 0, 0, 0, 1, 0, 0, 0, 0, 0, 0, 0, 1, 0, 0, 0, 0, 0, 0, 0, 0, 0, 0, 0, 0, 0, 0, 0, 0, 0, 0, 0, 
20, 8, 3, 0, 1, 3, 0, 0, 0, 3, 1, 1, 1, 1, 1, 0, 0, 0, 0, 0, 1, 0, 0, 2, 1, 1, 0, 0, 0, 8, 3, 1, 5, 1, 1, 0, 0, 10, 5, 2, 1, 12, 4, 7, 1, 6, 5, 2, 4, 10, 9, 11, 6, 4, 1, 1, 0, 15, 1, 1, 0, 3, 7, 4, 6, 4, 2, 2, 2, 12, 3, 3, 4, 5, 0, 1, 1, 0, 0, 0, 0, 1, 0, 0, 0, 0, 0, 0, 0, 1, 0, 0, 0, 0, 0, 0, 0, 2, 0, 0, 0, 0, 0, 0, 0, 0, 0, 0, 0, 0, 0, 0, 0, 
21, 4, 3, 2, 0, 1, 1, 0, 0, 0, 3, 0, 0, 0, 1, 0, 0, 1, 0, 0, 1, 1, 3, 1, 0, 0, 0, 1, 2, 1, 1, 2, 3, 1, 4, 0, 0, 14, 1, 2, 2, 6, 3, 3, 6, 5, 3, 3, 3, 10, 8, 5, 5, 0, 1, 0, 1, 12, 4, 0, 0, 1, 2, 2, 1, 6, 6, 5, 4, 37, 8, 5, 4, 4, 2, 0, 1, 1, 0, 0, 0, 0, 0, 0, 0, 0, 0, 0, 0, 0, 0, 0, 0, 0, 0, 0, 0, 0, 0, 0, 0, 1, 0, 0, 0, 0, 0, 0, 0, 0, 0, 0, 0, 
22, 1, 0, 0, 0, 2, 2, 2, 1, 0, 0, 2, 0, 0, 1, 2, 0, 2, 0, 0, 0, 1, 1, 1, 0, 3, 1, 1, 0, 5, 5, 0, 0, 0, 0, 0, 1, 5, 2, 2, 2, 16, 2, 2, 2, 1, 3, 6, 9, 4, 11, 15, 9, 0, 2, 2, 0, 9, 0, 1, 0, 8, 1, 2, 1, 8, 2, 5, 4, 42, 3, 1, 2, 17, 2, 2, 1, 2, 0, 0, 0, 0, 0, 0, 0, 0, 0, 0, 0, 0, 0, 0, 0, 0, 0, 0, 0, 0, 0, 0, 0, 0, 0, 0, 0, 3, 0, 0, 0, 1, 0, 0, 0, 
23, 2, 0, 0, 1, 2, 3, 0, 1, 0, 0, 0, 0, 0, 0, 0, 0, 1, 0, 2, 0, 0, 0, 0, 0, 3, 1, 4, 2, 1, 1, 4, 1, 4, 3, 6, 2, 3, 3, 0, 3, 10, 3, 1, 3, 3, 4, 1, 3, 11, 8, 7, 11, 1, 1, 2, 1, 1, 3, 0, 2, 4, 2, 1, 2, 8, 4, 3, 5, 51, 4, 2, 3, 27, 1, 0, 3, 1, 0, 0, 0, 2, 0, 0, 0, 0, 0, 0, 0, 1, 0, 0, 0, 1, 0, 0, 0, 1, 0, 0, 0, 1, 0, 0, 0, 1, 0, 0, 0, 1, 0, 0, 0, 
24, 1, 4, 2, 1, 0, 1, 0, 1, 0, 0, 0, 0, 0, 1, 0, 0, 0, 0, 0, 0, 0, 1, 0, 0, 0, 0, 2, 1, 1, 1, 0, 1, 3, 9, 2, 9, 4, 1, 6, 1, 4, 4, 6, 1, 4, 8, 3, 2, 11, 11, 8, 7, 0, 0, 0, 1, 8, 0, 0, 0, 2, 1, 0, 3, 5, 12, 10, 8, 40, 3, 3, 0, 28, 1, 1, 1, 0, 0, 0, 0, 1, 0, 0, 0, 0, 0, 0, 0, 0, 0, 0, 0, 0, 0, 0, 0, 0, 0, 0, 0, 0, 0, 0, 0, 0, 0, 0, 0, 3, 0, 0, 0, 
25, 0, 0, 0, 0, 0, 0, 0, 0, 0, 1, 1, 1, 0, 0, 2, 0, 0, 0, 0, 0, 1, 0, 0, 0, 19, 1, 2, 2, 0, 1, 1, 2, 7, 5, 3, 6, 3, 2, 1, 2, 3, 3, 1, 1, 1, 1, 0, 0, 7, 9, 6, 8, 4, 0, 0, 1, 5, 1, 0, 1, 1, 2, 0, 2, 7, 8, 3, 5, 38, 2, 2, 1, 27, 5, 1, 1, 1, 0, 0, 0, 0, 0, 0, 0, 0, 0, 0, 0, 2, 0, 0, 0, 0, 0, 0, 0, 1, 0, 0, 0, 2, 0, 0, 0, 0, 0, 0, 0, 1, 0, 0, 0, 
26, 0, 0, 1, 0, 0, 2, 0, 0, 0, 0, 1, 2, 1, 0, 1, 2, 0, 0, 0, 0, 1, 1, 0, 0, 18, 1, 0, 0, 2, 0, 1, 0, 16, 5, 6, 1, 3, 5, 3, 4, 5, 3, 3, 1, 1, 1, 1, 2, 8, 6, 12, 4, 4, 3, 1, 1, 0, 0, 1, 0, 1, 1, 3, 1, 6, 4, 2, 7, 28, 1, 3, 2, 27, 3, 0, 2, 1, 0, 0, 0, 0, 0, 0, 0, 1, 0, 0, 0, 2, 0, 0, 0, 2, 0, 0, 0, 0, 0, 0, 0, 2, 0, 0, 0, 1, 0, 0, 0, 0, 0, 0, 0, 
27, 0, 2, 1, 0, 4, 0, 0, 0, 1, 1, 0, 2, 1, 0, 0, 1, 1, 3, 0, 2, 0, 0, 1, 0, 7, 2, 2, 2, 5, 1, 0, 3, 12, 3, 3, 6, 4, 6, 5, 2, 1, 1, 1, 1, 1, 2, 5, 2, 10, 4, 2, 1, 13, 0, 0, 1, 1, 0, 0, 1, 0, 0, 0, 3, 4, 5, 5, 5, 30, 4, 4, 3, 27, 0, 1, 1, 0, 0, 0, 0, 0, 0, 0, 0, 1, 0, 0, 0, 0, 0, 0, 0, 2, 0, 0, 0, 1, 0, 0, 0, 0, 0, 0, 0, 0, 0, 0, 0, 1, 0, 0, 0, 
28, 1, 0, 0, 1, 0, 0, 0, 1, 0, 0, 0, 0, 0, 1, 0, 0, 1, 3, 2, 1, 0, 0, 0, 1, 7, 2, 2, 2, 1, 4, 5, 2, 14, 5, 5, 1, 9, 3, 7, 6, 14, 1, 2, 2, 2, 1, 1, 1, 1, 0, 0, 0, 15, 3, 1, 0, 3, 1, 5, 2, 2, 2, 2, 1, 3, 1, 4, 3, 27, 6, 5, 3, 16, 0, 1, 1, 0, 0, 0, 0, 0, 0, 0, 0, 0, 0, 0, 0, 0, 0, 0, 0, 1, 0, 0, 0, 2, 0, 0, 0, 1, 0, 0, 0, 2, 0, 0, 0, 0, 0, 0, 0, 
29, 2, 2, 4, 1, 0, 0, 2, 0, 1, 0, 0, 0, 0, 1, 0, 1, 1, 1, 0, 2, 3, 4, 3, 2, 0, 1, 0, 0, 4, 6, 3, 4, 16, 1, 3, 2, 7, 4, 2, 1, 5, 4, 2, 3, 5, 0, 0, 1, 0, 0, 0, 0, 22, 0, 0, 0, 5, 4, 1, 0, 1, 4, 2, 1, 4, 1, 1, 2, 30, 7, 3, 0, 19, 2, 0, 0, 0, 0, 0, 0, 0, 0, 0, 0, 0, 0, 0, 0, 1, 0, 0, 0, 0, 0, 0, 0, 0, 0, 0, 0, 0, 0, 0, 0, 1, 0, 0, 0, 1, 0, 0, 0, 
30, 0, 3, 5, 2, 1, 1, 1, 1, 1, 1, 0, 0, 0, 1, 0, 1, 0, 1, 0, 1, 0, 0, 0, 0, 1, 1, 0, 0, 2, 2, 0, 1, 9, 4, 5, 4, 16, 3, 3, 3, 6, 3, 6, 5, 4, 1, 1, 1, 1, 0, 0, 0, 17, 0, 0, 0, 1, 1, 0, 0, 6, 7, 8, 5, 4, 2, 0, 1, 28, 5, 4, 1, 8, 2, 2, 0, 0, 0, 0, 0, 1, 0, 0, 0, 2, 0, 0, 0, 1, 0, 0, 0, 1, 0, 0, 0, 0, 0, 0, 0, 0, 0, 0, 0, 1, 0, 0, 0, 1, 0, 0, 0, 
31, 2, 2, 3, 0, 2, 1, 1, 0, 0, 2, 0, 0, 1, 0, 1, 1, 2, 0, 1, 0, 0, 0, 0, 0, 7, 0, 1, 2, 1, 1, 0, 0, 8, 4, 1, 2, 12, 8, 3, 2, 24, 4, 3, 2, 1, 0, 0, 0, 0, 2, 2, 0, 21, 1, 0, 1, 2, 5, 1, 4, 0, 2, 3, 2, 4, 2, 3, 3, 30, 2, 7, 2, 19, 0, 2, 1, 2, 0, 0, 0, 1, 0, 0, 0, 0, 0, 0, 0, 2, 0, 0, 0, 1, 0, 0, 0, 0, 0, 0, 0, 0, 0, 0, 0, 0, 0, 0, 0, 1, 0, 0, 0, 
32, 1, 0, 3, 0, 0, 0, 0, 0, 4, 0, 0, 0, 1, 0, 1, 0, 0, 0, 2, 0, 2, 2, 1, 2, 4, 1, 0, 2, 4, 2, 2, 3, 0, 0, 0, 1, 6, 7, 5, 6, 20, 1, 1, 1, 1, 0, 0, 0, 0, 1, 2, 0, 7, 0, 0, 0, 2, 0, 0, 1, 0, 0, 0, 0, 3, 4, 2, 1, 28, 2, 3, 5, 23, 2, 2, 1, 2, 0, 0, 0, 3, 0, 0, 0, 1, 0, 0, 0, 0, 0, 0, 0, 3, 0, 0, 0, 0, 0, 0, 0, 2, 0, 0, 0, 1, 0, 0, 0, 0, 0, 0, 0, 
33, 0, 0, 1, 0, 3, 0, 0, 5, 0, 1, 0, 1, 0, 0, 1, 0, 1, 2, 2, 1, 1, 0, 0, 0, 0, 0, 0, 0, 7, 4, 1, 3, 1, 0, 1, 0, 6, 4, 4, 1, 14, 1, 4, 1, 8, 2, 0, 2, 1, 1, 2, 1, 5, 5, 1, 0, 1, 0, 1, 0, 2, 2, 2, 2, 8, 5, 6, 3, 34, 6, 1, 1, 26, 1, 2, 1, 0, 0, 0, 0, 1, 0, 0, 0, 0, 0, 0, 0, 1, 0, 0, 0, 2, 0, 0, 0, 1, 0, 0, 0, 1, 0, 0, 0, 1, 0, 0, 0, 0, 0, 0, 0, 
34, 2, 2, 1, 0, 0, 0, 0, 0, 2, 1, 0, 0, 0, 0, 0, 0, 2, 0, 0, 2, 0, 1, 2, 0, 2, 5, 5, 3, 1, 0, 0, 2, 6, 1, 2, 2, 5, 5, 7, 7, 8, 5, 3, 2, 0, 0, 1, 0, 4, 2, 0, 1, 9, 1, 0, 2, 0, 2, 2, 1, 1, 0, 1, 0, 4, 3, 5, 2, 29, 4, 3, 1, 35, 3, 2, 1, 0, 0, 0, 0, 0, 0, 0, 0, 2, 0, 0, 0, 1, 0, 0, 0, 2, 0, 0, 0, 0, 0, 0, 0, 0, 0, 0, 0, 0, 0, 0, 0, 2, 0, 0, 0, 
35, 0, 0, 2, 0, 0, 0, 0, 2, 0, 0, 0, 0, 1, 1, 1, 1, 0, 1, 0, 0, 0, 0, 1, 0, 5, 1, 3, 5, 0, 0, 0, 1, 12, 0, 0, 1, 6, 3, 5, 2, 1, 3, 6, 2, 1, 2, 1, 0, 2, 1, 3, 1, 13, 3, 0, 1, 1, 3, 0, 2, 4, 2, 3, 1, 1, 0, 1, 1, 31, 5, 2, 0, 29, 0, 2, 1, 2, 0, 0, 0, 1, 0, 0, 0, 0, 0, 0, 0, 3, 0, 0, 0, 2, 0, 0, 0, 0, 0, 0, 0, 1, 0, 0, 0, 0, 0, 0, 0, 0, 0, 0, 0, 
36, 0, 0, 0, 0, 0, 2, 2, 0, 1, 0, 0, 1, 0, 1, 2, 0, 0, 1, 0, 0, 2, 3, 1, 0, 6, 3, 6, 1, 0, 0, 0, 1, 11, 3, 3, 3, 4, 6, 0, 3, 3, 3, 1, 2, 3, 2, 3, 3, 1, 1, 0, 0, 22, 1, 0, 1, 0, 0, 1, 2, 12, 4, 4, 1, 0, 0, 0, 0, 31, 4, 1, 3, 34, 0, 4, 1, 0, 0, 0, 0, 2, 0, 0, 0, 0, 0, 0, 0, 1, 0, 0, 0, 1, 0, 0, 0, 1, 0, 0, 0, 1, 0, 0, 0, 0, 0, 0, 0, 0, 0, 0, 0, 
37, 1, 2, 1, 0, 1, 2, 1, 0, 0, 0, 0, 2, 0, 0, 0, 0, 0, 0, 2, 0, 0, 0, 0, 0, 10, 5, 0, 5, 1, 2, 3, 5, 10, 2, 0, 3, 0, 2, 3, 4, 3, 5, 4, 1, 6, 2, 1, 1, 0, 0, 1, 1, 17, 0, 1, 1, 2, 5, 0, 1, 21, 7, 6, 0, 4, 1, 2, 2, 28, 6, 4, 2, 20, 2, 1, 0, 0, 0, 0, 0, 0, 0, 0, 0, 0, 0, 0, 0, 0, 0, 0, 0, 1, 0, 0, 0, 2, 0, 0, 0, 0, 0, 0, 0, 0, 0, 0, 0, 1, 0, 0, 0, 
38, 2, 1, 4, 1, 1, 0, 2, 0, 0, 0, 2, 0, 0, 0, 0, 0, 1, 0, 0, 1, 0, 1, 0, 0, 19, 3, 1, 2, 2, 0, 2, 0, 16, 5, 1, 0, 3, 4, 3, 0, 0, 0, 0, 2, 1, 0, 0, 0, 10, 1, 3, 0, 6, 0, 1, 0, 2, 3, 5, 3, 24, 2, 5, 0, 8, 6, 9, 12, 38, 2, 2, 4, 19, 0, 5, 2, 2, 0, 0, 0, 0, 0, 0, 0, 0, 0, 0, 0, 0, 0, 0, 0, 2, 0, 0, 0, 1, 0, 0, 0, 1, 0, 0, 0, 0, 0, 0, 0, 0, 0, 0, 0, 
39, 2, 0, 1, 1, 0, 0, 0, 0, 0, 1, 0, 0, 0, 0, 0, 0, 0, 0, 0, 0, 1, 0, 2, 2, 7, 10, 1, 5, 1, 2, 1, 3, 4, 0, 1, 1, 0, 1, 1, 2, 1, 2, 2, 0, 1, 0, 1, 1, 4, 0, 3, 1, 2, 0, 0, 2, 3, 3, 3, 1, 29, 6, 5, 1, 20, 8, 8, 8, 46, 4, 5, 3, 13, 0, 0, 1, 0, 0, 0, 0, 0, 0, 0, 0, 1, 0, 0, 0, 1, 0, 0, 0, 2, 0, 0, 0, 1, 0, 0, 0, 0, 0, 0, 0, 1, 0, 0, 0, 1, 0, 0, 0, 
40, 0, 1, 2, 0, 0, 0, 0, 0, 0, 2, 1, 0, 0, 1, 0, 1, 1, 0, 0, 0, 0, 0, 2, 0, 1, 4, 3, 1, 0, 2, 3, 0, 1, 2, 5, 1, 2, 0, 0, 0, 1, 0, 1, 2, 2, 4, 1, 5, 2, 0, 1, 2, 7, 3, 3, 1, 2, 3, 0, 5, 29, 4, 4, 0, 36, 7, 6, 2, 60, 12, 1, 0, 7, 4, 3, 1, 0, 0, 0, 0, 0, 0, 0, 0, 0, 0, 0, 0, 0, 0, 0, 0, 0, 0, 0, 0, 0, 0, 0, 0, 0, 0, 0, 0, 0, 0, 0, 0, 1, 0, 0, 0, 
41, 1, 1, 2, 2, 0, 1, 0, 0, 0, 0, 0, 0, 2, 0, 1, 0, 0, 0, 1, 0, 1, 0, 0, 0, 5, 5, 5, 3, 1, 0, 1, 1, 2, 3, 3, 1, 11, 2, 1, 0, 3, 1, 2, 0, 1, 4, 4, 2, 1, 0, 1, 0, 13, 7, 4, 1, 3, 1, 3, 3, 15, 2, 5, 2, 23, 8, 7, 7, 52, 4, 1, 2, 2, 1, 2, 2, 1, 0, 0, 0, 0, 0, 0, 0, 3, 0, 0, 0, 0, 0, 0, 0, 1, 0, 0, 0, 0, 0, 0, 0, 1, 0, 0, 0, 0, 0, 0, 0, 1, 0, 0, 0, 
42, 7, 0, 2, 1, 0, 0, 1, 1, 0, 0, 1, 1, 1, 0, 0, 0, 1, 0, 0, 0, 0, 0, 1, 0, 0, 3, 3, 4, 3, 2, 4, 3, 7, 1, 6, 4, 2, 0, 1, 2, 1, 1, 1, 1, 3, 1, 2, 1, 4, 6, 5, 4, 27, 6, 4, 1, 0, 1, 2, 2, 14, 2, 1, 3, 15, 7, 3, 5, 50, 1, 6, 2, 0, 1, 2, 2, 1, 0, 0, 0, 0, 0, 0, 0, 2, 0, 0, 0, 0, 0, 0, 0, 0, 0, 0, 0, 0, 0, 0, 0, 0, 0, 0, 0, 0, 0, 0, 0, 1, 0, 0, 0, 
43, 9, 2, 0, 3, 1, 0, 3, 0, 1, 0, 0, 2, 0, 0, 0, 0, 1, 0, 0, 2, 0, 0, 0, 0, 3, 1, 2, 5, 5, 2, 4, 2, 5, 4, 2, 3, 0, 1, 1, 1, 0, 2, 1, 1, 0, 1, 4, 4, 1, 2, 3, 0, 28, 6, 3, 0, 0, 0, 0, 0, 14, 1, 5, 2, 5, 5, 6, 5, 43, 3, 4, 4, 4, 0, 2, 1, 2, 0, 0, 0, 0, 0, 0, 0, 1, 0, 0, 0, 1, 0, 0, 0, 0, 0, 0, 0, 1, 0, 0, 0, 0, 0, 0, 0, 3, 0, 0, 0, 0, 0, 0, 0, 
44, 12, 1, 1, 0, 1, 1, 0, 0, 1, 3, 1, 0, 1, 1, 1, 0, 0, 0, 0, 0, 1, 1, 1, 3, 10, 4, 6, 2, 0, 5, 5, 3, 1, 1, 1, 0, 0, 2, 0, 0, 2, 0, 0, 1, 3, 0, 4, 2, 8, 1, 1, 2, 37, 3, 0, 4, 0, 4, 2, 1, 13, 3, 2, 4, 5, 4, 6, 6, 34, 3, 0, 0, 1, 0, 0, 2, 0, 0, 0, 0, 1, 0, 0, 0, 1, 0, 0, 0, 0, 0, 0, 0, 1, 0, 0, 0, 1, 0, 0, 0, 1, 0, 0, 0, 0, 0, 0, 0, 0, 0, 0, 0, 
45, 13, 2, 1, 1, 0, 0, 0, 1, 1, 2, 2, 2, 0, 0, 0, 0, 0, 0, 0, 0, 0, 0, 1, 0, 17, 0, 7, 1, 3, 0, 0, 1, 0, 1, 0, 0, 4, 0, 2, 1, 1, 0, 3, 0, 0, 1, 1, 2, 10, 1, 0, 1, 23, 3, 3, 1, 3, 2, 1, 3, 16, 2, 2, 1, 8, 3, 7, 3, 33, 2, 3, 4, 0, 1, 1, 0, 1, 0, 0, 0, 0, 0, 0, 0, 0, 0, 0, 0, 1, 0, 0, 0, 4, 0, 0, 0, 0, 0, 0, 0, 0, 0, 0, 0, 1, 0, 0, 0, 0, 0, 0, 0, 
46, 20, 0, 1, 0, 0, 0, 1, 0, 1, 0, 0, 0, 2, 2, 3, 3, 0, 2, 0, 0, 0, 0, 0, 0, 22, 4, 3, 5, 1, 0, 0, 0, 1, 3, 3, 2, 0, 0, 1, 2, 0, 2, 1, 0, 0, 2, 0, 1, 2, 0, 1, 1, 20, 4, 3, 5, 5, 2, 3, 3, 13, 4, 3, 0, 3, 1, 1, 0, 35, 2, 3, 2, 0, 0, 0, 0, 0, 0, 0, 0, 2, 0, 0, 0, 1, 0, 0, 0, 2, 0, 0, 0, 1, 0, 0, 0, 4, 0, 0, 0, 0, 0, 0, 0, 1, 0, 0, 0, 1, 0, 0, 0, 
47, 18, 3, 2, 0, 0, 0, 0, 0, 1, 0, 2, 1, 0, 0, 0, 0, 3, 0, 0, 2, 0, 0, 0, 1, 13, 3, 3, 3, 2, 2, 2, 4, 3, 1, 2, 2, 1, 1, 2, 1, 2, 5, 4, 0, 0, 0, 0, 1, 5, 1, 1, 0, 15, 5, 6, 1, 10, 9, 8, 3, 2, 1, 1, 0, 0, 0, 2, 4, 37, 2, 2, 1, 0, 1, 5, 2, 0, 0, 0, 0, 1, 0, 0, 0, 0, 0, 0, 0, 1, 0, 0, 0, 1, 0, 0, 0, 1, 0, 0, 0, 2, 0, 0, 0, 0, 0, 0, 0, 2, 0, 0, 0, 
48, 12, 4, 2, 0, 1, 2, 0, 0, 0, 1, 0, 0, 0, 1, 2, 0, 0, 3, 0, 0, 0, 1, 1, 0, 12, 2, 1, 1, 6, 5, 2, 5, 7, 4, 3, 3, 1, 0, 1, 0, 0, 1, 3, 2, 1, 3, 5, 2, 3, 2, 5, 2, 13, 4, 2, 1, 4, 5, 1, 4, 0, 2, 1, 0, 3, 4, 4, 4, 40, 3, 4, 1, 5, 1, 3, 3, 0, 0, 0, 0, 4, 0, 0, 0, 0, 0, 0, 0, 0, 0, 0, 0, 0, 0, 0, 0, 1, 0, 0, 0, 1, 0, 0, 0, 1, 0, 0, 0, 0, 0, 0, 0, 
49, 16, 2, 1, 1, 1, 0, 0, 0, 4, 5, 3, 2, 0, 0, 0, 2, 0, 0, 0, 0, 0, 0, 0, 0, 20, 1, 4, 0, 3, 4, 1, 1, 4, 1, 3, 5, 5, 0, 0, 1, 3, 2, 2, 4, 3, 5, 1, 1, 1, 0, 1, 1, 2, 1, 1, 3, 0, 0, 2, 1, 5, 5, 2, 2, 7, 1, 6, 4, 40, 3, 1, 3, 2, 1, 2, 1, 2, 0, 0, 0, 0, 0, 0, 0, 1, 0, 0, 0, 2, 0, 0, 0, 0, 0, 0, 0, 1, 0, 0, 0, 1, 0, 0, 0, 0, 0, 0, 0, 1, 0, 0, 0, 
50, 1, 0, 0, 1, 0, 1, 1, 0, 1, 4, 3, 1, 1, 0, 0, 0, 0, 0, 1, 0, 0, 0, 0, 0, 19, 3, 3, 2, 4, 7, 0, 0, 0, 0, 0, 0, 0, 0, 0, 0, 0, 0, 0, 0, 6, 4, 0, 0, 2, 1, 0, 0, 8, 4, 5, 4, 2, 3, 3, 3, 6, 6, 5, 3, 9, 3, 1, 0, 31, 5, 3, 2, 0, 1, 0, 0, 2, 0, 0, 0, 2, 0, 0, 0, 1, 0, 0, 0, 0, 0, 0, 0, 0, 0, 0, 0, 0, 0, 0, 0, 1, 0, 0, 0, 2, 0, 0, 0, 3, 0, 0, 0, 
51, 2, 0, 3, 1, 0, 0, 0, 0, 2, 4, 2, 2, 1, 0, 0, 0, 1, 2, 2, 0, 0, 0, 0, 0, 18, 4, 2, 2, 2, 1, 2, 0, 1, 2, 2, 2, 0, 0, 0, 0, 1, 0, 1, 0, 0, 1, 3, 0, 2, 2, 0, 1, 10, 6, 4, 11, 14, 4, 1, 1, 2, 0, 4, 3, 12, 0, 3, 2, 28, 1, 1, 4, 0, 0, 1, 2, 1, 0, 0, 0, 1, 0, 0, 0, 0, 0, 0, 0, 1, 0, 0, 0, 0, 0, 0, 0, 2, 0, 0, 0, 1, 0, 0, 0, 0, 0, 0, 0, 1, 0, 0, 0, 
52, 2, 1, 2, 0, 0, 0, 0, 0, 2, 1, 0, 0, 1, 0, 0, 0, 0, 1, 0, 1, 1, 1, 0, 1, 5, 3, 2, 4, 2, 0, 0, 0, 6, 7, 6, 3, 3, 4, 2, 3, 2, 1, 2, 9, 2, 3, 1, 2, 9, 5, 2, 1, 6, 5, 5, 2, 13, 4, 1, 3, 0, 1, 2, 0, 1, 0, 0, 0, 32, 9, 2, 2, 1, 2, 1, 0, 1, 0, 0, 0, 1, 0, 0, 0, 1, 0, 0, 0, 0, 0, 0, 0, 1, 0, 0, 0, 0, 0, 0, 0, 0, 0, 0, 0, 0, 0, 0, 0, 1, 0, 0, 0, 
53, 0, 1, 1, 1, 1, 0, 1, 0, 1, 0, 0, 1, 0, 0, 0, 0, 0, 0, 1, 0, 0, 0, 0, 1, 9, 2, 2, 3, 1, 0, 0, 0, 5, 3, 1, 6, 6, 2, 4, 2, 3, 3, 0, 1, 2, 1, 1, 0, 10, 3, 6, 6, 3, 1, 2, 2, 2, 1, 2, 0, 1, 0, 0, 0, 5, 0, 2, 3, 22, 5, 3, 0, 13, 1, 0, 1, 0, 0, 0, 0, 1, 0, 0, 0, 0, 0, 0, 0, 3, 0, 0, 0, 0, 0, 0, 0, 1, 0, 0, 0, 1, 0, 0, 0, 0, 0, 0, 0, 1, 0, 0, 0, 
54, 5, 1, 0, 0, 0, 0, 2, 0, 0, 2, 0, 0, 0, 2, 1, 0, 2, 1, 0, 4, 0, 0, 1, 0, 0, 0, 1, 1, 15, 0, 0, 0, 6, 5, 6, 1, 2, 0, 0, 0, 4, 1, 2, 2, 0, 0, 2, 0, 11, 1, 3, 2, 1, 0, 3, 4, 0, 1, 1, 1, 13, 1, 2, 3, 2, 1, 3, 1, 27, 3, 5, 0, 7, 5, 0, 2, 0, 0, 0, 0, 2, 0, 0, 0, 0, 0, 0, 0, 1, 0, 0, 0, 0, 0, 0, 0, 2, 0, 0, 0, 0, 0, 0, 0, 0, 0, 0, 0, 0, 0, 0, 0, 
55, 0, 1, 0, 1, 1, 0, 1, 1, 1, 0, 0, 0, 1, 1, 2, 1, 0, 1, 0, 0, 1, 2, 3, 3, 3, 0, 0, 0, 19, 1, 0, 0, 2, 1, 2, 1, 2, 1, 0, 1, 0, 1, 1, 1, 0, 4, 0, 2, 11, 4, 5, 2, 0, 1, 0, 0, 1, 1, 0, 1, 10, 2, 3, 1, 7, 4, 8, 6, 24, 4, 2, 2, 5, 1, 2, 1, 0, 0, 0, 0, 2, 0, 0, 0, 1, 0, 0, 0, 0, 0, 0, 0, 1, 0, 0, 0, 1, 0, 0, 0, 1, 0, 0, 0, 0, 0, 0, 0, 1, 0, 0, 0, 
56, 13, 4, 3, 3, 0, 0, 1, 0, 0, 1, 0, 0, 1, 0, 1, 0, 0, 0, 1, 0, 0, 0, 0, 0, 4, 6, 1, 2, 26, 1, 0, 0, 2, 2, 4, 3, 2, 1, 4, 3, 0, 0, 1, 2, 0, 1, 0, 2, 0, 3, 4, 1, 2, 0, 0, 0, 4, 2, 1, 3, 3, 5, 7, 1, 5, 6, 6, 3, 25, 1, 3, 2, 1, 1, 0, 4, 0, 0, 0, 0, 0, 0, 0, 0, 1, 0, 0, 0, 0, 0, 0, 0, 1, 0, 0, 0, 1, 0, 0, 0, 2, 0, 0, 0, 0, 0, 0, 0, 0, 0, 0, 0, 
57, 0, 1, 0, 1, 2, 0, 1, 2, 1, 2, 0, 0, 0, 0, 0, 1, 0, 0, 0, 0, 2, 0, 1, 1, 4, 4, 1, 1, 33, 0, 1, 0, 6, 0, 0, 2, 1, 2, 1, 1, 2, 0, 0, 2, 1, 0, 0, 0, 0, 1, 0, 0, 1, 1, 2, 2, 0, 1, 0, 1, 14, 4, 2, 1, 2, 3, 3, 4, 28, 3, 2, 2, 1, 2, 0, 1, 0, 0, 0, 0, 0, 0, 0, 0, 4, 0, 0, 0, 4, 0, 0, 0, 1, 0, 0, 0, 0, 0, 0, 0, 0, 0, 0, 0, 0, 0, 0, 0, 1, 0, 0, 0, 
58, 0, 0, 0, 0, 1, 3, 3, 1, 2, 1, 1, 0, 0, 1, 0, 0, 0, 0, 0, 1, 1, 0, 0, 0, 2, 1, 4, 1, 20, 2, 0, 0, 9, 7, 7, 4, 0, 0, 2, 1, 3, 0, 1, 1, 0, 0, 0, 0, 2, 2, 2, 0, 8, 2, 2, 0, 7, 4, 1, 1, 12, 5, 3, 0, 7, 0, 9, 10, 24, 2, 2, 2, 3, 3, 3, 10, 2, 0, 0, 0, 1, 0, 0, 0, 0, 0, 0, 0, 0, 0, 0, 0, 0, 0, 0, 0, 1, 0, 0, 0, 3, 0, 0, 0, 0, 0, 0, 0, 0, 0, 0, 0, 
59, 2, 0, 0, 0, 0, 0, 0, 0, 0, 0, 0, 0, 0, 0, 0, 0, 0, 1, 0, 1, 0, 0, 0, 0, 1, 2, 0, 0, 16, 0, 0, 0, 4, 3, 3, 3, 19, 1, 3, 8, 3, 4, 2, 1, 0, 1, 0, 0, 2, 3, 3, 6, 14, 2, 2, 0, 19, 0, 2, 0, 8, 1, 3, 4, 10, 5, 5, 7, 5, 6, 3, 3, 1, 2, 2, 4, 1, 0, 0, 0, 2, 0, 0, 0, 3, 0, 0, 0, 0, 0, 0, 0, 0, 0, 0, 0, 0, 0, 0, 0, 0, 0, 0, 0, 1, 0, 0, 0, 0, 0, 0, 0, 
60, 4, 0, 0, 2, 0, 3, 1, 2, 1, 2, 2, 0, 1, 2, 2, 0, 0, 0, 0, 0, 0, 0, 1, 1, 2, 4, 1, 1, 9, 1, 0, 1, 2, 0, 2, 0, 30, 4, 3, 2, 2, 0, 0, 1, 2, 3, 5, 4, 0, 2, 2, 0, 14, 0, 0, 0, 17, 0, 0, 2, 11, 1, 2, 0, 6, 9, 9, 6, 4, 2, 2, 3, 7, 3, 7, 2, 0, 0, 0, 0, 0, 0, 0, 0, 2, 0, 0, 0, 0, 0, 0, 0, 0, 0, 0, 0, 1, 0, 0, 0, 1, 0, 0, 0, 1, 0, 0, 0, 1, 0, 0, 0, 
61, 2, 1, 3, 1, 1, 0, 0, 0, 2, 2, 3, 3, 0, 0, 0, 0, 0, 0, 0, 2, 0, 0, 0, 1, 6, 1, 2, 2, 1, 2, 0, 0, 5, 0, 0, 0, 33, 3, 4, 2, 0, 0, 2, 2, 4, 6, 5, 3, 4, 0, 3, 0, 13, 3, 0, 0, 14, 3, 1, 3, 0, 0, 0, 3, 3, 2, 4, 3, 1, 1, 1, 1, 8, 6, 2, 4, 0, 0, 0, 0, 1, 0, 0, 0, 0, 0, 0, 0, 1, 0, 0, 0, 1, 0, 0, 0, 2, 0, 0, 0, 0, 0, 0, 0, 0, 0, 0, 0, 1, 0, 0, 0, 
62, 0, 1, 0, 0, 0, 1, 0, 1, 6, 4, 2, 4, 2, 0, 1, 0, 1, 0, 1, 0, 3, 2, 1, 3, 5, 2, 1, 3, 3, 4, 3, 4, 1, 2, 3, 4, 40, 1, 2, 2, 2, 0, 0, 0, 3, 1, 5, 1, 2, 1, 0, 5, 13, 0, 1, 1, 14, 3, 2, 1, 1, 2, 0, 0, 1, 2, 1, 1, 0, 1, 5, 2, 3, 1, 2, 3, 0, 0, 0, 0, 1, 0, 0, 0, 0, 0, 0, 0, 0, 0, 0, 0, 0, 0, 0, 0, 2, 0, 0, 0, 0, 0, 0, 0, 0, 0, 0, 0, 1, 0, 0, 0, 
63, 1, 2, 0, 2, 2, 0, 2, 2, 8, 10, 3, 2, 0, 0, 1, 0, 0, 0, 0, 2, 3, 0, 1, 2, 1, 1, 9, 3, 10, 4, 3, 2, 6, 5, 2, 0, 33, 2, 2, 2, 2, 1, 4, 1, 2, 6, 4, 2, 5, 4, 2, 3, 16, 0, 2, 0, 13, 0, 0, 2, 1, 1, 2, 1, 2, 1, 2, 3, 2, 0, 3, 5, 4, 1, 0, 1, 1, 0, 0, 0, 1, 0, 0, 0, 0, 0, 0, 0, 0, 0, 0, 0, 0, 0, 0, 0, 1, 0, 0, 0, 1, 0, 0, 0, 0, 0, 0, 0, 0, 0, 0, 0, 
64, 0, 0, 1, 0, 1, 1, 0, 0, 5, 1, 5, 4, 1, 1, 1, 0, 1, 0, 0, 1, 0, 1, 1, 0, 9, 8, 1, 2, 9, 8, 3, 4, 8, 4, 5, 1, 25, 4, 3, 5, 13, 4, 4, 0, 3, 7, 6, 4, 0, 2, 2, 0, 10, 1, 0, 2, 5, 1, 2, 1, 2, 1, 0, 0, 1, 1, 1, 1, 1, 3, 1, 1, 4, 3, 1, 1, 1, 0, 0, 0, 0, 0, 0, 0, 4, 0, 0, 0, 1, 0, 0, 0, 0, 0, 0, 0, 2, 0, 0, 0, 0, 0, 0, 0, 0, 0, 0, 0, 0, 0, 0, 0, 
65, 1, 1, 1, 1, 6, 1, 2, 1, 1, 0, 0, 0, 0, 0, 0, 0, 0, 0, 0, 0, 2, 1, 2, 0, 13, 3, 2, 5, 12, 2, 2, 2, 5, 2, 3, 4, 24, 1, 4, 1, 10, 5, 2, 1, 2, 6, 7, 6, 0, 0, 0, 0, 5, 2, 1, 2, 0, 0, 1, 0, 2, 1, 2, 0, 0, 1, 1, 2, 1, 0, 1, 1, 11, 3, 2, 1, 1, 0, 0, 0, 2, 0, 0, 0, 1, 0, 0, 0, 0, 0, 0, 0, 0, 0, 0, 0, 1, 0, 0, 0, 0, 0, 0, 0, 0, 0, 0, 0, 0, 0, 0, 0, 
66, 3, 1, 4, 1, 0, 0, 0, 1, 0, 0, 0, 0, 0, 1, 0, 0, 0, 0, 0, 2, 2, 6, 2, 0, 11, 4, 3, 4, 1, 0, 0, 0, 12, 6, 1, 2, 17, 4, 3, 8, 10, 1, 0, 2, 2, 2, 5, 0, 2, 0, 1, 1, 8, 1, 0, 0, 1, 1, 0, 0, 2, 1, 0, 0, 2, 4, 3, 2, 0, 1, 2, 4, 6, 4, 2, 1, 1, 0, 0, 0, 1, 0, 0, 0, 1, 0, 0, 0, 0, 0, 0, 0, 2, 0, 0, 0, 1, 0, 0, 0, 0, 0, 0, 0, 0, 0, 0, 0, 0, 0, 0, 0, 
67, 0, 0, 0, 0, 0, 0, 0, 0, 3, 0, 0, 6, 0, 0, 0, 0, 0, 1, 1, 0, 0, 1, 1, 1, 14, 2, 2, 2, 0, 0, 0, 0, 16, 9, 3, 2, 20, 1, 2, 1, 4, 0, 3, 0, 2, 1, 2, 2, 7, 2, 1, 0, 10, 3, 2, 1, 1, 0, 1, 2, 1, 2, 0, 0, 8, 5, 3, 5, 1, 0, 2, 1, 8, 0, 0, 1, 0, 0, 0, 0, 0, 0, 0, 0, 0, 0, 0, 0, 1, 0, 0, 0, 3, 0, 0, 0, 1, 0, 0, 0, 0, 0, 0, 0, 1, 0, 0, 0, 2, 0, 0, 0, 
68, 0, 0, 0, 0, 0, 0, 0, 0, 1, 2, 1, 7, 0, 0, 0, 0, 4, 1, 0, 1, 2, 0, 1, 1, 21, 3, 3, 0, 1, 0, 1, 0, 32, 5, 4, 1, 12, 2, 3, 4, 0, 0, 2, 0, 0, 2, 1, 1, 8, 6, 1, 0, 8, 3, 1, 3, 4, 2, 4, 4, 2, 4, 1, 1, 7, 6, 6, 2, 0, 2, 0, 1, 8, 1, 0, 0, 0, 0, 0, 0, 0, 0, 0, 0, 1, 0, 0, 0, 1, 0, 0, 0, 0, 0, 0, 0, 0, 0, 0, 0, 1, 0, 0, 0, 0, 0, 0, 0, 0, 0, 0, 0, 
69, 0, 2, 2, 2, 2, 0, 1, 0, 1, 3, 1, 1, 0, 1, 1, 1, 0, 0, 0, 0, 0, 0, 0, 0, 6, 3, 5, 4, 1, 1, 1, 0, 37, 4, 5, 1, 13, 5, 2, 2, 4, 4, 1, 1, 1, 1, 1, 0, 5, 1, 2, 1, 23, 5, 0, 1, 15, 4, 4, 4, 1, 1, 2, 1, 2, 4, 4, 0, 0, 1, 0, 0, 0, 1, 1, 0, 2, 0, 0, 0, 1, 0, 0, 0, 0, 0, 0, 0, 0, 0, 0, 0, 1, 0, 0, 0, 0, 0, 0, 0, 0, 0, 0, 0, 1, 0, 0, 0, 1, 0, 0, 0, 
70, 0, 1, 0, 0, 0, 1, 1, 1, 1, 1, 0, 1, 0, 0, 0, 0, 0, 0, 0, 1, 0, 0, 0, 1, 12, 5, 3, 1, 1, 0, 0, 0, 39, 9, 4, 1, 15, 5, 1, 5, 0, 1, 0, 1, 6, 1, 2, 1, 1, 1, 0, 0, 15, 5, 0, 2, 4, 8, 3, 4, 3, 2, 0, 0, 4, 0, 1, 0, 2, 2, 3, 4, 14, 5, 0, 3, 0, 0, 0, 0, 2, 0, 0, 0, 1, 0, 0, 0, 0, 0, 0, 0, 0, 0, 0, 0, 0, 0, 0, 0, 0, 0, 0, 0, 1, 0, 0, 0, 0, 0, 0, 0, 
71, 1, 2, 0, 0, 0, 1, 2, 2, 0, 2, 1, 0, 0, 0, 0, 0, 4, 1, 1, 0, 3, 0, 1, 2, 11, 2, 5, 1, 0, 0, 1, 0, 42, 2, 1, 0, 29, 10, 0, 2, 0, 0, 0, 0, 0, 0, 3, 2, 2, 4, 1, 2, 2, 2, 0, 1, 2, 5, 6, 3, 2, 3, 4, 1, 0, 1, 0, 1, 5, 1, 4, 4, 28, 5, 2, 3, 1, 0, 0, 0, 0, 0, 0, 0, 1, 0, 0, 0, 0, 0, 0, 0, 2, 0, 0, 0, 0, 0, 0, 0, 0, 0, 0, 0, 0, 0, 0, 0, 0, 0, 0, 0, 
72, 1, 0, 1, 0, 0, 0, 0, 0, 0, 0, 0, 0, 3, 0, 1, 0, 0, 2, 1, 0, 0, 0, 0, 0, 4, 3, 2, 4, 0, 2, 1, 2, 25, 3, 1, 1, 45, 9, 2, 4, 0, 0, 0, 3, 2, 1, 1, 3, 1, 1, 2, 0, 0, 1, 1, 2, 2, 1, 3, 0, 7, 0, 1, 0, 1, 0, 2, 0, 4, 10, 4, 3, 25, 4, 1, 3, 1, 0, 0, 0, 1, 0, 0, 0, 2, 0, 0, 0, 0, 0, 0, 0, 0, 0, 0, 0, 1, 0, 0, 0, 0, 0, 0, 0, 1, 0, 0, 0, 1, 0, 0, 0, 
73, 1, 0, 0, 0, 0, 0, 0, 0, 0, 0, 0, 1, 0, 0, 1, 0, 1, 0, 0, 1, 1, 0, 0, 1, 3, 0, 2, 1, 0, 2, 3, 3, 17, 0, 4, 1, 49, 3, 8, 1, 0, 0, 0, 0, 2, 0, 0, 1, 4, 4, 4, 4, 1, 2, 1, 0, 2, 4, 2, 6, 0, 0, 1, 0, 1, 1, 0, 0, 6, 4, 2, 5, 29, 6, 5, 3, 2, 0, 0, 0, 1, 0, 0, 0, 3, 0, 0, 0, 0, 0, 0, 0, 1, 0, 0, 0, 0, 0, 0, 0, 4, 0, 0, 0, 3, 0, 0, 0, 1, 0, 0, 0, 
74, 0, 2, 1, 0, 0, 1, 0, 1, 1, 0, 0, 1, 0, 1, 0, 1, 9, 3, 0, 0, 0, 0, 0, 0, 0, 1, 1, 0, 0, 0, 0, 1, 22, 2, 4, 1, 45, 4, 4, 4, 3, 1, 5, 7, 2, 4, 5, 2, 11, 5, 4, 5, 0, 0, 0, 0, 2, 0, 0, 0, 1, 0, 1, 1, 2, 5, 0, 0, 1, 0, 1, 0, 23, 3, 1, 1, 0, 0, 0, 0, 0, 0, 0, 0, 0, 0, 0, 0, 0, 0, 0, 0, 0, 0, 0, 0, 2, 0, 0, 0, 0, 0, 0, 0, 2, 0, 0, 0, 1, 0, 0, 0, 
75, 5, 5, 5, 1, 1, 2, 0, 0, 1, 1, 5, 1, 0, 0, 0, 1, 1, 2, 2, 2, 0, 0, 0, 0, 11, 6, 2, 1, 1, 6, 1, 1, 14, 1, 1, 1, 48, 1, 5, 4, 1, 4, 4, 3, 3, 2, 5, 3, 19, 5, 3, 5, 0, 0, 1, 0, 3, 2, 1, 1, 2, 3, 0, 1, 3, 0, 4, 3, 4, 5, 5, 1, 18, 2, 0, 0, 0, 0, 0, 0, 0, 0, 0, 0, 0, 0, 0, 0, 0, 0, 0, 0, 0, 0, 0, 0, 1, 0, 0, 0, 0, 0, 0, 0, 3, 0, 0, 0, 0, 0, 0, 0, 
76, 3, 6, 2, 6, 0, 0, 0, 0, 0, 0, 0, 0, 3, 2, 2, 0, 0, 0, 0, 1, 0, 1, 1, 0, 16, 3, 1, 2, 2, 1, 2, 3, 9, 6, 0, 0, 55, 4, 3, 3, 4, 1, 4, 2, 6, 4, 1, 6, 5, 0, 3, 4, 8, 6, 0, 0, 2, 1, 4, 3, 8, 1, 1, 5, 3, 4, 2, 1, 1, 0, 2, 0, 11, 3, 5, 2, 0, 0, 0, 0, 1, 0, 0, 0, 1, 0, 0, 0, 0, 0, 0, 0, 0, 0, 0, 0, 1, 0, 0, 0, 1, 0, 0, 0, 1, 0, 0, 0, 0, 0, 0, 0, 
77, 1, 1, 4, 4, 1, 0, 0, 0, 0, 2, 1, 0, 1, 0, 0, 0, 0, 1, 0, 0, 1, 0, 0, 0, 17, 2, 0, 0, 10, 4, 2, 2, 8, 1, 3, 3, 50, 2, 7, 1, 10, 1, 1, 2, 4, 5, 4, 7, 3, 6, 5, 2, 1, 2, 0, 3, 0, 0, 0, 1, 12, 1, 0, 2, 1, 2, 0, 1, 2, 5, 6, 7, 7, 2, 2, 2, 0, 0, 0, 0, 1, 0, 0, 0, 0, 0, 0, 0, 0, 0, 0, 0, 4, 0, 0, 0, 2, 0, 0, 0, 1, 0, 0, 0, 0, 0, 0, 0, 0, 0, 0, 0, 
78, 1, 1, 1, 1, 1, 1, 2, 0, 1, 0, 0, 0, 0, 0, 0, 0, 0, 0, 1, 0, 1, 1, 0, 1, 13, 3, 2, 2, 10, 6, 1, 0, 22, 4, 3, 2, 51, 4, 2, 5, 8, 1, 0, 1, 3, 2, 4, 2, 5, 5, 3, 2, 1, 1, 0, 0, 2, 1, 1, 3, 2, 2, 2, 3, 0, 3, 1, 0, 1, 5, 3, 4, 1, 3, 1, 1, 3, 0, 0, 0, 0, 0, 0, 0, 2, 0, 0, 0, 0, 0, 0, 0, 0, 0, 0, 0, 0, 0, 0, 0, 1, 0, 0, 0, 1, 0, 0, 0, 0, 0, 0, 0, 
79, 3, 4, 3, 2, 0, 0, 0, 0, 0, 2, 2, 1, 0, 3, 1, 1, 0, 0, 0, 0, 0, 0, 0, 0, 11, 0, 0, 0, 12, 1, 2, 3, 39, 3, 3, 2, 40, 7, 3, 2, 0, 0, 0, 0, 2, 3, 0, 0, 4, 14, 6, 3, 4, 7, 2, 0, 6, 4, 9, 4, 1, 2, 1, 2, 11, 0, 1, 0, 2, 1, 3, 2, 1, 4, 2, 5, 0, 0, 0, 0, 1, 0, 0, 0, 1, 0, 0, 0, 0, 0, 0, 0, 0, 0, 0, 0, 2, 0, 0, 0, 0, 0, 0, 0, 0, 0, 0, 0, 1, 0, 0, 0, 
80, 0, 0, 0, 0, 0, 5, 0, 0, 2, 1, 1, 1, 3, 3, 0, 2, 1, 0, 3, 0, 0, 0, 0, 2, 2, 4, 0, 0, 12, 5, 1, 0, 39, 2, 6, 2, 51, 4, 3, 3, 1, 3, 1, 1, 1, 1, 0, 0, 7, 3, 6, 10, 7, 4, 0, 0, 9, 3, 10, 5, 1, 0, 0, 0, 2, 2, 0, 0, 2, 3, 1, 1, 5, 7, 4, 1, 1, 0, 0, 0, 2, 0, 0, 0, 1, 0, 0, 0, 0, 0, 0, 0, 1, 0, 0, 0, 0, 0, 0, 0, 3, 0, 0, 0, 0, 0, 0, 0, 0, 0, 0, 0, 
81, 6, 8, 4, 2, 1, 1, 2, 1, 2, 0, 0, 0, 0, 0, 0, 0, 2, 2, 0, 0, 0, 2, 1, 0, 1, 0, 0, 0, 16, 4, 1, 2, 42, 3, 3, 2, 41, 8, 7, 3, 0, 2, 0, 0, 5, 1, 2, 0, 6, 6, 2, 1, 2, 5, 2, 2, 3, 7, 7, 3, 10, 1, 1, 2, 1, 4, 0, 1, 2, 0, 2, 1, 2, 1, 3, 0, 0, 0, 0, 0, 2, 0, 0, 0, 3, 0, 0, 0, 1, 0, 0, 0, 0, 0, 0, 0, 2, 0, 0, 0, 0, 0, 0, 0, 1, 0, 0, 0, 0, 0, 0, 0, 
82, 2, 2, 2, 0, 5, 6, 2, 3, 0, 0, 0, 1, 0, 2, 0, 0, 0, 1, 0, 2, 0, 1, 0, 0, 1, 4, 2, 1, 20, 8, 3, 0, 48, 3, 2, 2, 44, 2, 3, 1, 0, 0, 1, 0, 2, 3, 2, 3, 7, 9, 4, 3, 21, 0, 0, 2, 1, 4, 1, 3, 16, 5, 1, 3, 0, 0, 0, 0, 2, 1, 1, 0, 0, 0, 2, 0, 0, 0, 0, 0, 0, 0, 0, 0, 1, 0, 0, 0, 0, 0, 0, 0, 0, 0, 0, 0, 1, 0, 0, 0, 1, 0, 0, 0, 1, 0, 0, 0, 2, 0, 0, 0, 
83, 3, 0, 0, 0, 1, 1, 3, 0, 0, 0, 0, 0, 0, 0, 0, 0, 0, 3, 0, 0, 0, 1, 0, 1, 3, 0, 0, 2, 18, 2, 4, 1, 46, 0, 0, 4, 34, 6, 3, 2, 5, 4, 4, 2, 3, 2, 2, 6, 8, 1, 5, 2, 10, 3, 1, 0, 8, 3, 2, 3, 5, 3, 4, 1, 4, 2, 6, 3, 0, 0, 0, 0, 3, 2, 2, 1, 0, 0, 0, 0, 0, 0, 0, 0, 2, 0, 0, 0, 3, 0, 0, 0, 1, 0, 0, 0, 0, 0, 0, 0, 1, 0, 0, 0, 2, 0, 0, 0, 0, 0, 0, 0, 
84, 1, 1, 1, 2, 1, 0, 1, 0, 0, 0, 0, 0, 0, 1, 0, 0, 2, 0, 0, 0, 1, 0, 1, 0, 1, 0, 2, 1, 23, 1, 3, 0, 44, 2, 2, 3, 26, 7, 4, 3, 6, 4, 2, 2, 1, 1, 6, 2, 7, 5, 5, 6, 10, 0, 3, 1, 3, 5, 3, 2, 9, 1, 0, 2, 1, 1, 4, 4, 2, 1, 1, 2, 3, 1, 4, 1, 2, 0, 0, 0, 0, 0, 0, 0, 0, 0, 0, 0, 1, 0, 0, 0, 0, 0, 0, 0, 0, 0, 0, 0, 0, 0, 0, 0, 1, 0, 0, 0, 1, 0, 0, 0, 
85, 0, 0, 0, 0, 2, 1, 1, 2, 2, 0, 1, 0, 0, 1, 1, 1, 1, 2, 0, 0, 0, 1, 0, 1, 3, 2, 1, 0, 14, 6, 2, 1, 31, 3, 5, 1, 36, 8, 1, 1, 14, 0, 3, 2, 1, 0, 2, 0, 15, 5, 3, 4, 23, 0, 0, 0, 9, 4, 3, 2, 1, 0, 1, 1, 0, 0, 2, 0, 3, 1, 0, 0, 6, 2, 0, 2, 1, 0, 0, 0, 0, 0, 0, 0, 0, 0, 0, 0, 1, 0, 0, 0, 0, 0, 0, 0, 0, 0, 0, 0, 0, 0, 0, 0, 1, 0, 0, 0, 2, 0, 0, 0, 
86, 10, 4, 0, 0, 0, 0, 0, 0, 0, 0, 1, 0, 1, 0, 0, 0, 0, 0, 0, 0, 0, 0, 0, 1, 2, 1, 1, 0, 17, 3, 1, 1, 25, 2, 1, 5, 22, 5, 3, 4, 9, 5, 4, 4, 5, 2, 5, 3, 6, 3, 7, 10, 24, 1, 1, 1, 3, 4, 3, 2, 1, 0, 3, 2, 1, 1, 2, 0, 4, 6, 2, 0, 8, 1, 0, 0, 0, 0, 0, 0, 0, 0, 0, 0, 1, 0, 0, 0, 0, 0, 0, 0, 0, 0, 0, 0, 1, 0, 0, 0, 1, 0, 0, 0, 1, 0, 0, 0, 0, 0, 0, 0, 
87, 0, 0, 1, 0, 1, 1, 2, 2, 0, 0, 0, 0, 0, 0, 0, 0, 1, 1, 0, 1, 3, 0, 0, 1, 2, 1, 4, 2, 19, 1, 1, 0, 14, 2, 2, 0, 12, 2, 6, 5, 2, 1, 0, 0, 11, 2, 2, 4, 14, 6, 9, 3, 17, 0, 0, 0, 7, 5, 1, 4, 2, 2, 5, 5, 0, 1, 0, 0, 2, 4, 4, 6, 20, 0, 2, 1, 0, 0, 0, 0, 1, 0, 0, 0, 1, 0, 0, 0, 1, 0, 0, 0, 1, 0, 0, 0, 0, 0, 0, 0, 1, 0, 0, 0, 2, 0, 0, 0, 2, 0, 0, 0, 
88, 3, 0, 3, 3, 1, 1, 1, 1, 0, 1, 0, 0, 0, 0, 0, 0, 0, 0, 0, 0, 3, 0, 0, 0, 2, 1, 2, 1, 20, 2, 2, 2, 1, 1, 1, 1, 23, 3, 2, 5, 3, 2, 2, 0, 0, 3, 2, 1, 3, 4, 6, 4, 3, 0, 1, 0, 2, 5, 6, 7, 3, 1, 2, 0, 10, 1, 4, 0, 0, 5, 6, 7, 26, 1, 0, 1, 0, 0, 0, 0, 0, 0, 0, 0, 0, 0, 0, 0, 1, 0, 0, 0, 0, 0, 0, 0, 1, 0, 0, 0, 1, 0, 0, 0, 1, 0, 0, 0, 2, 0, 0, 0, 
89, 17, 8, 2, 2, 1, 2, 0, 1, 2, 0, 2, 4, 0, 1, 0, 1, 0, 2, 0, 0, 0, 0, 0, 1, 1, 2, 0, 0, 1, 3, 0, 1, 1, 3, 0, 1, 5, 2, 4, 4, 6, 3, 2, 2, 4, 3, 2, 6, 7, 3, 5, 1, 0, 2, 1, 1, 2, 6, 5, 3, 1, 3, 2, 1, 11, 2, 1, 2, 2, 5, 7, 3, 24, 0, 0, 0, 0, 0, 0, 0, 1, 0, 0, 0, 0, 0, 0, 0, 1, 0, 0, 0, 1, 0, 0, 0, 0, 0, 0, 0, 1, 0, 0, 0, 1, 0, 0, 0, 1, 0, 0, 0, 
90, 14, 1, 1, 0, 0, 0, 0, 3, 1, 2, 3, 0, 1, 0, 1, 0, 1, 2, 0, 5, 0, 0, 0, 1, 3, 1, 0, 0, 2, 1, 0, 0, 3, 4, 3, 6, 2, 0, 3, 0, 2, 2, 3, 1, 5, 4, 1, 0, 4, 7, 4, 6, 2, 0, 2, 1, 5, 7, 3, 4, 0, 0, 0, 1, 9, 2, 2, 2, 1, 6, 3, 4, 22, 0, 0, 1, 0, 0, 0, 0, 0, 0, 0, 0, 0, 0, 0, 0, 0, 0, 0, 0, 1, 0, 0, 0, 0, 0, 0, 0, 1, 0, 0, 0, 1, 0, 0, 0, 2, 0, 0, 0, 
91, 3, 1, 1, 0, 10, 1, 0, 0, 1, 0, 0, 0, 2, 5, 2, 4, 0, 1, 0, 1, 0, 0, 0, 4, 0, 0, 0, 0, 1, 2, 1, 2, 0, 1, 2, 9, 2, 2, 1, 3, 3, 2, 1, 0, 3, 6, 0, 1, 3, 7, 8, 10, 0, 2, 1, 1, 2, 1, 0, 2, 0, 1, 0, 0, 0, 0, 1, 0, 2, 1, 4, 2, 24, 2, 0, 1, 0, 0, 0, 0, 0, 0, 0, 0, 0, 0, 0, 0, 1, 0, 0, 0, 0, 0, 0, 0, 1, 0, 0, 0, 0, 0, 0, 0, 2, 0, 0, 0, 1, 0, 0, 0, 
92, 0, 1, 1, 1, 0, 0, 0, 0, 0, 0, 1, 0, 6, 3, 2, 5, 1, 0, 1, 1, 0, 0, 0, 0, 2, 3, 3, 3, 11, 2, 2, 1, 0, 2, 4, 3, 1, 1, 3, 3, 3, 3, 3, 5, 6, 3, 2, 5, 9, 7, 6, 6, 1, 1, 3, 2, 1, 0, 0, 2, 7, 1, 3, 2, 0, 0, 0, 1, 1, 0, 0, 2, 42, 1, 0, 1, 1, 0, 0, 0, 0, 0, 0, 0, 2, 0, 0, 0, 0, 0, 0, 0, 2, 0, 0, 0, 0, 0, 0, 0, 1, 0, 0, 0, 1, 0, 0, 0, 1, 0, 0, 0, 
93, 2, 2, 0, 0, 0, 0, 0, 0, 1, 3, 0, 1, 0, 1, 0, 0, 0, 0, 0, 1, 0, 0, 0, 0, 3, 0, 4, 2, 2, 5, 5, 3, 2, 3, 0, 1, 1, 1, 1, 2, 4, 9, 3, 2, 4, 7, 9, 4, 8, 6, 6, 6, 2, 4, 1, 1, 0, 0, 1, 0, 19, 6, 4, 3, 2, 3, 1, 0, 1, 1, 1, 3, 45, 1, 0, 1, 0, 0, 0, 0, 0, 0, 0, 0, 0, 0, 0, 0, 2, 0, 0, 0, 0, 0, 0, 0, 2, 0, 0, 0, 1, 0, 0, 0, 1, 0, 0, 0, 1, 0, 0, 0, 
94, 0, 0, 0, 1, 0, 0, 0, 0, 0, 0, 0, 0, 3, 1, 0, 1, 0, 0, 0, 0, 0, 0, 0, 0, 4, 2, 3, 0, 2, 4, 6, 7, 2, 4, 1, 1, 0, 2, 0, 0, 1, 0, 1, 0, 10, 7, 10, 5, 8, 5, 9, 5, 2, 1, 0, 1, 4, 6, 3, 0, 25, 2, 5, 2, 1, 1, 3, 1, 2, 2, 3, 4, 37, 1, 1, 0, 0, 0, 0, 0, 2, 0, 0, 0, 0, 0, 0, 0, 1, 0, 0, 0, 1, 0, 0, 0, 0, 0, 0, 0, 0, 0, 0, 0, 0, 0, 0, 0, 1, 0, 0, 0, 
95, 1, 4, 0, 0, 0, 0, 0, 0, 2, 5, 2, 1, 0, 1, 2, 0, 1, 2, 1, 0, 1, 1, 0, 0, 16, 2, 1, 0, 7, 0, 4, 5, 2, 3, 2, 1, 0, 0, 0, 0, 1, 3, 1, 1, 7, 10, 6, 6, 9, 6, 4, 2, 1, 0, 1, 0, 1, 1, 3, 3, 25, 2, 2, 1, 0, 2, 1, 0, 1, 4, 0, 4, 27, 2, 2, 1, 0, 0, 0, 0, 0, 0, 0, 0, 1, 0, 0, 0, 0, 0, 0, 0, 1, 0, 0, 0, 0, 0, 0, 0, 1, 0, 0, 0, 0, 0, 0, 0, 2, 0, 0, 0, 
96, 3, 0, 0, 0, 2, 0, 1, 0, 0, 0, 1, 0, 0, 0, 0, 1, 0, 0, 0, 1, 0, 0, 0, 0, 14, 4, 2, 2, 1, 1, 2, 0, 4, 2, 4, 7, 2, 0, 1, 2, 1, 1, 0, 3, 5, 3, 2, 4, 5, 1, 0, 3, 0, 0, 2, 1, 6, 5, 1, 4, 26, 3, 2, 1, 0, 0, 0, 0, 1, 0, 0, 3, 29, 0, 0, 0, 0, 0, 0, 0, 1, 0, 0, 0, 0, 0, 0, 0, 2, 0, 0, 0, 1, 0, 0, 0, 2, 0, 0, 0, 4, 0, 0, 0, 2, 0, 0, 0, 0, 0, 0, 0, 
97, 2, 2, 1, 3, 0, 0, 1, 0, 0, 1, 0, 2, 2, 4, 2, 1, 0, 0, 0, 0, 0, 1, 0, 2, 12, 4, 0, 0, 4, 3, 2, 3, 5, 1, 3, 2, 1, 0, 1, 1, 0, 2, 1, 1, 8, 7, 7, 3, 0, 2, 1, 1, 0, 0, 0, 0, 19, 1, 1, 1, 23, 3, 1, 2, 0, 1, 0, 1, 8, 0, 3, 3, 21, 0, 0, 0, 0, 0, 0, 0, 0, 0, 0, 0, 1, 0, 0, 0, 1, 0, 0, 0, 2, 0, 0, 0, 0, 0, 0, 0, 1, 0, 0, 0, 0, 0, 0, 0, 2, 0, 0, 0, 
98, 0, 0, 0, 0, 0, 0, 0, 0, 2, 0, 0, 1, 1, 0, 1, 0, 1, 0, 0, 0, 0, 1, 0, 0, 1, 7, 2, 4, 22, 4, 2, 0, 10, 3, 2, 1, 2, 4, 5, 4, 0, 3, 1, 0, 5, 4, 2, 3, 7, 0, 2, 2, 1, 2, 0, 0, 16, 2, 1, 3, 19, 0, 0, 3, 1, 2, 0, 0, 2, 5, 6, 4, 13, 2, 0, 1, 0, 0, 0, 0, 1, 0, 0, 0, 1, 0, 0, 0, 1, 0, 0, 0, 0, 0, 0, 0, 1, 0, 0, 0, 0, 0, 0, 0, 0, 0, 0, 0, 1, 0, 0, 0, 
99, 1, 0, 1, 0, 8, 2, 0, 1, 0, 0, 1, 0, 0, 1, 3, 0, 0, 0, 1, 1, 1, 0, 0, 0, 1, 0, 1, 3, 11, 2, 0, 1, 8, 5, 2, 2, 4, 2, 0, 1, 14, 0, 1, 0, 0, 2, 2, 1, 4, 0, 1, 0, 2, 7, 3, 1, 26, 3, 3, 1, 21, 6, 6, 2, 2, 0, 2, 0, 0, 0, 0, 1, 20, 2, 1, 2, 2, 0, 0, 0, 0, 0, 0, 0, 0, 0, 0, 0, 0, 0, 0, 0, 0, 0, 0, 0, 1, 0, 0, 0, 2, 0, 0, 0, 1, 0, 0, 0, 1, 0, 0, 0, 