0, 1, 1, 0, 0, 2, 3, 0, 1, 0, 0, 0, 0, 1, 1, 0, 1, 1, 0, 2, 0, 1, 2, 0, 0, 0, 0, 1, 0, 0, 1, 1, 1, 1, 0, 0, 0, 0, 3, 0, 0, 5, 4, 1, 2, 1, 1, 1, 1, 2, 1, 2, 0, 0, 1, 2, 2, 0, 0, 2, 1, 0, 0, 0, 0, 3, 1, 0, 1, 2, 3, 0, 0, 0, 0, 0, 1, 1, 0, 0, 0, 2, 0, 0, 0, 1, 0, 0, 0, 0, 0, 0, 0, 0, 0, 0, 0, 2, 0, 0, 0, 2, 0, 0, 0, 1, 0, 0, 0, 2, 0, 0, 0, 
1, 1, 3, 1, 0, 2, 0, 1, 1, 1, 0, 0, 0, 1, 0, 1, 0, 0, 0, 1, 0, 0, 0, 0, 1, 8, 0, 0, 2, 5, 4, 4, 6, 0, 0, 1, 1, 2, 4, 2, 0, 6, 0, 0, 0, 0, 2, 0, 0, 0, 0, 0, 0, 2, 3, 2, 2, 1, 0, 1, 0, 0, 1, 0, 1, 3, 0, 1, 0, 1, 1, 0, 0, 1, 1, 0, 0, 5, 0, 0, 0, 0, 0, 0, 0, 0, 0, 0, 0, 0, 0, 0, 0, 1, 0, 0, 0, 0, 0, 0, 0, 2, 0, 0, 0, 2, 0, 0, 0, 0, 0, 0, 0, 
2, 0, 0, 2, 0, 0, 0, 1, 1, 2, 1, 0, 0, 1, 1, 1, 1, 0, 0, 0, 0, 0, 0, 0, 0, 3, 2, 2, 3, 25, 13, 4, 0, 1, 0, 0, 2, 1, 0, 2, 3, 5, 1, 0, 1, 5, 1, 0, 1, 3, 0, 0, 0, 4, 4, 4, 7, 0, 1, 0, 1, 2, 2, 0, 2, 3, 1, 1, 5, 0, 0, 2, 3, 1, 0, 0, 0, 0, 0, 0, 0, 1, 0, 0, 0, 1, 0, 0, 0, 0, 0, 0, 0, 2, 0, 0, 0, 0, 0, 0, 0, 0, 0, 0, 0, 2, 0, 0, 0, 0, 0, 0, 0, 
3, 1, 0, 0, 1, 2, 1, 0, 1, 0, 2, 1, 2, 0, 1, 0, 0, 0, 0, 0, 0, 4, 1, 1, 0, 0, 1, 2, 2, 32, 2, 3, 2, 2, 6, 2, 0, 3, 4, 1, 4, 1, 1, 0, 1, 8, 6, 0, 1, 10, 1, 4, 2, 8, 11, 6, 4, 1, 0, 1, 0, 10, 3, 1, 0, 3, 0, 0, 1, 7, 2, 1, 3, 0, 2, 0, 2, 0, 0, 0, 0, 0, 0, 0, 0, 0, 0, 0, 0, 0, 0, 0, 0, 2, 0, 0, 0, 0, 0, 0, 0, 0, 0, 0, 0, 2, 0, 0, 0, 2, 0, 0, 0, 
4, 0, 0, 0, 0, 1, 0, 0, 1, 2, 0, 0, 1, 0, 1, 0, 0, 0, 2, 0, 0, 0, 3, 0, 0, 0, 2, 4, 1, 28, 3, 1, 1, 0, 1, 3, 1, 1, 1, 0, 1, 1, 1, 3, 1, 6, 5, 0, 0, 21, 3, 0, 1, 22, 2, 6, 3, 11, 4, 2, 1, 18, 0, 1, 0, 6, 3, 4, 2, 1, 1, 0, 0, 2, 0, 1, 0, 1, 0, 0, 0, 0, 0, 0, 0, 0, 0, 0, 0, 0, 0, 0, 0, 0, 0, 0, 0, 0, 0, 0, 0, 0, 0, 0, 0, 4, 0, 0, 0, 0, 0, 0, 0, 
5, 1, 1, 1, 0, 1, 0, 1, 0, 0, 0, 2, 1, 0, 1, 0, 0, 0, 1, 1, 0, 1, 0, 1, 0, 0, 1, 0, 0, 21, 6, 4, 2, 4, 0, 2, 0, 4, 3, 2, 0, 0, 0, 0, 2, 3, 3, 0, 4, 15, 3, 5, 6, 26, 4, 8, 5, 13, 3, 2, 1, 5, 1, 0, 0, 0, 0, 2, 0, 0, 0, 0, 0, 4, 5, 6, 4, 1, 0, 0, 0, 0, 0, 0, 0, 1, 0, 0, 0, 0, 0, 0, 0, 0, 0, 0, 0, 0, 0, 0, 0, 0, 0, 0, 0, 0, 0, 0, 0, 0, 0, 0, 0, 
6, 1, 2, 1, 1, 1, 1, 0, 1, 0, 0, 0, 0, 0, 1, 0, 0, 0, 0, 1, 2, 1, 1, 0, 0, 1, 0, 2, 0, 31, 1, 0, 2, 4, 5, 8, 3, 3, 0, 2, 0, 1, 1, 0, 2, 8, 6, 3, 4, 2, 1, 1, 0, 37, 6, 1, 1, 13, 2, 0, 1, 6, 2, 3, 5, 0, 1, 2, 4, 0, 2, 2, 3, 1, 7, 4, 5, 3, 0, 0, 0, 3, 0, 0, 0, 0, 0, 0, 0, 2, 0, 0, 0, 1, 0, 0, 0, 0, 0, 0, 0, 0, 0, 0, 0, 0, 0, 0, 0, 0, 0, 0, 0, 
7, 0, 0, 0, 1, 0, 1, 1, 0, 0, 1, 0, 0, 2, 0, 0, 0, 1, 3, 0, 0, 0, 1, 1, 0, 2, 3, 2, 1, 23, 3, 4, 5, 2, 5, 3, 3, 2, 0, 0, 2, 0, 0, 0, 0, 3, 2, 1, 4, 1, 0, 0, 0, 46, 5, 3, 5, 10, 2, 1, 1, 16, 3, 5, 6, 11, 7, 3, 1, 2, 1, 2, 0, 2, 3, 2, 0, 1, 0, 0, 0, 0, 0, 0, 0, 3, 0, 0, 0, 0, 0, 0, 0, 1, 0, 0, 0, 1, 0, 0, 0, 1, 0, 0, 0, 3, 0, 0, 0, 1, 0, 0, 0, 
8, 6, 1, 0, 0, 0, 0, 0, 0, 1, 2, 0, 0, 0, 1, 1, 0, 0, 1, 2, 0, 1, 0, 1, 1, 1, 3, 0, 2, 26, 2, 5, 2, 4, 3, 3, 3, 1, 0, 0, 3, 3, 2, 1, 3, 0, 2, 2, 2, 0, 0, 1, 0, 59, 1, 3, 3, 12, 3, 3, 0, 19, 5, 2, 4, 3, 7, 3, 2, 2, 2, 1, 4, 0, 1, 1, 4, 0, 0, 0, 0, 0, 0, 0, 0, 1, 0, 0, 0, 1, 0, 0, 0, 0, 0, 0, 0, 1, 0, 0, 0, 0, 0, 0, 0, 1, 0, 0, 0, 0, 0, 0, 0, 
9, 8, 1, 3, 5, 1, 2, 2, 4, 0, 0, 1, 0, 2, 1, 1, 1, 0, 1, 0, 0, 0, 0, 0, 0, 8, 1, 2, 3, 20, 3, 2, 3, 2, 0, 0, 0, 0, 0, 0, 2, 7, 3, 9, 2, 0, 4, 4, 4, 0, 1, 0, 0, 52, 4, 0, 5, 4, 1, 0, 2, 14, 4, 4, 1, 4, 0, 5, 3, 1, 1, 2, 2, 1, 0, 0, 0, 2, 0, 0, 0, 1, 0, 0, 0, 0, 0, 0, 0, 1, 0, 0, 0, 3, 0, 0, 0, 0, 0, 0, 0, 2, 0, 0, 0, 2, 0, 0, 0, 0, 0, 0, 0, 
10, 1, 3, 3, 1, 0, 0, 1, 1, 2, 1, 3, 2, 2, 1, 0, 1, 4, 3, 3, 2, 1, 0, 0, 0, 5, 0, 2, 2, 11, 3, 1, 0, 2, 2, 5, 3, 3, 5, 2, 0, 7, 6, 2, 4, 2, 3, 5, 3, 0, 0, 1, 0, 51, 4, 2, 2, 4, 3, 1, 0, 7, 4, 6, 4, 1, 1, 1, 3, 2, 7, 2, 3, 3, 3, 2, 1, 1, 0, 0, 0, 0, 0, 0, 0, 1, 0, 0, 0, 0, 0, 0, 0, 0, 0, 0, 0, 2, 0, 0, 0, 2, 0, 0, 0, 1, 0, 0, 0, 1, 0, 0, 0, 
11, 2, 1, 0, 0, 1, 2, 0, 0, 0, 0, 1, 0, 1, 1, 0, 0, 1, 0, 1, 0, 5, 5, 1, 3, 1, 0, 3, 3, 0, 1, 4, 3, 2, 0, 1, 1, 3, 2, 3, 2, 2, 3, 4, 5, 8, 3, 8, 7, 5, 0, 0, 1, 56, 3, 4, 1, 11, 0, 0, 1, 5, 8, 4, 3, 8, 2, 3, 3, 7, 4, 1, 0, 0, 2, 3, 1, 1, 0, 0, 0, 0, 0, 0, 0, 0, 0, 0, 0, 0, 0, 0, 0, 1, 0, 0, 0, 1, 0, 0, 0, 0, 0, 0, 0, 1, 0, 0, 0, 1, 0, 0, 0, 
12, 0, 1, 0, 1, 0, 0, 0, 0, 0, 0, 0, 0, 0, 0, 1, 0, 0, 0, 0, 0, 2, 1, 1, 0, 0, 3, 1, 0, 5, 2, 2, 8, 1, 1, 0, 0, 1, 2, 1, 1, 5, 2, 2, 5, 14, 6, 7, 3, 0, 0, 0, 1, 55, 0, 7, 6, 24, 6, 0, 1, 11, 8, 4, 2, 4, 2, 1, 4, 0, 2, 1, 0, 6, 5, 8, 3, 0, 0, 0, 0, 0, 0, 0, 0, 1, 0, 0, 0, 0, 0, 0, 0, 1, 0, 0, 0, 1, 0, 0, 0, 1, 0, 0, 0, 0, 0, 0, 0, 2, 0, 0, 0, 
13, 0, 0, 0, 0, 1, 0, 0, 1, 1, 0, 0, 0, 0, 0, 0, 0, 3, 1, 2, 1, 1, 0, 0, 1, 1, 1, 1, 0, 4, 1, 1, 0, 1, 3, 3, 0, 0, 1, 3, 1, 0, 4, 0, 1, 9, 1, 9, 5, 1, 1, 2, 4, 45, 5, 1, 5, 21, 1, 0, 0, 10, 4, 4, 7, 4, 6, 6, 2, 1, 1, 1, 1, 3, 12, 7, 7, 1, 0, 0, 0, 1, 0, 0, 0, 0, 0, 0, 0, 2, 0, 0, 0, 0, 0, 0, 0, 2, 0, 0, 0, 2, 0, 0, 0, 1, 0, 0, 0, 0, 0, 0, 0, 
14, 0, 0, 0, 0, 0, 0, 0, 1, 0, 0, 0, 0, 2, 1, 1, 0, 0, 0, 0, 1, 2, 0, 0, 0, 0, 1, 1, 1, 3, 7, 8, 3, 3, 2, 3, 2, 1, 1, 0, 2, 0, 0, 1, 1, 9, 8, 11, 3, 1, 0, 0, 1, 54, 0, 4, 3, 10, 0, 1, 0, 4, 6, 7, 6, 3, 0, 2, 1, 1, 5, 0, 5, 7, 8, 3, 5, 1, 0, 0, 0, 2, 0, 0, 0, 2, 0, 0, 0, 1, 0, 0, 0, 0, 0, 0, 0, 3, 0, 0, 0, 0, 0, 0, 0, 2, 0, 0, 0, 5, 0, 0, 0, 
15, 1, 0, 1, 0, 0, 1, 2, 0, 0, 1, 0, 0, 0, 0, 0, 0, 0, 0, 1, 0, 1, 0, 1, 0, 1, 1, 0, 1, 7, 10, 4, 6, 3, 3, 1, 0, 11, 1, 5, 2, 2, 2, 1, 2, 9, 4, 6, 7, 0, 0, 0, 0, 46, 6, 2, 0, 1, 1, 0, 3, 5, 8, 8, 6, 1, 0, 0, 0, 1, 1, 1, 1, 4, 11, 5, 10, 0, 0, 0, 0, 0, 0, 0, 0, 0, 0, 0, 0, 2, 0, 0, 0, 0, 0, 0, 0, 0, 0, 0, 0, 3, 0, 0, 0, 0, 0, 0, 0, 1, 0, 0, 0, 
16, 0, 0, 1, 0, 0, 0, 0, 0, 1, 0, 0, 2, 1, 2, 0, 0, 1, 0, 0, 1, 2, 2, 0, 0, 9, 2, 0, 2, 13, 4, 3, 4, 3, 3, 1, 0, 3, 1, 3, 5, 1, 3, 4, 2, 5, 6, 6, 2, 4, 0, 4, 0, 49, 2, 2, 6, 1, 4, 4, 3, 13, 11, 4, 2, 1, 2, 0, 1, 0, 1, 0, 0, 5, 6, 9, 9, 1, 0, 0, 0, 1, 0, 0, 0, 2, 0, 0, 0, 2, 0, 0, 0, 0, 0, 0, 0, 1, 0, 0, 0, 0, 0, 0, 0, 0, 0, 0, 0, 0, 0, 0, 0, 
17, 1, 1, 0, 1, 1, 1, 3, 4, 0, 0, 1, 0, 1, 0, 0, 1, 1, 1, 2, 0, 2, 0, 0, 1, 5, 4, 0, 1, 7, 4, 5, 4, 3, 1, 2, 0, 1, 0, 0, 2, 16, 3, 1, 4, 2, 7, 2, 2, 2, 1, 2, 4, 34, 3, 3, 4, 13, 3, 0, 2, 7, 4, 5, 5, 0, 1, 2, 1, 1, 2, 1, 0, 8, 4, 5, 1, 1, 0, 0, 0, 1, 0, 0, 0, 0, 0, 0, 0, 2, 0, 0, 0, 0, 0, 0, 0, 2, 0, 0, 0, 0, 0, 0, 0, 0, 0, 0, 0, 1, 0, 0, 0, 
18, 1, 0, 2, 1, 1, 0, 0, 0, 3, 0, 2, 2, 0, 0, 1, 1, 1, 1, 1, 0, 0, 0, 1, 0, 1, 1, 0, 0, 15, 2, 5, 5, 1, 0, 0, 0, 11, 2, 1, 2, 24, 4, 0, 1, 4, 0, 6, 5, 0, 1, 1, 2, 40, 5, 4, 3, 13, 4, 6, 1, 8, 8, 8, 5, 11, 1, 2, 1, 5, 4, 3, 2, 11, 5, 4, 4, 0, 0, 0, 0, 0, 0, 0, 0, 2, 0, 0, 0, 0, 0, 0, 0, 0, 0, 0, 0, 3, 0, 0, 0, 0, 0, 0, 0, 1, 0, 0, 0, 0, 0, 0, 0, 
19, 5, 2, 0, 1, 0, 0, 1, 1, 0, 0, 1, 0, 1, 0, 0, 2, 2, 0, 0, 1, 0, 0, 2, 1, 1, 1, 0, 0, 25, 2, 4, 3, 2, 1, 0, 0, 1, 2, 0, 0, 17, 3, 6, 2, 3, 1, 4, 2, 2, 7, 4, 5, 30, 5, 2, 3, 30, 2, 2, 0, 3, 8, 11, 7, 16, 1, 2, 1, 4, 3, 3, 4, 23, 5, 3, 3, 0, 0, 0, 0, 0, 0, 0, 0, 0, 0, 0, 0, 0, 0, 0, 0, 1, 0, 0, 0, 0, 0, 0, 0, 0, 0, 0, 0, 1, 0, 0, 0, 1, 0, 0, 0, 
20, 0, 1, 0, 0, 0, 0, 1, 0, 1, 1, 0, 0, 0, 1, 1, 0, 1, 1, 1, 0, 1, 0, 1, 0, 2, 3, 3, 2, 8, 3, 6, 3, 4, 3, 3, 3, 0, 2, 0, 0, 28, 6, 2, 1, 4, 2, 1, 0, 0, 1, 1, 0, 22, 4, 6, 3, 33, 5, 0, 4, 4, 9, 10, 5, 22, 2, 3, 2, 5, 5, 5, 6, 24, 4, 4, 3, 0, 0, 0, 0, 1, 0, 0, 0, 0, 0, 0, 0, 0, 0, 0, 0, 0, 0, 0, 0, 1, 0, 0, 0, 0, 0, 0, 0, 3, 0, 0, 0, 0, 0, 0, 0, 
21, 0, 0, 0, 1, 2, 2, 1, 3, 0, 0, 1, 0, 1, 1, 2, 0, 1, 0, 0, 0, 1, 1, 0, 0, 4, 4, 4, 3, 7, 6, 1, 6, 0, 4, 0, 0, 3, 3, 2, 3, 35, 1, 0, 2, 3, 2, 0, 0, 1, 4, 1, 1, 22, 4, 5, 3, 48, 1, 1, 0, 12, 10, 16, 7, 24, 2, 1, 1, 4, 2, 5, 3, 17, 6, 5, 5, 1, 0, 0, 0, 1, 0, 0, 0, 0, 0, 0, 0, 0, 0, 0, 0, 0, 0, 0, 0, 2, 0, 0, 0, 0, 0, 0, 0, 1, 0, 0, 0, 0, 0, 0, 0, 
22, 1, 1, 1, 2, 0, 1, 0, 0, 3, 1, 2, 2, 3, 1, 2, 2, 0, 0, 0, 0, 0, 2, 0, 1, 5, 8, 7, 5, 4, 4, 4, 1, 0, 0, 0, 0, 0, 0, 0, 0, 25, 3, 0, 3, 1, 4, 0, 2, 7, 7, 3, 4, 15, 5, 3, 4, 53, 3, 0, 2, 17, 11, 7, 7, 21, 0, 1, 0, 8, 9, 4, 10, 28, 8, 6, 1, 0, 0, 0, 0, 1, 0, 0, 0, 0, 0, 0, 0, 0, 0, 0, 0, 1, 0, 0, 0, 3, 0, 0, 0, 0, 0, 0, 0, 0, 0, 0, 0, 0, 0, 0, 0, 
23, 2, 3, 2, 0, 1, 2, 0, 0, 2, 2, 1, 3, 0, 1, 0, 0, 2, 1, 1, 2, 0, 1, 1, 0, 0, 6, 6, 3, 0, 1, 4, 2, 3, 1, 1, 3, 2, 3, 1, 3, 32, 3, 0, 2, 3, 2, 4, 4, 0, 1, 3, 1, 20, 5, 6, 3, 55, 4, 0, 3, 6, 13, 8, 9, 11, 3, 0, 0, 7, 12, 9, 4, 25, 2, 0, 3, 1, 0, 0, 0, 1, 0, 0, 0, 0, 0, 0, 0, 0, 0, 0, 0, 0, 0, 0, 0, 0, 0, 0, 0, 0, 0, 0, 0, 0, 0, 0, 0, 1, 0, 0, 0, 
24, 2, 1, 0, 2, 1, 2, 2, 0, 1, 1, 0, 0, 4, 0, 0, 1, 1, 0, 0, 0, 1, 0, 1, 1, 4, 4, 6, 4, 1, 1, 1, 1, 8, 13, 5, 5, 1, 1, 1, 3, 25, 2, 0, 3, 1, 1, 0, 1, 0, 0, 0, 1, 32, 0, 1, 3, 66, 2, 2, 2, 8, 7, 14, 8, 17, 1, 1, 1, 9, 9, 10, 12, 15, 6, 3, 3, 1, 0, 0, 0, 0, 0, 0, 0, 1, 0, 0, 0, 1, 0, 0, 0, 0, 0, 0, 0, 2, 0, 0, 0, 1, 0, 0, 0, 0, 0, 0, 0, 1, 0, 0, 0, 
25, 2, 0, 0, 2, 4, 0, 1, 0, 0, 0, 0, 0, 0, 1, 0, 0, 1, 1, 1, 0, 0, 0, 1, 0, 1, 1, 3, 1, 18, 1, 2, 2, 7, 6, 4, 7, 2, 5, 1, 0, 27, 3, 1, 1, 0, 1, 1, 0, 0, 0, 1, 1, 28, 6, 3, 1, 72, 1, 0, 2, 10, 8, 10, 7, 15, 4, 1, 1, 7, 6, 11, 9, 2, 0, 2, 2, 0, 0, 0, 0, 1, 0, 0, 0, 0, 0, 0, 0, 0, 0, 0, 0, 0, 0, 0, 0, 3, 0, 0, 0, 0, 0, 0, 0, 3, 0, 0, 0, 1, 0, 0, 0, 
26, 4, 1, 1, 0, 1, 0, 1, 1, 0, 0, 0, 0, 0, 0, 1, 0, 0, 0, 0, 0, 1, 1, 0, 1, 10, 0, 0, 0, 8, 1, 0, 1, 7, 4, 1, 5, 2, 2, 0, 1, 47, 1, 1, 1, 10, 1, 0, 0, 1, 2, 1, 0, 22, 2, 4, 4, 68, 1, 1, 1, 8, 8, 10, 5, 17, 7, 2, 0, 7, 10, 9, 8, 9, 1, 3, 3, 2, 0, 0, 0, 2, 0, 0, 0, 0, 0, 0, 0, 0, 0, 0, 0, 0, 0, 0, 0, 0, 0, 0, 0, 1, 0, 0, 0, 1, 0, 0, 0, 1, 0, 0, 0, 
27, 0, 2, 0, 0, 1, 0, 0, 1, 0, 0, 0, 1, 0, 0, 1, 0, 1, 0, 0, 0, 0, 0, 0, 0, 15, 2, 1, 0, 6, 2, 2, 2, 2, 3, 1, 2, 12, 1, 2, 1, 45, 4, 1, 2, 22, 1, 0, 0, 1, 1, 0, 2, 25, 4, 6, 4, 68, 3, 1, 3, 8, 6, 9, 13, 19, 3, 2, 2, 4, 8, 13, 9, 7, 1, 3, 3, 1, 0, 0, 0, 1, 0, 0, 0, 1, 0, 0, 0, 0, 0, 0, 0, 1, 0, 0, 0, 0, 0, 0, 0, 1, 0, 0, 0, 0, 0, 0, 0, 1, 0, 0, 0, 
28, 0, 0, 1, 1, 1, 0, 0, 0, 0, 0, 0, 0, 0, 0, 0, 2, 0, 0, 1, 0, 2, 2, 0, 0, 23, 1, 0, 0, 9, 2, 1, 1, 0, 2, 5, 0, 15, 3, 0, 2, 62, 4, 2, 1, 25, 2, 0, 0, 0, 1, 0, 0, 27, 8, 1, 7, 52, 0, 2, 1, 10, 10, 14, 6, 26, 2, 0, 0, 9, 9, 11, 6, 4, 4, 5, 4, 0, 0, 0, 0, 0, 0, 0, 0, 1, 0, 0, 0, 0, 0, 0, 0, 0, 0, 0, 0, 1, 0, 0, 0, 0, 0, 0, 0, 0, 0, 0, 0, 0, 0, 0, 0, 
29, 2, 2, 1, 2, 0, 1, 2, 1, 0, 0, 0, 1, 0, 1, 0, 1, 1, 1, 0, 0, 4, 1, 1, 2, 16, 0, 3, 0, 3, 0, 1, 0, 0, 0, 0, 0, 33, 9, 3, 1, 50, 1, 5, 1, 22, 0, 0, 1, 6, 3, 5, 3, 21, 5, 6, 5, 58, 4, 2, 1, 16, 7, 8, 11, 24, 6, 1, 1, 8, 2, 5, 5, 0, 0, 0, 0, 0, 0, 0, 0, 3, 0, 0, 0, 1, 0, 0, 0, 1, 0, 0, 0, 0, 0, 0, 0, 1, 0, 0, 0, 1, 0, 0, 0, 0, 0, 0, 0, 2, 0, 0, 0, 
30, 1, 0, 0, 2, 2, 0, 1, 0, 0, 0, 0, 0, 0, 1, 1, 0, 0, 0, 0, 0, 3, 2, 1, 0, 20, 2, 2, 0, 4, 0, 0, 0, 2, 3, 0, 1, 30, 3, 1, 3, 55, 2, 3, 0, 28, 0, 0, 1, 7, 7, 8, 4, 27, 6, 4, 3, 70, 1, 0, 0, 10, 9, 8, 6, 27, 2, 0, 3, 0, 4, 0, 0, 1, 0, 2, 2, 1, 0, 0, 0, 1, 0, 0, 0, 1, 0, 0, 0, 1, 0, 0, 0, 2, 0, 0, 0, 3, 0, 0, 0, 1, 0, 0, 0, 2, 0, 0, 0, 1, 0, 0, 0, 
31, 1, 1, 0, 0, 2, 0, 0, 0, 1, 2, 2, 1, 0, 1, 0, 0, 0, 0, 2, 0, 0, 0, 1, 1, 16, 1, 0, 0, 1, 4, 1, 0, 6, 3, 3, 3, 21, 4, 2, 1, 55, 2, 1, 0, 27, 0, 1, 0, 12, 7, 6, 5, 21, 2, 4, 2, 80, 7, 2, 0, 8, 8, 7, 11, 39, 2, 1, 0, 3, 2, 1, 2, 1, 0, 2, 2, 1, 0, 0, 0, 0, 0, 0, 0, 0, 0, 0, 0, 1, 0, 0, 0, 1, 0, 0, 0, 0, 0, 0, 0, 1, 0, 0, 0, 0, 0, 0, 0, 0, 0, 0, 0, 
32, 4, 6, 2, 1, 0, 0, 0, 0, 1, 2, 0, 1, 0, 0, 0, 0, 0, 0, 0, 0, 3, 0, 0, 5, 27, 1, 2, 2, 0, 2, 0, 1, 3, 3, 6, 2, 2, 2, 0, 1, 49, 3, 5, 3, 29, 3, 1, 0, 7, 6, 8, 6, 31, 6, 2, 1, 94, 1, 1, 0, 12, 4, 5, 9, 28, 0, 0, 0, 0, 4, 2, 2, 3, 1, 1, 3, 0, 0, 0, 0, 0, 0, 0, 0, 2, 0, 0, 0, 0, 0, 0, 0, 0, 0, 0, 0, 0, 0, 0, 0, 1, 0, 0, 0, 1, 0, 0, 0, 1, 0, 0, 0, 
33, 7, 3, 3, 3, 0, 1, 1, 3, 0, 0, 2, 0, 0, 0, 0, 0, 1, 1, 0, 0, 2, 1, 0, 0, 35, 1, 0, 0, 10, 3, 2, 2, 5, 5, 2, 1, 2, 3, 1, 1, 52, 0, 2, 0, 18, 1, 1, 0, 5, 11, 11, 7, 30, 4, 2, 2, 89, 0, 0, 4, 2, 5, 7, 3, 19, 4, 0, 0, 0, 0, 1, 0, 2, 7, 5, 4, 2, 0, 0, 0, 2, 0, 0, 0, 0, 0, 0, 0, 0, 0, 0, 0, 1, 0, 0, 0, 1, 0, 0, 0, 1, 0, 0, 0, 3, 0, 0, 0, 2, 0, 0, 0, 
34, 1, 0, 0, 0, 1, 2, 1, 1, 2, 3, 1, 1, 0, 0, 0, 0, 0, 1, 0, 1, 1, 0, 1, 1, 48, 2, 0, 1, 22, 1, 3, 2, 23, 3, 1, 2, 3, 1, 0, 0, 40, 3, 2, 1, 12, 1, 1, 0, 9, 12, 2, 7, 38, 2, 4, 1, 84, 1, 2, 0, 2, 2, 1, 2, 27, 3, 3, 1, 0, 1, 3, 0, 4, 9, 6, 3, 1, 0, 0, 0, 0, 0, 0, 0, 0, 0, 0, 0, 1, 0, 0, 0, 0, 0, 0, 0, 0, 0, 0, 0, 0, 0, 0, 0, 0, 0, 0, 0, 1, 0, 0, 0, 
35, 1, 0, 0, 0, 0, 0, 0, 1, 2, 0, 2, 2, 0, 1, 0, 1, 0, 0, 0, 0, 0, 0, 0, 0, 35, 2, 0, 0, 29, 5, 3, 0, 22, 5, 1, 1, 0, 2, 0, 0, 52, 1, 1, 3, 9, 1, 2, 1, 5, 8, 12, 5, 25, 7, 6, 1, 81, 1, 3, 1, 2, 1, 1, 7, 29, 1, 1, 2, 2, 3, 1, 2, 2, 9, 5, 1, 1, 0, 0, 0, 0, 0, 0, 0, 0, 0, 0, 0, 1, 0, 0, 0, 0, 0, 0, 0, 0, 0, 0, 0, 0, 0, 0, 0, 0, 0, 0, 0, 0, 0, 0, 0, 
36, 5, 6, 0, 3, 0, 1, 0, 0, 0, 0, 0, 0, 1, 1, 0, 1, 0, 0, 0, 0, 1, 2, 0, 1, 29, 5, 4, 0, 27, 0, 2, 1, 26, 4, 1, 1, 1, 0, 1, 1, 51, 4, 2, 3, 1, 1, 0, 0, 5, 6, 8, 8, 12, 4, 5, 5, 85, 5, 0, 0, 2, 3, 6, 5, 31, 0, 1, 0, 4, 4, 2, 2, 10, 12, 5, 3, 0, 0, 0, 0, 0, 0, 0, 0, 0, 0, 0, 0, 0, 0, 0, 0, 0, 0, 0, 0, 0, 0, 0, 0, 2, 0, 0, 0, 0, 0, 0, 0, 2, 0, 0, 0, 
37, 2, 2, 2, 1, 0, 0, 1, 0, 0, 0, 1, 0, 1, 0, 1, 0, 1, 0, 0, 1, 0, 0, 1, 0, 47, 0, 1, 0, 26, 2, 2, 0, 12, 3, 3, 0, 1, 1, 0, 3, 47, 1, 2, 0, 1, 5, 2, 3, 10, 10, 3, 3, 27, 5, 4, 2, 97, 3, 0, 0, 0, 1, 4, 2, 38, 0, 3, 1, 0, 1, 0, 0, 6, 10, 4, 8, 0, 0, 0, 0, 0, 0, 0, 0, 6, 0, 0, 0, 2, 0, 0, 0, 0, 0, 0, 0, 1, 0, 0, 0, 0, 0, 0, 0, 0, 0, 0, 0, 1, 0, 0, 0, 
38, 0, 2, 0, 1, 2, 1, 1, 0, 5, 3, 4, 1, 3, 3, 1, 4, 0, 0, 1, 1, 0, 2, 2, 1, 39, 0, 0, 1, 22, 2, 1, 2, 12, 4, 2, 1, 1, 1, 0, 0, 43, 2, 0, 3, 0, 1, 1, 0, 4, 7, 0, 2, 23, 6, 3, 0, 94, 1, 0, 0, 0, 2, 0, 0, 52, 0, 0, 0, 0, 3, 2, 3, 2, 5, 7, 3, 2, 0, 0, 0, 0, 0, 0, 0, 1, 0, 0, 0, 1, 0, 0, 0, 1, 0, 0, 0, 3, 0, 0, 0, 1, 0, 0, 0, 0, 0, 0, 0, 0, 0, 0, 0, 
39, 2, 1, 2, 3, 0, 1, 0, 1, 4, 6, 7, 4, 0, 0, 0, 1, 0, 1, 0, 0, 0, 0, 1, 0, 33, 0, 0, 0, 13, 2, 1, 1, 18, 2, 4, 1, 0, 0, 0, 1, 29, 3, 1, 2, 5, 1, 2, 2, 3, 3, 3, 4, 19, 2, 3, 2, 89, 2, 2, 0, 3, 0, 4, 1, 63, 2, 0, 1, 2, 0, 1, 0, 3, 5, 4, 2, 0, 0, 0, 0, 1, 0, 0, 0, 1, 0, 0, 0, 0, 0, 0, 0, 3, 0, 0, 0, 0, 0, 0, 0, 0, 0, 0, 0, 0, 0, 0, 0, 0, 0, 0, 0, 
40, 1, 2, 0, 0, 0, 0, 1, 1, 2, 1, 1, 5, 0, 0, 1, 0, 0, 0, 1, 0, 0, 0, 0, 1, 30, 0, 0, 0, 2, 1, 2, 0, 25, 3, 2, 4, 1, 2, 1, 0, 38, 1, 3, 0, 1, 5, 4, 7, 6, 2, 2, 3, 8, 2, 1, 6, 91, 0, 2, 1, 1, 1, 2, 1, 64, 0, 1, 0, 0, 1, 7, 2, 2, 6, 4, 4, 2, 0, 0, 0, 1, 0, 0, 0, 1, 0, 0, 0, 0, 0, 0, 0, 0, 0, 0, 0, 0, 0, 0, 0, 0, 0, 0, 0, 2, 0, 0, 0, 2, 0, 0, 0, 
41, 0, 2, 0, 0, 0, 1, 1, 0, 0, 1, 0, 0, 0, 0, 0, 1, 1, 2, 1, 0, 0, 0, 1, 0, 21, 0, 0, 0, 3, 3, 1, 2, 27, 2, 1, 2, 1, 0, 0, 0, 38, 2, 1, 1, 2, 1, 2, 3, 7, 4, 8, 1, 11, 7, 3, 4, 91, 5, 0, 1, 2, 1, 2, 3, 62, 1, 0, 1, 4, 2, 2, 2, 7, 6, 3, 9, 1, 0, 0, 0, 0, 0, 0, 0, 0, 0, 0, 0, 1, 0, 0, 0, 1, 0, 0, 0, 1, 0, 0, 0, 1, 0, 0, 0, 1, 0, 0, 0, 0, 0, 0, 0, 
42, 1, 1, 0, 0, 0, 0, 1, 0, 1, 1, 0, 0, 0, 1, 0, 0, 1, 3, 1, 1, 0, 1, 2, 1, 32, 0, 1, 0, 3, 5, 1, 5, 40, 1, 3, 1, 2, 1, 3, 2, 35, 3, 0, 2, 7, 4, 5, 3, 15, 4, 4, 4, 13, 2, 2, 5, 95, 2, 1, 0, 0, 0, 0, 1, 60, 1, 1, 1, 1, 0, 2, 0, 10, 10, 6, 6, 0, 0, 0, 0, 3, 0, 0, 0, 0, 0, 0, 0, 1, 0, 0, 0, 4, 0, 0, 0, 1, 0, 0, 0, 0, 0, 0, 0, 1, 0, 0, 0, 0, 0, 0, 0, 
43, 0, 1, 1, 1, 0, 0, 0, 1, 5, 0, 3, 0, 0, 1, 0, 0, 2, 0, 0, 0, 0, 0, 0, 1, 35, 0, 0, 0, 2, 0, 0, 1, 36, 2, 2, 0, 2, 0, 2, 4, 33, 3, 3, 0, 9, 8, 2, 2, 4, 11, 6, 6, 0, 1, 0, 0, 87, 3, 0, 0, 2, 1, 1, 3, 79, 1, 3, 0, 0, 3, 2, 3, 13, 5, 8, 9, 1, 0, 0, 0, 2, 0, 0, 0, 1, 0, 0, 0, 0, 0, 0, 0, 1, 0, 0, 0, 1, 0, 0, 0, 0, 0, 0, 0, 1, 0, 0, 0, 1, 0, 0, 0, 
44, 0, 0, 0, 2, 1, 3, 1, 2, 0, 3, 0, 1, 0, 0, 0, 0, 0, 1, 3, 0, 0, 0, 0, 0, 56, 3, 1, 2, 5, 7, 5, 5, 22, 3, 1, 1, 8, 1, 0, 0, 33, 2, 3, 2, 5, 1, 5, 4, 3, 5, 2, 4, 0, 0, 0, 1, 93, 2, 2, 2, 1, 1, 5, 3, 85, 0, 0, 0, 1, 1, 3, 3, 7, 7, 6, 3, 2, 0, 0, 0, 0, 0, 0, 0, 2, 0, 0, 0, 0, 0, 0, 0, 1, 0, 0, 0, 1, 0, 0, 0, 0, 0, 0, 0, 1, 0, 0, 0, 0, 0, 0, 0, 
45, 4, 2, 0, 0, 1, 0, 0, 1, 4, 0, 1, 2, 1, 1, 0, 0, 1, 0, 3, 2, 1, 2, 0, 1, 41, 0, 0, 0, 6, 8, 5, 7, 17, 4, 1, 0, 1, 3, 4, 4, 29, 0, 2, 2, 7, 4, 4, 5, 0, 6, 4, 2, 0, 4, 2, 2, 100, 1, 0, 1, 9, 3, 2, 3, 75, 1, 0, 1, 0, 1, 1, 1, 12, 8, 7, 5, 1, 0, 0, 0, 0, 0, 0, 0, 0, 0, 0, 0, 1, 0, 0, 0, 0, 0, 0, 0, 1, 0, 0, 0, 1, 0, 0, 0, 0, 0, 0, 0, 0, 0, 0, 0, 
46, 0, 0, 1, 0, 0, 1, 0, 1, 0, 1, 0, 0, 0, 1, 1, 1, 0, 0, 0, 0, 2, 0, 2, 2, 42, 0, 0, 1, 5, 12, 8, 10, 6, 1, 2, 3, 0, 0, 1, 1, 15, 2, 1, 1, 3, 3, 7, 5, 4, 1, 6, 5, 3, 3, 1, 1, 100, 1, 1, 1, 12, 1, 0, 1, 67, 2, 0, 2, 4, 1, 1, 4, 20, 13, 4, 8, 1, 0, 0, 0, 0, 0, 0, 0, 0, 0, 0, 0, 1, 0, 0, 0, 1, 0, 0, 0, 2, 0, 0, 0, 0, 0, 0, 0, 0, 0, 0, 0, 0, 0, 0, 0, 
47, 1, 2, 0, 0, 1, 0, 1, 0, 0, 0, 0, 0, 0, 1, 0, 0, 1, 0, 0, 1, 5, 1, 1, 0, 34, 0, 0, 0, 0, 3, 3, 2, 1, 3, 2, 3, 4, 0, 1, 0, 9, 0, 0, 3, 11, 3, 4, 2, 2, 0, 3, 4, 5, 2, 5, 3, 92, 2, 1, 0, 13, 1, 1, 3, 70, 1, 0, 0, 0, 2, 0, 2, 24, 9, 6, 11, 0, 0, 0, 0, 1, 0, 0, 0, 1, 0, 0, 0, 1, 0, 0, 0, 0, 0, 0, 0, 0, 0, 0, 0, 1, 0, 0, 0, 1, 0, 0, 0, 2, 0, 0, 0, 
48, 0, 0, 0, 0, 0, 0, 0, 0, 0, 0, 0, 1, 0, 0, 0, 0, 0, 1, 1, 0, 0, 0, 1, 0, 29, 1, 0, 2, 4, 1, 0, 1, 0, 1, 2, 0, 1, 1, 2, 0, 1, 3, 3, 0, 10, 2, 0, 5, 5, 4, 5, 3, 2, 2, 1, 3, 81, 2, 0, 2, 14, 4, 1, 2, 69, 0, 1, 2, 2, 4, 2, 2, 32, 8, 5, 6, 1, 0, 0, 0, 0, 0, 0, 0, 3, 0, 0, 0, 0, 0, 0, 0, 0, 0, 0, 0, 1, 0, 0, 0, 0, 0, 0, 0, 0, 0, 0, 0, 1, 0, 0, 0, 
49, 0, 0, 0, 0, 1, 1, 0, 0, 1, 1, 0, 0, 1, 3, 0, 0, 0, 2, 2, 1, 0, 0, 0, 0, 29, 0, 1, 1, 1, 0, 2, 2, 5, 2, 2, 3, 0, 0, 2, 0, 6, 5, 2, 5, 2, 4, 4, 3, 20, 3, 3, 4, 6, 2, 3, 1, 69, 3, 0, 0, 16, 3, 1, 1, 66, 1, 1, 0, 3, 3, 8, 2, 27, 7, 7, 9, 0, 0, 0, 0, 1, 0, 0, 0, 0, 0, 0, 0, 1, 0, 0, 0, 1, 0, 0, 0, 2, 0, 0, 0, 0, 0, 0, 0, 0, 0, 0, 0, 3, 0, 0, 0, 
50, 1, 1, 1, 1, 1, 1, 2, 1, 0, 1, 0, 0, 0, 0, 0, 0, 2, 1, 0, 1, 0, 1, 0, 1, 37, 0, 1, 0, 3, 0, 0, 1, 6, 5, 5, 4, 12, 1, 1, 1, 0, 1, 3, 0, 2, 3, 3, 1, 2, 0, 3, 1, 3, 3, 3, 3, 66, 2, 0, 2, 33, 3, 1, 1, 69, 2, 0, 0, 3, 4, 2, 5, 39, 7, 3, 7, 1, 0, 0, 0, 0, 0, 0, 0, 1, 0, 0, 0, 0, 0, 0, 0, 0, 0, 0, 0, 2, 0, 0, 0, 1, 0, 0, 0, 0, 0, 0, 0, 0, 0, 0, 0, 
51, 0, 3, 1, 3, 0, 0, 0, 2, 1, 0, 0, 1, 1, 1, 1, 0, 0, 0, 1, 0, 1, 1, 2, 2, 37, 0, 0, 0, 1, 3, 2, 3, 2, 3, 4, 2, 1, 1, 1, 2, 1, 2, 0, 1, 9, 5, 5, 1, 0, 1, 2, 0, 1, 0, 1, 1, 62, 3, 3, 0, 20, 2, 2, 2, 69, 3, 1, 2, 0, 0, 0, 5, 28, 11, 7, 6, 0, 0, 0, 0, 1, 0, 0, 0, 0, 0, 0, 0, 1, 0, 0, 0, 2, 0, 0, 0, 0, 0, 0, 0, 1, 0, 0, 0, 0, 0, 0, 0, 0, 0, 0, 0, 
52, 0, 1, 0, 0, 0, 0, 1, 0, 2, 0, 1, 1, 1, 0, 0, 1, 4, 1, 1, 0, 0, 0, 2, 1, 19, 1, 0, 0, 0, 1, 1, 1, 7, 6, 4, 4, 2, 1, 0, 0, 0, 2, 2, 1, 2, 4, 2, 3, 0, 0, 0, 1, 1, 0, 0, 0, 71, 1, 3, 1, 31, 9, 2, 3, 79, 2, 1, 3, 0, 0, 4, 1, 34, 12, 11, 7, 0, 0, 0, 0, 0, 0, 0, 0, 1, 0, 0, 0, 0, 0, 0, 0, 2, 0, 0, 0, 0, 0, 0, 0, 0, 0, 0, 0, 0, 0, 0, 0, 2, 0, 0, 0, 
53, 0, 1, 2, 0, 1, 0, 0, 3, 0, 0, 2, 0, 1, 0, 0, 0, 1, 0, 0, 0, 1, 2, 2, 0, 5, 0, 0, 1, 4, 1, 2, 1, 7, 11, 6, 5, 1, 1, 2, 1, 2, 1, 1, 1, 5, 3, 6, 4, 0, 0, 0, 1, 2, 1, 0, 0, 56, 1, 0, 1, 41, 3, 2, 3, 91, 0, 0, 0, 2, 0, 0, 0, 54, 6, 8, 7, 0, 0, 0, 0, 0, 0, 0, 0, 2, 0, 0, 0, 1, 0, 0, 0, 2, 0, 0, 0, 0, 0, 0, 0, 1, 0, 0, 0, 0, 0, 0, 0, 0, 0, 0, 0, 
54, 1, 1, 0, 1, 1, 2, 1, 1, 3, 0, 0, 0, 0, 0, 1, 0, 0, 0, 1, 0, 2, 2, 0, 0, 2, 0, 2, 5, 1, 2, 3, 0, 29, 6, 8, 1, 0, 0, 0, 1, 0, 0, 1, 0, 7, 5, 7, 1, 1, 0, 0, 2, 1, 0, 0, 1, 58, 0, 1, 0, 43, 3, 2, 1, 89, 1, 3, 1, 0, 2, 1, 0, 55, 3, 8, 11, 0, 0, 0, 0, 2, 0, 0, 0, 1, 0, 0, 0, 1, 0, 0, 0, 0, 0, 0, 0, 3, 0, 0, 0, 1, 0, 0, 0, 1, 0, 0, 0, 1, 0, 0, 0, 
55, 0, 1, 0, 0, 0, 0, 0, 2, 2, 2, 1, 2, 0, 0, 0, 0, 1, 0, 0, 1, 0, 1, 0, 1, 0, 1, 0, 0, 4, 3, 1, 0, 22, 3, 6, 5, 5, 2, 5, 6, 1, 0, 0, 3, 6, 3, 2, 1, 0, 0, 1, 0, 1, 1, 1, 4, 63, 3, 1, 1, 49, 1, 0, 2, 93, 1, 1, 2, 3, 1, 0, 0, 55, 8, 10, 3, 1, 0, 0, 0, 0, 0, 0, 0, 1, 0, 0, 0, 1, 0, 0, 0, 0, 0, 0, 0, 0, 0, 0, 0, 1, 0, 0, 0, 0, 0, 0, 0, 3, 0, 0, 0, 
56, 0, 1, 2, 0, 3, 2, 1, 0, 0, 3, 0, 2, 2, 0, 0, 1, 1, 2, 0, 0, 1, 0, 0, 2, 1, 1, 0, 2, 0, 2, 0, 0, 15, 4, 3, 4, 9, 4, 3, 0, 0, 0, 2, 1, 5, 4, 3, 1, 1, 0, 2, 2, 4, 3, 1, 8, 54, 1, 1, 2, 44, 3, 3, 1, 85, 0, 1, 1, 1, 0, 1, 1, 60, 4, 3, 4, 1, 0, 0, 0, 3, 0, 0, 0, 0, 0, 0, 0, 1, 0, 0, 0, 1, 0, 0, 0, 0, 0, 0, 0, 2, 0, 0, 0, 0, 0, 0, 0, 2, 0, 0, 0, 
57, 1, 1, 0, 1, 2, 5, 2, 5, 1, 1, 0, 0, 0, 2, 1, 1, 0, 0, 1, 0, 1, 2, 2, 1, 1, 4, 0, 4, 0, 0, 1, 1, 19, 2, 7, 6, 1, 1, 4, 1, 7, 8, 3, 4, 1, 2, 8, 2, 3, 2, 2, 3, 10, 2, 3, 1, 57, 1, 0, 2, 37, 2, 2, 2, 73, 0, 2, 3, 0, 4, 1, 0, 55, 11, 10, 7, 1, 0, 0, 0, 0, 0, 0, 0, 0, 0, 0, 0, 1, 0, 0, 0, 0, 0, 0, 0, 0, 0, 0, 0, 0, 0, 0, 0, 0, 0, 0, 0, 0, 0, 0, 0, 
58, 0, 0, 1, 1, 4, 4, 0, 1, 0, 0, 1, 1, 0, 0, 1, 1, 0, 0, 0, 1, 1, 0, 1, 2, 9, 5, 5, 5, 0, 0, 0, 0, 28, 3, 7, 4, 1, 0, 1, 1, 7, 7, 9, 2, 2, 5, 3, 3, 1, 0, 2, 0, 4, 5, 1, 3, 62, 2, 2, 2, 41, 3, 1, 1, 100, 0, 1, 1, 1, 0, 4, 0, 62, 7, 4, 6, 1, 0, 0, 0, 0, 0, 0, 0, 0, 0, 0, 0, 0, 0, 0, 0, 1, 0, 0, 0, 0, 0, 0, 0, 0, 0, 0, 0, 1, 0, 0, 0, 0, 0, 0, 0, 
59, 2, 1, 0, 0, 3, 1, 1, 0, 0, 0, 0, 0, 0, 2, 2, 2, 1, 0, 0, 0, 1, 0, 2, 0, 23, 6, 5, 0, 0, 1, 1, 1, 29, 5, 6, 4, 1, 3, 0, 0, 1, 2, 2, 1, 4, 4, 2, 1, 0, 0, 0, 2, 7, 6, 5, 2, 54, 2, 0, 0, 41, 2, 0, 0, 92, 2, 2, 0, 2, 1, 1, 3, 57, 11, 13, 4, 1, 0, 0, 0, 0, 0, 0, 0, 1, 0, 0, 0, 2, 0, 0, 0, 1, 0, 0, 0, 0, 0, 0, 0, 2, 0, 0, 0, 2, 0, 0, 0, 2, 0, 0, 0, 
60, 4, 1, 0, 1, 0, 0, 0, 0, 0, 3, 1, 1, 0, 0, 0, 2, 0, 2, 0, 0, 0, 2, 0, 0, 30, 5, 4, 5, 6, 3, 2, 4, 18, 7, 8, 6, 4, 2, 2, 1, 1, 2, 0, 1, 0, 0, 0, 1, 3, 7, 3, 2, 2, 1, 1, 3, 57, 2, 0, 1, 34, 4, 2, 1, 85, 1, 2, 1, 1, 2, 0, 0, 68, 9, 3, 7, 2, 0, 0, 0, 3, 0, 0, 0, 2, 0, 0, 0, 0, 0, 0, 0, 0, 0, 0, 0, 1, 0, 0, 0, 0, 0, 0, 0, 0, 0, 0, 0, 0, 0, 0, 0, 
61, 2, 1, 1, 1, 5, 1, 1, 3, 0, 0, 0, 0, 0, 0, 1, 2, 1, 1, 1, 1, 1, 0, 0, 0, 45, 4, 5, 4, 7, 2, 2, 1, 26, 4, 9, 3, 6, 3, 0, 2, 1, 1, 0, 1, 2, 1, 2, 0, 8, 2, 0, 3, 1, 2, 1, 2, 66, 1, 0, 2, 28, 1, 4, 1, 66, 1, 2, 2, 1, 0, 4, 2, 58, 10, 3, 8, 2, 0, 0, 0, 1, 0, 0, 0, 3, 0, 0, 0, 1, 0, 0, 0, 0, 0, 0, 0, 2, 0, 0, 0, 2, 0, 0, 0, 0, 0, 0, 0, 1, 0, 0, 0, 
62, 1, 0, 0, 0, 0, 0, 0, 0, 1, 0, 0, 1, 1, 0, 0, 1, 2, 1, 0, 1, 0, 2, 3, 0, 51, 5, 1, 3, 1, 1, 1, 2, 24, 5, 3, 4, 11, 5, 1, 1, 1, 3, 0, 1, 6, 0, 1, 1, 5, 1, 0, 0, 0, 1, 0, 4, 80, 2, 1, 0, 16, 5, 1, 2, 47, 4, 2, 1, 0, 2, 3, 0, 52, 9, 5, 9, 2, 0, 0, 0, 0, 0, 0, 0, 3, 0, 0, 0, 1, 0, 0, 0, 2, 0, 0, 0, 0, 0, 0, 0, 0, 0, 0, 0, 2, 0, 0, 0, 2, 0, 0, 0, 
63, 0, 0, 1, 0, 1, 1, 1, 0, 0, 2, 1, 0, 0, 0, 0, 0, 0, 2, 1, 1, 0, 2, 3, 1, 50, 8, 7, 3, 3, 8, 4, 4, 28, 3, 6, 7, 10, 6, 1, 0, 0, 0, 2, 0, 4, 1, 1, 2, 1, 0, 0, 1, 5, 0, 1, 0, 69, 0, 1, 0, 16, 5, 1, 0, 56, 4, 3, 1, 11, 3, 1, 2, 60, 9, 7, 2, 1, 0, 0, 0, 0, 0, 0, 0, 1, 0, 0, 0, 2, 0, 0, 0, 0, 0, 0, 0, 1, 0, 0, 0, 0, 0, 0, 0, 0, 0, 0, 0, 0, 0, 0, 0, 
64, 3, 2, 0, 0, 0, 1, 0, 0, 0, 0, 0, 0, 0, 0, 0, 1, 0, 1, 0, 1, 0, 2, 0, 0, 53, 6, 3, 5, 6, 4, 3, 4, 18, 4, 5, 5, 15, 3, 1, 0, 1, 2, 1, 4, 12, 5, 2, 4, 1, 2, 2, 2, 3, 0, 0, 0, 65, 0, 1, 1, 17, 1, 1, 2, 54, 0, 2, 2, 12, 2, 3, 0, 48, 5, 6, 6, 1, 0, 0, 0, 1, 0, 0, 0, 2, 0, 0, 0, 0, 0, 0, 0, 0, 0, 0, 0, 2, 0, 0, 0, 0, 0, 0, 0, 1, 0, 0, 0, 4, 0, 0, 0, 
65, 0, 0, 0, 0, 0, 0, 1, 0, 2, 1, 0, 1, 0, 1, 0, 0, 0, 0, 2, 0, 0, 1, 0, 2, 62, 3, 1, 1, 3, 2, 1, 2, 14, 7, 2, 7, 19, 6, 3, 0, 0, 1, 0, 1, 15, 2, 3, 0, 4, 1, 1, 1, 1, 3, 4, 2, 62, 1, 1, 1, 5, 2, 1, 6, 46, 0, 1, 1, 17, 2, 2, 1, 41, 7, 2, 8, 1, 0, 0, 0, 0, 0, 0, 0, 0, 0, 0, 0, 0, 0, 0, 0, 0, 0, 0, 0, 1, 0, 0, 0, 3, 0, 0, 0, 1, 0, 0, 0, 0, 0, 0, 0, 
66, 1, 2, 2, 2, 0, 0, 0, 1, 1, 1, 1, 0, 0, 1, 1, 0, 4, 1, 3, 0, 3, 2, 2, 1, 63, 1, 6, 1, 3, 1, 1, 1, 4, 4, 4, 4, 29, 4, 2, 0, 0, 1, 2, 0, 7, 0, 5, 2, 1, 0, 0, 0, 1, 0, 0, 1, 53, 1, 1, 2, 23, 1, 3, 2, 45, 1, 1, 0, 17, 4, 2, 3, 48, 11, 5, 5, 1, 0, 0, 0, 0, 0, 0, 0, 1, 0, 0, 0, 0, 0, 0, 0, 0, 0, 0, 0, 0, 0, 0, 0, 0, 0, 0, 0, 1, 0, 0, 0, 0, 0, 0, 0, 
67, 2, 3, 1, 1, 0, 0, 2, 1, 1, 0, 0, 0, 0, 0, 1, 0, 0, 0, 0, 0, 1, 4, 1, 5, 78, 0, 2, 4, 1, 0, 1, 1, 11, 3, 4, 8, 43, 1, 2, 1, 0, 2, 0, 2, 4, 1, 1, 2, 3, 1, 3, 0, 0, 0, 0, 0, 47, 1, 0, 1, 33, 2, 2, 6, 31, 5, 1, 1, 10, 1, 1, 2, 44, 8, 5, 5, 1, 0, 0, 0, 3, 0, 0, 0, 0, 0, 0, 0, 0, 0, 0, 0, 0, 0, 0, 0, 0, 0, 0, 0, 1, 0, 0, 0, 1, 0, 0, 0, 1, 0, 0, 0, 
68, 2, 2, 0, 0, 0, 1, 3, 1, 0, 0, 0, 0, 1, 0, 1, 1, 0, 1, 0, 0, 1, 0, 1, 4, 73, 5, 2, 6, 1, 2, 1, 2, 3, 6, 4, 6, 55, 2, 3, 0, 0, 1, 1, 2, 4, 4, 4, 3, 1, 3, 3, 3, 2, 4, 2, 1, 51, 0, 0, 0, 30, 1, 5, 1, 38, 0, 0, 0, 2, 2, 1, 1, 39, 4, 4, 8, 4, 0, 0, 0, 0, 0, 0, 0, 0, 0, 0, 0, 1, 0, 0, 0, 1, 0, 0, 0, 0, 0, 0, 0, 1, 0, 0, 0, 0, 0, 0, 0, 1, 0, 0, 0, 
69, 1, 2, 1, 1, 0, 1, 0, 2, 1, 0, 0, 0, 0, 0, 1, 0, 1, 0, 0, 0, 0, 0, 0, 0, 81, 8, 4, 6, 0, 1, 0, 0, 5, 7, 6, 4, 50, 1, 0, 0, 11, 1, 1, 0, 4, 3, 2, 0, 4, 1, 3, 1, 3, 5, 3, 4, 43, 3, 1, 0, 33, 6, 2, 2, 18, 1, 4, 1, 20, 5, 1, 0, 39, 8, 5, 9, 1, 0, 0, 0, 1, 0, 0, 0, 3, 0, 0, 0, 0, 0, 0, 0, 0, 0, 0, 0, 2, 0, 0, 0, 0, 0, 0, 0, 0, 0, 0, 0, 0, 0, 0, 0, 
70, 1, 0, 1, 0, 0, 1, 0, 1, 2, 1, 0, 1, 0, 0, 0, 0, 1, 2, 0, 0, 0, 1, 0, 2, 100, 5, 3, 2, 4, 4, 4, 3, 6, 8, 5, 4, 50, 1, 1, 0, 8, 2, 1, 0, 1, 2, 0, 2, 1, 0, 0, 2, 7, 3, 5, 2, 51, 3, 1, 0, 32, 3, 3, 3, 16, 1, 1, 0, 16, 4, 1, 1, 33, 7, 8, 3, 1, 0, 0, 0, 0, 0, 0, 0, 0, 0, 0, 0, 1, 0, 0, 0, 3, 0, 0, 0, 0, 0, 0, 0, 0, 0, 0, 0, 3, 0, 0, 0, 0, 0, 0, 0, 
71, 0, 2, 0, 1, 1, 0, 1, 1, 0, 0, 0, 0, 0, 1, 0, 1, 0, 0, 2, 2, 0, 0, 2, 2, 100, 0, 4, 3, 7, 5, 4, 5, 6, 2, 7, 1, 38, 0, 2, 0, 1, 2, 0, 2, 3, 2, 4, 3, 6, 2, 8, 7, 4, 5, 2, 3, 49, 1, 3, 3, 42, 1, 1, 0, 8, 1, 2, 1, 17, 0, 1, 0, 28, 6, 7, 9, 0, 0, 0, 0, 0, 0, 0, 0, 0, 0, 0, 0, 1, 0, 0, 0, 0, 0, 0, 0, 1, 0, 0, 0, 0, 0, 0, 0, 0, 0, 0, 0, 0, 0, 0, 0, 
72, 2, 0, 1, 1, 1, 3, 2, 1, 10, 2, 1, 2, 0, 1, 1, 0, 1, 1, 2, 1, 0, 0, 0, 1, 96, 4, 2, 2, 2, 2, 5, 2, 14, 5, 7, 2, 32, 2, 1, 0, 4, 1, 3, 0, 0, 0, 0, 0, 4, 3, 4, 1, 3, 2, 3, 2, 47, 0, 1, 0, 52, 4, 4, 0, 2, 2, 2, 0, 11, 0, 1, 2, 38, 9, 4, 3, 1, 0, 0, 0, 0, 0, 0, 0, 3, 0, 0, 0, 0, 0, 0, 0, 1, 0, 0, 0, 2, 0, 0, 0, 0, 0, 0, 0, 1, 0, 0, 0, 3, 0, 0, 0, 
73, 1, 1, 1, 4, 0, 1, 0, 1, 4, 1, 2, 0, 0, 0, 0, 0, 0, 0, 0, 0, 0, 0, 0, 0, 86, 0, 3, 4, 1, 2, 2, 2, 34, 2, 3, 4, 15, 1, 0, 0, 2, 1, 1, 0, 3, 6, 3, 4, 10, 2, 9, 5, 5, 3, 7, 4, 41, 2, 2, 0, 48, 4, 2, 1, 4, 2, 4, 2, 4, 1, 4, 3, 43, 9, 7, 4, 0, 0, 0, 0, 1, 0, 0, 0, 0, 0, 0, 0, 0, 0, 0, 0, 1, 0, 0, 0, 1, 0, 0, 0, 1, 0, 0, 0, 0, 0, 0, 0, 0, 0, 0, 0, 
74, 2, 1, 2, 2, 0, 0, 0, 0, 2, 1, 2, 2, 0, 1, 0, 0, 1, 0, 1, 0, 0, 0, 2, 1, 94, 5, 2, 3, 7, 0, 2, 1, 33, 2, 4, 1, 32, 1, 2, 2, 2, 2, 2, 0, 1, 0, 1, 1, 0, 1, 3, 0, 5, 4, 6, 4, 43, 2, 1, 0, 51, 3, 2, 1, 1, 2, 0, 1, 1, 0, 4, 2, 35, 7, 4, 7, 0, 0, 0, 0, 0, 0, 0, 0, 1, 0, 0, 0, 0, 0, 0, 0, 0, 0, 0, 0, 0, 0, 0, 0, 1, 0, 0, 0, 0, 0, 0, 0, 2, 0, 0, 0, 
75, 0, 1, 0, 0, 0, 0, 0, 0, 0, 5, 0, 2, 0, 0, 0, 0, 0, 0, 0, 3, 0, 1, 0, 2, 100, 5, 1, 4, 6, 1, 1, 1, 40, 1, 1, 4, 28, 3, 1, 0, 3, 5, 3, 7, 4, 3, 1, 5, 0, 0, 3, 0, 2, 3, 3, 1, 43, 2, 3, 0, 51, 2, 2, 0, 2, 0, 0, 0, 5, 3, 1, 0, 43, 12, 8, 4, 2, 0, 0, 0, 0, 0, 0, 0, 1, 0, 0, 0, 1, 0, 0, 0, 2, 0, 0, 0, 0, 0, 0, 0, 0, 0, 0, 0, 3, 0, 0, 0, 1, 0, 0, 0, 
76, 12, 0, 1, 2, 2, 0, 1, 0, 1, 2, 0, 0, 0, 1, 1, 1, 0, 0, 0, 0, 0, 1, 0, 0, 94, 3, 4, 3, 1, 5, 2, 5, 14, 7, 6, 4, 25, 1, 1, 2, 4, 6, 2, 1, 1, 4, 1, 1, 11, 3, 1, 1, 2, 3, 4, 6, 42, 1, 0, 0, 45, 2, 3, 4, 0, 1, 0, 1, 2, 0, 0, 0, 37, 2, 10, 5, 2, 0, 0, 0, 0, 0, 0, 0, 0, 0, 0, 0, 1, 0, 0, 0, 0, 0, 0, 0, 0, 0, 0, 0, 1, 0, 0, 0, 1, 0, 0, 0, 1, 0, 0, 0, 
77, 6, 2, 0, 1, 0, 0, 0, 0, 1, 0, 1, 0, 0, 0, 0, 3, 0, 1, 0, 0, 0, 0, 0, 0, 100, 6, 6, 1, 4, 0, 1, 4, 7, 5, 5, 1, 22, 0, 1, 0, 3, 6, 3, 0, 10, 3, 2, 0, 11, 3, 0, 2, 0, 1, 0, 1, 31, 2, 0, 0, 52, 3, 3, 0, 0, 0, 0, 0, 2, 2, 1, 0, 18, 7, 8, 9, 0, 0, 0, 0, 1, 0, 0, 0, 2, 0, 0, 0, 0, 0, 0, 0, 0, 0, 0, 0, 1, 0, 0, 0, 1, 0, 0, 0, 0, 0, 0, 0, 2, 0, 0, 0, 
78, 1, 1, 0, 0, 1, 0, 0, 2, 1, 2, 0, 0, 1, 0, 0, 0, 0, 0, 1, 0, 1, 0, 0, 0, 96, 3, 5, 2, 3, 6, 6, 3, 3, 7, 5, 2, 6, 3, 1, 0, 4, 3, 1, 2, 1, 0, 2, 4, 14, 0, 5, 2, 4, 4, 2, 6, 34, 1, 3, 2, 53, 4, 2, 3, 7, 2, 3, 0, 1, 1, 0, 1, 27, 16, 7, 3, 1, 0, 0, 0, 0, 0, 0, 0, 0, 0, 0, 0, 1, 0, 0, 0, 3, 0, 0, 0, 1, 0, 0, 0, 0, 0, 0, 0, 0, 0, 0, 0, 0, 0, 0, 0, 
79, 0, 1, 1, 0, 0, 0, 0, 1, 0, 2, 0, 1, 4, 2, 0, 1, 0, 0, 0, 0, 1, 0, 1, 0, 95, 2, 1, 3, 6, 4, 1, 1, 7, 6, 2, 4, 9, 0, 1, 2, 3, 5, 2, 3, 2, 4, 3, 1, 16, 2, 4, 1, 4, 6, 10, 6, 45, 1, 4, 0, 35, 3, 1, 1, 0, 0, 1, 0, 0, 0, 1, 0, 25, 4, 9, 6, 0, 0, 0, 0, 1, 0, 0, 0, 4, 0, 0, 0, 1, 0, 0, 0, 1, 0, 0, 0, 2, 0, 0, 0, 1, 0, 0, 0, 0, 0, 0, 0, 1, 0, 0, 0, 
80, 0, 0, 1, 0, 0, 1, 1, 1, 1, 0, 0, 1, 0, 1, 0, 1, 1, 1, 0, 2, 2, 0, 1, 0, 97, 1, 3, 2, 4, 1, 0, 2, 2, 3, 6, 4, 19, 2, 3, 1, 2, 3, 5, 3, 0, 0, 8, 2, 7, 1, 1, 1, 9, 6, 6, 4, 48, 0, 1, 3, 40, 0, 2, 1, 1, 1, 2, 2, 2, 3, 1, 4, 33, 6, 7, 5, 0, 0, 0, 0, 1, 0, 0, 0, 0, 0, 0, 0, 1, 0, 0, 0, 0, 0, 0, 0, 1, 0, 0, 0, 1, 0, 0, 0, 1, 0, 0, 0, 2, 0, 0, 0, 
81, 5, 2, 2, 1, 1, 1, 0, 1, 1, 0, 0, 1, 8, 0, 0, 1, 0, 0, 0, 1, 2, 1, 0, 1, 84, 2, 2, 4, 3, 1, 0, 2, 2, 5, 2, 4, 17, 2, 1, 1, 10, 5, 5, 5, 4, 4, 2, 4, 2, 4, 7, 0, 3, 6, 5, 6, 64, 6, 0, 0, 52, 3, 0, 5, 1, 1, 2, 1, 0, 5, 4, 4, 25, 4, 3, 7, 0, 0, 0, 0, 0, 0, 0, 0, 2, 0, 0, 0, 0, 0, 0, 0, 1, 0, 0, 0, 0, 0, 0, 0, 0, 0, 0, 0, 1, 0, 0, 0, 1, 0, 0, 0, 
82, 2, 0, 3, 2, 4, 1, 2, 1, 1, 0, 0, 1, 0, 0, 0, 0, 0, 1, 0, 0, 0, 1, 0, 1, 76, 6, 7, 6, 1, 2, 1, 2, 3, 3, 2, 5, 13, 1, 0, 0, 10, 7, 2, 6, 2, 4, 3, 4, 6, 4, 5, 4, 6, 9, 2, 3, 75, 1, 0, 1, 52, 3, 2, 0, 1, 3, 4, 2, 0, 0, 1, 0, 18, 8, 5, 5, 0, 0, 0, 0, 0, 0, 0, 0, 0, 0, 0, 0, 0, 0, 0, 0, 0, 0, 0, 0, 0, 0, 0, 0, 2, 0, 0, 0, 2, 0, 0, 0, 1, 0, 0, 0, 
83, 1, 0, 0, 0, 1, 1, 2, 0, 0, 0, 0, 0, 0, 1, 1, 0, 0, 0, 0, 0, 0, 2, 4, 3, 89, 2, 8, 5, 3, 0, 2, 1, 3, 3, 1, 1, 1, 1, 1, 1, 7, 7, 5, 5, 8, 4, 10, 6, 9, 6, 6, 4, 5, 4, 3, 3, 58, 1, 1, 1, 53, 1, 0, 0, 4, 2, 1, 4, 0, 0, 0, 0, 22, 15, 7, 2, 3, 0, 0, 0, 0, 0, 0, 0, 2, 0, 0, 0, 1, 0, 0, 0, 0, 0, 0, 0, 0, 0, 0, 0, 1, 0, 0, 0, 2, 0, 0, 0, 2, 0, 0, 0, 
84, 6, 0, 0, 0, 2, 2, 2, 2, 0, 0, 0, 0, 2, 2, 0, 0, 0, 1, 0, 2, 0, 0, 0, 1, 84, 8, 2, 6, 1, 1, 1, 0, 5, 4, 1, 3, 4, 2, 1, 1, 4, 4, 5, 5, 9, 4, 2, 7, 12, 8, 7, 9, 2, 3, 7, 1, 65, 1, 2, 0, 36, 3, 1, 1, 1, 0, 3, 1, 0, 0, 1, 0, 24, 6, 6, 9, 2, 0, 0, 0, 1, 0, 0, 0, 2, 0, 0, 0, 1, 0, 0, 0, 0, 0, 0, 0, 0, 0, 0, 0, 4, 0, 0, 0, 0, 0, 0, 0, 1, 0, 0, 0, 
85, 0, 0, 1, 0, 1, 0, 0, 0, 0, 0, 0, 0, 1, 0, 1, 0, 0, 0, 0, 0, 1, 2, 0, 1, 100, 6, 1, 4, 2, 3, 2, 2, 4, 9, 8, 4, 1, 0, 0, 1, 5, 10, 4, 7, 6, 8, 5, 6, 28, 10, 7, 1, 3, 2, 1, 4, 51, 3, 0, 2, 34, 0, 2, 1, 2, 4, 2, 0, 0, 3, 0, 2, 15, 8, 3, 7, 0, 0, 0, 0, 1, 0, 0, 0, 0, 0, 0, 0, 0, 0, 0, 0, 1, 0, 0, 0, 0, 0, 0, 0, 1, 0, 0, 0, 2, 0, 0, 0, 0, 0, 0, 0, 
86, 1, 2, 2, 3, 0, 1, 0, 0, 0, 0, 0, 3, 0, 0, 0, 0, 0, 0, 0, 1, 1, 3, 2, 0, 100, 7, 3, 2, 2, 3, 6, 6, 6, 8, 7, 7, 6, 0, 1, 4, 13, 4, 3, 1, 2, 3, 5, 0, 36, 11, 4, 4, 6, 6, 5, 1, 54, 0, 3, 0, 28, 5, 4, 1, 0, 0, 0, 0, 1, 0, 1, 1, 7, 1, 7, 4, 1, 0, 0, 0, 3, 0, 0, 0, 0, 0, 0, 0, 1, 0, 0, 0, 1, 0, 0, 0, 1, 0, 0, 0, 0, 0, 0, 0, 0, 0, 0, 0, 1, 0, 0, 0, 
87, 0, 3, 3, 5, 0, 0, 0, 1, 1, 1, 0, 0, 0, 0, 1, 1, 0, 0, 2, 2, 0, 0, 1, 0, 100, 2, 5, 5, 4, 1, 2, 0, 14, 10, 11, 7, 1, 1, 1, 0, 4, 2, 3, 5, 5, 4, 5, 6, 35, 4, 1, 6, 13, 1, 1, 3, 50, 0, 2, 0, 33, 4, 6, 3, 0, 1, 0, 0, 0, 0, 1, 1, 6, 6, 3, 3, 0, 0, 0, 0, 2, 0, 0, 0, 1, 0, 0, 0, 1, 0, 0, 0, 0, 0, 0, 0, 2, 0, 0, 0, 0, 0, 0, 0, 0, 0, 0, 0, 2, 0, 0, 0, 
88, 5, 1, 2, 2, 0, 0, 0, 1, 1, 0, 2, 1, 0, 0, 1, 0, 1, 0, 1, 0, 1, 1, 0, 2, 100, 7, 3, 3, 0, 1, 1, 5, 21, 8, 7, 3, 1, 0, 1, 0, 1, 4, 2, 1, 10, 6, 1, 1, 31, 3, 4, 2, 21, 0, 3, 6, 45, 0, 3, 0, 30, 4, 0, 2, 1, 1, 0, 3, 0, 2, 1, 2, 13, 6, 4, 9, 1, 0, 0, 0, 0, 0, 0, 0, 0, 0, 0, 0, 0, 0, 0, 0, 0, 0, 0, 0, 0, 0, 0, 0, 0, 0, 0, 0, 0, 0, 0, 0, 3, 0, 0, 0, 
89, 1, 3, 0, 0, 0, 0, 0, 0, 1, 2, 2, 0, 0, 0, 0, 0, 1, 0, 0, 0, 1, 0, 2, 0, 100, 11, 2, 4, 2, 1, 2, 3, 12, 7, 11, 6, 2, 2, 2, 2, 4, 0, 1, 3, 11, 9, 3, 5, 14, 7, 10, 1, 29, 1, 2, 0, 41, 1, 2, 2, 18, 3, 2, 0, 2, 1, 3, 1, 1, 0, 0, 2, 2, 3, 3, 6, 1, 0, 0, 0, 1, 0, 0, 0, 0, 0, 0, 0, 0, 0, 0, 0, 1, 0, 0, 0, 2, 0, 0, 0, 2, 0, 0, 0, 0, 0, 0, 0, 1, 0, 0, 0, 
90, 0, 1, 0, 1, 0, 3, 2, 0, 1, 0, 3, 4, 0, 0, 0, 1, 0, 2, 0, 0, 2, 0, 1, 1, 100, 8, 4, 2, 1, 3, 2, 1, 13, 18, 10, 10, 7, 5, 2, 2, 2, 1, 1, 0, 17, 4, 1, 1, 20, 5, 6, 0, 23, 2, 2, 1, 34, 0, 2, 1, 15, 2, 3, 1, 0, 1, 0, 0, 0, 2, 1, 3, 1, 3, 1, 0, 0, 0, 0, 0, 0, 0, 0, 0, 3, 0, 0, 0, 1, 0, 0, 0, 4, 0, 0, 0, 0, 0, 0, 0, 0, 0, 0, 0, 0, 0, 0, 0, 0, 0, 0, 0, 
91, 0, 1, 0, 2, 0, 0, 0, 0, 4, 0, 2, 0, 0, 0, 0, 0, 0, 1, 0, 0, 2, 3, 0, 1, 100, 2, 3, 6, 1, 5, 4, 3, 22, 14, 16, 12, 5, 9, 4, 2, 0, 3, 2, 2, 14, 3, 4, 4, 22, 6, 4, 6, 26, 7, 5, 1, 26, 0, 1, 0, 11, 3, 4, 3, 5, 4, 6, 4, 0, 2, 0, 1, 2, 1, 3, 0, 0, 0, 0, 0, 1, 0, 0, 0, 1, 0, 0, 0, 0, 0, 0, 0, 1, 0, 0, 0, 0, 0, 0, 0, 0, 0, 0, 0, 0, 0, 0, 0, 0, 0, 0, 0, 
92, 0, 0, 0, 0, 1, 0, 0, 0, 0, 0, 0, 1, 0, 0, 1, 0, 1, 0, 0, 2, 1, 2, 0, 1, 100, 5, 3, 1, 5, 3, 4, 1, 26, 11, 9, 11, 10, 7, 4, 5, 7, 1, 2, 0, 34, 5, 2, 2, 19, 5, 2, 0, 27, 3, 1, 5, 32, 3, 2, 3, 17, 4, 3, 1, 2, 4, 3, 2, 6, 4, 2, 2, 1, 0, 0, 1, 0, 0, 0, 0, 1, 0, 0, 0, 1, 0, 0, 0, 2, 0, 0, 0, 4, 0, 0, 0, 1, 0, 0, 0, 1, 0, 0, 0, 0, 0, 0, 0, 0, 0, 0, 0, 
93, 3, 3, 3, 6, 1, 3, 4, 0, 2, 0, 4, 0, 1, 2, 2, 1, 0, 1, 1, 0, 0, 0, 0, 0, 100, 1, 5, 3, 6, 8, 6, 7, 15, 10, 6, 7, 10, 2, 6, 6, 0, 1, 1, 0, 34, 2, 3, 2, 3, 4, 6, 4, 25, 2, 0, 1, 37, 0, 1, 0, 20, 1, 3, 1, 0, 1, 2, 0, 0, 0, 0, 0, 1, 4, 6, 2, 2, 0, 0, 0, 1, 0, 0, 0, 2, 0, 0, 0, 2, 0, 0, 0, 0, 0, 0, 0, 2, 0, 0, 0, 0, 0, 0, 0, 1, 0, 0, 0, 0, 0, 0, 0, 
94, 0, 0, 0, 0, 0, 0, 0, 0, 1, 0, 1, 2, 1, 0, 3, 1, 1, 1, 1, 1, 0, 1, 4, 3, 100, 5, 11, 3, 3, 3, 2, 2, 14, 12, 14, 14, 4, 2, 7, 2, 2, 0, 2, 4, 30, 5, 1, 4, 0, 1, 4, 2, 20, 2, 4, 4, 25, 4, 0, 4, 14, 1, 5, 0, 2, 1, 1, 0, 1, 0, 1, 1, 16, 5, 3, 2, 0, 0, 0, 0, 0, 0, 0, 0, 0, 0, 0, 0, 0, 0, 0, 0, 1, 0, 0, 0, 1, 0, 0, 0, 1, 0, 0, 0, 0, 0, 0, 0, 1, 0, 0, 0, 
95, 1, 2, 0, 2, 0, 0, 0, 0, 0, 0, 0, 0, 0, 0, 1, 0, 2, 3, 1, 1, 0, 1, 0, 0, 100, 6, 3, 4, 3, 3, 2, 6, 17, 10, 7, 10, 5, 3, 0, 1, 0, 0, 1, 0, 38, 4, 0, 1, 0, 1, 0, 0, 27, 1, 4, 0, 31, 2, 1, 4, 18, 3, 2, 0, 0, 0, 0, 1, 3, 3, 5, 2, 16, 2, 2, 6, 0, 0, 0, 0, 2, 0, 0, 0, 2, 0, 0, 0, 0, 0, 0, 0, 1, 0, 0, 0, 0, 0, 0, 0, 0, 0, 0, 0, 0, 0, 0, 0, 0, 0, 0, 0, 
96, 1, 1, 0, 0, 1, 2, 1, 0, 0, 4, 0, 1, 0, 0, 1, 0, 0, 1, 1, 0, 1, 0, 0, 0, 100, 7, 2, 4, 0, 1, 1, 0, 19, 19, 10, 8, 13, 1, 1, 1, 0, 1, 1, 0, 25, 3, 0, 2, 6, 4, 2, 2, 23, 2, 2, 1, 34, 2, 0, 1, 13, 8, 1, 0, 0, 3, 1, 0, 2, 3, 0, 0, 7, 3, 0, 5, 1, 0, 0, 0, 0, 0, 0, 0, 0, 0, 0, 0, 0, 0, 0, 0, 0, 0, 0, 0, 1, 0, 0, 0, 0, 0, 0, 0, 1, 0, 0, 0, 0, 0, 0, 0, 
97, 4, 1, 0, 1, 1, 2, 1, 0, 2, 0, 0, 1, 2, 0, 2, 2, 0, 1, 0, 0, 0, 1, 0, 1, 100, 2, 8, 1, 1, 1, 0, 1, 25, 16, 17, 23, 5, 0, 2, 2, 2, 1, 1, 2, 17, 2, 5, 1, 18, 5, 4, 3, 8, 1, 2, 3, 30, 0, 0, 0, 3, 0, 3, 3, 3, 2, 4, 5, 2, 2, 4, 1, 9, 3, 5, 1, 0, 0, 0, 0, 1, 0, 0, 0, 0, 0, 0, 0, 1, 0, 0, 0, 0, 0, 0, 0, 0, 0, 0, 0, 1, 0, 0, 0, 0, 0, 0, 0, 1, 0, 0, 0, 
98, 0, 0, 0, 0, 0, 0, 2, 0, 0, 0, 0, 0, 0, 0, 0, 0, 1, 0, 1, 1, 0, 0, 0, 0, 100, 4, 3, 0, 1, 1, 0, 2, 33, 18, 14, 17, 13, 1, 2, 2, 6, 3, 1, 1, 16, 2, 2, 2, 15, 2, 2, 1, 14, 2, 1, 2, 29, 2, 1, 0, 2, 1, 0, 2, 2, 3, 1, 6, 6, 1, 1, 0, 3, 6, 2, 4, 0, 0, 0, 0, 4, 0, 0, 0, 1, 0, 0, 0, 0, 0, 0, 0, 4, 0, 0, 0, 2, 0, 0, 0, 0, 0, 0, 0, 3, 0, 0, 0, 3, 0, 0, 0, 
99, 1, 3, 0, 0, 1, 2, 0, 0, 0, 1, 0, 0, 1, 0, 0, 1, 1, 0, 0, 0, 0, 0, 1, 1, 100, 4, 2, 6, 3, 3, 1, 2, 40, 11, 17, 9, 12, 1, 1, 1, 6, 3, 0, 1, 20, 3, 3, 0, 7, 7, 7, 2, 22, 5, 3, 1, 17, 2, 0, 1, 1, 1, 1, 1, 1, 2, 0, 0, 2, 3, 0, 0, 0, 0, 0, 1, 1, 0, 0, 0, 0, 0, 0, 0, 2, 0, 0, 0, 1, 0, 0, 0, 0, 0, 0, 0, 1, 0, 0, 0, 0, 0, 0, 0, 3, 0, 0, 0, 0, 0, 0, 0, 