0, 0, 0, 0, 0, 0, 0, 0, 1, 1, 1, 0, 0, 0, 2, 1, 1, 1, 0, 0, 0, 2, 1, 1, 1, 4, 0, 1, 1, 0, 1, 1, 0, 0, 2, 0, 0, 0, 1, 1, 0, 1, 1, 0, 1, 1, 1, 0, 0, 1, 0, 1, 1, 0, 2, 0, 1, 0, 0, 1, 0, 1, 2, 1, 2, 1, 5, 2, 1, 2, 2, 0, 0, 1, 2, 2, 1, 0, 0, 0, 0, 0, 0, 0, 0, 0, 0, 0, 0, 2, 0, 0, 0, 0, 0, 0, 0, 2, 0, 0, 0, 0, 0, 0, 0, 0, 0, 0, 0, 3, 0, 0, 0, 
1, 1, 0, 3, 1, 0, 0, 0, 0, 3, 0, 0, 0, 2, 3, 1, 1, 0, 0, 0, 0, 0, 0, 0, 0, 1, 0, 0, 0, 0, 2, 1, 3, 0, 0, 0, 0, 0, 0, 1, 2, 3, 0, 1, 2, 2, 6, 2, 0, 4, 2, 0, 2, 2, 5, 3, 6, 6, 1, 0, 0, 3, 1, 2, 1, 0, 0, 1, 0, 1, 2, 0, 0, 0, 0, 0, 2, 0, 0, 0, 0, 0, 0, 0, 0, 0, 0, 0, 0, 1, 0, 0, 0, 2, 0, 0, 0, 1, 0, 0, 0, 0, 0, 0, 0, 1, 0, 0, 0, 0, 0, 0, 0, 
2, 0, 1, 1, 1, 0, 1, 0, 0, 0, 1, 0, 1, 0, 0, 0, 0, 0, 0, 0, 0, 1, 0, 0, 0, 7, 2, 4, 2, 2, 2, 4, 3, 6, 1, 1, 2, 2, 1, 1, 1, 0, 1, 2, 1, 3, 3, 3, 2, 3, 1, 0, 1, 0, 0, 1, 0, 0, 0, 1, 0, 10, 5, 2, 4, 6, 1, 1, 1, 8, 1, 1, 1, 0, 0, 1, 1, 0, 0, 0, 0, 1, 0, 0, 0, 0, 0, 0, 0, 0, 0, 0, 0, 2, 0, 0, 0, 0, 0, 0, 0, 2, 0, 0, 0, 0, 0, 0, 0, 0, 0, 0, 0, 
3, 6, 1, 1, 0, 1, 1, 0, 1, 0, 1, 1, 0, 0, 1, 0, 0, 0, 0, 1, 0, 1, 1, 0, 0, 7, 7, 4, 1, 3, 3, 0, 1, 4, 2, 0, 0, 3, 0, 4, 2, 3, 4, 4, 7, 10, 4, 4, 3, 2, 2, 2, 0, 2, 1, 1, 1, 0, 2, 3, 0, 2, 2, 2, 3, 10, 4, 0, 0, 19, 4, 2, 2, 5, 0, 0, 0, 0, 0, 0, 0, 1, 0, 0, 0, 1, 0, 0, 0, 0, 0, 0, 0, 0, 0, 0, 0, 0, 0, 0, 0, 0, 0, 0, 0, 0, 0, 0, 0, 1, 0, 0, 0, 
4, 0, 0, 1, 1, 0, 0, 0, 1, 0, 1, 1, 0, 1, 0, 0, 0, 0, 0, 2, 1, 0, 1, 0, 0, 12, 3, 1, 2, 1, 2, 4, 0, 9, 3, 0, 0, 3, 3, 1, 3, 6, 11, 3, 14, 8, 2, 6, 4, 0, 0, 1, 0, 0, 2, 0, 2, 1, 2, 2, 1, 3, 0, 1, 1, 1, 2, 0, 2, 31, 0, 0, 0, 6, 3, 3, 2, 0, 0, 0, 0, 0, 0, 0, 0, 0, 0, 0, 0, 1, 0, 0, 0, 0, 0, 0, 0, 0, 0, 0, 0, 3, 0, 0, 0, 1, 0, 0, 0, 2, 0, 0, 0, 
5, 6, 1, 4, 0, 0, 2, 0, 0, 0, 0, 0, 0, 3, 0, 0, 1, 0, 4, 0, 1, 1, 0, 0, 0, 0, 0, 0, 1, 7, 2, 0, 1, 3, 8, 4, 6, 1, 5, 5, 5, 3, 13, 11, 10, 7, 3, 2, 4, 0, 0, 0, 0, 1, 1, 0, 1, 4, 4, 7, 4, 0, 2, 0, 3, 12, 0, 0, 0, 20, 1, 1, 0, 10, 5, 3, 3, 1, 0, 0, 0, 0, 0, 0, 0, 0, 0, 0, 0, 0, 0, 0, 0, 1, 0, 0, 0, 4, 0, 0, 0, 0, 0, 0, 0, 2, 0, 0, 0, 0, 0, 0, 0, 
6, 1, 0, 0, 0, 0, 1, 0, 0, 1, 0, 0, 0, 0, 0, 0, 0, 1, 2, 3, 2, 1, 2, 0, 0, 7, 1, 2, 1, 1, 3, 4, 2, 14, 3, 4, 3, 2, 7, 1, 1, 13, 5, 5, 9, 2, 2, 2, 2, 5, 1, 6, 1, 0, 5, 1, 5, 3, 1, 1, 0, 0, 2, 1, 1, 11, 1, 0, 1, 11, 0, 0, 0, 5, 4, 2, 2, 1, 0, 0, 0, 2, 0, 0, 0, 2, 0, 0, 0, 1, 0, 0, 0, 0, 0, 0, 0, 2, 0, 0, 0, 0, 0, 0, 0, 0, 0, 0, 0, 0, 0, 0, 0, 
7, 1, 1, 0, 1, 0, 0, 2, 1, 1, 0, 0, 0, 0, 0, 0, 0, 0, 2, 1, 1, 0, 0, 0, 0, 1, 4, 2, 3, 2, 0, 0, 0, 21, 3, 5, 5, 7, 2, 2, 2, 13, 6, 6, 11, 0, 0, 3, 2, 6, 5, 4, 7, 5, 1, 1, 0, 2, 2, 2, 1, 1, 0, 1, 0, 9, 8, 0, 2, 11, 4, 0, 2, 3, 2, 2, 2, 1, 0, 0, 0, 0, 0, 0, 0, 0, 0, 0, 0, 1, 0, 0, 0, 1, 0, 0, 0, 0, 0, 0, 0, 1, 0, 0, 0, 0, 0, 0, 0, 0, 0, 0, 0, 
8, 1, 0, 0, 2, 2, 0, 2, 0, 0, 0, 2, 1, 0, 0, 1, 0, 1, 0, 0, 0, 0, 0, 0, 0, 9, 0, 0, 0, 3, 0, 2, 1, 22, 7, 3, 3, 2, 0, 2, 0, 4, 8, 3, 9, 0, 0, 0, 0, 5, 6, 5, 7, 3, 1, 1, 0, 1, 0, 0, 0, 7, 3, 1, 5, 24, 1, 0, 2, 2, 2, 1, 3, 1, 1, 1, 2, 0, 0, 0, 0, 1, 0, 0, 0, 1, 0, 0, 0, 0, 0, 0, 0, 0, 0, 0, 0, 0, 0, 0, 0, 0, 0, 0, 0, 1, 0, 0, 0, 1, 0, 0, 0, 
9, 0, 0, 0, 2, 0, 1, 1, 1, 0, 0, 0, 0, 0, 1, 0, 0, 0, 2, 0, 0, 0, 0, 0, 0, 3, 3, 1, 0, 1, 0, 2, 0, 15, 6, 4, 3, 2, 1, 1, 3, 6, 1, 4, 3, 7, 1, 0, 1, 28, 5, 5, 3, 6, 4, 2, 1, 4, 5, 2, 1, 7, 3, 2, 3, 22, 0, 0, 2, 1, 3, 1, 0, 1, 2, 3, 0, 0, 0, 0, 0, 1, 0, 0, 0, 0, 0, 0, 0, 0, 0, 0, 0, 3, 0, 0, 0, 2, 0, 0, 0, 1, 0, 0, 0, 1, 0, 0, 0, 0, 0, 0, 0, 
10, 1, 0, 2, 1, 1, 0, 0, 2, 1, 0, 0, 0, 0, 2, 0, 0, 0, 2, 0, 0, 0, 0, 0, 0, 2, 1, 1, 0, 4, 6, 1, 1, 21, 6, 5, 0, 1, 0, 0, 2, 0, 0, 0, 0, 9, 3, 2, 1, 28, 12, 8, 6, 0, 1, 0, 1, 1, 3, 1, 1, 3, 0, 1, 2, 14, 3, 0, 0, 1, 1, 0, 0, 6, 4, 1, 1, 1, 0, 0, 0, 2, 0, 0, 0, 0, 0, 0, 0, 0, 0, 0, 0, 1, 0, 0, 0, 1, 0, 0, 0, 0, 0, 0, 0, 1, 0, 0, 0, 0, 0, 0, 0, 
11, 0, 1, 0, 1, 1, 0, 0, 2, 0, 0, 0, 0, 0, 0, 0, 0, 0, 0, 0, 0, 1, 1, 1, 0, 13, 0, 1, 0, 4, 0, 0, 0, 17, 4, 6, 5, 4, 1, 0, 1, 3, 3, 2, 4, 4, 3, 5, 2, 35, 9, 7, 3, 1, 2, 3, 1, 3, 4, 3, 4, 1, 0, 1, 0, 3, 0, 0, 1, 1, 0, 0, 0, 20, 2, 1, 1, 0, 0, 0, 0, 1, 0, 0, 0, 1, 0, 0, 0, 9, 0, 0, 0, 0, 0, 0, 0, 1, 0, 0, 0, 2, 0, 0, 0, 0, 0, 0, 0, 0, 0, 0, 0, 
12, 2, 0, 2, 1, 0, 0, 1, 0, 0, 0, 0, 1, 0, 0, 0, 0, 0, 0, 0, 0, 0, 0, 0, 0, 1, 2, 1, 0, 2, 0, 2, 0, 27, 4, 5, 1, 2, 1, 2, 0, 4, 3, 3, 5, 6, 4, 3, 1, 36, 7, 8, 6, 1, 0, 0, 1, 1, 1, 3, 4, 0, 0, 2, 1, 1, 1, 2, 0, 5, 1, 3, 3, 12, 3, 1, 3, 0, 0, 0, 0, 0, 0, 0, 0, 2, 0, 0, 0, 1, 0, 0, 0, 1, 0, 0, 0, 1, 0, 0, 0, 3, 0, 0, 0, 4, 0, 0, 0, 0, 0, 0, 0, 
13, 5, 1, 3, 2, 0, 1, 0, 1, 1, 0, 0, 0, 1, 0, 1, 1, 0, 0, 2, 0, 2, 2, 0, 0, 12, 2, 2, 3, 0, 0, 1, 1, 17, 3, 3, 3, 0, 0, 0, 0, 13, 2, 5, 1, 1, 5, 3, 1, 36, 7, 1, 3, 3, 2, 3, 2, 5, 4, 4, 3, 3, 0, 1, 2, 4, 1, 5, 2, 5, 4, 0, 3, 15, 0, 3, 3, 1, 0, 0, 0, 0, 0, 0, 0, 0, 0, 0, 0, 2, 0, 0, 0, 2, 0, 0, 0, 2, 0, 0, 0, 1, 0, 0, 0, 0, 0, 0, 0, 0, 0, 0, 0, 
14, 0, 0, 1, 0, 0, 0, 0, 0, 1, 3, 1, 0, 1, 0, 1, 0, 0, 2, 0, 1, 0, 0, 0, 0, 1, 0, 0, 0, 1, 2, 0, 0, 10, 5, 4, 4, 8, 9, 3, 3, 2, 4, 2, 2, 5, 1, 2, 2, 27, 6, 9, 2, 7, 1, 2, 3, 12, 7, 5, 6, 3, 2, 1, 0, 0, 1, 0, 0, 0, 0, 0, 1, 24, 3, 1, 2, 3, 0, 0, 0, 1, 0, 0, 0, 3, 0, 0, 0, 0, 0, 0, 0, 0, 0, 0, 0, 1, 0, 0, 0, 1, 0, 0, 0, 3, 0, 0, 0, 1, 0, 0, 0, 
15, 5, 6, 1, 0, 0, 0, 0, 0, 0, 1, 2, 0, 1, 1, 0, 1, 0, 0, 0, 0, 0, 0, 0, 0, 2, 2, 2, 0, 4, 2, 6, 0, 3, 4, 5, 4, 26, 3, 1, 0, 2, 2, 2, 1, 6, 6, 3, 2, 18, 6, 8, 5, 0, 0, 1, 0, 24, 4, 5, 5, 1, 3, 0, 2, 5, 0, 0, 3, 5, 2, 1, 2, 22, 2, 2, 1, 1, 0, 0, 0, 1, 0, 0, 0, 2, 0, 0, 0, 0, 0, 0, 0, 0, 0, 0, 0, 1, 0, 0, 0, 1, 0, 0, 0, 0, 0, 0, 0, 1, 0, 0, 0, 
16, 1, 1, 1, 0, 0, 0, 1, 0, 0, 1, 1, 1, 0, 0, 1, 0, 0, 0, 1, 1, 0, 0, 0, 0, 1, 2, 4, 0, 7, 11, 8, 2, 2, 3, 3, 2, 44, 0, 0, 1, 4, 1, 3, 3, 0, 0, 1, 1, 24, 5, 6, 4, 3, 2, 1, 2, 40, 7, 3, 3, 0, 3, 4, 0, 1, 0, 2, 1, 0, 0, 0, 1, 21, 0, 2, 2, 1, 0, 0, 0, 2, 0, 0, 0, 0, 0, 0, 0, 0, 0, 0, 0, 0, 0, 0, 0, 0, 0, 0, 0, 0, 0, 0, 0, 2, 0, 0, 0, 0, 0, 0, 0, 
17, 0, 0, 0, 0, 3, 0, 0, 0, 0, 0, 0, 0, 0, 0, 1, 0, 0, 0, 0, 0, 1, 2, 1, 1, 3, 1, 1, 3, 10, 8, 10, 8, 6, 5, 8, 7, 49, 1, 0, 1, 6, 2, 3, 2, 2, 0, 1, 0, 23, 6, 2, 7, 1, 1, 2, 1, 47, 4, 4, 3, 7, 10, 4, 5, 0, 1, 0, 0, 1, 0, 2, 0, 19, 7, 2, 2, 0, 0, 0, 0, 3, 0, 0, 0, 0, 0, 0, 0, 2, 0, 0, 0, 1, 0, 0, 0, 0, 0, 0, 0, 1, 0, 0, 0, 1, 0, 0, 0, 3, 0, 0, 0, 
18, 1, 1, 2, 0, 0, 0, 0, 0, 2, 0, 2, 0, 0, 0, 0, 0, 0, 1, 1, 0, 1, 0, 0, 0, 1, 0, 1, 0, 9, 3, 8, 5, 10, 6, 4, 2, 40, 3, 3, 2, 8, 5, 3, 4, 0, 2, 1, 0, 22, 9, 11, 5, 2, 3, 5, 1, 36, 5, 2, 8, 0, 1, 1, 0, 5, 0, 3, 0, 14, 6, 1, 0, 22, 3, 2, 1, 0, 0, 0, 0, 1, 0, 0, 0, 3, 0, 0, 0, 0, 0, 0, 0, 0, 0, 0, 0, 1, 0, 0, 0, 0, 0, 0, 0, 1, 0, 0, 0, 2, 0, 0, 0, 
19, 0, 0, 1, 1, 2, 0, 2, 3, 1, 0, 0, 0, 1, 1, 1, 1, 1, 0, 1, 0, 1, 0, 0, 1, 9, 5, 3, 2, 8, 15, 6, 6, 3, 4, 2, 3, 42, 1, 2, 1, 2, 4, 2, 3, 3, 5, 3, 7, 33, 7, 7, 6, 0, 2, 1, 2, 42, 4, 6, 4, 1, 1, 0, 0, 1, 1, 0, 0, 10, 2, 0, 0, 20, 3, 1, 1, 2, 0, 0, 0, 1, 0, 0, 0, 0, 0, 0, 0, 2, 0, 0, 0, 1, 0, 0, 0, 2, 0, 0, 0, 1, 0, 0, 0, 1, 0, 0, 0, 0, 0, 0, 0, 
20, 1, 1, 0, 1, 1, 0, 0, 1, 1, 0, 0, 0, 1, 1, 3, 1, 0, 2, 0, 1, 0, 0, 0, 0, 19, 6, 3, 6, 8, 7, 5, 7, 0, 1, 1, 1, 33, 2, 1, 4, 2, 6, 3, 6, 9, 7, 7, 2, 56, 3, 7, 2, 0, 1, 0, 0, 34, 2, 4, 3, 3, 3, 5, 1, 1, 2, 3, 1, 8, 1, 3, 5, 22, 3, 1, 1, 1, 0, 0, 0, 2, 0, 0, 0, 2, 0, 0, 0, 0, 0, 0, 0, 0, 0, 0, 0, 0, 0, 0, 0, 0, 0, 0, 0, 0, 0, 0, 0, 1, 0, 0, 0, 
21, 0, 1, 1, 0, 2, 1, 0, 0, 0, 0, 0, 0, 0, 0, 0, 0, 0, 3, 1, 1, 0, 1, 0, 0, 23, 6, 5, 1, 8, 6, 6, 1, 2, 1, 0, 1, 29, 2, 3, 2, 3, 4, 4, 3, 5, 6, 1, 1, 50, 7, 9, 3, 3, 0, 0, 0, 23, 7, 4, 3, 3, 7, 10, 5, 0, 0, 0, 0, 29, 2, 3, 0, 20, 2, 2, 2, 0, 0, 0, 0, 0, 0, 0, 0, 0, 0, 0, 0, 1, 0, 0, 0, 3, 0, 0, 0, 1, 0, 0, 0, 2, 0, 0, 0, 4, 0, 0, 0, 1, 0, 0, 0, 
22, 1, 0, 1, 0, 1, 0, 0, 0, 1, 2, 0, 0, 1, 0, 0, 1, 0, 1, 2, 0, 0, 0, 0, 0, 18, 4, 2, 8, 4, 4, 7, 0, 4, 0, 2, 3, 30, 2, 4, 1, 4, 7, 8, 3, 6, 0, 5, 4, 45, 4, 8, 9, 13, 3, 1, 1, 23, 4, 5, 3, 6, 5, 3, 3, 4, 7, 6, 4, 24, 3, 1, 3, 21, 3, 1, 1, 0, 0, 0, 0, 1, 0, 0, 0, 0, 0, 0, 0, 0, 0, 0, 0, 0, 0, 0, 0, 0, 0, 0, 0, 2, 0, 0, 0, 0, 0, 0, 0, 0, 0, 0, 0, 
23, 8, 6, 0, 4, 2, 0, 1, 1, 1, 1, 0, 0, 1, 2, 1, 1, 1, 0, 0, 2, 0, 0, 0, 0, 24, 4, 2, 4, 4, 4, 2, 6, 0, 0, 0, 1, 42, 1, 0, 0, 2, 4, 4, 1, 6, 3, 2, 4, 49, 9, 9, 5, 6, 0, 0, 0, 17, 6, 6, 3, 2, 2, 7, 2, 15, 2, 6, 2, 24, 3, 3, 1, 23, 2, 4, 0, 0, 0, 0, 0, 0, 0, 0, 0, 1, 0, 0, 0, 3, 0, 0, 0, 0, 0, 0, 0, 1, 0, 0, 0, 0, 0, 0, 0, 1, 0, 0, 0, 0, 0, 0, 0, 
24, 0, 0, 0, 0, 2, 1, 0, 0, 3, 1, 0, 0, 0, 0, 1, 0, 1, 2, 0, 1, 0, 1, 0, 0, 21, 5, 8, 2, 3, 1, 2, 1, 0, 1, 0, 2, 53, 3, 1, 1, 1, 2, 2, 0, 0, 4, 2, 1, 75, 8, 8, 7, 3, 2, 3, 3, 12, 6, 4, 9, 0, 0, 0, 0, 24, 3, 4, 3, 27, 2, 2, 1, 16, 2, 1, 0, 0, 0, 0, 0, 0, 0, 0, 0, 1, 0, 0, 0, 3, 0, 0, 0, 0, 0, 0, 0, 2, 0, 0, 0, 0, 0, 0, 0, 0, 0, 0, 0, 0, 0, 0, 0, 
25, 0, 0, 0, 0, 0, 0, 1, 0, 3, 0, 0, 0, 0, 0, 3, 1, 0, 3, 2, 2, 0, 0, 0, 0, 30, 3, 4, 3, 1, 4, 4, 3, 0, 2, 1, 2, 49, 3, 2, 4, 13, 3, 0, 0, 0, 0, 3, 0, 79, 8, 4, 7, 6, 1, 2, 0, 17, 3, 5, 3, 0, 0, 1, 0, 19, 8, 7, 4, 28, 5, 2, 1, 11, 0, 0, 1, 0, 0, 0, 0, 1, 0, 0, 0, 2, 0, 0, 0, 0, 0, 0, 0, 1, 0, 0, 0, 1, 0, 0, 0, 0, 0, 0, 0, 0, 0, 0, 0, 1, 0, 0, 0, 
26, 2, 0, 1, 2, 0, 0, 3, 0, 1, 2, 1, 0, 0, 1, 0, 0, 0, 0, 0, 0, 0, 0, 0, 0, 29, 8, 5, 5, 9, 5, 8, 4, 4, 6, 1, 2, 55, 4, 1, 2, 2, 3, 2, 2, 9, 2, 1, 1, 76, 6, 7, 6, 1, 0, 0, 1, 17, 3, 2, 2, 4, 4, 1, 0, 34, 2, 5, 2, 27, 3, 2, 1, 0, 0, 2, 2, 2, 0, 0, 0, 0, 0, 0, 0, 0, 0, 0, 0, 0, 0, 0, 0, 3, 0, 0, 0, 2, 0, 0, 0, 2, 0, 0, 0, 0, 0, 0, 0, 0, 0, 0, 0, 
27, 0, 2, 0, 0, 2, 0, 0, 0, 1, 3, 1, 2, 1, 0, 0, 1, 1, 0, 0, 1, 0, 0, 1, 0, 44, 2, 3, 0, 3, 5, 3, 2, 3, 2, 0, 1, 59, 5, 0, 0, 1, 3, 3, 1, 11, 4, 1, 0, 83, 7, 6, 4, 3, 0, 0, 0, 9, 6, 5, 2, 2, 1, 2, 1, 22, 5, 4, 2, 28, 2, 2, 0, 1, 3, 0, 0, 1, 0, 0, 0, 0, 0, 0, 0, 0, 0, 0, 0, 0, 0, 0, 0, 1, 0, 0, 0, 1, 0, 0, 0, 0, 0, 0, 0, 0, 0, 0, 0, 2, 0, 0, 0, 
28, 1, 0, 0, 0, 0, 0, 0, 0, 1, 0, 0, 2, 0, 1, 0, 0, 2, 0, 1, 4, 0, 0, 1, 0, 38, 4, 1, 6, 1, 0, 1, 1, 5, 3, 6, 3, 53, 1, 1, 3, 6, 2, 1, 1, 6, 1, 2, 0, 90, 4, 7, 6, 3, 4, 1, 1, 3, 3, 1, 8, 2, 5, 3, 0, 10, 3, 2, 1, 18, 8, 4, 1, 2, 1, 2, 0, 1, 0, 0, 0, 2, 0, 0, 0, 0, 0, 0, 0, 0, 0, 0, 0, 0, 0, 0, 0, 1, 0, 0, 0, 1, 0, 0, 0, 1, 0, 0, 0, 2, 0, 0, 0, 
29, 0, 0, 1, 0, 0, 0, 0, 1, 0, 1, 2, 1, 0, 0, 3, 1, 5, 1, 1, 0, 1, 0, 0, 0, 23, 1, 2, 5, 1, 0, 0, 0, 3, 5, 1, 1, 58, 5, 1, 2, 11, 4, 8, 2, 1, 2, 1, 0, 84, 10, 6, 8, 2, 1, 1, 2, 9, 2, 9, 5, 15, 2, 1, 2, 1, 1, 0, 0, 12, 2, 3, 3, 0, 0, 0, 0, 0, 0, 0, 0, 0, 0, 0, 0, 0, 0, 0, 0, 1, 0, 0, 0, 0, 0, 0, 0, 0, 0, 0, 0, 0, 0, 0, 0, 2, 0, 0, 0, 1, 0, 0, 0, 
30, 1, 0, 0, 0, 0, 2, 0, 1, 0, 0, 0, 0, 0, 0, 0, 3, 0, 0, 0, 0, 1, 0, 0, 0, 22, 4, 6, 5, 6, 3, 1, 0, 1, 6, 6, 4, 62, 2, 1, 1, 7, 8, 2, 2, 2, 3, 1, 0, 95, 2, 0, 5, 1, 5, 2, 1, 13, 6, 9, 6, 30, 2, 2, 2, 2, 1, 0, 0, 6, 3, 4, 3, 0, 3, 0, 1, 0, 0, 0, 0, 1, 0, 0, 0, 3, 0, 0, 0, 0, 0, 0, 0, 0, 0, 0, 0, 0, 0, 0, 0, 2, 0, 0, 0, 0, 0, 0, 0, 0, 0, 0, 0, 
31, 0, 1, 1, 1, 0, 1, 0, 0, 0, 0, 0, 0, 0, 0, 0, 0, 1, 2, 1, 4, 0, 0, 2, 0, 20, 2, 3, 5, 1, 1, 1, 2, 2, 3, 3, 3, 51, 4, 2, 2, 11, 20, 4, 10, 5, 1, 1, 2, 82, 3, 6, 7, 2, 2, 3, 1, 14, 16, 10, 12, 32, 0, 0, 2, 2, 1, 3, 2, 1, 4, 0, 2, 5, 8, 4, 3, 1, 0, 0, 0, 0, 0, 0, 0, 1, 0, 0, 0, 1, 0, 0, 0, 0, 0, 0, 0, 0, 0, 0, 0, 1, 0, 0, 0, 1, 0, 0, 0, 2, 0, 0, 0, 
32, 0, 0, 0, 1, 0, 1, 1, 0, 0, 1, 1, 1, 0, 0, 0, 1, 2, 0, 0, 0, 0, 0, 0, 1, 14, 5, 2, 4, 1, 3, 3, 3, 1, 2, 2, 3, 67, 3, 1, 1, 5, 12, 4, 4, 9, 7, 4, 5, 82, 9, 4, 3, 2, 2, 6, 3, 18, 18, 13, 15, 23, 3, 0, 0, 0, 1, 0, 0, 0, 2, 0, 0, 5, 2, 3, 5, 0, 0, 0, 0, 0, 0, 0, 0, 1, 0, 0, 0, 1, 0, 0, 0, 0, 0, 0, 0, 1, 0, 0, 0, 1, 0, 0, 0, 0, 0, 0, 0, 3, 0, 0, 0, 
33, 1, 0, 0, 0, 0, 0, 0, 0, 2, 1, 1, 0, 0, 2, 0, 0, 1, 0, 1, 0, 0, 0, 2, 0, 2, 9, 3, 5, 3, 2, 3, 3, 3, 0, 4, 3, 89, 5, 3, 2, 6, 9, 8, 14, 5, 4, 2, 4, 76, 3, 5, 6, 4, 1, 4, 5, 20, 19, 24, 18, 27, 4, 1, 1, 0, 0, 2, 0, 4, 4, 3, 1, 1, 1, 2, 1, 0, 0, 0, 0, 0, 0, 0, 0, 1, 0, 0, 0, 0, 0, 0, 0, 0, 0, 0, 0, 0, 0, 0, 0, 4, 0, 0, 0, 1, 0, 0, 0, 0, 0, 0, 0, 
34, 1, 0, 0, 0, 1, 0, 1, 0, 2, 0, 1, 1, 0, 2, 0, 1, 2, 3, 4, 1, 0, 1, 0, 0, 3, 2, 2, 3, 8, 3, 2, 2, 2, 2, 0, 3, 92, 1, 1, 0, 12, 8, 11, 5, 7, 6, 5, 10, 70, 6, 5, 4, 5, 5, 6, 3, 25, 22, 23, 20, 13, 1, 5, 1, 2, 1, 2, 0, 0, 0, 1, 1, 0, 2, 0, 0, 0, 0, 0, 0, 1, 0, 0, 0, 0, 0, 0, 0, 1, 0, 0, 0, 0, 0, 0, 0, 1, 0, 0, 0, 0, 0, 0, 0, 0, 0, 0, 0, 0, 0, 0, 0, 
35, 1, 0, 1, 1, 0, 1, 0, 0, 1, 0, 0, 0, 0, 3, 0, 3, 1, 1, 1, 1, 0, 0, 1, 1, 1, 3, 0, 1, 3, 3, 6, 4, 2, 4, 3, 2, 91, 0, 2, 1, 10, 15, 11, 4, 7, 6, 5, 4, 62, 4, 7, 9, 9, 11, 7, 5, 24, 11, 22, 19, 25, 0, 1, 0, 0, 3, 1, 1, 0, 1, 0, 2, 17, 3, 2, 0, 0, 0, 0, 0, 0, 0, 0, 0, 0, 0, 0, 0, 1, 0, 0, 0, 0, 0, 0, 0, 0, 0, 0, 0, 0, 0, 0, 0, 0, 0, 0, 0, 0, 0, 0, 0, 
36, 1, 1, 2, 1, 1, 0, 0, 0, 0, 0, 0, 0, 0, 0, 1, 1, 1, 0, 1, 0, 0, 0, 0, 0, 11, 5, 3, 4, 2, 2, 2, 1, 15, 3, 0, 2, 98, 1, 2, 2, 8, 9, 13, 9, 0, 0, 1, 0, 65, 5, 6, 3, 13, 5, 10, 9, 21, 16, 26, 24, 8, 2, 4, 1, 2, 0, 0, 0, 6, 2, 4, 2, 15, 1, 3, 1, 1, 0, 0, 0, 2, 0, 0, 0, 4, 0, 0, 0, 2, 0, 0, 0, 0, 0, 0, 0, 1, 0, 0, 0, 1, 0, 0, 0, 0, 0, 0, 0, 1, 0, 0, 0, 
37, 1, 0, 2, 2, 0, 0, 0, 0, 0, 0, 0, 0, 1, 0, 0, 1, 0, 1, 0, 1, 1, 0, 0, 1, 19, 3, 2, 2, 1, 4, 1, 1, 25, 4, 2, 2, 100, 1, 0, 3, 9, 8, 11, 4, 2, 2, 3, 1, 63, 8, 9, 4, 8, 11, 9, 8, 20, 19, 13, 15, 6, 5, 1, 1, 0, 1, 0, 0, 0, 1, 1, 0, 11, 0, 1, 1, 1, 0, 0, 0, 0, 0, 0, 0, 2, 0, 0, 0, 3, 0, 0, 0, 0, 0, 0, 0, 0, 0, 0, 0, 0, 0, 0, 0, 1, 0, 0, 0, 0, 0, 0, 0, 
38, 0, 0, 0, 0, 6, 1, 2, 2, 0, 2, 0, 0, 1, 3, 0, 0, 0, 2, 1, 0, 0, 0, 1, 0, 13, 2, 5, 5, 0, 0, 1, 0, 38, 11, 1, 3, 87, 0, 1, 1, 22, 13, 2, 6, 0, 2, 1, 2, 72, 8, 7, 8, 17, 17, 10, 7, 19, 26, 16, 18, 4, 2, 1, 1, 0, 2, 0, 0, 0, 0, 0, 0, 9, 1, 0, 1, 1, 0, 0, 0, 1, 0, 0, 0, 1, 0, 0, 0, 0, 0, 0, 0, 2, 0, 0, 0, 1, 0, 0, 0, 0, 0, 0, 0, 0, 0, 0, 0, 0, 0, 0, 0, 
39, 0, 1, 1, 1, 2, 0, 0, 0, 0, 0, 0, 0, 0, 2, 1, 0, 1, 0, 0, 0, 1, 0, 0, 1, 8, 2, 7, 1, 6, 3, 3, 1, 56, 10, 0, 1, 83, 1, 1, 0, 29, 9, 5, 5, 1, 4, 9, 3, 69, 9, 7, 5, 21, 7, 10, 8, 20, 17, 24, 19, 8, 7, 4, 3, 4, 4, 2, 3, 2, 3, 1, 2, 1, 1, 0, 3, 0, 0, 0, 0, 1, 0, 0, 0, 0, 0, 0, 0, 1, 0, 0, 0, 0, 0, 0, 0, 0, 0, 0, 0, 0, 0, 0, 0, 1, 0, 0, 0, 1, 0, 0, 0, 
40, 0, 0, 0, 1, 1, 2, 0, 0, 0, 2, 1, 1, 0, 0, 0, 0, 1, 2, 0, 0, 2, 0, 3, 0, 12, 4, 8, 7, 1, 2, 0, 1, 68, 2, 2, 1, 69, 2, 2, 2, 28, 6, 10, 10, 1, 5, 1, 2, 77, 4, 9, 10, 20, 6, 8, 14, 18, 17, 17, 26, 5, 9, 3, 5, 7, 1, 2, 4, 2, 1, 1, 2, 0, 0, 2, 0, 1, 0, 0, 0, 1, 0, 0, 0, 2, 0, 0, 0, 0, 0, 0, 0, 0, 0, 0, 0, 0, 0, 0, 0, 1, 0, 0, 0, 0, 0, 0, 0, 2, 0, 0, 0, 
41, 0, 2, 1, 0, 1, 0, 1, 1, 1, 0, 1, 0, 1, 0, 1, 1, 0, 0, 1, 2, 0, 1, 1, 1, 10, 3, 6, 5, 1, 0, 0, 0, 53, 6, 2, 0, 62, 3, 0, 0, 29, 10, 6, 5, 7, 5, 6, 2, 78, 6, 4, 8, 32, 9, 8, 8, 19, 17, 14, 23, 0, 2, 2, 0, 4, 1, 1, 3, 15, 3, 3, 0, 3, 2, 2, 1, 0, 0, 0, 0, 0, 0, 0, 0, 0, 0, 0, 0, 0, 0, 0, 0, 3, 0, 0, 0, 1, 0, 0, 0, 0, 0, 0, 0, 1, 0, 0, 0, 2, 0, 0, 0, 
42, 0, 0, 0, 0, 1, 2, 1, 0, 0, 1, 0, 0, 1, 0, 0, 2, 1, 0, 1, 2, 0, 0, 1, 0, 13, 4, 3, 3, 0, 0, 0, 0, 42, 2, 4, 4, 66, 1, 5, 5, 27, 5, 10, 6, 5, 5, 2, 0, 71, 4, 6, 5, 28, 6, 11, 9, 28, 20, 20, 18, 2, 4, 2, 2, 2, 3, 1, 2, 25, 7, 2, 1, 2, 0, 1, 3, 0, 0, 0, 0, 0, 0, 0, 0, 0, 0, 0, 0, 0, 0, 0, 0, 0, 0, 0, 0, 1, 0, 0, 0, 0, 0, 0, 0, 1, 0, 0, 0, 0, 0, 0, 0, 
43, 0, 0, 0, 0, 2, 0, 0, 0, 0, 0, 1, 0, 0, 1, 0, 0, 0, 0, 0, 0, 0, 0, 1, 0, 20, 8, 1, 4, 3, 0, 0, 0, 37, 3, 6, 2, 86, 3, 1, 0, 21, 6, 11, 2, 4, 6, 2, 4, 64, 8, 5, 6, 29, 13, 10, 12, 33, 18, 20, 16, 5, 5, 3, 3, 1, 4, 3, 1, 29, 4, 1, 0, 3, 2, 2, 2, 0, 0, 0, 0, 1, 0, 0, 0, 0, 0, 0, 0, 1, 0, 0, 0, 1, 0, 0, 0, 0, 0, 0, 0, 3, 0, 0, 0, 1, 0, 0, 0, 0, 0, 0, 0, 
44, 0, 1, 2, 0, 0, 2, 0, 0, 0, 0, 1, 0, 0, 0, 0, 0, 0, 0, 0, 0, 1, 1, 0, 0, 24, 2, 3, 1, 0, 0, 2, 0, 39, 3, 4, 6, 99, 0, 3, 1, 21, 4, 4, 9, 5, 2, 5, 6, 66, 4, 9, 5, 39, 8, 6, 7, 30, 23, 18, 16, 5, 6, 1, 6, 0, 3, 3, 3, 19, 2, 3, 1, 0, 0, 1, 0, 0, 0, 0, 0, 1, 0, 0, 0, 0, 0, 0, 0, 3, 0, 0, 0, 0, 0, 0, 0, 0, 0, 0, 0, 0, 0, 0, 0, 0, 0, 0, 0, 0, 0, 0, 0, 
45, 2, 0, 0, 0, 1, 0, 1, 0, 0, 1, 1, 0, 0, 0, 0, 0, 3, 1, 3, 2, 0, 0, 0, 0, 30, 9, 4, 5, 2, 2, 4, 1, 46, 2, 4, 2, 92, 1, 2, 1, 22, 9, 6, 4, 6, 8, 2, 3, 62, 7, 7, 2, 40, 10, 12, 6, 41, 18, 19, 24, 10, 4, 5, 3, 3, 1, 1, 0, 15, 2, 2, 0, 1, 2, 2, 3, 0, 0, 0, 0, 1, 0, 0, 0, 0, 0, 0, 0, 1, 0, 0, 0, 0, 0, 0, 0, 0, 0, 0, 0, 0, 0, 0, 0, 0, 0, 0, 0, 2, 0, 0, 0, 
46, 0, 0, 0, 1, 1, 0, 1, 0, 0, 0, 0, 0, 0, 0, 1, 1, 4, 0, 0, 0, 0, 0, 1, 1, 26, 2, 5, 1, 11, 11, 5, 1, 63, 4, 6, 1, 77, 6, 3, 0, 36, 9, 4, 12, 4, 2, 1, 3, 70, 1, 12, 4, 45, 6, 11, 14, 44, 15, 10, 15, 13, 7, 4, 5, 0, 0, 1, 3, 12, 1, 3, 2, 9, 7, 1, 5, 0, 0, 0, 0, 1, 0, 0, 0, 0, 0, 0, 0, 0, 0, 0, 0, 0, 0, 0, 0, 0, 0, 0, 0, 2, 0, 0, 0, 1, 0, 0, 0, 0, 0, 0, 0, 
47, 0, 1, 0, 1, 1, 0, 2, 1, 0, 0, 0, 2, 0, 1, 1, 2, 0, 0, 0, 0, 1, 0, 0, 0, 35, 1, 2, 3, 12, 4, 11, 2, 49, 4, 1, 0, 94, 0, 3, 2, 36, 6, 7, 3, 4, 5, 5, 4, 74, 5, 6, 7, 56, 6, 10, 7, 28, 13, 16, 16, 21, 3, 3, 3, 0, 2, 1, 0, 3, 2, 8, 3, 12, 2, 7, 6, 2, 0, 0, 0, 1, 0, 0, 0, 0, 0, 0, 0, 1, 0, 0, 0, 0, 0, 0, 0, 0, 0, 0, 0, 2, 0, 0, 0, 2, 0, 0, 0, 3, 0, 0, 0, 
48, 0, 2, 0, 0, 0, 0, 0, 0, 1, 0, 0, 2, 0, 1, 0, 2, 1, 0, 2, 0, 1, 0, 0, 0, 29, 2, 3, 2, 6, 4, 4, 0, 51, 1, 2, 0, 99, 2, 0, 1, 35, 11, 8, 12, 15, 5, 2, 2, 84, 9, 4, 10, 43, 9, 8, 7, 20, 29, 13, 20, 16, 4, 3, 1, 1, 1, 1, 3, 9, 6, 4, 4, 5, 3, 2, 6, 1, 0, 0, 0, 1, 0, 0, 0, 2, 0, 0, 0, 1, 0, 0, 0, 1, 0, 0, 0, 0, 0, 0, 0, 1, 0, 0, 0, 0, 0, 0, 0, 0, 0, 0, 0, 
49, 0, 0, 0, 0, 0, 0, 0, 1, 0, 0, 0, 1, 0, 1, 0, 0, 1, 1, 0, 0, 0, 0, 0, 0, 32, 4, 1, 1, 1, 1, 1, 3, 59, 1, 2, 2, 92, 2, 2, 1, 46, 14, 7, 8, 12, 11, 1, 7, 82, 6, 2, 5, 35, 14, 10, 9, 23, 10, 22, 18, 18, 4, 3, 2, 2, 7, 3, 2, 10, 3, 8, 2, 4, 4, 4, 3, 1, 0, 0, 0, 1, 0, 0, 0, 0, 0, 0, 0, 0, 0, 0, 0, 1, 0, 0, 0, 1, 0, 0, 0, 0, 0, 0, 0, 1, 0, 0, 0, 1, 0, 0, 0, 
50, 0, 0, 0, 1, 0, 1, 0, 1, 2, 1, 0, 4, 1, 0, 1, 0, 0, 0, 0, 0, 0, 0, 0, 0, 21, 3, 3, 6, 2, 1, 4, 3, 50, 1, 0, 1, 89, 2, 0, 2, 54, 10, 4, 7, 15, 5, 5, 4, 73, 13, 5, 4, 47, 11, 10, 10, 12, 17, 12, 18, 4, 2, 3, 3, 5, 1, 2, 0, 3, 8, 7, 5, 5, 3, 4, 3, 1, 0, 0, 0, 1, 0, 0, 0, 0, 0, 0, 0, 2, 0, 0, 0, 2, 0, 0, 0, 0, 0, 0, 0, 2, 0, 0, 0, 0, 0, 0, 0, 1, 0, 0, 0, 
51, 0, 0, 0, 0, 0, 1, 0, 1, 0, 0, 1, 1, 1, 0, 1, 1, 0, 0, 0, 0, 0, 1, 0, 0, 32, 3, 3, 2, 3, 2, 2, 3, 56, 2, 3, 1, 73, 5, 0, 2, 49, 6, 12, 4, 24, 5, 6, 1, 68, 4, 8, 5, 57, 17, 10, 6, 9, 16, 10, 9, 3, 2, 6, 8, 2, 5, 0, 2, 12, 5, 6, 3, 0, 5, 2, 3, 0, 0, 0, 0, 0, 0, 0, 0, 0, 0, 0, 0, 2, 0, 0, 0, 0, 0, 0, 0, 0, 0, 0, 0, 1, 0, 0, 0, 0, 0, 0, 0, 0, 0, 0, 0, 
52, 0, 0, 1, 2, 1, 0, 1, 0, 0, 1, 1, 0, 0, 0, 0, 0, 0, 1, 1, 0, 1, 0, 1, 0, 26, 1, 3, 4, 2, 5, 2, 7, 53, 6, 0, 2, 74, 4, 2, 2, 36, 10, 9, 12, 11, 6, 1, 3, 69, 6, 7, 4, 72, 13, 6, 4, 15, 12, 10, 11, 5, 7, 7, 2, 0, 1, 1, 1, 7, 6, 7, 0, 5, 3, 1, 1, 0, 0, 0, 0, 0, 0, 0, 0, 3, 0, 0, 0, 1, 0, 0, 0, 0, 0, 0, 0, 0, 0, 0, 0, 1, 0, 0, 0, 0, 0, 0, 0, 2, 0, 0, 0, 
53, 3, 2, 0, 1, 0, 3, 1, 1, 0, 0, 0, 0, 2, 1, 1, 0, 1, 0, 0, 2, 1, 1, 2, 5, 10, 5, 5, 2, 1, 1, 1, 0, 58, 2, 2, 4, 82, 4, 0, 1, 49, 8, 10, 3, 5, 4, 6, 6, 67, 8, 6, 2, 71, 11, 9, 9, 24, 8, 10, 6, 2, 3, 3, 1, 8, 1, 1, 1, 1, 3, 5, 4, 3, 2, 0, 2, 1, 0, 0, 0, 0, 0, 0, 0, 1, 0, 0, 0, 0, 0, 0, 0, 0, 0, 0, 0, 3, 0, 0, 0, 2, 0, 0, 0, 0, 0, 0, 0, 1, 0, 0, 0, 
54, 1, 1, 0, 1, 2, 0, 0, 0, 0, 0, 0, 0, 1, 0, 1, 0, 0, 0, 0, 1, 0, 1, 1, 2, 10, 0, 3, 2, 9, 10, 1, 1, 55, 1, 4, 4, 100, 5, 1, 3, 49, 4, 5, 4, 1, 9, 4, 4, 62, 8, 9, 3, 73, 9, 3, 8, 15, 8, 11, 10, 0, 1, 1, 3, 8, 1, 2, 1, 0, 2, 0, 2, 3, 4, 10, 1, 1, 0, 0, 0, 0, 0, 0, 0, 1, 0, 0, 0, 1, 0, 0, 0, 0, 0, 0, 0, 1, 0, 0, 0, 0, 0, 0, 0, 1, 0, 0, 0, 1, 0, 0, 0, 
55, 1, 0, 0, 1, 2, 1, 3, 0, 1, 1, 0, 0, 0, 1, 1, 0, 1, 0, 0, 0, 0, 0, 0, 0, 1, 0, 0, 1, 17, 1, 1, 1, 63, 5, 2, 0, 90, 1, 2, 1, 40, 4, 11, 4, 6, 5, 6, 2, 77, 8, 8, 4, 69, 14, 9, 14, 12, 9, 12, 8, 0, 0, 0, 0, 20, 3, 0, 2, 2, 1, 0, 3, 3, 9, 3, 4, 2, 0, 0, 0, 1, 0, 0, 0, 1, 0, 0, 0, 1, 0, 0, 0, 0, 0, 0, 0, 3, 0, 0, 0, 0, 0, 0, 0, 1, 0, 0, 0, 0, 0, 0, 0, 
56, 0, 0, 1, 1, 0, 0, 0, 0, 0, 0, 0, 1, 1, 0, 0, 0, 0, 5, 0, 2, 2, 0, 0, 1, 3, 2, 1, 1, 16, 2, 0, 1, 66, 4, 1, 3, 87, 5, 4, 2, 35, 9, 8, 4, 8, 8, 1, 4, 84, 4, 7, 7, 76, 8, 10, 7, 7, 10, 13, 9, 3, 3, 4, 0, 21, 0, 0, 1, 3, 2, 1, 1, 5, 6, 7, 6, 1, 0, 0, 0, 1, 0, 0, 0, 1, 0, 0, 0, 2, 0, 0, 0, 2, 0, 0, 0, 0, 0, 0, 0, 0, 0, 0, 0, 0, 0, 0, 0, 2, 0, 0, 0, 
57, 0, 1, 0, 0, 0, 0, 0, 0, 0, 0, 1, 0, 0, 0, 0, 0, 0, 0, 2, 0, 2, 1, 4, 1, 2, 1, 3, 3, 3, 1, 1, 2, 62, 5, 0, 0, 99, 0, 3, 0, 30, 4, 9, 7, 6, 4, 6, 12, 91, 9, 3, 3, 70, 9, 10, 6, 17, 4, 10, 14, 14, 0, 1, 2, 10, 3, 2, 0, 0, 0, 1, 1, 7, 9, 8, 7, 0, 0, 0, 0, 1, 0, 0, 0, 1, 0, 0, 0, 0, 0, 0, 0, 0, 0, 0, 0, 1, 0, 0, 0, 1, 0, 0, 0, 1, 0, 0, 0, 0, 0, 0, 0, 
58, 0, 1, 0, 0, 2, 0, 0, 0, 0, 0, 1, 0, 1, 0, 0, 0, 1, 0, 0, 3, 4, 1, 2, 3, 1, 1, 0, 1, 1, 0, 2, 1, 66, 8, 3, 2, 93, 3, 2, 2, 15, 6, 2, 8, 10, 9, 12, 10, 82, 6, 4, 3, 70, 2, 7, 5, 13, 11, 10, 8, 9, 0, 1, 1, 15, 1, 2, 1, 1, 0, 0, 1, 7, 9, 12, 6, 1, 0, 0, 0, 1, 0, 0, 0, 1, 0, 0, 0, 2, 0, 0, 0, 2, 0, 0, 0, 1, 0, 0, 0, 0, 0, 0, 0, 0, 0, 0, 0, 0, 0, 0, 0, 
59, 0, 0, 1, 0, 1, 0, 0, 1, 0, 0, 0, 0, 0, 0, 1, 0, 1, 0, 1, 0, 1, 0, 0, 0, 6, 2, 9, 4, 0, 0, 1, 0, 68, 4, 3, 5, 88, 5, 1, 3, 14, 11, 6, 4, 6, 7, 12, 7, 75, 3, 5, 9, 52, 14, 4, 12, 10, 12, 13, 10, 7, 2, 0, 2, 4, 2, 0, 2, 4, 7, 5, 2, 5, 12, 4, 2, 1, 0, 0, 0, 0, 0, 0, 0, 0, 0, 0, 0, 1, 0, 0, 0, 0, 0, 0, 0, 0, 0, 0, 0, 1, 0, 0, 0, 2, 0, 0, 0, 1, 0, 0, 0, 
60, 2, 0, 2, 1, 0, 0, 1, 0, 2, 3, 0, 0, 3, 0, 1, 2, 0, 0, 0, 0, 0, 0, 0, 0, 3, 7, 2, 6, 1, 3, 1, 1, 66, 2, 5, 4, 84, 1, 0, 1, 11, 13, 12, 7, 13, 6, 9, 5, 69, 9, 2, 4, 63, 9, 6, 6, 10, 13, 11, 13, 1, 1, 3, 1, 9, 0, 2, 1, 8, 3, 4, 2, 14, 8, 10, 3, 1, 0, 0, 0, 0, 0, 0, 0, 1, 0, 0, 0, 0, 0, 0, 0, 0, 0, 0, 0, 0, 0, 0, 0, 1, 0, 0, 0, 1, 0, 0, 0, 1, 0, 0, 0, 
61, 4, 4, 3, 2, 0, 1, 1, 2, 1, 0, 0, 0, 0, 1, 0, 0, 0, 0, 0, 0, 1, 0, 1, 0, 5, 7, 5, 5, 0, 2, 0, 4, 68, 2, 1, 2, 79, 4, 1, 1, 8, 8, 5, 14, 9, 3, 7, 8, 71, 7, 8, 2, 66, 10, 10, 4, 12, 10, 10, 14, 2, 1, 1, 0, 4, 2, 0, 1, 8, 7, 4, 3, 15, 9, 6, 8, 1, 0, 0, 0, 0, 0, 0, 0, 0, 0, 0, 0, 0, 0, 0, 0, 0, 0, 0, 0, 2, 0, 0, 0, 0, 0, 0, 0, 1, 0, 0, 0, 0, 0, 0, 0, 
62, 1, 1, 3, 1, 0, 0, 0, 0, 0, 0, 0, 0, 0, 0, 0, 0, 0, 0, 1, 0, 1, 0, 0, 0, 7, 6, 5, 7, 1, 0, 1, 1, 63, 5, 5, 4, 76, 3, 0, 3, 10, 12, 9, 9, 3, 7, 6, 7, 63, 8, 9, 2, 74, 8, 12, 7, 11, 12, 13, 2, 1, 5, 3, 2, 12, 4, 7, 2, 8, 13, 10, 4, 13, 9, 4, 5, 3, 0, 0, 0, 2, 0, 0, 0, 0, 0, 0, 0, 1, 0, 0, 0, 0, 0, 0, 0, 1, 0, 0, 0, 0, 0, 0, 0, 1, 0, 0, 0, 0, 0, 0, 0, 
63, 2, 0, 1, 0, 0, 1, 1, 0, 0, 0, 0, 0, 2, 1, 0, 1, 0, 0, 0, 0, 1, 2, 0, 0, 18, 4, 10, 12, 6, 4, 4, 7, 64, 4, 0, 0, 83, 1, 0, 2, 16, 14, 10, 12, 8, 6, 3, 1, 76, 7, 6, 7, 66, 10, 6, 6, 12, 13, 8, 8, 12, 2, 2, 3, 6, 8, 1, 6, 13, 7, 8, 10, 3, 5, 9, 7, 0, 0, 0, 0, 0, 0, 0, 0, 1, 0, 0, 0, 0, 0, 0, 0, 0, 0, 0, 0, 0, 0, 0, 0, 1, 0, 0, 0, 0, 0, 0, 0, 2, 0, 0, 0, 
64, 1, 1, 1, 3, 0, 0, 0, 0, 1, 0, 0, 1, 0, 0, 2, 1, 1, 1, 1, 0, 1, 1, 0, 0, 25, 7, 4, 5, 4, 7, 4, 3, 68, 3, 5, 3, 81, 9, 1, 0, 20, 13, 7, 10, 16, 5, 4, 3, 75, 4, 7, 6, 56, 7, 6, 9, 11, 11, 15, 13, 0, 1, 0, 0, 3, 3, 1, 2, 10, 7, 10, 10, 17, 9, 5, 3, 0, 0, 0, 0, 0, 0, 0, 0, 0, 0, 0, 0, 1, 0, 0, 0, 0, 0, 0, 0, 2, 0, 0, 0, 0, 0, 0, 0, 1, 0, 0, 0, 1, 0, 0, 0, 
65, 2, 0, 2, 2, 1, 0, 0, 1, 0, 0, 1, 0, 0, 0, 0, 2, 0, 0, 0, 0, 0, 0, 0, 1, 29, 9, 6, 5, 0, 3, 3, 2, 80, 8, 4, 1, 84, 4, 2, 0, 18, 12, 8, 9, 2, 3, 5, 1, 66, 8, 5, 7, 52, 13, 9, 8, 21, 14, 8, 12, 0, 1, 2, 1, 0, 0, 0, 1, 17, 10, 10, 5, 7, 4, 6, 3, 0, 0, 0, 0, 1, 0, 0, 0, 2, 0, 0, 0, 1, 0, 0, 0, 4, 0, 0, 0, 0, 0, 0, 0, 2, 0, 0, 0, 1, 0, 0, 0, 1, 0, 0, 0, 
66, 1, 0, 3, 2, 1, 0, 1, 0, 2, 0, 1, 2, 0, 0, 1, 1, 0, 0, 0, 0, 0, 0, 0, 1, 34, 9, 8, 6, 1, 3, 3, 3, 95, 4, 2, 1, 86, 2, 1, 2, 28, 10, 11, 8, 0, 2, 2, 0, 60, 3, 4, 2, 59, 6, 15, 10, 10, 20, 22, 10, 0, 0, 1, 0, 5, 3, 2, 1, 12, 7, 7, 7, 1, 5, 6, 2, 0, 0, 0, 0, 2, 0, 0, 0, 0, 0, 0, 0, 0, 0, 0, 0, 0, 0, 0, 0, 1, 0, 0, 0, 0, 0, 0, 0, 1, 0, 0, 0, 4, 0, 0, 0, 
67, 1, 0, 1, 0, 0, 2, 0, 0, 1, 1, 0, 0, 0, 1, 0, 0, 0, 1, 0, 0, 1, 0, 0, 0, 34, 5, 6, 5, 4, 3, 3, 2, 100, 5, 5, 1, 89, 2, 2, 0, 38, 4, 13, 15, 5, 6, 3, 3, 66, 5, 10, 4, 69, 9, 12, 3, 9, 17, 15, 19, 0, 0, 2, 1, 9, 4, 1, 2, 4, 1, 5, 3, 5, 4, 2, 2, 1, 0, 0, 0, 0, 0, 0, 0, 2, 0, 0, 0, 1, 0, 0, 0, 0, 0, 0, 0, 0, 0, 0, 0, 0, 0, 0, 0, 0, 0, 0, 0, 3, 0, 0, 0, 
68, 2, 0, 0, 0, 0, 1, 1, 0, 0, 0, 0, 0, 1, 0, 0, 1, 4, 0, 4, 0, 2, 0, 1, 1, 18, 5, 7, 9, 2, 4, 5, 2, 100, 2, 5, 3, 88, 3, 0, 2, 47, 16, 6, 8, 14, 3, 3, 5, 71, 6, 6, 1, 68, 8, 8, 9, 11, 16, 10, 9, 3, 1, 1, 0, 21, 1, 2, 3, 1, 5, 7, 5, 10, 1, 5, 4, 1, 0, 0, 0, 0, 0, 0, 0, 5, 0, 0, 0, 1, 0, 0, 0, 1, 0, 0, 0, 1, 0, 0, 0, 0, 0, 0, 0, 2, 0, 0, 0, 0, 0, 0, 0, 
69, 3, 0, 0, 0, 1, 0, 0, 0, 1, 1, 3, 0, 0, 1, 0, 0, 0, 1, 0, 0, 0, 0, 1, 0, 24, 4, 11, 13, 7, 3, 8, 6, 92, 1, 3, 2, 86, 0, 1, 1, 50, 6, 11, 4, 16, 3, 1, 2, 66, 3, 11, 5, 60, 8, 12, 5, 9, 12, 16, 6, 1, 0, 0, 0, 14, 0, 4, 2, 1, 4, 5, 1, 3, 1, 5, 4, 1, 0, 0, 0, 1, 0, 0, 0, 2, 0, 0, 0, 0, 0, 0, 0, 0, 0, 0, 0, 2, 0, 0, 0, 0, 0, 0, 0, 1, 0, 0, 0, 1, 0, 0, 0, 
70, 3, 2, 3, 2, 0, 1, 0, 1, 2, 0, 1, 0, 0, 2, 1, 1, 0, 0, 0, 2, 0, 0, 0, 0, 33, 5, 11, 3, 4, 7, 2, 9, 74, 3, 3, 1, 86, 1, 1, 3, 37, 12, 18, 2, 21, 3, 2, 4, 65, 5, 10, 3, 76, 9, 8, 7, 3, 5, 16, 6, 2, 1, 3, 0, 13, 1, 2, 3, 12, 5, 6, 2, 3, 3, 2, 1, 0, 0, 0, 0, 1, 0, 0, 0, 0, 0, 0, 0, 0, 0, 0, 0, 1, 0, 0, 0, 0, 0, 0, 0, 1, 0, 0, 0, 1, 0, 0, 0, 1, 0, 0, 0, 
71, 4, 3, 5, 2, 1, 1, 1, 1, 0, 0, 0, 2, 1, 0, 0, 0, 0, 1, 0, 0, 0, 1, 1, 1, 50, 3, 6, 1, 10, 5, 2, 0, 70, 3, 5, 0, 89, 10, 4, 1, 35, 19, 4, 10, 14, 5, 3, 6, 59, 5, 3, 8, 69, 10, 6, 10, 14, 8, 8, 4, 4, 3, 8, 4, 15, 5, 0, 2, 25, 1, 2, 3, 1, 1, 0, 0, 1, 0, 0, 0, 0, 0, 0, 0, 0, 0, 0, 0, 1, 0, 0, 0, 0, 0, 0, 0, 1, 0, 0, 0, 0, 0, 0, 0, 2, 0, 0, 0, 0, 0, 0, 0, 
72, 1, 3, 0, 1, 0, 0, 0, 1, 1, 0, 0, 1, 3, 1, 2, 1, 0, 1, 0, 0, 1, 0, 0, 0, 32, 12, 5, 7, 2, 3, 1, 2, 74, 7, 4, 6, 92, 2, 3, 0, 43, 4, 12, 10, 2, 5, 3, 5, 69, 13, 6, 5, 69, 6, 10, 14, 16, 13, 15, 8, 14, 8, 6, 9, 12, 1, 0, 1, 16, 7, 1, 2, 5, 1, 1, 3, 1, 0, 0, 0, 2, 0, 0, 0, 1, 0, 0, 0, 0, 0, 0, 0, 0, 0, 0, 0, 1, 0, 0, 0, 1, 0, 0, 0, 1, 0, 0, 0, 1, 0, 0, 0, 
73, 1, 0, 0, 0, 0, 0, 0, 0, 1, 0, 0, 1, 0, 0, 1, 0, 0, 0, 0, 0, 2, 1, 3, 0, 39, 9, 11, 7, 3, 0, 1, 2, 89, 4, 1, 0, 86, 1, 0, 3, 43, 10, 11, 7, 5, 4, 4, 4, 75, 10, 4, 5, 67, 6, 7, 11, 11, 18, 11, 5, 17, 3, 3, 5, 19, 4, 2, 1, 14, 12, 4, 6, 2, 2, 7, 9, 1, 0, 0, 0, 1, 0, 0, 0, 0, 0, 0, 0, 0, 0, 0, 0, 0, 0, 0, 0, 1, 0, 0, 0, 0, 0, 0, 0, 0, 0, 0, 0, 2, 0, 0, 0, 
74, 0, 0, 0, 0, 0, 1, 2, 0, 0, 0, 0, 0, 0, 1, 0, 0, 1, 1, 0, 0, 0, 0, 0, 0, 45, 9, 6, 6, 3, 5, 5, 4, 74, 2, 2, 4, 84, 2, 2, 1, 36, 15, 13, 12, 5, 4, 3, 5, 72, 5, 3, 4, 76, 10, 8, 8, 9, 15, 14, 10, 3, 5, 3, 3, 13, 6, 3, 2, 26, 5, 4, 1, 5, 10, 6, 6, 0, 0, 0, 0, 1, 0, 0, 0, 1, 0, 0, 0, 1, 0, 0, 0, 1, 0, 0, 0, 2, 0, 0, 0, 0, 0, 0, 0, 0, 0, 0, 0, 1, 0, 0, 0, 
75, 1, 2, 1, 0, 2, 1, 1, 0, 0, 0, 0, 0, 0, 0, 0, 0, 0, 3, 1, 0, 1, 0, 0, 0, 38, 5, 9, 6, 0, 0, 1, 1, 71, 3, 1, 1, 86, 3, 3, 2, 46, 7, 8, 9, 7, 2, 5, 4, 70, 11, 5, 4, 77, 8, 9, 3, 8, 13, 11, 11, 4, 3, 3, 0, 34, 9, 1, 2, 33, 6, 2, 2, 5, 2, 8, 7, 0, 0, 0, 0, 1, 0, 0, 0, 0, 0, 0, 0, 0, 0, 0, 0, 0, 0, 0, 0, 0, 0, 0, 0, 0, 0, 0, 0, 1, 0, 0, 0, 1, 0, 0, 0, 
76, 1, 3, 5, 0, 0, 0, 1, 0, 0, 0, 1, 0, 1, 2, 1, 0, 0, 1, 0, 0, 0, 0, 0, 1, 43, 9, 6, 6, 1, 0, 1, 2, 61, 4, 2, 1, 88, 2, 4, 0, 41, 13, 6, 5, 5, 6, 10, 5, 71, 7, 3, 8, 84, 14, 10, 2, 12, 18, 15, 9, 1, 3, 1, 1, 50, 1, 0, 0, 26, 4, 4, 3, 7, 3, 3, 4, 0, 0, 0, 0, 3, 0, 0, 0, 0, 0, 0, 0, 0, 0, 0, 0, 0, 0, 0, 0, 0, 0, 0, 0, 2, 0, 0, 0, 0, 0, 0, 0, 0, 0, 0, 0, 
77, 5, 3, 4, 0, 0, 0, 1, 0, 1, 1, 0, 0, 2, 1, 1, 1, 1, 0, 2, 0, 0, 0, 0, 0, 36, 5, 12, 6, 4, 1, 1, 0, 61, 2, 3, 5, 79, 4, 3, 1, 42, 10, 14, 11, 16, 5, 5, 6, 78, 7, 10, 3, 75, 11, 7, 10, 10, 6, 15, 9, 0, 0, 0, 0, 54, 2, 0, 1, 38, 5, 8, 3, 2, 3, 3, 0, 0, 0, 0, 0, 1, 0, 0, 0, 2, 0, 0, 0, 1, 0, 0, 0, 1, 0, 0, 0, 1, 0, 0, 0, 0, 0, 0, 0, 0, 0, 0, 0, 2, 0, 0, 0, 
78, 2, 4, 3, 1, 0, 0, 0, 1, 0, 0, 0, 0, 0, 0, 1, 2, 0, 2, 1, 1, 0, 0, 0, 0, 30, 11, 15, 5, 7, 2, 0, 1, 69, 3, 4, 1, 78, 5, 0, 0, 58, 8, 8, 9, 25, 7, 4, 10, 84, 6, 3, 7, 84, 10, 6, 7, 9, 12, 7, 11, 1, 2, 3, 2, 49, 2, 0, 0, 43, 4, 7, 2, 1, 0, 0, 0, 0, 0, 0, 0, 0, 0, 0, 0, 1, 0, 0, 0, 3, 0, 0, 0, 2, 0, 0, 0, 0, 0, 0, 0, 2, 0, 0, 0, 1, 0, 0, 0, 1, 0, 0, 0, 
79, 2, 0, 1, 1, 1, 0, 0, 0, 1, 1, 2, 2, 0, 0, 0, 0, 1, 1, 1, 2, 0, 4, 0, 0, 46, 9, 6, 4, 3, 0, 1, 2, 59, 3, 1, 1, 66, 1, 0, 1, 51, 9, 10, 9, 24, 2, 8, 5, 79, 8, 9, 5, 81, 2, 10, 5, 8, 11, 9, 9, 3, 2, 1, 6, 58, 2, 2, 1, 40, 3, 5, 4, 1, 0, 0, 0, 2, 0, 0, 0, 0, 0, 0, 0, 0, 0, 0, 0, 2, 0, 0, 0, 0, 0, 0, 0, 0, 0, 0, 0, 1, 0, 0, 0, 1, 0, 0, 0, 0, 0, 0, 0, 
80, 1, 1, 2, 1, 0, 0, 0, 0, 0, 0, 0, 0, 0, 0, 0, 0, 0, 2, 3, 0, 0, 1, 2, 0, 35, 9, 3, 9, 0, 1, 2, 0, 48, 5, 1, 3, 62, 2, 2, 2, 46, 13, 10, 9, 33, 5, 3, 4, 85, 5, 2, 3, 73, 7, 10, 6, 18, 3, 9, 10, 5, 2, 3, 3, 70, 4, 3, 2, 33, 2, 3, 5, 3, 3, 5, 4, 2, 0, 0, 0, 1, 0, 0, 0, 0, 0, 0, 0, 2, 0, 0, 0, 2, 0, 0, 0, 0, 0, 0, 0, 1, 0, 0, 0, 1, 0, 0, 0, 1, 0, 0, 0, 
81, 0, 0, 0, 0, 0, 0, 0, 0, 0, 0, 0, 0, 0, 0, 0, 2, 1, 0, 0, 1, 0, 0, 1, 0, 39, 7, 3, 10, 3, 0, 4, 1, 40, 4, 1, 2, 64, 1, 1, 2, 55, 10, 17, 10, 20, 3, 3, 7, 82, 3, 7, 5, 58, 12, 8, 8, 11, 13, 5, 4, 1, 0, 2, 1, 92, 4, 2, 0, 27, 5, 3, 5, 3, 3, 5, 6, 2, 0, 0, 0, 2, 0, 0, 0, 0, 0, 0, 0, 2, 0, 0, 0, 0, 0, 0, 0, 0, 0, 0, 0, 3, 0, 0, 0, 4, 0, 0, 0, 3, 0, 0, 0, 
82, 0, 0, 3, 0, 2, 0, 2, 1, 1, 0, 0, 0, 3, 0, 1, 1, 0, 0, 0, 0, 1, 0, 0, 0, 45, 12, 7, 11, 10, 1, 3, 2, 31, 0, 4, 2, 59, 3, 2, 1, 56, 19, 8, 15, 12, 11, 6, 5, 77, 6, 3, 3, 58, 15, 8, 8, 7, 7, 6, 11, 2, 1, 1, 0, 95, 1, 2, 4, 22, 5, 0, 4, 5, 4, 4, 1, 1, 0, 0, 0, 1, 0, 0, 0, 1, 0, 0, 0, 1, 0, 0, 0, 3, 0, 0, 0, 0, 0, 0, 0, 0, 0, 0, 0, 0, 0, 0, 0, 1, 0, 0, 0, 
83, 1, 0, 0, 0, 0, 0, 0, 0, 0, 0, 0, 0, 3, 3, 1, 2, 1, 0, 1, 2, 1, 0, 1, 1, 45, 8, 8, 9, 8, 9, 3, 4, 40, 5, 1, 2, 69, 0, 3, 0, 65, 8, 8, 10, 24, 9, 4, 4, 75, 8, 7, 7, 63, 8, 11, 6, 4, 4, 5, 3, 2, 2, 2, 1, 83, 1, 2, 1, 11, 2, 5, 3, 0, 0, 0, 1, 0, 0, 0, 0, 0, 0, 0, 0, 0, 0, 0, 0, 1, 0, 0, 0, 3, 0, 0, 0, 1, 0, 0, 0, 0, 0, 0, 0, 2, 0, 0, 0, 2, 0, 0, 0, 
84, 1, 1, 0, 0, 0, 0, 2, 0, 0, 0, 0, 1, 0, 1, 0, 0, 3, 0, 0, 0, 1, 1, 0, 1, 38, 12, 5, 10, 11, 3, 4, 2, 37, 3, 1, 2, 66, 3, 2, 1, 78, 14, 10, 7, 19, 5, 5, 4, 83, 6, 7, 6, 64, 11, 7, 6, 5, 4, 7, 6, 1, 1, 2, 1, 77, 2, 2, 2, 15, 3, 6, 4, 2, 0, 0, 1, 0, 0, 0, 0, 2, 0, 0, 0, 0, 0, 0, 0, 0, 0, 0, 0, 1, 0, 0, 0, 0, 0, 0, 0, 1, 0, 0, 0, 1, 0, 0, 0, 0, 0, 0, 0, 
85, 1, 1, 0, 2, 1, 2, 1, 0, 0, 0, 1, 0, 0, 0, 0, 0, 0, 1, 1, 1, 7, 6, 2, 2, 40, 9, 5, 3, 13, 1, 4, 5, 43, 3, 2, 5, 68, 1, 3, 2, 81, 7, 5, 9, 5, 5, 4, 6, 80, 10, 7, 7, 68, 2, 12, 7, 5, 5, 3, 2, 0, 0, 1, 0, 74, 1, 4, 1, 11, 4, 3, 3, 0, 0, 1, 0, 0, 0, 0, 0, 0, 0, 0, 0, 0, 0, 0, 0, 0, 0, 0, 0, 0, 0, 0, 0, 0, 0, 0, 0, 1, 0, 0, 0, 1, 0, 0, 0, 0, 0, 0, 0, 
86, 1, 2, 0, 1, 1, 0, 0, 0, 1, 1, 0, 0, 0, 0, 1, 0, 1, 0, 1, 1, 0, 0, 0, 0, 45, 8, 10, 9, 20, 6, 2, 3, 42, 3, 2, 1, 67, 1, 1, 3, 72, 15, 7, 9, 15, 4, 5, 1, 86, 7, 5, 5, 59, 6, 11, 7, 0, 2, 4, 2, 2, 1, 2, 1, 65, 2, 3, 1, 18, 3, 2, 0, 0, 0, 0, 1, 2, 0, 0, 0, 1, 0, 0, 0, 1, 0, 0, 0, 0, 0, 0, 0, 1, 0, 0, 0, 1, 0, 0, 0, 1, 0, 0, 0, 0, 0, 0, 0, 1, 0, 0, 0, 
87, 0, 2, 0, 0, 2, 1, 0, 0, 0, 0, 0, 2, 3, 0, 1, 0, 1, 0, 0, 0, 0, 0, 0, 0, 47, 3, 9, 6, 12, 6, 0, 2, 36, 2, 2, 3, 70, 1, 4, 2, 73, 5, 9, 9, 17, 13, 4, 4, 89, 3, 3, 5, 52, 11, 7, 9, 4, 3, 3, 4, 8, 6, 2, 4, 51, 3, 1, 2, 2, 5, 8, 5, 1, 0, 1, 1, 0, 0, 0, 0, 1, 0, 0, 0, 3, 0, 0, 0, 0, 0, 0, 0, 0, 0, 0, 0, 1, 0, 0, 0, 0, 0, 0, 0, 2, 0, 0, 0, 2, 0, 0, 0, 
88, 0, 0, 1, 0, 0, 0, 0, 0, 1, 0, 1, 0, 0, 1, 0, 0, 0, 0, 0, 0, 3, 2, 3, 3, 34, 7, 5, 6, 14, 7, 2, 3, 36, 2, 1, 0, 77, 2, 2, 2, 75, 8, 6, 6, 21, 6, 9, 4, 81, 4, 2, 9, 55, 4, 14, 5, 3, 2, 5, 8, 1, 5, 5, 4, 45, 1, 3, 2, 16, 8, 5, 4, 4, 3, 0, 1, 0, 0, 0, 0, 0, 0, 0, 0, 2, 0, 0, 0, 1, 0, 0, 0, 1, 0, 0, 0, 1, 0, 0, 0, 1, 0, 0, 0, 4, 0, 0, 0, 0, 0, 0, 0, 
89, 2, 0, 1, 0, 0, 0, 1, 0, 1, 2, 2, 2, 1, 1, 1, 0, 2, 0, 0, 0, 0, 0, 0, 1, 38, 6, 6, 7, 20, 1, 2, 2, 35, 3, 1, 1, 81, 6, 2, 1, 59, 7, 6, 8, 25, 5, 4, 1, 67, 4, 7, 3, 49, 12, 7, 6, 8, 3, 3, 10, 7, 7, 4, 8, 38, 2, 2, 2, 6, 3, 6, 6, 0, 0, 0, 0, 0, 0, 0, 0, 2, 0, 0, 0, 2, 0, 0, 0, 1, 0, 0, 0, 0, 0, 0, 0, 0, 0, 0, 0, 3, 0, 0, 0, 0, 0, 0, 0, 0, 0, 0, 0, 
90, 5, 0, 3, 0, 5, 0, 2, 0, 1, 1, 1, 0, 1, 0, 0, 0, 0, 0, 0, 0, 1, 0, 0, 1, 33, 8, 6, 6, 23, 2, 1, 7, 37, 3, 2, 1, 92, 2, 1, 1, 47, 13, 5, 11, 15, 8, 2, 3, 54, 7, 9, 5, 40, 6, 9, 6, 3, 1, 2, 2, 8, 5, 6, 6, 36, 0, 2, 4, 7, 5, 7, 3, 0, 0, 0, 1, 0, 0, 0, 0, 2, 0, 0, 0, 0, 0, 0, 0, 0, 0, 0, 0, 0, 0, 0, 0, 0, 0, 0, 0, 2, 0, 0, 0, 0, 0, 0, 0, 2, 0, 0, 0, 
91, 0, 0, 0, 1, 0, 0, 0, 0, 1, 0, 0, 0, 2, 1, 0, 1, 0, 0, 0, 0, 0, 1, 0, 0, 24, 6, 12, 11, 32, 2, 2, 1, 44, 4, 5, 4, 84, 2, 0, 2, 54, 14, 8, 4, 7, 2, 4, 0, 59, 12, 5, 8, 34, 7, 6, 5, 2, 0, 2, 0, 8, 8, 8, 4, 31, 3, 1, 0, 11, 6, 4, 5, 12, 3, 0, 0, 1, 0, 0, 0, 2, 0, 0, 0, 0, 0, 0, 0, 2, 0, 0, 0, 0, 0, 0, 0, 0, 0, 0, 0, 0, 0, 0, 0, 0, 0, 0, 0, 0, 0, 0, 0, 
92, 1, 2, 3, 5, 0, 0, 2, 0, 0, 1, 0, 0, 1, 0, 0, 0, 0, 0, 0, 0, 0, 0, 1, 0, 31, 7, 11, 11, 40, 2, 1, 2, 33, 3, 1, 3, 83, 5, 0, 1, 57, 13, 10, 4, 2, 2, 0, 0, 73, 3, 9, 7, 28, 13, 8, 11, 3, 1, 0, 1, 5, 10, 12, 5, 30, 4, 1, 2, 9, 9, 10, 4, 15, 2, 2, 0, 0, 0, 0, 0, 1, 0, 0, 0, 0, 0, 0, 0, 0, 0, 0, 0, 0, 0, 0, 0, 2, 0, 0, 0, 2, 0, 0, 0, 1, 0, 0, 0, 0, 0, 0, 0, 
93, 2, 2, 0, 0, 0, 0, 0, 2, 0, 0, 0, 0, 0, 0, 0, 0, 0, 0, 0, 0, 0, 0, 2, 0, 36, 6, 8, 10, 35, 4, 1, 2, 42, 1, 2, 1, 86, 2, 1, 2, 59, 6, 11, 9, 0, 0, 0, 0, 70, 5, 9, 4, 43, 14, 12, 5, 4, 4, 1, 0, 10, 10, 9, 6, 40, 0, 4, 0, 4, 8, 10, 4, 14, 1, 0, 1, 0, 0, 0, 0, 1, 0, 0, 0, 2, 0, 0, 0, 1, 0, 0, 0, 3, 0, 0, 0, 0, 0, 0, 0, 0, 0, 0, 0, 0, 0, 0, 0, 1, 0, 0, 0, 
94, 0, 0, 1, 0, 1, 0, 0, 2, 1, 0, 0, 0, 0, 0, 1, 0, 3, 1, 1, 0, 1, 1, 0, 0, 40, 13, 8, 10, 38, 3, 4, 5, 31, 5, 2, 5, 97, 1, 1, 0, 56, 5, 7, 13, 4, 6, 2, 1, 75, 5, 8, 7, 44, 9, 6, 6, 5, 1, 2, 0, 8, 16, 7, 3, 27, 1, 2, 0, 0, 0, 2, 3, 30, 3, 1, 0, 0, 0, 0, 0, 0, 0, 0, 0, 2, 0, 0, 0, 1, 0, 0, 0, 0, 0, 0, 0, 1, 0, 0, 0, 2, 0, 0, 0, 1, 0, 0, 0, 2, 0, 0, 0, 
95, 1, 1, 1, 1, 0, 0, 0, 1, 0, 0, 0, 0, 1, 0, 1, 2, 0, 0, 0, 2, 0, 0, 0, 0, 45, 7, 9, 9, 26, 1, 4, 4, 40, 1, 6, 2, 92, 1, 2, 2, 58, 10, 14, 9, 11, 3, 7, 4, 73, 5, 8, 2, 48, 8, 10, 3, 4, 4, 2, 2, 10, 13, 14, 9, 45, 1, 0, 3, 2, 1, 1, 0, 30, 2, 0, 1, 0, 0, 0, 0, 0, 0, 0, 0, 1, 0, 0, 0, 4, 0, 0, 0, 0, 0, 0, 0, 2, 0, 0, 0, 1, 0, 0, 0, 1, 0, 0, 0, 2, 0, 0, 0, 
96, 1, 0, 2, 0, 1, 2, 4, 1, 0, 0, 2, 0, 0, 0, 0, 1, 1, 0, 1, 0, 0, 0, 0, 0, 41, 10, 7, 5, 16, 2, 3, 2, 42, 2, 5, 3, 100, 1, 4, 0, 70, 13, 11, 7, 11, 6, 6, 3, 73, 8, 2, 1, 46, 11, 10, 6, 0, 8, 0, 1, 15, 12, 21, 15, 48, 0, 1, 1, 3, 1, 4, 1, 34, 1, 0, 1, 2, 0, 0, 0, 2, 0, 0, 0, 1, 0, 0, 0, 0, 0, 0, 0, 2, 0, 0, 0, 2, 0, 0, 0, 1, 0, 0, 0, 1, 0, 0, 0, 4, 0, 0, 0, 
97, 0, 0, 0, 0, 0, 0, 0, 0, 0, 0, 0, 0, 1, 0, 0, 2, 1, 1, 0, 0, 1, 1, 0, 2, 50, 4, 10, 4, 11, 3, 4, 1, 54, 4, 4, 5, 100, 4, 3, 1, 70, 14, 6, 8, 11, 5, 9, 4, 57, 9, 4, 5, 49, 9, 7, 6, 10, 2, 1, 2, 11, 19, 20, 17, 44, 3, 2, 0, 1, 0, 1, 0, 32, 0, 0, 1, 3, 0, 0, 0, 0, 0, 0, 0, 2, 0, 0, 0, 1, 0, 0, 0, 2, 0, 0, 0, 0, 0, 0, 0, 0, 0, 0, 0, 1, 0, 0, 0, 0, 0, 0, 0, 
98, 1, 1, 1, 0, 1, 0, 0, 1, 1, 1, 1, 0, 0, 0, 0, 1, 2, 0, 1, 2, 0, 1, 0, 0, 50, 13, 5, 8, 19, 2, 1, 6, 60, 3, 6, 3, 97, 2, 2, 1, 78, 7, 9, 11, 4, 5, 9, 6, 59, 5, 3, 3, 57, 11, 9, 6, 0, 1, 0, 0, 15, 19, 12, 11, 49, 2, 0, 1, 0, 0, 0, 0, 30, 1, 2, 1, 1, 0, 0, 0, 0, 0, 0, 0, 0, 0, 0, 0, 0, 0, 0, 0, 0, 0, 0, 0, 2, 0, 0, 0, 1, 0, 0, 0, 3, 0, 0, 0, 0, 0, 0, 0, 
99, 1, 1, 2, 0, 1, 1, 0, 0, 1, 0, 1, 0, 0, 0, 1, 1, 0, 0, 0, 0, 0, 1, 0, 0, 54, 7, 8, 9, 29, 4, 4, 7, 60, 4, 6, 3, 100, 2, 1, 2, 78, 13, 7, 4, 6, 4, 7, 4, 51, 4, 3, 3, 58, 12, 6, 4, 0, 7, 1, 3, 19, 11, 14, 6, 49, 1, 3, 3, 4, 4, 4, 3, 20, 3, 2, 1, 0, 0, 0, 0, 0, 0, 0, 0, 2, 0, 0, 0, 1, 0, 0, 0, 1, 0, 0, 0, 0, 0, 0, 0, 0, 0, 0, 0, 1, 0, 0, 0, 1, 0, 0, 0, 