0, 0, 0, 2, 0, 0, 2, 0, 0, 0, 0, 1, 1, 1, 1, 0, 0, 0, 0, 0, 1, 1, 0, 0, 0, 1, 0, 0, 0, 0, 0, 0, 0, 10, 2, 0, 0, 2, 0, 2, 1, 1, 1, 1, 2, 2, 0, 2, 0, 1, 1, 2, 0, 3, 0, 6, 2, 0, 0, 0, 0, 1, 0, 0, 0, 0, 1, 1, 2, 5, 0, 2, 0, 7, 2, 0, 0, 0, 0, 0, 0, 0, 0, 0, 0, 1, 0, 0, 0, 1, 0, 0, 0, 1, 0, 0, 0, 1, 0, 0, 0, 0, 0, 0, 0, 0, 0, 0, 0, 1, 0, 0, 0, 
1, 0, 0, 3, 0, 0, 0, 0, 1, 0, 0, 0, 0, 0, 0, 0, 0, 0, 0, 0, 1, 0, 1, 0, 0, 2, 1, 0, 1, 3, 4, 3, 2, 26, 3, 0, 0, 1, 2, 3, 1, 6, 4, 2, 0, 6, 0, 1, 0, 0, 0, 1, 0, 4, 1, 0, 4, 0, 1, 0, 0, 1, 1, 0, 0, 1, 1, 2, 0, 3, 6, 2, 0, 0, 0, 1, 1, 1, 0, 0, 0, 0, 0, 0, 0, 1, 0, 0, 0, 0, 0, 0, 0, 1, 0, 0, 0, 1, 0, 0, 0, 1, 0, 0, 0, 0, 0, 0, 0, 0, 0, 0, 0, 
2, 0, 0, 0, 0, 1, 0, 0, 0, 0, 0, 0, 0, 2, 0, 0, 0, 0, 2, 0, 0, 0, 0, 2, 0, 4, 1, 4, 0, 2, 5, 5, 5, 13, 5, 2, 1, 4, 4, 1, 4, 0, 2, 1, 0, 2, 2, 1, 0, 0, 2, 1, 1, 5, 1, 1, 1, 0, 1, 0, 1, 3, 1, 1, 3, 0, 3, 4, 2, 12, 3, 0, 2, 0, 0, 0, 1, 0, 0, 0, 0, 0, 0, 0, 0, 0, 0, 0, 0, 0, 0, 0, 0, 1, 0, 0, 0, 2, 0, 0, 0, 0, 0, 0, 0, 0, 0, 0, 0, 0, 0, 0, 0, 
3, 0, 0, 1, 1, 0, 0, 1, 0, 1, 0, 0, 0, 0, 0, 1, 0, 0, 1, 0, 1, 0, 0, 0, 0, 16, 0, 2, 2, 0, 0, 0, 2, 23, 0, 0, 0, 6, 7, 3, 1, 0, 2, 0, 1, 5, 3, 1, 1, 0, 0, 1, 0, 2, 2, 0, 2, 7, 4, 1, 3, 4, 10, 8, 6, 1, 1, 1, 0, 2, 5, 3, 6, 0, 0, 1, 1, 1, 0, 0, 0, 3, 0, 0, 0, 0, 0, 0, 0, 0, 0, 0, 0, 2, 0, 0, 0, 0, 0, 0, 0, 1, 0, 0, 0, 0, 0, 0, 0, 0, 0, 0, 0, 
4, 2, 1, 2, 0, 1, 0, 0, 1, 3, 0, 0, 0, 0, 0, 1, 0, 0, 0, 2, 1, 0, 1, 0, 1, 30, 2, 0, 0, 6, 3, 1, 0, 5, 0, 1, 0, 1, 2, 3, 4, 1, 3, 2, 0, 7, 1, 0, 0, 4, 1, 1, 1, 8, 0, 0, 1, 4, 2, 5, 3, 7, 11, 4, 8, 1, 1, 1, 1, 4, 2, 2, 7, 1, 0, 2, 0, 0, 0, 0, 0, 1, 0, 0, 0, 3, 0, 0, 0, 4, 0, 0, 0, 2, 0, 0, 0, 0, 0, 0, 0, 0, 0, 0, 0, 0, 0, 0, 0, 0, 0, 0, 0, 
5, 2, 0, 0, 1, 0, 0, 0, 0, 0, 2, 6, 1, 0, 0, 0, 0, 0, 1, 0, 1, 0, 0, 0, 0, 36, 0, 1, 1, 12, 2, 2, 0, 1, 2, 0, 0, 3, 2, 3, 1, 7, 1, 1, 2, 2, 1, 2, 1, 2, 1, 2, 1, 0, 3, 3, 0, 1, 0, 0, 0, 9, 9, 6, 8, 10, 10, 2, 0, 5, 4, 7, 2, 0, 1, 0, 1, 1, 0, 0, 0, 0, 0, 0, 0, 0, 0, 0, 0, 0, 0, 0, 0, 1, 0, 0, 0, 0, 0, 0, 0, 0, 0, 0, 0, 3, 0, 0, 0, 3, 0, 0, 0, 
6, 1, 0, 1, 0, 1, 1, 0, 0, 0, 1, 0, 0, 0, 0, 0, 0, 0, 1, 1, 1, 0, 1, 0, 0, 40, 2, 0, 2, 16, 3, 1, 2, 3, 1, 1, 0, 3, 2, 1, 0, 0, 0, 1, 2, 7, 1, 4, 0, 0, 1, 2, 1, 0, 0, 0, 2, 2, 0, 2, 1, 9, 12, 10, 2, 1, 1, 0, 2, 4, 3, 4, 1, 3, 2, 3, 0, 1, 0, 0, 0, 0, 0, 0, 0, 0, 0, 0, 0, 1, 0, 0, 0, 2, 0, 0, 0, 0, 0, 0, 0, 0, 0, 0, 0, 4, 0, 0, 0, 0, 0, 0, 0, 
7, 0, 1, 2, 0, 0, 0, 0, 0, 0, 0, 0, 2, 2, 0, 1, 1, 0, 2, 2, 0, 0, 1, 0, 0, 49, 1, 0, 0, 28, 0, 1, 0, 1, 1, 1, 0, 16, 4, 2, 0, 6, 7, 6, 3, 10, 3, 1, 2, 2, 1, 2, 1, 2, 1, 2, 3, 1, 0, 0, 1, 13, 10, 9, 5, 0, 0, 0, 1, 4, 2, 4, 2, 2, 1, 1, 1, 1, 0, 0, 0, 0, 0, 0, 0, 1, 0, 0, 0, 1, 0, 0, 0, 1, 0, 0, 0, 0, 0, 0, 0, 0, 0, 0, 0, 2, 0, 0, 0, 0, 0, 0, 0, 
8, 1, 0, 1, 3, 1, 0, 0, 0, 1, 0, 0, 0, 1, 0, 0, 1, 0, 1, 1, 0, 3, 1, 0, 0, 50, 1, 1, 0, 1, 0, 1, 0, 2, 3, 0, 2, 17, 2, 2, 0, 2, 1, 2, 1, 7, 6, 4, 7, 3, 5, 5, 4, 6, 7, 9, 4, 2, 5, 0, 2, 9, 13, 13, 10, 1, 2, 2, 2, 9, 9, 4, 9, 0, 0, 0, 0, 0, 0, 0, 0, 0, 0, 0, 0, 0, 0, 0, 0, 0, 0, 0, 0, 1, 0, 0, 0, 0, 0, 0, 0, 0, 0, 0, 0, 2, 0, 0, 0, 0, 0, 0, 0, 
9, 0, 1, 1, 0, 1, 0, 0, 0, 1, 0, 0, 1, 1, 1, 0, 0, 3, 1, 0, 0, 0, 0, 0, 1, 50, 2, 1, 0, 1, 0, 0, 0, 0, 1, 0, 2, 23, 5, 2, 1, 1, 2, 1, 1, 6, 9, 2, 5, 8, 5, 7, 2, 21, 0, 6, 2, 1, 4, 3, 4, 15, 6, 7, 2, 0, 0, 0, 1, 6, 6, 5, 4, 0, 0, 0, 1, 2, 0, 0, 0, 0, 0, 0, 0, 1, 0, 0, 0, 1, 0, 0, 0, 2, 0, 0, 0, 2, 0, 0, 0, 0, 0, 0, 0, 0, 0, 0, 0, 2, 0, 0, 0, 
10, 0, 1, 1, 0, 0, 1, 0, 2, 0, 0, 0, 0, 0, 0, 1, 0, 0, 1, 0, 0, 1, 0, 0, 0, 46, 1, 0, 3, 2, 4, 1, 0, 5, 5, 4, 0, 21, 7, 2, 1, 0, 1, 1, 0, 1, 5, 2, 4, 14, 3, 4, 2, 21, 5, 10, 4, 2, 3, 0, 2, 15, 14, 7, 15, 6, 2, 1, 0, 8, 4, 2, 1, 0, 1, 2, 0, 0, 0, 0, 0, 0, 0, 0, 0, 0, 0, 0, 0, 1, 0, 0, 0, 1, 0, 0, 0, 0, 0, 0, 0, 1, 0, 0, 0, 2, 0, 0, 0, 1, 0, 0, 0, 
11, 1, 0, 0, 0, 2, 2, 1, 2, 0, 0, 0, 1, 0, 2, 0, 0, 1, 1, 0, 0, 1, 0, 0, 0, 48, 1, 1, 2, 1, 1, 1, 2, 5, 2, 3, 0, 29, 7, 2, 2, 3, 2, 1, 1, 4, 5, 1, 3, 2, 2, 3, 1, 20, 7, 0, 5, 2, 4, 0, 0, 21, 6, 7, 6, 19, 2, 1, 1, 2, 1, 1, 4, 0, 2, 1, 3, 3, 0, 0, 0, 0, 0, 0, 0, 0, 0, 0, 0, 2, 0, 0, 0, 1, 0, 0, 0, 2, 0, 0, 0, 0, 0, 0, 0, 1, 0, 0, 0, 0, 0, 0, 0, 
12, 0, 0, 0, 0, 1, 1, 0, 1, 0, 2, 0, 0, 0, 0, 0, 0, 0, 2, 0, 0, 1, 1, 0, 1, 47, 1, 0, 0, 1, 3, 5, 0, 4, 3, 1, 3, 27, 1, 1, 2, 9, 1, 0, 2, 18, 4, 3, 2, 2, 0, 2, 1, 3, 6, 6, 9, 1, 0, 1, 0, 8, 9, 5, 8, 27, 1, 0, 1, 2, 0, 0, 1, 2, 1, 0, 1, 1, 0, 0, 0, 0, 0, 0, 0, 0, 0, 0, 0, 1, 0, 0, 0, 0, 0, 0, 0, 1, 0, 0, 0, 2, 0, 0, 0, 0, 0, 0, 0, 1, 0, 0, 0, 
13, 0, 0, 0, 0, 2, 1, 1, 0, 3, 0, 1, 2, 0, 1, 0, 1, 0, 0, 0, 1, 0, 0, 0, 0, 51, 4, 1, 1, 1, 4, 3, 1, 3, 0, 1, 4, 15, 1, 2, 1, 21, 7, 1, 0, 15, 3, 3, 1, 1, 4, 0, 3, 2, 12, 8, 5, 1, 2, 1, 0, 12, 7, 9, 6, 22, 3, 2, 0, 1, 2, 2, 0, 0, 0, 0, 1, 0, 0, 0, 0, 1, 0, 0, 0, 0, 0, 0, 0, 0, 0, 0, 0, 2, 0, 0, 0, 0, 0, 0, 0, 0, 0, 0, 0, 1, 0, 0, 0, 0, 0, 0, 0, 
14, 0, 0, 1, 1, 0, 0, 0, 0, 0, 0, 0, 0, 0, 0, 1, 0, 1, 0, 1, 0, 0, 0, 0, 0, 53, 0, 1, 0, 5, 2, 3, 3, 5, 2, 2, 5, 22, 4, 1, 0, 19, 3, 0, 0, 10, 6, 4, 3, 4, 1, 2, 2, 11, 7, 16, 5, 1, 2, 1, 0, 4, 10, 5, 6, 23, 4, 2, 1, 3, 1, 6, 4, 0, 0, 0, 1, 0, 0, 0, 0, 0, 0, 0, 0, 0, 0, 0, 0, 3, 0, 0, 0, 0, 0, 0, 0, 0, 0, 0, 0, 1, 0, 0, 0, 2, 0, 0, 0, 1, 0, 0, 0, 
15, 0, 1, 0, 0, 0, 0, 0, 0, 1, 2, 3, 1, 0, 0, 0, 0, 1, 1, 0, 0, 0, 0, 0, 0, 51, 1, 3, 0, 3, 4, 9, 3, 3, 3, 1, 2, 10, 2, 0, 3, 18, 0, 0, 0, 16, 6, 2, 0, 6, 6, 7, 3, 6, 8, 8, 5, 0, 1, 1, 1, 7, 3, 9, 6, 18, 0, 3, 1, 1, 3, 4, 0, 4, 4, 3, 1, 0, 0, 0, 0, 3, 0, 0, 0, 0, 0, 0, 0, 1, 0, 0, 0, 0, 0, 0, 0, 0, 0, 0, 0, 0, 0, 0, 0, 0, 0, 0, 0, 1, 0, 0, 0, 
16, 0, 0, 0, 0, 3, 2, 0, 1, 0, 0, 1, 1, 0, 1, 0, 0, 1, 2, 0, 1, 0, 0, 0, 0, 45, 0, 0, 2, 8, 7, 3, 2, 6, 4, 3, 0, 18, 2, 0, 0, 1, 2, 0, 1, 7, 4, 1, 4, 4, 6, 2, 4, 12, 9, 10, 10, 0, 2, 3, 2, 10, 3, 3, 3, 24, 2, 0, 1, 6, 6, 2, 1, 1, 1, 5, 3, 0, 0, 0, 0, 1, 0, 0, 0, 1, 0, 0, 0, 0, 0, 0, 0, 0, 0, 0, 0, 1, 0, 0, 0, 0, 0, 0, 0, 2, 0, 0, 0, 0, 0, 0, 0, 
17, 2, 1, 1, 0, 1, 0, 0, 1, 0, 0, 0, 0, 0, 0, 0, 0, 0, 0, 0, 0, 0, 0, 1, 0, 40, 0, 0, 0, 16, 4, 4, 5, 2, 0, 1, 1, 10, 1, 3, 0, 0, 1, 0, 0, 5, 4, 4, 3, 2, 5, 2, 1, 9, 7, 6, 8, 3, 3, 7, 2, 2, 5, 4, 0, 18, 1, 1, 1, 8, 2, 0, 1, 1, 1, 0, 1, 0, 0, 0, 0, 0, 0, 0, 0, 2, 0, 0, 0, 0, 0, 0, 0, 0, 0, 0, 0, 0, 0, 0, 0, 3, 0, 0, 0, 2, 0, 0, 0, 0, 0, 0, 0, 
18, 0, 2, 0, 0, 0, 0, 0, 0, 0, 1, 0, 0, 0, 0, 0, 0, 0, 0, 0, 0, 0, 0, 0, 0, 45, 0, 0, 1, 3, 1, 6, 4, 2, 1, 1, 0, 13, 3, 0, 2, 6, 2, 2, 0, 2, 5, 6, 2, 5, 2, 2, 1, 7, 9, 9, 7, 10, 4, 0, 4, 5, 7, 4, 4, 12, 0, 1, 1, 0, 1, 1, 1, 3, 4, 3, 2, 0, 0, 0, 0, 0, 0, 0, 0, 0, 0, 0, 0, 0, 0, 0, 0, 1, 0, 0, 0, 1, 0, 0, 0, 0, 0, 0, 0, 1, 0, 0, 0, 1, 0, 0, 0, 
19, 1, 0, 0, 0, 2, 1, 0, 0, 0, 3, 0, 0, 0, 2, 1, 0, 1, 1, 1, 0, 0, 0, 0, 0, 52, 1, 0, 0, 2, 2, 1, 0, 3, 5, 2, 1, 1, 1, 0, 1, 2, 0, 3, 3, 1, 1, 0, 1, 15, 2, 3, 1, 2, 5, 4, 6, 4, 5, 5, 1, 7, 6, 8, 8, 7, 1, 2, 3, 1, 1, 4, 0, 0, 1, 2, 1, 0, 0, 0, 0, 0, 0, 0, 0, 0, 0, 0, 0, 1, 0, 0, 0, 0, 0, 0, 0, 0, 0, 0, 0, 2, 0, 0, 0, 0, 0, 0, 0, 0, 0, 0, 0, 
20, 4, 2, 1, 1, 1, 0, 1, 2, 0, 0, 1, 0, 0, 0, 0, 1, 0, 0, 0, 0, 1, 1, 1, 1, 65, 7, 3, 1, 6, 1, 4, 1, 3, 4, 3, 3, 1, 0, 1, 0, 2, 3, 1, 3, 2, 1, 0, 0, 23, 3, 4, 4, 3, 0, 2, 3, 0, 0, 1, 2, 3, 11, 5, 5, 7, 2, 4, 6, 8, 5, 1, 6, 3, 1, 1, 2, 0, 0, 0, 0, 1, 0, 0, 0, 1, 0, 0, 0, 1, 0, 0, 0, 2, 0, 0, 0, 0, 0, 0, 0, 1, 0, 0, 0, 2, 0, 0, 0, 1, 0, 0, 0, 
21, 0, 0, 1, 0, 0, 0, 0, 0, 0, 0, 0, 0, 1, 1, 0, 0, 0, 0, 1, 1, 0, 1, 1, 0, 79, 1, 1, 0, 3, 5, 3, 1, 13, 3, 1, 1, 1, 2, 0, 0, 0, 1, 0, 0, 0, 3, 2, 2, 27, 1, 2, 4, 0, 1, 1, 3, 5, 5, 1, 1, 5, 5, 2, 3, 5, 7, 9, 7, 15, 2, 2, 1, 1, 4, 1, 0, 0, 0, 0, 0, 1, 0, 0, 0, 1, 0, 0, 0, 0, 0, 0, 0, 0, 0, 0, 0, 0, 0, 0, 0, 0, 0, 0, 0, 0, 0, 0, 0, 0, 0, 0, 0, 
22, 3, 1, 0, 0, 1, 0, 0, 1, 1, 1, 1, 0, 0, 1, 0, 1, 0, 0, 0, 0, 2, 1, 0, 0, 73, 0, 2, 0, 3, 6, 2, 4, 2, 1, 2, 0, 3, 3, 4, 2, 2, 1, 3, 1, 0, 0, 0, 1, 24, 2, 2, 5, 5, 0, 3, 1, 3, 0, 2, 0, 3, 1, 2, 1, 5, 7, 11, 12, 19, 0, 3, 2, 1, 4, 3, 0, 1, 0, 0, 0, 0, 0, 0, 0, 2, 0, 0, 0, 0, 0, 0, 0, 0, 0, 0, 0, 0, 0, 0, 0, 0, 0, 0, 0, 0, 0, 0, 0, 2, 0, 0, 0, 
23, 2, 0, 0, 1, 0, 0, 0, 0, 1, 2, 2, 2, 1, 0, 2, 0, 0, 0, 0, 0, 1, 2, 2, 1, 84, 2, 0, 0, 0, 1, 1, 2, 0, 0, 2, 0, 0, 0, 1, 0, 0, 1, 1, 1, 2, 1, 1, 2, 26, 0, 0, 3, 3, 2, 1, 1, 0, 0, 0, 1, 1, 1, 0, 1, 8, 12, 8, 9, 9, 3, 6, 1, 14, 0, 0, 1, 1, 0, 0, 0, 0, 0, 0, 0, 0, 0, 0, 0, 0, 0, 0, 0, 2, 0, 0, 0, 1, 0, 0, 0, 1, 0, 0, 0, 0, 0, 0, 0, 1, 0, 0, 0, 
24, 0, 0, 0, 0, 2, 1, 0, 1, 0, 1, 1, 0, 0, 0, 1, 0, 1, 0, 0, 0, 1, 1, 0, 0, 81, 0, 0, 0, 4, 0, 3, 0, 6, 0, 0, 0, 2, 0, 2, 4, 7, 3, 0, 0, 3, 3, 4, 2, 24, 3, 1, 2, 0, 2, 1, 0, 3, 9, 4, 1, 5, 5, 2, 4, 9, 10, 13, 9, 1, 0, 1, 1, 15, 0, 0, 0, 2, 0, 0, 0, 0, 0, 0, 0, 0, 0, 0, 0, 0, 0, 0, 0, 2, 0, 0, 0, 1, 0, 0, 0, 1, 0, 0, 0, 0, 0, 0, 0, 2, 0, 0, 0, 
25, 0, 0, 0, 0, 0, 0, 0, 0, 3, 0, 0, 3, 0, 1, 0, 0, 0, 2, 0, 0, 0, 0, 0, 0, 77, 0, 2, 2, 0, 2, 0, 2, 2, 1, 1, 1, 3, 5, 5, 2, 15, 1, 5, 0, 2, 1, 1, 2, 34, 2, 0, 2, 0, 1, 5, 0, 4, 4, 3, 4, 17, 3, 3, 3, 15, 12, 7, 10, 1, 0, 1, 0, 2, 1, 1, 1, 0, 0, 0, 0, 1, 0, 0, 0, 2, 0, 0, 0, 0, 0, 0, 0, 1, 0, 0, 0, 2, 0, 0, 0, 0, 0, 0, 0, 0, 0, 0, 0, 0, 0, 0, 0, 
26, 1, 1, 0, 0, 0, 0, 0, 0, 0, 0, 0, 1, 1, 1, 1, 2, 0, 0, 0, 0, 1, 0, 0, 0, 68, 1, 0, 2, 0, 0, 1, 0, 2, 2, 2, 1, 2, 2, 0, 2, 21, 3, 1, 2, 2, 1, 1, 1, 24, 2, 2, 1, 2, 2, 0, 0, 6, 5, 4, 3, 19, 2, 3, 3, 20, 15, 8, 12, 0, 1, 2, 0, 13, 2, 3, 3, 0, 0, 0, 0, 1, 0, 0, 0, 1, 0, 0, 0, 3, 0, 0, 0, 0, 0, 0, 0, 0, 0, 0, 0, 0, 0, 0, 0, 1, 0, 0, 0, 0, 0, 0, 0, 
27, 0, 0, 1, 0, 0, 0, 0, 0, 1, 0, 0, 0, 0, 0, 1, 0, 1, 0, 0, 0, 0, 0, 0, 0, 70, 0, 1, 1, 1, 0, 0, 0, 0, 0, 0, 0, 2, 3, 3, 0, 21, 2, 4, 0, 3, 0, 2, 2, 40, 2, 3, 0, 17, 1, 0, 0, 3, 4, 9, 2, 9, 4, 4, 2, 28, 6, 13, 7, 2, 2, 2, 0, 29, 4, 3, 3, 0, 0, 0, 0, 1, 0, 0, 0, 2, 0, 0, 0, 1, 0, 0, 0, 2, 0, 0, 0, 0, 0, 0, 0, 0, 0, 0, 0, 0, 0, 0, 0, 0, 0, 0, 0, 
28, 2, 3, 1, 0, 1, 0, 1, 2, 0, 0, 0, 0, 0, 0, 0, 1, 0, 0, 0, 0, 0, 0, 0, 0, 80, 7, 2, 1, 0, 0, 1, 0, 1, 1, 4, 0, 2, 3, 2, 1, 25, 3, 1, 0, 0, 0, 1, 0, 30, 0, 2, 1, 1, 3, 2, 0, 3, 1, 0, 2, 15, 3, 4, 1, 28, 5, 4, 12, 5, 4, 2, 4, 22, 3, 1, 1, 0, 0, 0, 0, 0, 0, 0, 0, 2, 0, 0, 0, 0, 0, 0, 0, 2, 0, 0, 0, 1, 0, 0, 0, 1, 0, 0, 0, 1, 0, 0, 0, 1, 0, 0, 0, 
29, 0, 0, 0, 0, 0, 0, 1, 1, 0, 0, 0, 0, 0, 2, 0, 0, 0, 0, 1, 0, 0, 1, 0, 0, 100, 1, 0, 1, 1, 3, 1, 0, 2, 4, 2, 1, 2, 2, 1, 2, 16, 2, 1, 2, 0, 1, 0, 0, 9, 0, 0, 0, 1, 3, 4, 1, 4, 1, 3, 2, 18, 6, 1, 2, 22, 9, 13, 11, 3, 1, 3, 2, 20, 1, 1, 1, 0, 0, 0, 0, 3, 0, 0, 0, 1, 0, 0, 0, 0, 0, 0, 0, 1, 0, 0, 0, 0, 0, 0, 0, 0, 0, 0, 0, 1, 0, 0, 0, 1, 0, 0, 0, 
30, 0, 0, 0, 1, 0, 0, 1, 1, 2, 3, 0, 0, 0, 1, 0, 0, 1, 2, 0, 3, 0, 0, 0, 1, 100, 2, 4, 0, 5, 1, 2, 1, 1, 0, 0, 0, 1, 0, 1, 0, 11, 2, 1, 0, 2, 4, 2, 2, 3, 3, 3, 1, 3, 0, 0, 1, 2, 3, 5, 1, 14, 6, 3, 5, 24, 13, 10, 9, 3, 4, 2, 6, 18, 5, 1, 0, 0, 0, 0, 0, 0, 0, 0, 0, 0, 0, 0, 0, 1, 0, 0, 0, 1, 0, 0, 0, 0, 0, 0, 0, 0, 0, 0, 0, 0, 0, 0, 0, 1, 0, 0, 0, 
31, 1, 0, 1, 1, 0, 0, 1, 1, 0, 0, 1, 1, 0, 0, 2, 0, 0, 1, 0, 0, 0, 0, 0, 0, 100, 0, 2, 0, 1, 0, 0, 0, 16, 5, 5, 4, 0, 0, 0, 0, 24, 1, 1, 0, 4, 2, 2, 0, 8, 1, 1, 1, 1, 2, 0, 1, 6, 4, 6, 5, 19, 3, 2, 2, 24, 9, 10, 5, 2, 1, 2, 0, 3, 0, 3, 3, 2, 0, 0, 0, 1, 0, 0, 0, 0, 0, 0, 0, 1, 0, 0, 0, 0, 0, 0, 0, 0, 0, 0, 0, 0, 0, 0, 0, 2, 0, 0, 0, 0, 0, 0, 0, 
32, 0, 1, 1, 1, 0, 1, 3, 0, 1, 0, 0, 1, 2, 1, 0, 0, 2, 1, 0, 0, 2, 1, 1, 0, 100, 0, 0, 0, 1, 6, 6, 4, 28, 3, 1, 5, 5, 3, 1, 0, 19, 1, 0, 2, 3, 3, 1, 4, 16, 1, 4, 2, 1, 0, 1, 1, 4, 4, 9, 2, 13, 4, 3, 4, 26, 10, 13, 10, 0, 0, 0, 2, 0, 4, 2, 0, 1, 0, 0, 0, 0, 0, 0, 0, 0, 0, 0, 0, 0, 0, 0, 0, 0, 0, 0, 0, 5, 0, 0, 0, 2, 0, 0, 0, 0, 0, 0, 0, 0, 0, 0, 0, 
33, 1, 0, 1, 1, 1, 1, 0, 0, 1, 0, 0, 0, 0, 0, 0, 0, 0, 0, 0, 0, 0, 1, 1, 0, 100, 1, 0, 0, 8, 7, 10, 7, 27, 3, 6, 4, 7, 2, 2, 1, 20, 5, 0, 1, 3, 7, 6, 5, 28, 3, 1, 1, 3, 0, 1, 0, 2, 3, 5, 3, 8, 5, 3, 2, 45, 9, 6, 7, 0, 1, 0, 1, 1, 0, 0, 0, 1, 0, 0, 0, 1, 0, 0, 0, 1, 0, 0, 0, 0, 0, 0, 0, 3, 0, 0, 0, 0, 0, 0, 0, 3, 0, 0, 0, 2, 0, 0, 0, 2, 0, 0, 0, 
34, 1, 0, 0, 1, 0, 1, 2, 0, 0, 1, 1, 1, 1, 1, 0, 0, 6, 0, 1, 0, 0, 0, 0, 0, 100, 0, 0, 0, 2, 6, 5, 8, 30, 5, 1, 3, 0, 1, 0, 2, 34, 3, 4, 1, 3, 6, 6, 3, 30, 0, 3, 2, 2, 1, 4, 2, 7, 3, 3, 3, 10, 2, 5, 2, 33, 9, 9, 6, 0, 0, 0, 0, 1, 2, 2, 0, 1, 0, 0, 0, 1, 0, 0, 0, 1, 0, 0, 0, 2, 0, 0, 0, 0, 0, 0, 0, 0, 0, 0, 0, 2, 0, 0, 0, 0, 0, 0, 0, 0, 0, 0, 0, 
35, 1, 2, 0, 2, 1, 0, 0, 0, 0, 2, 1, 0, 0, 0, 0, 0, 0, 0, 2, 0, 0, 3, 0, 0, 100, 1, 0, 0, 9, 5, 8, 1, 31, 2, 0, 3, 3, 2, 2, 3, 29, 2, 0, 0, 10, 3, 2, 5, 37, 2, 1, 2, 1, 3, 0, 2, 2, 6, 1, 2, 0, 3, 4, 4, 18, 12, 12, 8, 1, 2, 0, 3, 2, 0, 2, 0, 3, 0, 0, 0, 0, 0, 0, 0, 0, 0, 0, 0, 0, 0, 0, 0, 0, 0, 0, 0, 1, 0, 0, 0, 1, 0, 0, 0, 0, 0, 0, 0, 2, 0, 0, 0, 
36, 0, 0, 0, 0, 0, 0, 0, 0, 1, 0, 0, 0, 1, 0, 0, 0, 0, 0, 1, 0, 0, 0, 0, 0, 100, 1, 1, 3, 6, 9, 7, 7, 28, 3, 2, 1, 13, 9, 2, 0, 21, 0, 2, 1, 3, 4, 2, 4, 37, 3, 5, 1, 1, 2, 0, 1, 0, 1, 1, 1, 0, 1, 1, 3, 16, 9, 10, 9, 2, 1, 1, 2, 0, 2, 0, 0, 3, 0, 0, 0, 1, 0, 0, 0, 0, 0, 0, 0, 3, 0, 0, 0, 0, 0, 0, 0, 0, 0, 0, 0, 0, 0, 0, 0, 0, 0, 0, 0, 0, 0, 0, 0, 
37, 2, 1, 0, 2, 1, 3, 0, 0, 0, 1, 0, 0, 0, 0, 0, 0, 1, 0, 1, 0, 2, 1, 2, 1, 100, 1, 0, 1, 8, 5, 5, 7, 34, 1, 0, 1, 17, 2, 3, 0, 26, 2, 3, 1, 1, 3, 1, 0, 40, 6, 1, 3, 0, 0, 0, 1, 3, 3, 0, 1, 0, 2, 2, 1, 2, 7, 5, 10, 1, 1, 1, 0, 0, 0, 2, 2, 0, 0, 0, 0, 3, 0, 0, 0, 2, 0, 0, 0, 0, 0, 0, 0, 2, 0, 0, 0, 1, 0, 0, 0, 0, 0, 0, 0, 0, 0, 0, 0, 2, 0, 0, 0, 
38, 0, 0, 2, 0, 0, 2, 0, 1, 0, 0, 0, 1, 0, 0, 1, 1, 0, 0, 1, 0, 0, 0, 0, 0, 100, 1, 2, 1, 4, 5, 2, 3, 39, 7, 5, 1, 12, 3, 0, 2, 21, 4, 3, 1, 0, 1, 0, 0, 66, 3, 1, 1, 0, 0, 0, 0, 3, 1, 0, 0, 5, 5, 5, 3, 5, 2, 2, 6, 0, 0, 0, 2, 6, 2, 1, 2, 0, 0, 0, 0, 1, 0, 0, 0, 1, 0, 0, 0, 0, 0, 0, 0, 0, 0, 0, 0, 1, 0, 0, 0, 1, 0, 0, 0, 2, 0, 0, 0, 0, 0, 0, 0, 
39, 5, 1, 0, 3, 0, 0, 0, 0, 0, 0, 0, 1, 0, 0, 1, 0, 0, 0, 0, 0, 0, 1, 2, 0, 100, 4, 0, 1, 7, 4, 2, 5, 45, 0, 2, 1, 8, 2, 1, 1, 26, 4, 2, 2, 0, 0, 0, 0, 54, 3, 3, 1, 3, 3, 7, 2, 6, 1, 1, 3, 3, 1, 1, 4, 4, 3, 2, 4, 4, 4, 1, 6, 7, 0, 0, 0, 1, 0, 0, 0, 2, 0, 0, 0, 0, 0, 0, 0, 0, 0, 0, 0, 1, 0, 0, 0, 0, 0, 0, 0, 0, 0, 0, 0, 2, 0, 0, 0, 3, 0, 0, 0, 
40, 1, 1, 0, 0, 1, 1, 1, 1, 0, 0, 0, 0, 0, 0, 0, 0, 1, 0, 3, 1, 0, 0, 1, 0, 100, 1, 2, 0, 6, 6, 3, 5, 42, 5, 4, 3, 2, 1, 1, 1, 36, 1, 0, 5, 1, 0, 1, 1, 46, 5, 3, 2, 6, 5, 7, 7, 2, 2, 3, 2, 2, 3, 2, 6, 7, 2, 4, 5, 10, 0, 2, 6, 6, 3, 0, 0, 0, 0, 0, 0, 0, 0, 0, 0, 0, 0, 0, 0, 1, 0, 0, 0, 1, 0, 0, 0, 0, 0, 0, 0, 0, 0, 0, 0, 0, 0, 0, 0, 0, 0, 0, 0, 
41, 0, 1, 1, 0, 0, 0, 0, 2, 0, 0, 0, 0, 0, 1, 2, 0, 0, 0, 0, 0, 2, 0, 0, 0, 100, 1, 0, 2, 19, 8, 6, 1, 51, 1, 0, 3, 0, 0, 0, 1, 48, 2, 4, 2, 8, 1, 2, 0, 36, 5, 1, 0, 3, 11, 8, 4, 2, 3, 2, 5, 1, 3, 6, 3, 3, 2, 7, 2, 1, 0, 2, 3, 4, 4, 7, 8, 0, 0, 0, 0, 0, 0, 0, 0, 4, 0, 0, 0, 1, 0, 0, 0, 0, 0, 0, 0, 2, 0, 0, 0, 1, 0, 0, 0, 1, 0, 0, 0, 0, 0, 0, 0, 
42, 0, 0, 0, 0, 2, 0, 0, 0, 0, 0, 0, 1, 0, 0, 0, 0, 1, 0, 0, 0, 0, 0, 0, 1, 100, 0, 0, 0, 3, 2, 4, 5, 46, 1, 4, 2, 1, 0, 5, 3, 48, 2, 3, 3, 16, 2, 0, 0, 28, 0, 3, 0, 8, 3, 5, 7, 7, 0, 3, 1, 3, 6, 3, 3, 8, 3, 5, 0, 0, 0, 2, 0, 8, 5, 5, 3, 1, 0, 0, 0, 2, 0, 0, 0, 0, 0, 0, 0, 1, 0, 0, 0, 1, 0, 0, 0, 1, 0, 0, 0, 1, 0, 0, 0, 0, 0, 0, 0, 1, 0, 0, 0, 
43, 0, 1, 0, 0, 0, 0, 0, 1, 0, 0, 0, 0, 0, 0, 1, 0, 1, 1, 0, 0, 1, 0, 1, 0, 100, 0, 1, 0, 3, 1, 1, 1, 53, 3, 0, 1, 6, 3, 5, 9, 50, 1, 1, 2, 11, 0, 0, 0, 12, 2, 2, 4, 5, 6, 7, 5, 3, 1, 2, 3, 3, 3, 5, 1, 5, 6, 10, 5, 6, 6, 3, 2, 6, 1, 1, 5, 0, 0, 0, 0, 0, 0, 0, 0, 1, 0, 0, 0, 2, 0, 0, 0, 1, 0, 0, 0, 0, 0, 0, 0, 1, 0, 0, 0, 1, 0, 0, 0, 0, 0, 0, 0, 
44, 2, 2, 1, 0, 0, 1, 1, 1, 0, 0, 0, 0, 1, 0, 0, 0, 1, 1, 0, 0, 0, 0, 1, 0, 100, 0, 1, 0, 2, 0, 1, 2, 44, 3, 4, 3, 9, 5, 5, 3, 44, 0, 1, 2, 1, 3, 1, 2, 8, 7, 2, 3, 9, 8, 4, 5, 11, 2, 3, 2, 0, 1, 1, 0, 4, 2, 7, 4, 9, 3, 4, 2, 2, 2, 2, 1, 1, 0, 0, 0, 1, 0, 0, 0, 1, 0, 0, 0, 1, 0, 0, 0, 0, 0, 0, 0, 4, 0, 0, 0, 0, 0, 0, 0, 0, 0, 0, 0, 0, 0, 0, 0, 
45, 1, 1, 0, 0, 0, 0, 1, 1, 0, 0, 0, 0, 0, 0, 0, 0, 0, 0, 1, 0, 0, 0, 1, 0, 100, 1, 1, 1, 2, 3, 0, 0, 39, 4, 3, 3, 3, 5, 1, 7, 43, 2, 2, 0, 1, 0, 0, 1, 29, 6, 1, 4, 22, 5, 7, 3, 11, 0, 3, 2, 7, 2, 1, 5, 3, 5, 3, 6, 5, 6, 5, 7, 3, 2, 1, 2, 0, 0, 0, 0, 0, 0, 0, 0, 3, 0, 0, 0, 1, 0, 0, 0, 1, 0, 0, 0, 0, 0, 0, 0, 1, 0, 0, 0, 0, 0, 0, 0, 0, 0, 0, 0, 
46, 1, 0, 0, 1, 0, 5, 2, 0, 0, 1, 2, 0, 1, 1, 3, 0, 2, 0, 2, 0, 0, 0, 0, 0, 100, 1, 0, 2, 0, 0, 0, 0, 47, 5, 5, 1, 3, 1, 5, 3, 43, 1, 3, 1, 16, 5, 2, 1, 23, 1, 4, 0, 13, 11, 9, 5, 0, 1, 1, 2, 9, 0, 2, 1, 5, 3, 4, 2, 12, 8, 4, 4, 11, 1, 0, 1, 0, 0, 0, 0, 1, 0, 0, 0, 0, 0, 0, 0, 0, 0, 0, 0, 1, 0, 0, 0, 1, 0, 0, 0, 1, 0, 0, 0, 0, 0, 0, 0, 1, 0, 0, 0, 
47, 1, 1, 0, 0, 1, 1, 1, 2, 1, 0, 1, 0, 0, 1, 0, 0, 0, 0, 0, 0, 2, 0, 1, 0, 100, 0, 0, 1, 0, 1, 0, 0, 42, 3, 4, 0, 3, 3, 0, 4, 40, 4, 0, 2, 7, 2, 4, 1, 13, 4, 3, 2, 26, 3, 6, 7, 3, 4, 4, 5, 10, 1, 2, 1, 4, 3, 3, 3, 7, 3, 4, 3, 13, 1, 1, 1, 4, 0, 0, 0, 1, 0, 0, 0, 3, 0, 0, 0, 2, 0, 0, 0, 1, 0, 0, 0, 1, 0, 0, 0, 0, 0, 0, 0, 0, 0, 0, 0, 1, 0, 0, 0, 
48, 1, 0, 2, 0, 2, 1, 0, 0, 1, 0, 0, 2, 2, 3, 1, 0, 0, 2, 2, 0, 0, 0, 0, 1, 100, 0, 0, 0, 1, 1, 0, 0, 31, 2, 3, 3, 8, 5, 4, 1, 38, 1, 2, 1, 17, 3, 7, 2, 8, 4, 1, 1, 18, 8, 3, 4, 16, 3, 3, 6, 1, 4, 3, 1, 2, 3, 0, 0, 3, 3, 3, 2, 5, 2, 0, 3, 0, 0, 0, 0, 0, 0, 0, 0, 1, 0, 0, 0, 1, 0, 0, 0, 1, 0, 0, 0, 0, 0, 0, 0, 0, 0, 0, 0, 0, 0, 0, 0, 1, 0, 0, 0, 
49, 0, 0, 0, 0, 1, 0, 0, 0, 3, 1, 0, 0, 0, 0, 0, 0, 0, 1, 0, 1, 0, 0, 0, 0, 100, 0, 1, 1, 3, 1, 4, 1, 35, 5, 4, 2, 20, 2, 2, 6, 29, 2, 0, 0, 21, 2, 1, 1, 12, 3, 5, 1, 11, 8, 4, 2, 12, 1, 2, 5, 3, 4, 4, 2, 1, 0, 1, 0, 2, 1, 1, 2, 7, 2, 0, 0, 0, 0, 0, 0, 2, 0, 0, 0, 0, 0, 0, 0, 1, 0, 0, 0, 1, 0, 0, 0, 1, 0, 0, 0, 1, 0, 0, 0, 1, 0, 0, 0, 0, 0, 0, 0, 
50, 0, 0, 1, 0, 0, 1, 0, 0, 2, 2, 0, 2, 2, 0, 1, 0, 0, 0, 1, 0, 0, 0, 0, 0, 100, 1, 1, 1, 5, 2, 0, 0, 49, 3, 2, 1, 17, 5, 6, 0, 12, 0, 4, 1, 17, 1, 4, 5, 27, 10, 3, 3, 5, 5, 4, 6, 4, 5, 2, 2, 5, 9, 9, 7, 0, 2, 0, 0, 2, 2, 5, 3, 14, 3, 0, 2, 0, 0, 0, 0, 0, 0, 0, 0, 0, 0, 0, 0, 2, 0, 0, 0, 2, 0, 0, 0, 2, 0, 0, 0, 0, 0, 0, 0, 1, 0, 0, 0, 1, 0, 0, 0, 
51, 1, 0, 0, 0, 0, 0, 1, 0, 1, 0, 0, 0, 0, 0, 0, 0, 0, 0, 0, 0, 0, 1, 1, 1, 100, 1, 2, 0, 4, 2, 3, 1, 49, 4, 4, 2, 9, 5, 2, 2, 6, 1, 2, 2, 24, 2, 2, 3, 39, 1, 0, 0, 4, 3, 5, 3, 5, 4, 7, 3, 4, 3, 4, 2, 2, 2, 3, 5, 4, 8, 6, 6, 19, 1, 1, 1, 1, 0, 0, 0, 2, 0, 0, 0, 0, 0, 0, 0, 0, 0, 0, 0, 2, 0, 0, 0, 1, 0, 0, 0, 0, 0, 0, 0, 1, 0, 0, 0, 1, 0, 0, 0, 
52, 0, 0, 1, 1, 4, 1, 0, 2, 0, 0, 0, 0, 0, 0, 0, 0, 0, 0, 0, 0, 0, 0, 0, 0, 100, 2, 0, 1, 2, 1, 0, 2, 48, 1, 3, 1, 13, 6, 3, 1, 22, 1, 2, 2, 25, 6, 1, 2, 30, 0, 3, 3, 6, 3, 2, 5, 6, 2, 6, 7, 2, 4, 3, 2, 3, 7, 4, 8, 3, 2, 5, 5, 23, 3, 2, 1, 0, 0, 0, 0, 1, 0, 0, 0, 1, 0, 0, 0, 1, 0, 0, 0, 1, 0, 0, 0, 0, 0, 0, 0, 2, 0, 0, 0, 1, 0, 0, 0, 1, 0, 0, 0, 
53, 1, 2, 1, 0, 1, 0, 1, 0, 0, 1, 2, 0, 1, 0, 0, 0, 0, 0, 0, 0, 0, 0, 0, 1, 100, 2, 2, 0, 0, 1, 0, 0, 37, 2, 2, 0, 15, 6, 3, 3, 14, 1, 0, 1, 36, 5, 4, 6, 37, 2, 3, 0, 1, 3, 2, 3, 8, 5, 3, 3, 1, 1, 1, 0, 9, 2, 8, 9, 2, 2, 0, 0, 41, 6, 0, 0, 2, 0, 0, 0, 0, 0, 0, 0, 0, 0, 0, 0, 3, 0, 0, 0, 0, 0, 0, 0, 0, 0, 0, 0, 0, 0, 0, 0, 1, 0, 0, 0, 4, 0, 0, 0, 
54, 2, 0, 2, 1, 1, 1, 0, 1, 0, 1, 0, 0, 0, 0, 0, 0, 0, 0, 0, 0, 0, 1, 1, 0, 100, 1, 1, 0, 1, 0, 1, 0, 13, 1, 1, 3, 24, 2, 2, 6, 13, 5, 2, 1, 33, 2, 7, 2, 40, 3, 2, 0, 3, 1, 1, 1, 7, 3, 5, 4, 4, 7, 4, 2, 3, 6, 7, 5, 0, 0, 0, 1, 53, 2, 1, 1, 0, 0, 0, 0, 1, 0, 0, 0, 0, 0, 0, 0, 0, 0, 0, 0, 0, 0, 0, 0, 0, 0, 0, 0, 1, 0, 0, 0, 1, 0, 0, 0, 1, 0, 0, 0, 
55, 1, 2, 1, 2, 0, 0, 1, 1, 1, 0, 0, 0, 0, 0, 0, 0, 0, 0, 1, 0, 1, 1, 3, 0, 100, 0, 0, 0, 5, 4, 2, 2, 8, 2, 0, 2, 23, 1, 1, 4, 3, 1, 1, 0, 32, 2, 3, 4, 31, 0, 2, 4, 5, 1, 2, 4, 3, 0, 2, 2, 12, 5, 5, 2, 1, 7, 8, 5, 0, 1, 1, 2, 54, 1, 2, 0, 0, 0, 0, 0, 0, 0, 0, 0, 0, 0, 0, 0, 0, 0, 0, 0, 2, 0, 0, 0, 2, 0, 0, 0, 0, 0, 0, 0, 2, 0, 0, 0, 1, 0, 0, 0, 
56, 0, 0, 1, 0, 0, 2, 1, 2, 1, 0, 0, 0, 0, 1, 0, 1, 0, 0, 0, 1, 0, 0, 2, 0, 100, 0, 4, 0, 0, 1, 0, 1, 3, 5, 3, 4, 2, 2, 1, 1, 3, 2, 2, 1, 27, 1, 1, 4, 45, 5, 0, 3, 3, 5, 0, 3, 2, 1, 0, 0, 4, 3, 2, 4, 5, 3, 5, 2, 1, 1, 2, 0, 56, 1, 3, 1, 1, 0, 0, 0, 1, 0, 0, 0, 1, 0, 0, 0, 0, 0, 0, 0, 1, 0, 0, 0, 0, 0, 0, 0, 2, 0, 0, 0, 0, 0, 0, 0, 0, 0, 0, 0, 
57, 2, 1, 1, 1, 0, 1, 1, 0, 0, 1, 1, 0, 0, 0, 0, 0, 0, 2, 0, 0, 0, 0, 0, 0, 100, 1, 0, 0, 4, 3, 1, 0, 1, 1, 1, 5, 1, 0, 0, 2, 3, 10, 7, 4, 28, 1, 2, 2, 44, 0, 1, 2, 1, 5, 3, 3, 3, 3, 0, 4, 4, 1, 0, 3, 15, 8, 3, 5, 0, 1, 0, 1, 63, 1, 1, 0, 0, 0, 0, 0, 1, 0, 0, 0, 0, 0, 0, 0, 0, 0, 0, 0, 1, 0, 0, 0, 0, 0, 0, 0, 1, 0, 0, 0, 1, 0, 0, 0, 1, 0, 0, 0, 
58, 1, 2, 1, 3, 1, 0, 0, 1, 1, 1, 0, 1, 0, 0, 0, 0, 0, 0, 0, 0, 0, 1, 0, 0, 100, 4, 2, 1, 2, 1, 0, 3, 1, 0, 0, 0, 1, 2, 0, 1, 8, 6, 2, 2, 46, 11, 3, 0, 47, 4, 3, 1, 1, 7, 5, 5, 2, 0, 1, 0, 1, 1, 0, 0, 8, 5, 6, 1, 2, 1, 0, 1, 57, 5, 2, 1, 0, 0, 0, 0, 0, 0, 0, 0, 1, 0, 0, 0, 0, 0, 0, 0, 0, 0, 0, 0, 1, 0, 0, 0, 0, 0, 0, 0, 1, 0, 0, 0, 0, 0, 0, 0, 
59, 10, 2, 5, 1, 0, 1, 0, 0, 0, 0, 0, 0, 0, 0, 0, 0, 0, 1, 1, 0, 0, 0, 0, 0, 100, 1, 0, 1, 1, 0, 2, 0, 4, 4, 2, 1, 11, 1, 2, 2, 4, 12, 9, 4, 48, 3, 6, 3, 43, 1, 2, 2, 6, 1, 5, 5, 2, 0, 2, 4, 2, 2, 3, 4, 1, 2, 3, 2, 3, 3, 3, 2, 55, 0, 1, 0, 0, 0, 0, 0, 1, 0, 0, 0, 0, 0, 0, 0, 1, 0, 0, 0, 1, 0, 0, 0, 1, 0, 0, 0, 0, 0, 0, 0, 2, 0, 0, 0, 1, 0, 0, 0, 
60, 1, 1, 3, 1, 0, 1, 0, 0, 0, 0, 1, 0, 0, 0, 0, 0, 3, 1, 1, 1, 1, 0, 0, 0, 100, 0, 1, 1, 0, 0, 0, 2, 5, 3, 6, 3, 22, 0, 1, 0, 10, 6, 3, 1, 40, 3, 1, 3, 41, 2, 3, 4, 5, 11, 7, 4, 2, 1, 4, 4, 5, 2, 2, 2, 2, 2, 0, 1, 1, 1, 0, 0, 40, 3, 0, 0, 0, 0, 0, 0, 0, 0, 0, 0, 0, 0, 0, 0, 2, 0, 0, 0, 2, 0, 0, 0, 2, 0, 0, 0, 0, 0, 0, 0, 0, 0, 0, 0, 0, 0, 0, 0, 
61, 1, 1, 0, 0, 0, 0, 3, 0, 0, 3, 1, 0, 1, 2, 0, 0, 1, 0, 0, 0, 0, 0, 1, 0, 100, 1, 0, 1, 4, 1, 0, 2, 12, 8, 4, 0, 18, 3, 0, 0, 0, 1, 0, 1, 44, 6, 1, 3, 50, 1, 0, 1, 5, 4, 7, 8, 2, 4, 3, 1, 1, 0, 0, 3, 0, 0, 0, 0, 2, 3, 3, 1, 38, 2, 0, 2, 1, 0, 0, 0, 2, 0, 0, 0, 0, 0, 0, 0, 0, 0, 0, 0, 0, 0, 0, 0, 0, 0, 0, 0, 1, 0, 0, 0, 1, 0, 0, 0, 0, 0, 0, 0, 
62, 0, 0, 0, 0, 1, 0, 1, 0, 2, 1, 4, 1, 1, 1, 1, 1, 2, 0, 1, 0, 0, 0, 0, 0, 100, 1, 0, 0, 0, 0, 0, 0, 26, 1, 2, 1, 16, 1, 1, 0, 1, 0, 3, 0, 50, 1, 2, 4, 45, 0, 1, 0, 3, 3, 1, 3, 3, 4, 2, 4, 0, 0, 2, 1, 3, 1, 0, 3, 3, 2, 2, 1, 38, 2, 3, 0, 3, 0, 0, 0, 0, 0, 0, 0, 1, 0, 0, 0, 1, 0, 0, 0, 0, 0, 0, 0, 0, 0, 0, 0, 1, 0, 0, 0, 2, 0, 0, 0, 1, 0, 0, 0, 
63, 5, 1, 0, 0, 1, 1, 0, 0, 0, 1, 0, 0, 2, 2, 0, 0, 0, 0, 0, 0, 1, 0, 0, 1, 94, 1, 0, 2, 5, 1, 0, 0, 19, 2, 3, 2, 5, 0, 0, 0, 0, 0, 0, 0, 47, 0, 5, 1, 42, 3, 5, 3, 1, 1, 0, 1, 3, 6, 15, 1, 8, 3, 6, 2, 10, 8, 2, 5, 2, 1, 2, 4, 42, 2, 1, 0, 0, 0, 0, 0, 0, 0, 0, 0, 0, 0, 0, 0, 0, 0, 0, 0, 0, 0, 0, 0, 1, 0, 0, 0, 3, 0, 0, 0, 4, 0, 0, 0, 1, 0, 0, 0, 
64, 2, 0, 1, 1, 0, 1, 0, 1, 0, 0, 2, 0, 0, 0, 1, 0, 1, 0, 1, 0, 1, 3, 0, 0, 100, 1, 1, 3, 10, 1, 0, 1, 11, 1, 1, 1, 1, 2, 2, 2, 0, 2, 0, 0, 45, 1, 2, 1, 32, 1, 3, 0, 1, 2, 0, 2, 4, 6, 6, 2, 4, 5, 3, 7, 15, 4, 4, 8, 3, 0, 0, 1, 58, 3, 2, 1, 1, 0, 0, 0, 0, 0, 0, 0, 2, 0, 0, 0, 1, 0, 0, 0, 1, 0, 0, 0, 0, 0, 0, 0, 1, 0, 0, 0, 0, 0, 0, 0, 0, 0, 0, 0, 
65, 0, 0, 1, 0, 1, 1, 1, 0, 0, 0, 1, 0, 2, 3, 0, 0, 1, 2, 0, 0, 2, 0, 0, 0, 100, 1, 0, 0, 1, 0, 0, 0, 11, 2, 2, 4, 1, 0, 0, 0, 0, 0, 0, 0, 34, 4, 2, 3, 28, 0, 1, 1, 1, 2, 1, 1, 10, 5, 6, 6, 5, 5, 8, 4, 15, 6, 3, 1, 8, 2, 0, 2, 51, 1, 3, 0, 2, 0, 0, 0, 0, 0, 0, 0, 0, 0, 0, 0, 0, 0, 0, 0, 1, 0, 0, 0, 0, 0, 0, 0, 1, 0, 0, 0, 2, 0, 0, 0, 1, 0, 0, 0, 
66, 1, 0, 2, 3, 3, 1, 1, 0, 1, 0, 0, 1, 1, 1, 2, 1, 0, 1, 0, 0, 1, 0, 3, 2, 100, 1, 0, 0, 0, 0, 1, 0, 16, 5, 0, 1, 2, 2, 2, 1, 1, 0, 0, 0, 45, 2, 4, 3, 17, 5, 1, 2, 1, 5, 2, 4, 7, 9, 3, 3, 6, 5, 6, 3, 6, 3, 6, 2, 2, 3, 1, 2, 57, 2, 0, 2, 1, 0, 0, 0, 1, 0, 0, 0, 0, 0, 0, 0, 1, 0, 0, 0, 0, 0, 0, 0, 1, 0, 0, 0, 2, 0, 0, 0, 1, 0, 0, 0, 0, 0, 0, 0, 
67, 1, 1, 2, 1, 0, 0, 0, 0, 0, 0, 0, 0, 0, 0, 0, 0, 0, 0, 0, 0, 1, 0, 1, 0, 100, 0, 2, 0, 0, 1, 3, 2, 20, 6, 3, 2, 1, 4, 2, 4, 0, 0, 0, 0, 42, 3, 3, 3, 15, 2, 0, 2, 2, 0, 2, 2, 7, 6, 8, 4, 4, 0, 3, 5, 2, 6, 6, 5, 8, 5, 4, 2, 63, 2, 0, 1, 0, 0, 0, 0, 3, 0, 0, 0, 0, 0, 0, 0, 1, 0, 0, 0, 0, 0, 0, 0, 4, 0, 0, 0, 0, 0, 0, 0, 0, 0, 0, 0, 1, 0, 0, 0, 
68, 3, 0, 1, 0, 0, 3, 0, 0, 0, 1, 1, 0, 1, 1, 1, 0, 1, 0, 0, 1, 1, 0, 0, 1, 100, 1, 0, 2, 0, 1, 2, 1, 39, 9, 1, 3, 1, 2, 1, 1, 2, 0, 1, 2, 44, 3, 2, 0, 4, 2, 0, 2, 2, 0, 1, 0, 11, 5, 4, 5, 5, 9, 4, 5, 0, 0, 1, 0, 4, 4, 2, 6, 64, 2, 2, 0, 1, 0, 0, 0, 0, 0, 0, 0, 0, 0, 0, 0, 0, 0, 0, 0, 1, 0, 0, 0, 3, 0, 0, 0, 2, 0, 0, 0, 0, 0, 0, 0, 2, 0, 0, 0, 
69, 0, 0, 0, 0, 3, 1, 1, 0, 0, 0, 0, 0, 1, 1, 0, 1, 0, 1, 0, 1, 1, 0, 0, 0, 100, 0, 0, 0, 3, 2, 2, 0, 36, 3, 2, 2, 0, 0, 0, 1, 2, 1, 0, 2, 31, 3, 3, 1, 3, 4, 2, 4, 5, 2, 1, 0, 7, 8, 6, 7, 1, 1, 4, 2, 12, 0, 1, 4, 0, 0, 3, 5, 49, 3, 0, 1, 0, 0, 0, 0, 2, 0, 0, 0, 1, 0, 0, 0, 2, 0, 0, 0, 0, 0, 0, 0, 0, 0, 0, 0, 0, 0, 0, 0, 1, 0, 0, 0, 1, 0, 0, 0, 
70, 1, 0, 0, 0, 1, 1, 1, 1, 0, 1, 1, 2, 0, 0, 0, 0, 1, 0, 0, 0, 1, 0, 0, 1, 100, 2, 0, 0, 0, 0, 1, 0, 42, 2, 1, 4, 0, 4, 0, 2, 0, 2, 1, 0, 24, 2, 2, 0, 0, 1, 1, 1, 5, 2, 0, 1, 7, 9, 3, 1, 3, 1, 1, 2, 3, 0, 0, 1, 0, 0, 1, 1, 44, 1, 3, 0, 2, 0, 0, 0, 1, 0, 0, 0, 0, 0, 0, 0, 3, 0, 0, 0, 1, 0, 0, 0, 2, 0, 0, 0, 0, 0, 0, 0, 0, 0, 0, 0, 0, 0, 0, 0, 
71, 0, 0, 0, 0, 1, 2, 1, 2, 1, 1, 1, 0, 3, 1, 0, 0, 0, 1, 0, 1, 0, 0, 1, 1, 100, 2, 0, 2, 1, 1, 2, 1, 32, 2, 2, 5, 0, 0, 0, 0, 3, 0, 0, 2, 29, 2, 2, 3, 0, 1, 1, 0, 10, 0, 1, 0, 6, 1, 8, 2, 0, 2, 4, 1, 5, 3, 4, 3, 4, 0, 0, 0, 33, 0, 3, 3, 0, 0, 0, 0, 2, 0, 0, 0, 2, 0, 0, 0, 0, 0, 0, 0, 1, 0, 0, 0, 1, 0, 0, 0, 0, 0, 0, 0, 0, 0, 0, 0, 0, 0, 0, 0, 
72, 0, 2, 1, 1, 0, 0, 0, 0, 0, 0, 0, 0, 0, 1, 2, 0, 1, 0, 0, 0, 1, 1, 0, 1, 100, 2, 2, 0, 1, 0, 2, 1, 22, 3, 3, 1, 1, 5, 4, 4, 0, 0, 0, 1, 26, 2, 3, 5, 1, 2, 1, 1, 9, 0, 0, 1, 0, 1, 0, 0, 3, 2, 2, 3, 1, 1, 0, 2, 0, 0, 0, 1, 22, 1, 1, 1, 2, 0, 0, 0, 1, 0, 0, 0, 2, 0, 0, 0, 0, 0, 0, 0, 0, 0, 0, 0, 0, 0, 0, 0, 0, 0, 0, 0, 1, 0, 0, 0, 0, 0, 0, 0, 
73, 0, 2, 1, 0, 1, 1, 0, 0, 0, 2, 0, 0, 0, 0, 0, 1, 2, 2, 1, 0, 0, 0, 0, 0, 100, 1, 1, 1, 1, 3, 4, 2, 22, 4, 3, 3, 8, 4, 5, 4, 3, 2, 2, 3, 23, 2, 3, 3, 2, 2, 3, 1, 6, 0, 0, 0, 3, 4, 6, 2, 2, 2, 0, 0, 0, 0, 2, 1, 1, 1, 0, 0, 21, 9, 2, 2, 1, 0, 0, 0, 0, 0, 0, 0, 0, 0, 0, 0, 0, 0, 0, 0, 2, 0, 0, 0, 1, 0, 0, 0, 0, 0, 0, 0, 0, 0, 0, 0, 1, 0, 0, 0, 
74, 0, 0, 1, 0, 0, 0, 0, 0, 1, 1, 1, 0, 1, 0, 0, 0, 0, 0, 0, 1, 0, 0, 0, 0, 100, 2, 0, 0, 2, 2, 3, 3, 25, 6, 2, 2, 9, 12, 3, 10, 0, 0, 0, 2, 12, 5, 2, 1, 2, 3, 2, 3, 7, 0, 2, 0, 10, 2, 4, 6, 5, 0, 0, 0, 1, 0, 0, 2, 1, 0, 0, 1, 38, 0, 1, 1, 0, 0, 0, 0, 1, 0, 0, 0, 2, 0, 0, 0, 0, 0, 0, 0, 0, 0, 0, 0, 4, 0, 0, 0, 0, 0, 0, 0, 0, 0, 0, 0, 1, 0, 0, 0, 
75, 0, 1, 0, 0, 1, 0, 4, 0, 0, 1, 0, 0, 0, 0, 0, 1, 2, 1, 0, 0, 1, 0, 0, 0, 100, 2, 2, 1, 5, 7, 7, 2, 36, 1, 4, 2, 3, 9, 8, 5, 6, 1, 0, 0, 7, 4, 7, 1, 1, 1, 1, 1, 3, 0, 0, 0, 8, 6, 1, 3, 1, 0, 0, 0, 3, 2, 2, 1, 1, 1, 0, 1, 37, 1, 4, 1, 0, 0, 0, 0, 0, 0, 0, 0, 2, 0, 0, 0, 0, 0, 0, 0, 0, 0, 0, 0, 1, 0, 0, 0, 0, 0, 0, 0, 0, 0, 0, 0, 0, 0, 0, 0, 
76, 0, 0, 2, 1, 1, 0, 1, 2, 2, 1, 0, 0, 0, 0, 0, 0, 0, 0, 0, 0, 0, 1, 0, 0, 100, 1, 0, 1, 11, 4, 12, 2, 37, 4, 2, 3, 4, 7, 12, 5, 11, 0, 0, 0, 1, 0, 1, 2, 7, 2, 2, 0, 2, 3, 1, 3, 0, 1, 1, 1, 0, 1, 0, 0, 4, 4, 2, 3, 3, 1, 5, 2, 45, 1, 1, 1, 4, 0, 0, 0, 2, 0, 0, 0, 0, 0, 0, 0, 0, 0, 0, 0, 3, 0, 0, 0, 1, 0, 0, 0, 0, 0, 0, 0, 0, 0, 0, 0, 1, 0, 0, 0, 
77, 1, 0, 2, 0, 0, 0, 1, 0, 0, 0, 1, 0, 1, 1, 0, 2, 0, 0, 0, 0, 1, 0, 1, 1, 100, 5, 1, 0, 6, 2, 4, 5, 23, 4, 2, 1, 13, 9, 9, 7, 2, 1, 0, 0, 7, 3, 1, 1, 20, 0, 2, 1, 1, 3, 2, 1, 1, 0, 5, 2, 3, 5, 2, 2, 0, 0, 0, 0, 2, 3, 1, 8, 59, 2, 0, 0, 0, 0, 0, 0, 1, 0, 0, 0, 1, 0, 0, 0, 0, 0, 0, 0, 2, 0, 0, 0, 1, 0, 0, 0, 1, 0, 0, 0, 1, 0, 0, 0, 0, 0, 0, 0, 
78, 3, 0, 0, 0, 1, 0, 1, 1, 1, 1, 0, 2, 0, 0, 0, 0, 0, 0, 0, 0, 1, 0, 0, 0, 100, 0, 0, 1, 1, 2, 0, 0, 13, 3, 3, 2, 6, 11, 6, 11, 2, 1, 1, 1, 15, 3, 3, 3, 17, 1, 1, 0, 0, 1, 1, 1, 3, 1, 1, 0, 5, 4, 5, 1, 4, 4, 3, 3, 1, 7, 6, 2, 62, 1, 4, 1, 0, 0, 0, 0, 2, 0, 0, 0, 0, 0, 0, 0, 0, 0, 0, 0, 1, 0, 0, 0, 1, 0, 0, 0, 0, 0, 0, 0, 1, 0, 0, 0, 2, 0, 0, 0, 
79, 4, 3, 8, 4, 0, 0, 1, 0, 0, 0, 0, 0, 0, 0, 0, 0, 0, 0, 0, 0, 1, 0, 0, 0, 100, 1, 1, 0, 2, 1, 5, 1, 4, 1, 2, 3, 5, 5, 5, 1, 2, 0, 0, 1, 16, 4, 3, 1, 2, 0, 0, 0, 0, 2, 1, 0, 4, 2, 1, 1, 12, 5, 4, 2, 7, 7, 11, 7, 2, 4, 2, 4, 63, 2, 3, 2, 2, 0, 0, 0, 0, 0, 0, 0, 0, 0, 0, 0, 1, 0, 0, 0, 0, 0, 0, 0, 0, 0, 0, 0, 0, 0, 0, 0, 3, 0, 0, 0, 0, 0, 0, 0, 
80, 3, 1, 2, 0, 0, 0, 1, 0, 0, 1, 1, 0, 1, 1, 0, 1, 0, 0, 1, 0, 0, 0, 0, 0, 100, 3, 0, 0, 3, 2, 2, 3, 19, 2, 1, 5, 4, 5, 4, 3, 3, 3, 2, 2, 23, 6, 3, 1, 1, 1, 1, 1, 0, 0, 0, 1, 1, 2, 0, 0, 3, 3, 2, 1, 7, 12, 12, 10, 2, 1, 2, 1, 71, 2, 0, 1, 0, 0, 0, 0, 0, 0, 0, 0, 1, 0, 0, 0, 0, 0, 0, 0, 2, 0, 0, 0, 0, 0, 0, 0, 1, 0, 0, 0, 0, 0, 0, 0, 2, 0, 0, 0, 
81, 0, 0, 2, 0, 0, 0, 0, 0, 1, 0, 0, 0, 0, 0, 1, 0, 2, 0, 0, 0, 0, 0, 1, 0, 100, 5, 1, 1, 3, 4, 4, 3, 12, 5, 3, 2, 7, 0, 5, 4, 0, 0, 1, 1, 31, 4, 4, 0, 4, 3, 2, 1, 12, 2, 1, 2, 10, 7, 4, 2, 1, 1, 1, 2, 9, 11, 13, 12, 6, 6, 0, 1, 64, 2, 3, 1, 1, 0, 0, 0, 0, 0, 0, 0, 2, 0, 0, 0, 1, 0, 0, 0, 0, 0, 0, 0, 0, 0, 0, 0, 0, 0, 0, 0, 1, 0, 0, 0, 1, 0, 0, 0, 
82, 0, 0, 2, 0, 0, 0, 1, 1, 0, 0, 1, 0, 0, 2, 1, 0, 1, 0, 2, 0, 1, 0, 1, 0, 100, 1, 0, 1, 3, 1, 2, 2, 9, 3, 1, 2, 5, 6, 4, 3, 1, 1, 0, 0, 37, 4, 6, 1, 0, 1, 0, 0, 4, 3, 3, 2, 4, 1, 0, 0, 0, 1, 0, 0, 14, 12, 3, 6, 10, 4, 4, 4, 62, 5, 2, 1, 0, 0, 0, 0, 2, 0, 0, 0, 0, 0, 0, 0, 0, 0, 0, 0, 2, 0, 0, 0, 1, 0, 0, 0, 0, 0, 0, 0, 1, 0, 0, 0, 2, 0, 0, 0, 
83, 1, 0, 0, 0, 1, 1, 1, 0, 0, 1, 0, 0, 0, 0, 1, 0, 0, 0, 0, 1, 0, 0, 0, 0, 100, 0, 2, 0, 1, 2, 1, 2, 21, 5, 2, 1, 14, 7, 6, 9, 0, 0, 0, 1, 43, 2, 0, 0, 3, 2, 2, 4, 4, 2, 3, 4, 15, 0, 1, 1, 3, 4, 1, 3, 5, 10, 9, 12, 6, 2, 3, 2, 46, 0, 2, 2, 2, 0, 0, 0, 1, 0, 0, 0, 2, 0, 0, 0, 0, 0, 0, 0, 0, 0, 0, 0, 4, 0, 0, 0, 0, 0, 0, 0, 0, 0, 0, 0, 1, 0, 0, 0, 
84, 1, 0, 0, 1, 1, 1, 0, 1, 0, 0, 0, 0, 0, 0, 1, 0, 1, 3, 0, 1, 0, 0, 0, 0, 100, 1, 0, 1, 1, 0, 1, 0, 22, 1, 1, 4, 4, 2, 6, 6, 2, 7, 3, 5, 27, 1, 0, 1, 2, 4, 4, 2, 4, 4, 6, 1, 13, 0, 1, 1, 0, 4, 5, 5, 11, 7, 12, 4, 5, 3, 2, 5, 44, 1, 1, 1, 1, 0, 0, 0, 2, 0, 0, 0, 0, 0, 0, 0, 1, 0, 0, 0, 1, 0, 0, 0, 0, 0, 0, 0, 0, 0, 0, 0, 0, 0, 0, 0, 1, 0, 0, 0, 
85, 4, 2, 1, 4, 0, 1, 2, 0, 1, 0, 0, 1, 0, 0, 1, 0, 0, 0, 0, 0, 2, 2, 1, 2, 100, 2, 0, 0, 2, 2, 4, 4, 36, 4, 1, 1, 2, 0, 0, 3, 4, 1, 1, 1, 18, 5, 0, 2, 2, 2, 0, 0, 4, 1, 1, 3, 13, 2, 2, 0, 3, 2, 1, 2, 6, 5, 7, 3, 3, 3, 2, 2, 39, 1, 0, 1, 2, 0, 0, 0, 0, 0, 0, 0, 0, 0, 0, 0, 0, 0, 0, 0, 1, 0, 0, 0, 2, 0, 0, 0, 0, 0, 0, 0, 1, 0, 0, 0, 0, 0, 0, 0, 
86, 1, 1, 0, 0, 0, 0, 0, 0, 1, 0, 0, 1, 2, 0, 0, 0, 1, 0, 0, 0, 0, 1, 2, 0, 100, 0, 0, 1, 5, 4, 1, 3, 25, 3, 1, 2, 1, 0, 1, 2, 3, 1, 1, 2, 33, 7, 4, 2, 6, 1, 3, 3, 0, 0, 1, 0, 12, 0, 1, 0, 1, 3, 1, 0, 2, 2, 3, 1, 5, 4, 1, 3, 28, 1, 2, 1, 2, 0, 0, 0, 1, 0, 0, 0, 2, 0, 0, 0, 0, 0, 0, 0, 5, 0, 0, 0, 0, 0, 0, 0, 2, 0, 0, 0, 0, 0, 0, 0, 1, 0, 0, 0, 
87, 0, 0, 1, 0, 0, 0, 0, 1, 0, 0, 1, 0, 0, 0, 0, 1, 2, 0, 1, 1, 2, 1, 0, 1, 100, 3, 1, 0, 4, 2, 3, 2, 21, 5, 5, 1, 2, 3, 5, 0, 14, 5, 4, 4, 19, 2, 1, 0, 5, 4, 1, 3, 0, 0, 0, 0, 0, 1, 0, 1, 0, 3, 1, 1, 0, 0, 0, 0, 0, 3, 1, 2, 33, 1, 3, 2, 0, 0, 0, 0, 0, 0, 0, 0, 1, 0, 0, 0, 0, 0, 0, 0, 1, 0, 0, 0, 1, 0, 0, 0, 0, 0, 0, 0, 0, 0, 0, 0, 1, 0, 0, 0, 
88, 2, 1, 0, 0, 0, 1, 1, 1, 0, 0, 0, 1, 3, 1, 1, 0, 1, 1, 0, 2, 0, 1, 0, 1, 100, 4, 0, 0, 0, 0, 0, 0, 28, 1, 1, 2, 2, 1, 0, 0, 17, 5, 5, 1, 17, 5, 2, 4, 2, 7, 3, 2, 3, 0, 0, 0, 5, 4, 2, 0, 0, 2, 1, 1, 1, 0, 0, 0, 1, 0, 1, 0, 24, 7, 1, 0, 1, 0, 0, 0, 0, 0, 0, 0, 1, 0, 0, 0, 0, 0, 0, 0, 0, 0, 0, 0, 0, 0, 0, 0, 3, 0, 0, 0, 0, 0, 0, 0, 1, 0, 0, 0, 
89, 0, 1, 1, 2, 1, 0, 0, 0, 1, 1, 0, 0, 0, 0, 0, 1, 1, 1, 0, 0, 0, 0, 0, 0, 100, 0, 1, 0, 2, 0, 1, 0, 24, 3, 0, 1, 1, 6, 2, 1, 23, 6, 4, 1, 17, 4, 2, 3, 7, 4, 6, 2, 0, 1, 3, 2, 2, 4, 2, 2, 2, 1, 1, 0, 0, 1, 0, 0, 2, 3, 2, 0, 37, 2, 1, 1, 0, 0, 0, 0, 0, 0, 0, 0, 1, 0, 0, 0, 1, 0, 0, 0, 0, 0, 0, 0, 1, 0, 0, 0, 0, 0, 0, 0, 0, 0, 0, 0, 1, 0, 0, 0, 
90, 0, 1, 0, 0, 1, 2, 0, 0, 0, 0, 0, 0, 0, 0, 0, 0, 3, 1, 1, 1, 1, 1, 1, 0, 100, 3, 3, 0, 6, 0, 0, 0, 10, 0, 1, 2, 1, 4, 0, 5, 3, 2, 2, 3, 24, 2, 3, 2, 1, 8, 6, 10, 5, 0, 1, 3, 0, 0, 1, 1, 2, 3, 3, 0, 6, 4, 3, 5, 2, 3, 4, 2, 54, 3, 1, 1, 0, 0, 0, 0, 1, 0, 0, 0, 2, 0, 0, 0, 0, 0, 0, 0, 0, 0, 0, 0, 1, 0, 0, 0, 0, 0, 0, 0, 3, 0, 0, 0, 0, 0, 0, 0, 
91, 1, 2, 2, 1, 1, 0, 1, 1, 0, 1, 0, 0, 1, 0, 1, 1, 0, 0, 0, 0, 0, 0, 1, 0, 100, 0, 0, 1, 0, 0, 2, 1, 1, 5, 1, 1, 1, 6, 0, 1, 2, 4, 2, 3, 4, 1, 2, 1, 11, 3, 4, 7, 16, 4, 1, 0, 0, 1, 0, 0, 4, 3, 6, 0, 22, 2, 0, 2, 4, 3, 3, 2, 53, 1, 1, 1, 0, 0, 0, 0, 1, 0, 0, 0, 4, 0, 0, 0, 1, 0, 0, 0, 0, 0, 0, 0, 1, 0, 0, 0, 0, 0, 0, 0, 3, 0, 0, 0, 1, 0, 0, 0, 
92, 0, 1, 1, 0, 1, 0, 1, 0, 1, 0, 1, 0, 0, 0, 0, 0, 1, 0, 0, 0, 0, 2, 1, 0, 100, 4, 6, 0, 15, 0, 1, 0, 6, 5, 0, 3, 0, 1, 1, 1, 10, 2, 3, 2, 2, 1, 1, 1, 12, 14, 5, 5, 12, 5, 1, 1, 0, 2, 0, 0, 1, 1, 0, 0, 9, 3, 0, 2, 2, 6, 2, 2, 48, 1, 3, 0, 0, 0, 0, 0, 0, 0, 0, 0, 0, 0, 0, 0, 1, 0, 0, 0, 0, 0, 0, 0, 0, 0, 0, 0, 0, 0, 0, 0, 0, 0, 0, 0, 0, 0, 0, 0, 
93, 5, 2, 0, 2, 0, 0, 2, 1, 0, 0, 0, 0, 0, 0, 0, 0, 0, 0, 0, 0, 0, 0, 0, 0, 100, 0, 2, 0, 1, 3, 3, 4, 2, 7, 2, 4, 0, 0, 1, 0, 1, 0, 1, 2, 0, 0, 0, 0, 6, 7, 7, 6, 12, 3, 3, 1, 11, 3, 2, 1, 5, 2, 1, 1, 0, 0, 1, 1, 6, 4, 5, 6, 61, 2, 2, 0, 0, 0, 0, 0, 0, 0, 0, 0, 0, 0, 0, 0, 0, 0, 0, 0, 1, 0, 0, 0, 4, 0, 0, 0, 2, 0, 0, 0, 1, 0, 0, 0, 2, 0, 0, 0, 
94, 1, 1, 1, 1, 0, 0, 1, 0, 0, 0, 0, 0, 0, 0, 0, 0, 0, 1, 0, 0, 0, 0, 0, 0, 100, 0, 1, 0, 11, 3, 2, 0, 5, 5, 0, 2, 2, 1, 0, 1, 1, 1, 0, 0, 1, 1, 4, 0, 5, 9, 7, 7, 16, 3, 3, 1, 17, 3, 4, 3, 1, 2, 0, 1, 0, 0, 1, 0, 15, 5, 6, 4, 57, 2, 1, 1, 0, 0, 0, 0, 2, 0, 0, 0, 0, 0, 0, 0, 1, 0, 0, 0, 1, 0, 0, 0, 2, 0, 0, 0, 2, 0, 0, 0, 2, 0, 0, 0, 0, 0, 0, 0, 
95, 5, 0, 0, 0, 2, 0, 3, 2, 0, 0, 0, 0, 0, 0, 0, 0, 4, 0, 3, 0, 0, 1, 0, 0, 100, 5, 1, 1, 4, 2, 2, 1, 3, 5, 0, 0, 1, 1, 1, 4, 0, 0, 0, 0, 2, 1, 2, 1, 6, 13, 6, 3, 6, 2, 3, 2, 18, 3, 3, 1, 2, 5, 1, 1, 0, 0, 1, 1, 14, 6, 5, 4, 50, 1, 1, 0, 0, 0, 0, 0, 1, 0, 0, 0, 2, 0, 0, 0, 1, 0, 0, 0, 2, 0, 0, 0, 0, 0, 0, 0, 0, 0, 0, 0, 0, 0, 0, 0, 0, 0, 0, 0, 
96, 0, 0, 1, 0, 1, 0, 0, 0, 1, 2, 2, 3, 0, 1, 1, 0, 1, 0, 0, 1, 1, 0, 1, 0, 100, 1, 0, 1, 1, 4, 4, 1, 5, 0, 4, 0, 2, 4, 1, 2, 3, 1, 2, 0, 5, 2, 7, 2, 5, 6, 2, 10, 6, 2, 4, 2, 17, 1, 3, 1, 0, 0, 1, 0, 1, 3, 3, 2, 21, 7, 4, 2, 37, 0, 2, 3, 2, 0, 0, 0, 2, 0, 0, 0, 1, 0, 0, 0, 1, 0, 0, 0, 0, 0, 0, 0, 0, 0, 0, 0, 0, 0, 0, 0, 2, 0, 0, 0, 3, 0, 0, 0, 
97, 1, 1, 0, 0, 2, 0, 1, 0, 0, 0, 1, 1, 1, 0, 0, 0, 1, 0, 0, 0, 0, 0, 0, 0, 100, 1, 2, 0, 12, 1, 2, 3, 9, 4, 6, 4, 0, 1, 0, 1, 0, 0, 1, 0, 4, 1, 2, 4, 13, 10, 4, 10, 7, 0, 2, 1, 22, 1, 3, 5, 12, 2, 2, 0, 0, 3, 2, 1, 14, 3, 2, 3, 33, 0, 1, 3, 0, 0, 0, 0, 0, 0, 0, 0, 0, 0, 0, 0, 0, 0, 0, 0, 0, 0, 0, 0, 1, 0, 0, 0, 0, 0, 0, 0, 1, 0, 0, 0, 0, 0, 0, 0, 
98, 2, 1, 0, 1, 0, 0, 0, 2, 1, 0, 0, 0, 1, 2, 3, 1, 0, 0, 0, 1, 0, 0, 0, 1, 100, 1, 1, 0, 1, 1, 2, 1, 24, 6, 3, 1, 1, 2, 5, 1, 2, 5, 1, 1, 2, 4, 1, 1, 10, 6, 9, 3, 1, 4, 5, 5, 9, 4, 4, 4, 19, 5, 2, 0, 0, 1, 0, 2, 2, 4, 0, 5, 45, 5, 3, 2, 0, 0, 0, 0, 2, 0, 0, 0, 0, 0, 0, 0, 0, 0, 0, 0, 0, 0, 0, 0, 0, 0, 0, 0, 0, 0, 0, 0, 1, 0, 0, 0, 0, 0, 0, 0, 
99, 0, 0, 0, 2, 2, 1, 0, 1, 1, 0, 0, 0, 1, 1, 0, 2, 0, 0, 0, 0, 0, 0, 1, 0, 100, 0, 0, 0, 1, 1, 3, 0, 14, 2, 3, 2, 1, 1, 2, 3, 6, 5, 6, 4, 1, 3, 3, 2, 8, 8, 3, 5, 4, 8, 2, 2, 5, 5, 3, 1, 23, 3, 2, 0, 0, 3, 1, 1, 20, 6, 6, 7, 63, 1, 0, 1, 2, 0, 0, 0, 2, 0, 0, 0, 1, 0, 0, 0, 1, 0, 0, 0, 0, 0, 0, 0, 0, 0, 0, 0, 0, 0, 0, 0, 0, 0, 0, 0, 0, 0, 0, 0, 