0, 2, 2, 1, 1, 0, 0, 1, 0, 0, 1, 1, 0, 0, 1, 0, 0, 0, 0, 0, 0, 0, 0, 0, 0, 3, 2, 2, 2, 2, 1, 2, 2, 4, 0, 1, 0, 16, 1, 0, 1, 1, 1, 0, 0, 1, 0, 0, 1, 1, 2, 2, 3, 0, 0, 0, 0, 1, 1, 0, 1, 2, 2, 1, 4, 1, 3, 1, 0, 2, 0, 0, 0, 0, 0, 2, 0, 1, 0, 0, 0, 0, 0, 0, 0, 1, 0, 0, 0, 2, 0, 0, 0, 0, 0, 0, 0, 0, 0, 0, 0, 0, 0, 0, 0, 2, 0, 0, 0, 0, 0, 0, 0, 
1, 2, 1, 4, 3, 0, 0, 0, 0, 0, 0, 1, 0, 0, 0, 0, 1, 1, 0, 0, 1, 0, 0, 0, 0, 2, 2, 1, 2, 0, 7, 2, 1, 2, 4, 1, 2, 13, 2, 0, 0, 0, 0, 0, 0, 3, 2, 2, 2, 1, 0, 2, 0, 2, 0, 0, 0, 4, 1, 2, 1, 0, 0, 0, 0, 6, 2, 1, 0, 0, 0, 1, 1, 4, 3, 1, 2, 1, 0, 0, 0, 0, 0, 0, 0, 2, 0, 0, 0, 1, 0, 0, 0, 0, 0, 0, 0, 0, 0, 0, 0, 1, 0, 0, 0, 0, 0, 0, 0, 0, 0, 0, 0, 
2, 1, 1, 0, 1, 0, 0, 0, 0, 1, 1, 1, 0, 0, 1, 1, 1, 0, 0, 0, 0, 0, 0, 0, 0, 1, 1, 1, 2, 4, 3, 5, 6, 6, 4, 4, 1, 14, 0, 0, 0, 2, 4, 10, 4, 2, 5, 1, 1, 3, 4, 3, 0, 5, 4, 7, 4, 1, 0, 1, 0, 0, 0, 0, 0, 1, 0, 3, 0, 0, 2, 1, 3, 0, 0, 0, 0, 2, 0, 0, 0, 0, 0, 0, 0, 1, 0, 0, 0, 1, 0, 0, 0, 0, 0, 0, 0, 0, 0, 0, 0, 0, 0, 0, 0, 1, 0, 0, 0, 0, 0, 0, 0, 
3, 2, 2, 0, 0, 0, 1, 1, 0, 0, 1, 2, 0, 2, 0, 0, 0, 1, 0, 1, 0, 1, 3, 0, 0, 0, 0, 1, 0, 4, 1, 4, 2, 9, 7, 6, 0, 0, 2, 0, 0, 11, 7, 1, 7, 0, 2, 4, 1, 1, 0, 0, 2, 2, 2, 3, 5, 2, 4, 1, 2, 2, 2, 1, 0, 0, 0, 0, 0, 2, 4, 1, 4, 1, 0, 0, 4, 0, 0, 0, 0, 0, 0, 0, 0, 2, 0, 0, 0, 1, 0, 0, 0, 0, 0, 0, 0, 0, 0, 0, 0, 1, 0, 0, 0, 0, 0, 0, 0, 3, 0, 0, 0, 
4, 0, 3, 0, 1, 0, 1, 0, 2, 0, 0, 0, 0, 1, 0, 0, 0, 2, 0, 1, 1, 0, 0, 0, 1, 4, 2, 3, 6, 1, 4, 3, 3, 11, 13, 12, 9, 1, 1, 0, 1, 5, 3, 4, 1, 2, 2, 3, 3, 3, 1, 2, 0, 5, 4, 6, 4, 3, 1, 2, 0, 5, 2, 0, 2, 2, 1, 2, 0, 5, 3, 3, 1, 0, 0, 2, 0, 0, 0, 0, 0, 0, 0, 0, 0, 0, 0, 0, 0, 0, 0, 0, 0, 1, 0, 0, 0, 0, 0, 0, 0, 0, 0, 0, 0, 1, 0, 0, 0, 0, 0, 0, 0, 
5, 0, 0, 0, 0, 0, 1, 1, 1, 0, 1, 0, 1, 0, 0, 0, 0, 1, 1, 2, 3, 0, 0, 0, 0, 2, 2, 3, 1, 3, 7, 3, 4, 22, 6, 6, 12, 0, 0, 1, 0, 15, 2, 1, 2, 6, 3, 4, 4, 3, 3, 2, 6, 7, 6, 3, 3, 5, 0, 4, 3, 6, 8, 6, 1, 3, 3, 2, 0, 6, 4, 4, 4, 3, 1, 2, 3, 0, 0, 0, 0, 0, 0, 0, 0, 0, 0, 0, 0, 1, 0, 0, 0, 0, 0, 0, 0, 2, 0, 0, 0, 2, 0, 0, 0, 1, 0, 0, 0, 0, 0, 0, 0, 
6, 0, 0, 0, 0, 0, 2, 1, 0, 0, 0, 0, 0, 1, 0, 0, 0, 1, 2, 0, 0, 0, 0, 0, 0, 10, 1, 2, 1, 1, 3, 0, 2, 9, 11, 10, 8, 1, 3, 3, 0, 0, 4, 3, 3, 3, 4, 9, 8, 3, 2, 0, 0, 5, 4, 5, 4, 3, 2, 2, 3, 5, 5, 10, 7, 1, 1, 2, 1, 10, 9, 6, 7, 6, 3, 4, 4, 1, 0, 0, 0, 1, 0, 0, 0, 2, 0, 0, 0, 0, 0, 0, 0, 0, 0, 0, 0, 1, 0, 0, 0, 0, 0, 0, 0, 1, 0, 0, 0, 0, 0, 0, 0, 
7, 2, 0, 1, 0, 0, 0, 0, 0, 0, 0, 0, 0, 2, 0, 0, 1, 1, 1, 0, 0, 0, 1, 0, 0, 17, 3, 5, 4, 5, 7, 5, 6, 14, 12, 10, 4, 2, 1, 4, 4, 3, 4, 6, 2, 5, 5, 7, 6, 0, 1, 0, 3, 4, 6, 3, 4, 5, 2, 1, 3, 7, 10, 2, 5, 5, 2, 2, 7, 5, 4, 9, 8, 2, 3, 2, 1, 2, 0, 0, 0, 0, 0, 0, 0, 3, 0, 0, 0, 0, 0, 0, 0, 0, 0, 0, 0, 1, 0, 0, 0, 1, 0, 0, 0, 0, 0, 0, 0, 1, 0, 0, 0, 
8, 2, 2, 0, 3, 1, 0, 0, 1, 0, 1, 2, 1, 0, 0, 3, 0, 1, 1, 0, 0, 2, 0, 0, 1, 13, 4, 2, 0, 15, 4, 3, 5, 12, 13, 6, 6, 16, 2, 1, 1, 4, 3, 1, 1, 4, 3, 5, 2, 0, 0, 1, 0, 6, 7, 7, 8, 3, 9, 3, 4, 4, 6, 5, 4, 2, 7, 2, 3, 6, 4, 3, 4, 5, 4, 1, 3, 0, 0, 0, 0, 0, 0, 0, 0, 1, 0, 0, 0, 0, 0, 0, 0, 1, 0, 0, 0, 1, 0, 0, 0, 0, 0, 0, 0, 0, 0, 0, 0, 1, 0, 0, 0, 
9, 2, 0, 0, 0, 3, 1, 0, 0, 1, 0, 0, 0, 1, 1, 0, 0, 0, 0, 0, 1, 1, 0, 2, 1, 20, 0, 1, 2, 15, 4, 2, 2, 11, 10, 8, 7, 30, 0, 0, 0, 1, 1, 0, 1, 4, 3, 5, 6, 1, 0, 0, 0, 4, 4, 2, 7, 3, 5, 4, 7, 3, 6, 5, 3, 6, 9, 4, 3, 0, 1, 0, 1, 3, 2, 2, 4, 0, 0, 0, 0, 0, 0, 0, 0, 1, 0, 0, 0, 1, 0, 0, 0, 0, 0, 0, 0, 0, 0, 0, 0, 5, 0, 0, 0, 0, 0, 0, 0, 3, 0, 0, 0, 
10, 1, 2, 1, 1, 0, 0, 0, 2, 1, 0, 0, 2, 0, 1, 0, 1, 0, 0, 0, 0, 0, 0, 0, 0, 24, 2, 0, 3, 5, 4, 5, 1, 16, 11, 7, 11, 18, 4, 0, 3, 4, 1, 1, 0, 3, 3, 3, 2, 8, 4, 3, 1, 9, 6, 4, 9, 1, 4, 2, 3, 4, 1, 4, 1, 10, 7, 3, 3, 3, 4, 1, 3, 4, 4, 6, 3, 1, 0, 0, 0, 1, 0, 0, 0, 1, 0, 0, 0, 0, 0, 0, 0, 2, 0, 0, 0, 0, 0, 0, 0, 1, 0, 0, 0, 0, 0, 0, 0, 0, 0, 0, 0, 
11, 1, 3, 4, 2, 0, 1, 0, 0, 0, 0, 0, 0, 0, 0, 2, 0, 0, 0, 0, 1, 0, 0, 0, 1, 23, 1, 0, 1, 3, 5, 4, 6, 12, 17, 15, 20, 8, 3, 1, 0, 3, 4, 3, 4, 0, 0, 0, 0, 1, 1, 1, 0, 24, 6, 4, 5, 1, 3, 1, 1, 1, 0, 1, 1, 12, 7, 5, 2, 4, 5, 4, 0, 12, 7, 8, 3, 0, 0, 0, 0, 0, 0, 0, 0, 2, 0, 0, 0, 0, 0, 0, 0, 0, 0, 0, 0, 1, 0, 0, 0, 0, 0, 0, 0, 2, 0, 0, 0, 0, 0, 0, 0, 
12, 0, 1, 1, 0, 2, 0, 0, 2, 1, 0, 1, 0, 2, 0, 0, 0, 0, 0, 2, 0, 0, 0, 0, 0, 5, 2, 2, 1, 16, 5, 5, 6, 11, 19, 11, 11, 4, 1, 2, 0, 3, 2, 1, 4, 3, 4, 7, 5, 0, 2, 1, 3, 20, 6, 6, 5, 1, 4, 3, 4, 1, 0, 1, 2, 11, 7, 3, 5, 3, 1, 2, 3, 10, 4, 13, 7, 4, 0, 0, 0, 0, 0, 0, 0, 2, 0, 0, 0, 0, 0, 0, 0, 1, 0, 0, 0, 1, 0, 0, 0, 1, 0, 0, 0, 0, 0, 0, 0, 0, 0, 0, 0, 
13, 1, 1, 0, 0, 0, 3, 1, 0, 0, 0, 2, 1, 0, 1, 0, 3, 0, 1, 0, 0, 1, 0, 0, 1, 1, 0, 1, 0, 20, 7, 2, 2, 10, 9, 9, 11, 6, 1, 0, 0, 5, 4, 4, 3, 6, 5, 0, 5, 2, 1, 5, 3, 6, 3, 9, 3, 8, 3, 0, 2, 0, 2, 1, 1, 7, 4, 4, 3, 5, 3, 3, 2, 23, 5, 4, 6, 0, 0, 0, 0, 1, 0, 0, 0, 1, 0, 0, 0, 2, 0, 0, 0, 0, 0, 0, 0, 0, 0, 0, 0, 0, 0, 0, 0, 0, 0, 0, 0, 3, 0, 0, 0, 
14, 1, 0, 2, 0, 0, 0, 0, 0, 2, 0, 0, 0, 0, 2, 1, 1, 0, 1, 0, 0, 1, 0, 0, 0, 14, 3, 5, 2, 18, 5, 8, 4, 11, 8, 10, 9, 9, 5, 3, 2, 5, 15, 3, 1, 3, 5, 2, 3, 5, 5, 4, 5, 1, 0, 0, 1, 5, 1, 2, 0, 0, 2, 2, 1, 5, 8, 6, 3, 2, 4, 2, 1, 22, 9, 5, 6, 1, 0, 0, 0, 0, 0, 0, 0, 0, 0, 0, 0, 1, 0, 0, 0, 1, 0, 0, 0, 0, 0, 0, 0, 0, 0, 0, 0, 0, 0, 0, 0, 0, 0, 0, 0, 
15, 2, 0, 1, 0, 6, 1, 1, 1, 0, 0, 2, 0, 1, 0, 0, 5, 0, 0, 0, 0, 1, 2, 1, 2, 12, 2, 2, 2, 17, 7, 5, 5, 11, 8, 6, 6, 1, 1, 1, 1, 8, 6, 4, 2, 7, 1, 2, 1, 5, 7, 3, 2, 0, 0, 0, 0, 2, 1, 2, 0, 1, 3, 3, 0, 11, 5, 4, 11, 3, 5, 6, 12, 19, 6, 4, 4, 0, 0, 0, 0, 0, 0, 0, 0, 2, 0, 0, 0, 0, 0, 0, 0, 2, 0, 0, 0, 1, 0, 0, 0, 1, 0, 0, 0, 0, 0, 0, 0, 1, 0, 0, 0, 
16, 1, 0, 2, 1, 0, 1, 0, 0, 1, 0, 1, 0, 0, 1, 0, 0, 0, 1, 0, 0, 1, 0, 0, 0, 11, 1, 5, 1, 9, 6, 7, 3, 8, 2, 6, 3, 3, 4, 5, 1, 22, 3, 4, 1, 0, 0, 1, 2, 3, 5, 5, 3, 1, 2, 1, 4, 0, 1, 1, 1, 4, 0, 0, 1, 7, 2, 5, 6, 6, 7, 4, 6, 12, 7, 5, 3, 2, 0, 0, 0, 2, 0, 0, 0, 0, 0, 0, 0, 0, 0, 0, 0, 0, 0, 0, 0, 0, 0, 0, 0, 1, 0, 0, 0, 0, 0, 0, 0, 1, 0, 0, 0, 
17, 0, 1, 0, 0, 1, 0, 0, 0, 0, 2, 0, 0, 1, 1, 1, 0, 0, 1, 2, 2, 1, 0, 0, 1, 6, 7, 4, 3, 4, 5, 2, 2, 4, 4, 3, 2, 2, 2, 4, 6, 28, 5, 2, 2, 2, 2, 3, 3, 9, 4, 6, 8, 2, 3, 3, 2, 0, 4, 1, 2, 1, 0, 1, 0, 3, 2, 3, 3, 0, 2, 3, 1, 6, 10, 5, 4, 2, 0, 0, 0, 3, 0, 0, 0, 0, 0, 0, 0, 0, 0, 0, 0, 2, 0, 0, 0, 1, 0, 0, 0, 1, 0, 0, 0, 0, 0, 0, 0, 1, 0, 0, 0, 
18, 0, 0, 0, 1, 0, 0, 0, 0, 0, 0, 0, 0, 2, 1, 0, 0, 0, 1, 0, 0, 0, 0, 0, 0, 6, 4, 4, 3, 0, 3, 5, 3, 10, 1, 5, 5, 3, 2, 0, 1, 32, 10, 6, 2, 3, 3, 1, 2, 11, 9, 9, 8, 3, 5, 2, 0, 1, 0, 1, 0, 1, 4, 0, 0, 6, 2, 1, 1, 2, 4, 1, 0, 5, 2, 7, 6, 0, 0, 0, 0, 4, 0, 0, 0, 0, 0, 0, 0, 2, 0, 0, 0, 2, 0, 0, 0, 0, 0, 0, 0, 0, 0, 0, 0, 0, 0, 0, 0, 0, 0, 0, 0, 
19, 1, 0, 0, 0, 4, 0, 1, 0, 0, 0, 0, 0, 0, 0, 0, 1, 0, 0, 0, 0, 1, 0, 0, 0, 8, 2, 2, 4, 2, 1, 1, 2, 10, 9, 12, 11, 2, 2, 1, 2, 45, 5, 3, 5, 0, 0, 0, 5, 12, 2, 4, 7, 1, 0, 1, 0, 4, 2, 4, 2, 1, 1, 2, 4, 7, 0, 2, 0, 0, 2, 0, 3, 6, 2, 6, 6, 0, 0, 0, 0, 2, 0, 0, 0, 3, 0, 0, 0, 0, 0, 0, 0, 1, 0, 0, 0, 1, 0, 0, 0, 0, 0, 0, 0, 1, 0, 0, 0, 0, 0, 0, 0, 
20, 0, 0, 0, 0, 1, 0, 0, 1, 0, 0, 4, 0, 2, 0, 0, 0, 0, 0, 0, 1, 0, 0, 1, 0, 7, 2, 5, 3, 13, 8, 2, 5, 11, 10, 5, 8, 1, 1, 0, 1, 58, 2, 3, 0, 4, 4, 2, 3, 3, 5, 2, 3, 3, 0, 1, 0, 2, 4, 4, 1, 0, 2, 4, 3, 2, 1, 3, 4, 1, 2, 3, 1, 4, 8, 7, 8, 0, 0, 0, 0, 1, 0, 0, 0, 0, 0, 0, 0, 1, 0, 0, 0, 1, 0, 0, 0, 2, 0, 0, 0, 0, 0, 0, 0, 0, 0, 0, 0, 1, 0, 0, 0, 
21, 1, 2, 0, 0, 0, 0, 0, 0, 0, 1, 0, 1, 0, 0, 0, 1, 0, 0, 0, 1, 0, 2, 0, 0, 4, 7, 3, 4, 11, 1, 7, 7, 9, 5, 7, 3, 3, 1, 1, 0, 45, 6, 2, 3, 1, 4, 3, 1, 2, 5, 4, 2, 6, 3, 3, 4, 2, 1, 1, 1, 8, 2, 1, 2, 13, 2, 1, 6, 0, 1, 2, 0, 4, 5, 6, 3, 2, 0, 0, 0, 3, 0, 0, 0, 0, 0, 0, 0, 1, 0, 0, 0, 0, 0, 0, 0, 3, 0, 0, 0, 1, 0, 0, 0, 0, 0, 0, 0, 0, 0, 0, 0, 
22, 0, 2, 0, 0, 0, 0, 0, 0, 0, 0, 0, 1, 0, 0, 0, 0, 0, 0, 0, 1, 1, 0, 0, 1, 1, 1, 2, 1, 7, 4, 1, 1, 3, 3, 2, 3, 1, 0, 3, 0, 42, 3, 4, 3, 4, 3, 7, 3, 4, 9, 1, 4, 2, 4, 1, 1, 5, 3, 3, 1, 3, 4, 1, 2, 9, 1, 4, 5, 4, 0, 3, 3, 6, 6, 4, 8, 0, 0, 0, 0, 0, 0, 0, 0, 0, 0, 0, 0, 1, 0, 0, 0, 1, 0, 0, 0, 0, 0, 0, 0, 0, 0, 0, 0, 1, 0, 0, 0, 1, 0, 0, 0, 
23, 0, 0, 0, 0, 0, 0, 0, 0, 0, 0, 0, 0, 1, 1, 1, 0, 0, 1, 0, 1, 1, 0, 1, 2, 4, 4, 5, 6, 2, 2, 4, 6, 1, 5, 4, 4, 1, 0, 0, 1, 44, 4, 4, 2, 4, 2, 4, 2, 13, 8, 1, 3, 1, 4, 1, 2, 0, 0, 4, 4, 4, 1, 1, 2, 10, 2, 2, 4, 4, 7, 7, 5, 8, 4, 2, 2, 2, 0, 0, 0, 0, 0, 0, 0, 0, 0, 0, 0, 1, 0, 0, 0, 1, 0, 0, 0, 0, 0, 0, 0, 1, 0, 0, 0, 0, 0, 0, 0, 0, 0, 0, 0, 
24, 0, 2, 0, 1, 0, 0, 0, 0, 0, 0, 0, 0, 0, 1, 1, 0, 1, 0, 0, 0, 0, 1, 0, 1, 12, 11, 5, 5, 4, 1, 1, 1, 6, 2, 0, 2, 3, 4, 3, 1, 44, 8, 2, 3, 4, 3, 4, 1, 16, 1, 3, 3, 2, 3, 0, 4, 1, 3, 2, 2, 10, 5, 1, 7, 9, 2, 7, 4, 4, 6, 12, 2, 2, 0, 0, 3, 2, 0, 0, 0, 0, 0, 0, 0, 1, 0, 0, 0, 1, 0, 0, 0, 2, 0, 0, 0, 1, 0, 0, 0, 0, 0, 0, 0, 3, 0, 0, 0, 1, 0, 0, 0, 
25, 0, 0, 0, 0, 0, 0, 1, 1, 1, 1, 1, 1, 2, 1, 0, 1, 0, 0, 0, 0, 0, 0, 0, 0, 25, 5, 3, 1, 1, 1, 2, 4, 1, 1, 0, 1, 4, 8, 4, 2, 49, 3, 3, 1, 6, 0, 1, 1, 16, 4, 2, 5, 1, 3, 7, 5, 2, 2, 0, 1, 4, 5, 2, 1, 1, 4, 0, 1, 4, 7, 8, 5, 8, 1, 1, 1, 2, 0, 0, 0, 0, 0, 0, 0, 1, 0, 0, 0, 0, 0, 0, 0, 2, 0, 0, 0, 0, 0, 0, 0, 0, 0, 0, 0, 0, 0, 0, 0, 1, 0, 0, 0, 
26, 0, 0, 0, 0, 2, 1, 0, 1, 1, 0, 0, 0, 0, 0, 0, 0, 1, 0, 0, 1, 0, 1, 0, 1, 22, 8, 3, 8, 1, 3, 7, 1, 1, 1, 1, 2, 6, 3, 3, 6, 53, 4, 7, 3, 2, 2, 2, 0, 7, 5, 3, 6, 1, 1, 1, 3, 4, 1, 0, 1, 1, 1, 1, 2, 0, 0, 0, 2, 14, 12, 6, 3, 4, 1, 2, 2, 1, 0, 0, 0, 1, 0, 0, 0, 0, 0, 0, 0, 0, 0, 0, 0, 1, 0, 0, 0, 0, 0, 0, 0, 0, 0, 0, 0, 1, 0, 0, 0, 1, 0, 0, 0, 
27, 2, 0, 1, 0, 1, 0, 0, 0, 0, 1, 3, 2, 0, 2, 3, 2, 1, 0, 0, 0, 0, 0, 0, 1, 5, 10, 3, 5, 0, 0, 0, 0, 5, 3, 3, 3, 12, 7, 7, 6, 62, 4, 2, 3, 0, 0, 2, 1, 4, 3, 6, 6, 4, 4, 2, 2, 5, 0, 0, 2, 7, 5, 2, 4, 1, 1, 1, 0, 4, 13, 4, 5, 3, 1, 2, 2, 1, 0, 0, 0, 1, 0, 0, 0, 1, 0, 0, 0, 0, 0, 0, 0, 0, 0, 0, 0, 0, 0, 0, 0, 0, 0, 0, 0, 0, 0, 0, 0, 0, 0, 0, 0, 
28, 0, 0, 0, 0, 2, 0, 0, 0, 1, 1, 0, 0, 1, 1, 0, 0, 0, 0, 1, 0, 0, 0, 2, 0, 5, 4, 5, 4, 1, 2, 2, 2, 1, 3, 0, 0, 11, 5, 7, 5, 58, 5, 6, 4, 5, 2, 2, 0, 1, 5, 3, 6, 2, 5, 5, 0, 4, 1, 0, 1, 5, 8, 4, 7, 0, 0, 0, 0, 4, 3, 3, 6, 3, 2, 0, 0, 1, 0, 0, 0, 0, 0, 0, 0, 0, 0, 0, 0, 0, 0, 0, 0, 1, 0, 0, 0, 1, 0, 0, 0, 1, 0, 0, 0, 4, 0, 0, 0, 2, 0, 0, 0, 
29, 0, 0, 2, 0, 0, 0, 0, 0, 0, 0, 1, 0, 0, 1, 2, 0, 2, 0, 0, 1, 1, 2, 0, 3, 2, 3, 6, 6, 8, 1, 1, 1, 1, 4, 6, 3, 8, 8, 3, 7, 61, 3, 5, 3, 4, 0, 2, 0, 3, 2, 8, 2, 8, 0, 0, 0, 5, 1, 3, 4, 8, 6, 7, 8, 0, 0, 0, 0, 2, 1, 1, 1, 0, 1, 0, 0, 1, 0, 0, 0, 0, 0, 0, 0, 1, 0, 0, 0, 1, 0, 0, 0, 0, 0, 0, 0, 0, 0, 0, 0, 0, 0, 0, 0, 0, 0, 0, 0, 0, 0, 0, 0, 
30, 0, 0, 0, 1, 2, 1, 4, 1, 1, 2, 0, 1, 0, 2, 0, 0, 0, 0, 1, 0, 0, 0, 1, 0, 1, 2, 2, 2, 7, 2, 1, 1, 1, 1, 1, 2, 3, 5, 3, 5, 71, 3, 4, 1, 3, 1, 0, 0, 1, 0, 1, 0, 2, 0, 2, 1, 6, 1, 0, 1, 16, 9, 3, 7, 1, 0, 3, 0, 2, 0, 1, 0, 0, 1, 1, 0, 1, 0, 0, 0, 0, 0, 0, 0, 0, 0, 0, 0, 3, 0, 0, 0, 0, 0, 0, 0, 0, 0, 0, 0, 1, 0, 0, 0, 1, 0, 0, 0, 2, 0, 0, 0, 
31, 4, 0, 1, 2, 0, 0, 0, 0, 0, 0, 1, 0, 0, 0, 1, 0, 1, 0, 0, 0, 0, 1, 0, 0, 3, 4, 6, 4, 0, 0, 0, 2, 1, 0, 0, 1, 3, 6, 4, 1, 63, 2, 6, 5, 1, 0, 0, 0, 1, 0, 0, 0, 2, 1, 3, 3, 0, 0, 0, 1, 15, 12, 3, 5, 2, 4, 3, 5, 0, 2, 0, 0, 5, 2, 3, 0, 0, 0, 0, 0, 0, 0, 0, 0, 1, 0, 0, 0, 1, 0, 0, 0, 2, 0, 0, 0, 0, 0, 0, 0, 0, 0, 0, 0, 4, 0, 0, 0, 0, 0, 0, 0, 
32, 1, 0, 1, 0, 2, 0, 0, 1, 0, 0, 1, 0, 0, 0, 0, 0, 0, 0, 0, 0, 5, 0, 1, 0, 5, 3, 2, 1, 0, 0, 0, 1, 0, 0, 0, 3, 3, 1, 2, 2, 60, 3, 4, 4, 0, 1, 1, 1, 2, 4, 2, 0, 13, 6, 4, 5, 2, 2, 3, 1, 24, 8, 5, 9, 2, 1, 1, 2, 1, 0, 0, 0, 15, 0, 3, 3, 1, 0, 0, 0, 0, 0, 0, 0, 0, 0, 0, 0, 2, 0, 0, 0, 1, 0, 0, 0, 3, 0, 0, 0, 1, 0, 0, 0, 1, 0, 0, 0, 0, 0, 0, 0, 
33, 0, 0, 0, 0, 0, 0, 2, 0, 0, 0, 0, 0, 0, 0, 0, 0, 1, 2, 2, 2, 0, 0, 0, 0, 5, 1, 2, 0, 0, 1, 1, 0, 0, 0, 0, 0, 7, 1, 0, 0, 59, 2, 4, 4, 7, 3, 4, 0, 0, 0, 1, 0, 3, 7, 8, 4, 7, 4, 1, 1, 40, 11, 11, 6, 2, 0, 0, 1, 4, 4, 1, 0, 4, 1, 1, 2, 0, 0, 0, 0, 0, 0, 0, 0, 1, 0, 0, 0, 2, 0, 0, 0, 1, 0, 0, 0, 2, 0, 0, 0, 0, 0, 0, 0, 0, 0, 0, 0, 0, 0, 0, 0, 
34, 4, 2, 4, 6, 0, 1, 0, 0, 0, 0, 0, 0, 0, 0, 0, 0, 0, 1, 2, 2, 2, 1, 0, 1, 1, 3, 2, 0, 2, 0, 0, 3, 4, 4, 0, 2, 9, 0, 0, 1, 69, 1, 2, 2, 5, 1, 3, 2, 3, 1, 1, 0, 5, 10, 7, 7, 2, 1, 2, 3, 32, 2, 7, 4, 1, 3, 0, 0, 5, 6, 0, 0, 1, 1, 1, 3, 6, 0, 0, 0, 0, 0, 0, 0, 0, 0, 0, 0, 1, 0, 0, 0, 2, 0, 0, 0, 0, 0, 0, 0, 1, 0, 0, 0, 2, 0, 0, 0, 0, 0, 0, 0, 
35, 1, 1, 1, 0, 0, 0, 0, 0, 0, 0, 3, 0, 0, 1, 0, 0, 0, 0, 0, 0, 0, 0, 0, 0, 0, 2, 0, 3, 1, 0, 0, 1, 9, 5, 2, 3, 8, 1, 0, 0, 61, 5, 6, 1, 3, 1, 1, 1, 1, 0, 1, 2, 4, 7, 4, 4, 4, 3, 5, 5, 31, 4, 4, 2, 3, 2, 1, 5, 0, 2, 1, 1, 0, 1, 0, 1, 3, 0, 0, 0, 1, 0, 0, 0, 1, 0, 0, 0, 0, 0, 0, 0, 0, 0, 0, 0, 1, 0, 0, 0, 0, 0, 0, 0, 0, 0, 0, 0, 1, 0, 0, 0, 
36, 0, 0, 1, 2, 0, 1, 0, 1, 0, 0, 0, 1, 0, 0, 0, 1, 0, 1, 1, 0, 1, 1, 0, 0, 0, 2, 1, 5, 3, 3, 3, 6, 3, 9, 7, 1, 2, 1, 4, 1, 60, 0, 6, 3, 3, 0, 3, 2, 1, 0, 4, 0, 5, 5, 2, 6, 5, 7, 5, 2, 20, 8, 6, 5, 5, 7, 7, 1, 2, 3, 2, 3, 2, 1, 1, 1, 1, 0, 0, 0, 0, 0, 0, 0, 0, 0, 0, 0, 2, 0, 0, 0, 2, 0, 0, 0, 0, 0, 0, 0, 0, 0, 0, 0, 0, 0, 0, 0, 0, 0, 0, 0, 
37, 0, 0, 0, 1, 4, 2, 2, 2, 2, 1, 2, 0, 0, 0, 0, 0, 0, 0, 2, 1, 0, 0, 2, 1, 8, 6, 3, 1, 0, 2, 1, 4, 7, 4, 4, 3, 5, 0, 1, 1, 52, 4, 5, 4, 4, 6, 4, 7, 0, 2, 1, 1, 9, 3, 4, 2, 10, 6, 3, 3, 12, 8, 9, 6, 3, 1, 3, 2, 0, 0, 1, 1, 1, 4, 2, 2, 0, 0, 0, 0, 0, 0, 0, 0, 0, 0, 0, 0, 1, 0, 0, 0, 0, 0, 0, 0, 0, 0, 0, 0, 0, 0, 0, 0, 1, 0, 0, 0, 1, 0, 0, 0, 
38, 0, 1, 1, 1, 0, 0, 0, 1, 0, 1, 1, 2, 1, 1, 0, 0, 0, 0, 0, 1, 1, 2, 1, 1, 1, 2, 3, 1, 4, 3, 1, 4, 8, 12, 8, 5, 2, 1, 0, 2, 54, 3, 6, 5, 8, 2, 10, 7, 2, 4, 1, 0, 4, 2, 5, 5, 5, 5, 3, 6, 18, 4, 5, 8, 1, 1, 1, 1, 2, 1, 2, 1, 2, 1, 0, 1, 1, 0, 0, 0, 2, 0, 0, 0, 0, 0, 0, 0, 1, 0, 0, 0, 0, 0, 0, 0, 1, 0, 0, 0, 0, 0, 0, 0, 2, 0, 0, 0, 0, 0, 0, 0, 
39, 1, 1, 1, 0, 1, 0, 0, 0, 0, 0, 0, 0, 0, 1, 0, 0, 1, 0, 0, 0, 3, 0, 0, 1, 1, 2, 1, 2, 0, 0, 0, 0, 11, 7, 6, 5, 0, 1, 0, 0, 48, 2, 5, 4, 15, 6, 8, 8, 12, 5, 1, 2, 3, 3, 3, 1, 2, 1, 1, 4, 4, 8, 7, 4, 3, 1, 3, 1, 3, 3, 2, 2, 2, 0, 4, 0, 5, 0, 0, 0, 0, 0, 0, 0, 1, 0, 0, 0, 1, 0, 0, 0, 1, 0, 0, 0, 0, 0, 0, 0, 1, 0, 0, 0, 0, 0, 0, 0, 1, 0, 0, 0, 
40, 1, 0, 0, 1, 1, 1, 0, 0, 0, 0, 1, 0, 1, 0, 0, 0, 1, 0, 1, 0, 0, 1, 0, 1, 6, 2, 6, 5, 8, 6, 1, 4, 8, 7, 5, 5, 1, 5, 9, 2, 55, 2, 4, 4, 26, 10, 6, 10, 26, 2, 0, 2, 2, 3, 1, 1, 5, 5, 5, 0, 9, 8, 5, 7, 3, 1, 1, 1, 3, 1, 4, 3, 4, 2, 0, 3, 0, 0, 0, 0, 1, 0, 0, 0, 4, 0, 0, 0, 1, 0, 0, 0, 1, 0, 0, 0, 2, 0, 0, 0, 0, 0, 0, 0, 1, 0, 0, 0, 0, 0, 0, 0, 
41, 0, 1, 0, 2, 0, 0, 1, 0, 0, 0, 2, 0, 0, 1, 1, 0, 0, 0, 0, 0, 0, 0, 0, 0, 6, 7, 4, 2, 21, 8, 5, 1, 6, 6, 11, 3, 16, 7, 4, 4, 60, 6, 6, 2, 28, 7, 7, 4, 0, 1, 0, 0, 1, 1, 0, 0, 2, 0, 0, 0, 5, 6, 1, 4, 2, 0, 1, 1, 4, 4, 7, 2, 5, 5, 2, 6, 0, 0, 0, 0, 1, 0, 0, 0, 1, 0, 0, 0, 1, 0, 0, 0, 0, 0, 0, 0, 0, 0, 0, 0, 3, 0, 0, 0, 0, 0, 0, 0, 3, 0, 0, 0, 
42, 0, 0, 0, 0, 1, 3, 2, 0, 1, 0, 0, 0, 0, 1, 0, 0, 0, 0, 0, 0, 0, 1, 0, 0, 12, 4, 5, 7, 11, 0, 1, 4, 15, 6, 6, 5, 17, 6, 8, 7, 50, 6, 3, 3, 40, 8, 3, 6, 2, 1, 1, 2, 1, 3, 1, 1, 1, 0, 1, 0, 10, 5, 2, 5, 0, 0, 1, 0, 6, 7, 7, 3, 9, 5, 2, 5, 0, 0, 0, 0, 0, 0, 0, 0, 0, 0, 0, 0, 1, 0, 0, 0, 2, 0, 0, 0, 1, 0, 0, 0, 2, 0, 0, 0, 3, 0, 0, 0, 1, 0, 0, 0, 
43, 1, 0, 0, 0, 0, 0, 1, 1, 1, 0, 1, 2, 0, 2, 2, 0, 1, 1, 0, 0, 0, 1, 1, 1, 7, 1, 3, 3, 0, 2, 2, 1, 13, 9, 8, 2, 18, 4, 6, 3, 51, 4, 5, 3, 35, 8, 3, 2, 1, 0, 0, 1, 16, 3, 1, 0, 1, 4, 1, 3, 11, 1, 0, 3, 0, 0, 0, 0, 5, 5, 9, 5, 18, 8, 3, 1, 1, 0, 0, 0, 1, 0, 0, 0, 0, 0, 0, 0, 3, 0, 0, 0, 0, 0, 0, 0, 0, 0, 0, 0, 3, 0, 0, 0, 0, 0, 0, 0, 0, 0, 0, 0, 
44, 0, 0, 1, 0, 3, 1, 1, 1, 0, 0, 0, 0, 0, 0, 0, 1, 3, 0, 0, 1, 0, 1, 1, 0, 4, 5, 5, 4, 0, 1, 1, 0, 12, 9, 8, 12, 13, 4, 7, 1, 53, 10, 5, 5, 16, 5, 10, 3, 1, 2, 1, 0, 20, 3, 1, 1, 3, 5, 4, 5, 1, 2, 5, 1, 1, 2, 1, 1, 11, 10, 5, 8, 16, 1, 3, 3, 1, 0, 0, 0, 0, 0, 0, 0, 1, 0, 0, 0, 3, 0, 0, 0, 0, 0, 0, 0, 1, 0, 0, 0, 1, 0, 0, 0, 0, 0, 0, 0, 0, 0, 0, 0, 
45, 0, 1, 0, 0, 1, 0, 0, 0, 0, 0, 0, 0, 1, 1, 2, 0, 0, 0, 0, 2, 0, 0, 0, 1, 8, 4, 5, 8, 0, 1, 1, 0, 8, 14, 11, 11, 4, 8, 6, 3, 66, 3, 5, 3, 9, 10, 6, 3, 0, 0, 1, 3, 19, 3, 0, 0, 6, 6, 8, 8, 10, 3, 3, 2, 1, 1, 0, 1, 4, 10, 12, 12, 6, 3, 4, 1, 1, 0, 0, 0, 0, 0, 0, 0, 0, 0, 0, 0, 0, 0, 0, 0, 3, 0, 0, 0, 1, 0, 0, 0, 1, 0, 0, 0, 0, 0, 0, 0, 0, 0, 0, 0, 
46, 2, 3, 0, 1, 3, 4, 2, 0, 0, 0, 0, 0, 1, 0, 0, 0, 0, 2, 1, 0, 0, 0, 0, 0, 3, 6, 5, 4, 0, 1, 0, 0, 5, 11, 12, 5, 9, 8, 5, 7, 51, 5, 3, 3, 5, 7, 3, 5, 3, 0, 0, 0, 3, 0, 0, 1, 4, 3, 9, 4, 1, 4, 4, 1, 1, 1, 0, 1, 22, 13, 11, 7, 9, 3, 1, 3, 1, 0, 0, 0, 2, 0, 0, 0, 1, 0, 0, 0, 1, 0, 0, 0, 0, 0, 0, 0, 3, 0, 0, 0, 0, 0, 0, 0, 0, 0, 0, 0, 0, 0, 0, 0, 
47, 0, 1, 0, 0, 1, 0, 1, 0, 1, 0, 1, 0, 1, 0, 0, 0, 2, 2, 0, 0, 0, 1, 1, 0, 7, 5, 6, 8, 2, 0, 0, 1, 16, 10, 7, 8, 8, 8, 4, 4, 42, 1, 3, 2, 9, 8, 5, 6, 2, 3, 2, 2, 0, 2, 8, 2, 3, 2, 2, 7, 1, 3, 2, 1, 2, 3, 2, 1, 29, 7, 9, 13, 2, 2, 5, 4, 0, 0, 0, 0, 1, 0, 0, 0, 1, 0, 0, 0, 0, 0, 0, 0, 0, 0, 0, 0, 1, 0, 0, 0, 2, 0, 0, 0, 0, 0, 0, 0, 0, 0, 0, 0, 
48, 2, 0, 0, 1, 0, 0, 0, 1, 2, 1, 0, 0, 0, 0, 0, 0, 0, 0, 0, 0, 0, 0, 0, 1, 8, 4, 6, 6, 3, 2, 2, 2, 9, 6, 13, 5, 1, 0, 2, 0, 34, 5, 1, 6, 12, 2, 4, 3, 1, 1, 3, 0, 3, 3, 5, 3, 12, 5, 3, 5, 0, 0, 0, 1, 10, 0, 0, 1, 47, 4, 8, 5, 5, 5, 0, 2, 2, 0, 0, 0, 1, 0, 0, 0, 0, 0, 0, 0, 1, 0, 0, 0, 3, 0, 0, 0, 0, 0, 0, 0, 0, 0, 0, 0, 0, 0, 0, 0, 1, 0, 0, 0, 
49, 1, 2, 1, 1, 0, 1, 0, 0, 1, 0, 0, 0, 0, 1, 1, 0, 0, 0, 0, 0, 1, 0, 0, 0, 5, 1, 1, 2, 5, 5, 1, 2, 5, 1, 3, 3, 5, 1, 1, 1, 35, 0, 0, 1, 8, 7, 4, 6, 0, 1, 0, 0, 2, 1, 3, 5, 2, 12, 7, 3, 2, 0, 1, 0, 14, 1, 2, 0, 45, 11, 5, 2, 1, 3, 2, 3, 1, 0, 0, 0, 1, 0, 0, 0, 1, 0, 0, 0, 0, 0, 0, 0, 1, 0, 0, 0, 3, 0, 0, 0, 1, 0, 0, 0, 0, 0, 0, 0, 2, 0, 0, 0, 
50, 1, 0, 0, 0, 1, 0, 2, 0, 2, 0, 0, 0, 0, 0, 1, 0, 1, 0, 0, 0, 0, 1, 0, 0, 3, 3, 6, 3, 3, 7, 2, 3, 5, 0, 0, 0, 8, 1, 0, 0, 22, 3, 4, 5, 7, 10, 4, 5, 4, 2, 2, 3, 8, 2, 3, 2, 14, 10, 5, 5, 0, 2, 0, 2, 10, 1, 2, 3, 29, 11, 8, 8, 1, 0, 1, 2, 1, 0, 0, 0, 0, 0, 0, 0, 1, 0, 0, 0, 0, 0, 0, 0, 0, 0, 0, 0, 0, 0, 0, 0, 0, 0, 0, 0, 0, 0, 0, 0, 3, 0, 0, 0, 
51, 1, 1, 1, 0, 0, 1, 0, 0, 0, 0, 0, 0, 0, 0, 0, 0, 0, 0, 0, 0, 1, 1, 0, 2, 6, 5, 1, 7, 6, 3, 8, 3, 0, 2, 2, 0, 2, 0, 4, 0, 24, 2, 3, 4, 2, 1, 4, 2, 3, 4, 5, 3, 7, 2, 1, 2, 13, 13, 11, 13, 0, 1, 0, 1, 6, 0, 2, 1, 37, 8, 6, 9, 2, 1, 4, 4, 0, 0, 0, 0, 2, 0, 0, 0, 0, 0, 0, 0, 1, 0, 0, 0, 3, 0, 0, 0, 0, 0, 0, 0, 0, 0, 0, 0, 1, 0, 0, 0, 0, 0, 0, 0, 
52, 1, 0, 2, 0, 1, 0, 0, 1, 1, 0, 0, 0, 1, 0, 0, 0, 10, 1, 0, 2, 0, 0, 0, 0, 4, 1, 5, 1, 7, 3, 2, 4, 7, 6, 2, 2, 2, 1, 0, 1, 26, 5, 4, 4, 2, 8, 4, 1, 6, 6, 3, 3, 1, 1, 1, 0, 26, 7, 7, 4, 0, 3, 6, 1, 9, 1, 0, 0, 42, 12, 7, 7, 2, 1, 1, 1, 2, 0, 0, 0, 0, 0, 0, 0, 0, 0, 0, 0, 2, 0, 0, 0, 0, 0, 0, 0, 0, 0, 0, 0, 0, 0, 0, 0, 1, 0, 0, 0, 0, 0, 0, 0, 
53, 1, 2, 2, 0, 0, 0, 0, 0, 1, 3, 0, 0, 0, 2, 1, 1, 1, 1, 0, 0, 0, 1, 0, 0, 0, 0, 0, 0, 5, 5, 6, 5, 4, 4, 7, 6, 0, 0, 0, 0, 29, 3, 3, 0, 4, 2, 0, 0, 14, 5, 3, 4, 2, 2, 4, 0, 28, 4, 8, 7, 4, 4, 1, 0, 3, 2, 1, 0, 48, 8, 12, 12, 3, 2, 0, 3, 2, 0, 0, 0, 0, 0, 0, 0, 1, 0, 0, 0, 0, 0, 0, 0, 0, 0, 0, 0, 0, 0, 0, 0, 1, 0, 0, 0, 0, 0, 0, 0, 1, 0, 0, 0, 
54, 0, 1, 0, 0, 0, 0, 0, 0, 2, 2, 0, 0, 0, 0, 0, 0, 0, 0, 0, 0, 0, 0, 1, 0, 11, 6, 0, 1, 10, 5, 6, 5, 8, 9, 2, 7, 1, 1, 0, 2, 29, 1, 3, 3, 1, 5, 3, 2, 15, 4, 2, 3, 4, 3, 4, 0, 36, 8, 7, 5, 8, 5, 5, 5, 3, 1, 2, 1, 48, 8, 8, 3, 13, 4, 7, 2, 0, 0, 0, 0, 3, 0, 0, 0, 0, 0, 0, 0, 2, 0, 0, 0, 1, 0, 0, 0, 0, 0, 0, 0, 2, 0, 0, 0, 2, 0, 0, 0, 0, 0, 0, 0, 
55, 4, 1, 2, 3, 0, 0, 1, 0, 0, 1, 1, 0, 2, 0, 0, 0, 1, 1, 1, 0, 0, 0, 0, 0, 17, 3, 2, 0, 5, 5, 3, 1, 6, 8, 2, 5, 5, 1, 4, 2, 17, 2, 8, 3, 10, 0, 1, 0, 4, 3, 7, 5, 5, 4, 3, 4, 32, 5, 3, 5, 8, 6, 7, 7, 0, 2, 3, 0, 59, 8, 9, 8, 16, 5, 3, 2, 0, 0, 0, 0, 0, 0, 0, 0, 0, 0, 0, 0, 0, 0, 0, 0, 2, 0, 0, 0, 1, 0, 0, 0, 1, 0, 0, 0, 1, 0, 0, 0, 1, 0, 0, 0, 
56, 0, 0, 0, 0, 8, 2, 1, 0, 0, 0, 0, 0, 1, 1, 0, 0, 0, 1, 0, 0, 0, 1, 0, 0, 26, 2, 2, 1, 3, 5, 6, 1, 8, 8, 6, 2, 0, 0, 0, 2, 9, 3, 3, 2, 6, 4, 6, 3, 6, 3, 1, 4, 1, 0, 0, 0, 41, 11, 6, 3, 0, 7, 1, 7, 1, 3, 2, 1, 60, 4, 7, 5, 12, 2, 3, 4, 0, 0, 0, 0, 0, 0, 0, 0, 0, 0, 0, 0, 2, 0, 0, 0, 2, 0, 0, 0, 1, 0, 0, 0, 1, 0, 0, 0, 3, 0, 0, 0, 5, 0, 0, 0, 
57, 0, 0, 0, 0, 1, 0, 0, 0, 1, 0, 1, 0, 0, 1, 0, 0, 1, 0, 1, 0, 1, 0, 1, 0, 38, 1, 5, 0, 3, 1, 1, 4, 9, 8, 1, 4, 5, 0, 1, 2, 0, 1, 0, 2, 2, 4, 2, 2, 4, 1, 6, 4, 2, 1, 1, 0, 41, 4, 5, 5, 3, 2, 3, 1, 5, 1, 4, 4, 42, 8, 11, 8, 5, 6, 1, 4, 0, 0, 0, 0, 1, 0, 0, 0, 1, 0, 0, 0, 0, 0, 0, 0, 1, 0, 0, 0, 4, 0, 0, 0, 1, 0, 0, 0, 0, 0, 0, 0, 1, 0, 0, 0, 
58, 0, 0, 0, 1, 0, 1, 0, 1, 0, 1, 1, 0, 0, 0, 0, 1, 0, 0, 0, 0, 2, 0, 1, 1, 37, 2, 1, 1, 9, 1, 3, 3, 13, 8, 4, 5, 1, 2, 2, 0, 13, 3, 2, 1, 1, 1, 0, 0, 6, 11, 4, 4, 1, 0, 2, 0, 37, 9, 11, 3, 2, 3, 4, 2, 10, 3, 2, 2, 42, 5, 10, 5, 7, 5, 3, 5, 0, 0, 0, 0, 0, 0, 0, 0, 2, 0, 0, 0, 0, 0, 0, 0, 1, 0, 0, 0, 1, 0, 0, 0, 1, 0, 0, 0, 1, 0, 0, 0, 1, 0, 0, 0, 
59, 0, 0, 0, 0, 0, 0, 3, 0, 0, 0, 1, 0, 1, 5, 0, 0, 0, 0, 0, 1, 5, 0, 0, 0, 44, 2, 1, 0, 7, 5, 3, 5, 9, 7, 7, 8, 0, 0, 0, 0, 5, 0, 0, 1, 2, 3, 1, 1, 6, 7, 8, 4, 0, 0, 0, 0, 35, 6, 9, 3, 8, 2, 3, 2, 7, 3, 2, 2, 31, 11, 4, 8, 7, 4, 3, 1, 1, 0, 0, 0, 2, 0, 0, 0, 2, 0, 0, 0, 2, 0, 0, 0, 0, 0, 0, 0, 0, 0, 0, 0, 1, 0, 0, 0, 0, 0, 0, 0, 0, 0, 0, 0, 
60, 0, 0, 0, 0, 0, 0, 0, 0, 0, 1, 0, 0, 1, 0, 1, 1, 2, 0, 1, 1, 0, 0, 0, 0, 21, 1, 1, 1, 2, 6, 7, 2, 8, 13, 9, 7, 2, 0, 2, 2, 4, 2, 0, 0, 1, 4, 1, 1, 6, 5, 8, 6, 1, 0, 0, 0, 30, 7, 9, 10, 8, 1, 5, 5, 4, 3, 2, 2, 27, 9, 6, 6, 2, 4, 9, 3, 0, 0, 0, 0, 2, 0, 0, 0, 0, 0, 0, 0, 0, 0, 0, 0, 0, 0, 0, 0, 1, 0, 0, 0, 1, 0, 0, 0, 0, 0, 0, 0, 0, 0, 0, 0, 
61, 0, 1, 1, 0, 1, 1, 0, 0, 1, 0, 1, 0, 0, 1, 0, 1, 0, 0, 2, 1, 0, 0, 0, 0, 18, 2, 2, 1, 2, 4, 2, 0, 17, 13, 10, 11, 0, 1, 6, 4, 5, 4, 2, 0, 0, 1, 1, 0, 8, 4, 6, 4, 3, 4, 0, 0, 43, 8, 2, 3, 11, 4, 8, 6, 3, 4, 4, 3, 38, 14, 6, 7, 5, 6, 5, 3, 1, 0, 0, 0, 0, 0, 0, 0, 1, 0, 0, 0, 0, 0, 0, 0, 0, 0, 0, 0, 0, 0, 0, 0, 1, 0, 0, 0, 0, 0, 0, 0, 0, 0, 0, 0, 
62, 1, 2, 1, 1, 0, 0, 2, 0, 0, 1, 0, 0, 0, 1, 0, 1, 4, 3, 0, 3, 0, 2, 0, 0, 10, 0, 1, 1, 3, 5, 2, 4, 13, 7, 11, 13, 2, 1, 3, 2, 8, 2, 1, 0, 1, 0, 2, 1, 1, 2, 3, 1, 6, 1, 0, 0, 51, 8, 7, 5, 8, 13, 3, 6, 2, 4, 3, 1, 55, 19, 10, 11, 17, 7, 4, 3, 0, 0, 0, 0, 0, 0, 0, 0, 2, 0, 0, 0, 1, 0, 0, 0, 0, 0, 0, 0, 0, 0, 0, 0, 0, 0, 0, 0, 0, 0, 0, 0, 1, 0, 0, 0, 
63, 2, 0, 0, 0, 0, 1, 0, 0, 1, 0, 0, 1, 1, 0, 0, 1, 0, 2, 0, 2, 0, 0, 1, 0, 17, 5, 1, 0, 14, 3, 5, 3, 14, 14, 10, 16, 0, 0, 0, 0, 1, 6, 3, 1, 0, 2, 1, 0, 1, 4, 4, 1, 16, 3, 1, 0, 52, 7, 4, 8, 6, 7, 10, 9, 9, 7, 6, 12, 79, 11, 13, 14, 16, 3, 3, 4, 0, 0, 0, 0, 1, 0, 0, 0, 0, 0, 0, 0, 0, 0, 0, 0, 0, 0, 0, 0, 2, 0, 0, 0, 2, 0, 0, 0, 0, 0, 0, 0, 0, 0, 0, 0, 
64, 2, 0, 0, 1, 0, 0, 0, 0, 0, 0, 0, 1, 0, 0, 0, 1, 0, 0, 0, 0, 1, 0, 0, 0, 19, 1, 1, 0, 20, 3, 1, 1, 21, 11, 3, 10, 2, 1, 0, 1, 0, 0, 0, 3, 2, 2, 0, 2, 5, 4, 5, 7, 15, 0, 0, 0, 50, 8, 9, 5, 5, 2, 3, 2, 6, 5, 3, 4, 100, 11, 6, 8, 11, 11, 6, 3, 0, 0, 0, 0, 3, 0, 0, 0, 1, 0, 0, 0, 0, 0, 0, 0, 0, 0, 0, 0, 1, 0, 0, 0, 2, 0, 0, 0, 1, 0, 0, 0, 1, 0, 0, 0, 
65, 2, 2, 0, 0, 0, 0, 1, 1, 0, 0, 2, 0, 0, 0, 0, 0, 0, 1, 2, 0, 0, 0, 0, 0, 15, 4, 1, 1, 25, 5, 2, 1, 8, 14, 10, 11, 5, 4, 1, 3, 0, 1, 1, 1, 2, 4, 5, 2, 8, 5, 5, 4, 19, 1, 2, 0, 60, 5, 10, 1, 2, 1, 1, 1, 3, 4, 6, 2, 100, 7, 12, 10, 23, 8, 8, 2, 0, 0, 0, 0, 2, 0, 0, 0, 1, 0, 0, 0, 1, 0, 0, 0, 0, 0, 0, 0, 0, 0, 0, 0, 0, 0, 0, 0, 0, 0, 0, 0, 1, 0, 0, 0, 
66, 0, 0, 0, 0, 3, 1, 1, 0, 0, 0, 1, 0, 0, 1, 1, 1, 0, 0, 1, 0, 1, 1, 1, 0, 15, 2, 2, 2, 27, 4, 2, 5, 4, 4, 11, 11, 1, 1, 2, 2, 2, 0, 0, 0, 1, 0, 1, 1, 4, 8, 5, 5, 38, 1, 0, 1, 56, 8, 4, 7, 1, 0, 0, 0, 1, 0, 0, 0, 100, 9, 10, 9, 31, 8, 3, 6, 2, 0, 0, 0, 0, 0, 0, 0, 1, 0, 0, 0, 1, 0, 0, 0, 3, 0, 0, 0, 1, 0, 0, 0, 1, 0, 0, 0, 0, 0, 0, 0, 1, 0, 0, 0, 
67, 0, 0, 1, 0, 1, 2, 2, 0, 0, 0, 2, 1, 2, 0, 0, 0, 1, 1, 0, 0, 0, 0, 2, 0, 20, 0, 1, 0, 21, 1, 5, 1, 16, 6, 6, 9, 8, 1, 0, 1, 4, 3, 2, 1, 0, 1, 0, 0, 10, 4, 6, 11, 39, 0, 2, 0, 44, 8, 7, 11, 3, 0, 2, 0, 1, 0, 1, 0, 100, 10, 9, 9, 14, 3, 4, 3, 0, 0, 0, 0, 0, 0, 0, 0, 0, 0, 0, 0, 0, 0, 0, 0, 1, 0, 0, 0, 0, 0, 0, 0, 2, 0, 0, 0, 0, 0, 0, 0, 2, 0, 0, 0, 
68, 0, 1, 2, 0, 0, 0, 2, 1, 0, 0, 0, 0, 0, 0, 1, 1, 0, 0, 0, 1, 0, 1, 1, 0, 22, 0, 3, 0, 28, 4, 1, 0, 4, 8, 8, 3, 10, 3, 0, 0, 7, 3, 3, 5, 2, 1, 0, 0, 5, 6, 5, 7, 41, 1, 0, 0, 36, 8, 9, 3, 3, 2, 1, 0, 3, 3, 3, 1, 100, 9, 10, 7, 7, 5, 5, 5, 0, 0, 0, 0, 1, 0, 0, 0, 0, 0, 0, 0, 2, 0, 0, 0, 1, 0, 0, 0, 1, 0, 0, 0, 1, 0, 0, 0, 0, 0, 0, 0, 0, 0, 0, 0, 
69, 1, 0, 2, 0, 2, 1, 3, 0, 0, 0, 0, 1, 0, 0, 0, 1, 1, 1, 0, 1, 1, 1, 1, 1, 24, 2, 0, 0, 25, 1, 0, 0, 8, 3, 3, 5, 16, 0, 0, 0, 1, 9, 5, 8, 1, 1, 3, 0, 10, 9, 6, 4, 34, 0, 0, 0, 22, 8, 9, 11, 1, 1, 0, 1, 2, 4, 2, 2, 100, 9, 4, 9, 3, 5, 3, 4, 0, 0, 0, 0, 0, 0, 0, 0, 1, 0, 0, 0, 1, 0, 0, 0, 0, 0, 0, 0, 1, 0, 0, 0, 0, 0, 0, 0, 0, 0, 0, 0, 1, 0, 0, 0, 
70, 0, 0, 1, 0, 1, 0, 1, 0, 0, 0, 0, 0, 2, 1, 0, 1, 2, 0, 0, 0, 0, 0, 0, 0, 6, 2, 3, 1, 8, 3, 3, 3, 4, 3, 2, 2, 13, 4, 1, 0, 4, 6, 5, 6, 0, 0, 2, 3, 5, 5, 8, 2, 35, 1, 1, 1, 20, 8, 6, 3, 1, 2, 2, 3, 8, 4, 4, 3, 98, 8, 2, 3, 4, 4, 4, 4, 3, 0, 0, 0, 1, 0, 0, 0, 0, 0, 0, 0, 1, 0, 0, 0, 0, 0, 0, 0, 2, 0, 0, 0, 0, 0, 0, 0, 0, 0, 0, 0, 0, 0, 0, 0, 
71, 0, 0, 2, 1, 0, 1, 3, 1, 0, 0, 0, 0, 0, 0, 0, 0, 1, 0, 0, 0, 1, 1, 0, 1, 1, 0, 0, 2, 6, 2, 3, 3, 0, 3, 3, 2, 13, 1, 2, 1, 7, 9, 6, 5, 1, 1, 2, 1, 3, 3, 4, 6, 30, 2, 0, 1, 24, 5, 13, 13, 0, 0, 0, 1, 4, 2, 2, 2, 86, 11, 2, 4, 9, 4, 2, 1, 3, 0, 0, 0, 0, 0, 0, 0, 2, 0, 0, 0, 2, 0, 0, 0, 0, 0, 0, 0, 0, 0, 0, 0, 0, 0, 0, 0, 1, 0, 0, 0, 0, 0, 0, 0, 
72, 1, 1, 1, 1, 2, 1, 0, 0, 0, 0, 0, 1, 0, 2, 0, 1, 0, 0, 0, 0, 0, 0, 0, 0, 4, 1, 1, 0, 1, 1, 2, 1, 3, 4, 5, 2, 7, 0, 1, 1, 2, 3, 2, 1, 0, 0, 0, 1, 6, 0, 2, 1, 24, 1, 2, 1, 39, 4, 5, 5, 2, 3, 4, 3, 1, 4, 5, 1, 85, 12, 5, 8, 6, 2, 8, 5, 0, 0, 0, 0, 0, 0, 0, 0, 2, 0, 0, 0, 0, 0, 0, 0, 2, 0, 0, 0, 1, 0, 0, 0, 2, 0, 0, 0, 0, 0, 0, 0, 0, 0, 0, 0, 
73, 1, 0, 0, 1, 1, 0, 0, 0, 0, 0, 0, 2, 0, 0, 0, 0, 0, 0, 2, 0, 0, 0, 0, 0, 1, 1, 3, 0, 3, 1, 1, 2, 4, 2, 2, 1, 4, 2, 5, 5, 1, 1, 1, 1, 0, 0, 2, 0, 7, 2, 3, 2, 23, 2, 1, 0, 35, 4, 11, 6, 7, 2, 3, 2, 0, 1, 1, 0, 85, 9, 10, 5, 2, 2, 4, 2, 0, 0, 0, 0, 0, 0, 0, 0, 0, 0, 0, 0, 2, 0, 0, 0, 0, 0, 0, 0, 2, 0, 0, 0, 0, 0, 0, 0, 0, 0, 0, 0, 0, 0, 0, 0, 
74, 1, 0, 1, 0, 1, 0, 0, 0, 1, 1, 0, 0, 0, 1, 1, 0, 0, 0, 1, 1, 0, 0, 0, 0, 6, 2, 2, 1, 2, 1, 0, 1, 8, 5, 8, 6, 11, 3, 1, 1, 4, 5, 5, 4, 2, 2, 0, 1, 15, 3, 1, 0, 27, 5, 1, 2, 37, 11, 4, 4, 3, 4, 4, 1, 3, 4, 3, 1, 80, 7, 10, 7, 1, 0, 1, 2, 0, 0, 0, 0, 1, 0, 0, 0, 2, 0, 0, 0, 0, 0, 0, 0, 1, 0, 0, 0, 0, 0, 0, 0, 1, 0, 0, 0, 1, 0, 0, 0, 0, 0, 0, 0, 
75, 1, 1, 0, 0, 0, 0, 1, 0, 1, 0, 2, 1, 1, 0, 1, 1, 0, 1, 3, 0, 2, 1, 0, 0, 6, 2, 4, 4, 0, 1, 1, 1, 8, 13, 7, 5, 0, 0, 0, 0, 4, 7, 6, 4, 2, 0, 4, 3, 11, 2, 2, 1, 36, 2, 1, 0, 30, 7, 4, 4, 0, 2, 5, 1, 0, 0, 0, 0, 88, 8, 12, 5, 1, 1, 1, 1, 1, 0, 0, 0, 0, 0, 0, 0, 1, 0, 0, 0, 0, 0, 0, 0, 2, 0, 0, 0, 1, 0, 0, 0, 0, 0, 0, 0, 1, 0, 0, 0, 0, 0, 0, 0, 
76, 3, 0, 0, 0, 0, 0, 0, 0, 0, 0, 0, 0, 0, 1, 1, 1, 1, 6, 3, 0, 0, 1, 0, 0, 6, 5, 3, 3, 0, 1, 0, 2, 8, 8, 7, 6, 1, 0, 1, 0, 3, 8, 8, 7, 5, 2, 3, 0, 16, 1, 2, 0, 36, 3, 0, 0, 21, 6, 7, 3, 2, 5, 1, 2, 10, 3, 4, 1, 83, 9, 7, 3, 1, 1, 0, 0, 0, 0, 0, 0, 0, 0, 0, 0, 1, 0, 0, 0, 2, 0, 0, 0, 2, 0, 0, 0, 1, 0, 0, 0, 0, 0, 0, 0, 1, 0, 0, 0, 0, 0, 0, 0, 
77, 0, 1, 0, 1, 0, 0, 0, 0, 1, 1, 0, 2, 0, 1, 0, 0, 0, 2, 0, 0, 1, 0, 1, 0, 8, 3, 3, 5, 0, 0, 1, 0, 14, 7, 7, 6, 1, 1, 1, 4, 9, 7, 7, 9, 1, 3, 2, 2, 20, 0, 1, 0, 44, 2, 0, 0, 26, 10, 11, 3, 0, 0, 4, 0, 3, 4, 2, 2, 76, 9, 11, 15, 1, 1, 0, 1, 0, 0, 0, 0, 0, 0, 0, 0, 1, 0, 0, 0, 0, 0, 0, 0, 3, 0, 0, 0, 0, 0, 0, 0, 0, 0, 0, 0, 0, 0, 0, 0, 1, 0, 0, 0, 
78, 3, 0, 1, 0, 5, 2, 2, 1, 0, 0, 1, 0, 2, 1, 0, 0, 0, 0, 0, 0, 0, 2, 0, 1, 5, 3, 1, 2, 0, 1, 0, 0, 7, 14, 8, 14, 0, 0, 0, 0, 3, 8, 10, 11, 0, 0, 0, 0, 3, 1, 0, 1, 50, 3, 5, 1, 29, 9, 3, 10, 2, 2, 1, 0, 3, 4, 4, 2, 80, 5, 5, 8, 2, 2, 0, 2, 0, 0, 0, 0, 0, 0, 0, 0, 1, 0, 0, 0, 1, 0, 0, 0, 0, 0, 0, 0, 0, 0, 0, 0, 4, 0, 0, 0, 3, 0, 0, 0, 1, 0, 0, 0, 
79, 0, 0, 0, 0, 0, 0, 0, 0, 0, 0, 0, 0, 0, 0, 1, 1, 3, 4, 2, 1, 1, 0, 0, 0, 0, 1, 2, 1, 2, 4, 2, 3, 13, 11, 9, 9, 1, 1, 1, 0, 6, 5, 5, 14, 8, 1, 1, 2, 0, 0, 1, 0, 42, 0, 1, 1, 23, 4, 4, 4, 1, 4, 1, 2, 4, 3, 4, 2, 74, 11, 7, 7, 4, 4, 3, 3, 2, 0, 0, 0, 1, 0, 0, 0, 0, 0, 0, 0, 3, 0, 0, 0, 1, 0, 0, 0, 1, 0, 0, 0, 0, 0, 0, 0, 1, 0, 0, 0, 0, 0, 0, 0, 
80, 0, 0, 0, 0, 0, 0, 1, 0, 0, 0, 2, 1, 1, 0, 1, 1, 2, 0, 0, 3, 0, 0, 0, 0, 4, 1, 1, 2, 10, 2, 2, 3, 14, 15, 14, 9, 1, 2, 1, 0, 9, 7, 7, 5, 7, 2, 1, 2, 5, 5, 4, 4, 49, 2, 1, 0, 19, 3, 9, 2, 4, 1, 2, 2, 2, 5, 5, 3, 74, 14, 9, 9, 11, 1, 2, 2, 1, 0, 0, 0, 2, 0, 0, 0, 0, 0, 0, 0, 1, 0, 0, 0, 0, 0, 0, 0, 2, 0, 0, 0, 0, 0, 0, 0, 1, 0, 0, 0, 0, 0, 0, 0, 
81, 0, 1, 0, 0, 0, 1, 0, 0, 2, 0, 2, 0, 0, 0, 0, 0, 0, 2, 1, 2, 0, 0, 1, 0, 9, 0, 1, 2, 8, 0, 5, 1, 38, 12, 9, 6, 1, 2, 1, 0, 7, 10, 6, 8, 0, 1, 0, 0, 4, 7, 2, 3, 34, 0, 0, 1, 14, 7, 9, 8, 0, 0, 0, 0, 2, 1, 3, 3, 76, 4, 7, 5, 8, 4, 2, 6, 2, 0, 0, 0, 1, 0, 0, 0, 0, 0, 0, 0, 1, 0, 0, 0, 0, 0, 0, 0, 1, 0, 0, 0, 0, 0, 0, 0, 2, 0, 0, 0, 2, 0, 0, 0, 
82, 2, 0, 1, 1, 0, 0, 0, 0, 1, 0, 1, 3, 0, 0, 0, 0, 3, 1, 3, 0, 0, 1, 1, 0, 5, 2, 0, 6, 1, 3, 1, 1, 47, 18, 8, 10, 1, 1, 0, 0, 8, 7, 9, 12, 1, 2, 2, 1, 2, 3, 7, 2, 39, 0, 0, 2, 10, 5, 4, 3, 0, 1, 1, 2, 1, 0, 0, 0, 64, 12, 9, 7, 4, 5, 7, 2, 0, 0, 0, 0, 0, 0, 0, 0, 1, 0, 0, 0, 0, 0, 0, 0, 0, 0, 0, 0, 0, 0, 0, 0, 0, 0, 0, 0, 1, 0, 0, 0, 1, 0, 0, 0, 
83, 0, 0, 0, 1, 1, 1, 0, 1, 0, 0, 0, 1, 0, 1, 0, 1, 0, 0, 0, 0, 1, 0, 0, 0, 4, 0, 1, 1, 0, 1, 1, 1, 64, 12, 8, 6, 1, 1, 4, 0, 11, 8, 6, 6, 1, 0, 0, 0, 5, 4, 5, 7, 47, 1, 0, 0, 3, 6, 5, 3, 0, 1, 2, 0, 3, 2, 2, 1, 63, 7, 13, 5, 2, 1, 2, 2, 1, 0, 0, 0, 1, 0, 0, 0, 3, 0, 0, 0, 1, 0, 0, 0, 0, 0, 0, 0, 0, 0, 0, 0, 1, 0, 0, 0, 1, 0, 0, 0, 0, 0, 0, 0, 
84, 0, 0, 0, 0, 1, 0, 1, 1, 0, 0, 0, 0, 1, 0, 1, 0, 0, 0, 0, 0, 0, 0, 1, 0, 4, 3, 1, 3, 3, 4, 3, 2, 66, 11, 17, 10, 2, 0, 0, 1, 3, 11, 9, 11, 3, 1, 0, 0, 5, 3, 5, 3, 46, 3, 3, 0, 5, 9, 5, 2, 0, 3, 0, 0, 3, 5, 6, 4, 51, 8, 8, 12, 4, 10, 4, 5, 1, 0, 0, 0, 2, 0, 0, 0, 0, 0, 0, 0, 1, 0, 0, 0, 0, 0, 0, 0, 3, 0, 0, 0, 1, 0, 0, 0, 0, 0, 0, 0, 0, 0, 0, 0, 
85, 0, 2, 0, 1, 0, 0, 0, 0, 1, 1, 2, 0, 0, 2, 0, 0, 0, 1, 1, 0, 0, 0, 0, 0, 2, 1, 1, 0, 3, 3, 3, 4, 75, 6, 9, 10, 4, 3, 4, 1, 9, 3, 6, 2, 0, 1, 1, 0, 5, 3, 3, 0, 54, 0, 0, 0, 5, 7, 6, 8, 1, 0, 1, 0, 7, 4, 6, 7, 50, 7, 5, 8, 25, 14, 3, 7, 1, 0, 0, 0, 0, 0, 0, 0, 0, 0, 0, 0, 0, 0, 0, 0, 0, 0, 0, 0, 1, 0, 0, 0, 2, 0, 0, 0, 1, 0, 0, 0, 0, 0, 0, 0, 
86, 1, 1, 0, 0, 0, 0, 1, 2, 1, 0, 0, 0, 1, 0, 1, 1, 0, 1, 4, 1, 0, 0, 0, 0, 1, 0, 2, 0, 1, 4, 3, 4, 71, 4, 24, 10, 0, 2, 0, 1, 2, 2, 3, 4, 2, 2, 1, 4, 0, 0, 0, 0, 34, 2, 0, 0, 14, 4, 8, 6, 3, 0, 3, 0, 20, 8, 3, 1, 41, 14, 10, 7, 29, 2, 8, 1, 0, 0, 0, 0, 1, 0, 0, 0, 0, 0, 0, 0, 2, 0, 0, 0, 0, 0, 0, 0, 1, 0, 0, 0, 1, 0, 0, 0, 2, 0, 0, 0, 0, 0, 0, 0, 
87, 1, 0, 1, 0, 0, 1, 1, 1, 0, 0, 0, 0, 1, 0, 1, 0, 1, 2, 0, 0, 1, 1, 0, 0, 0, 1, 2, 1, 2, 2, 1, 1, 74, 13, 10, 7, 5, 3, 5, 4, 14, 4, 4, 0, 0, 0, 0, 0, 1, 0, 1, 0, 22, 1, 0, 1, 15, 3, 1, 2, 1, 0, 5, 1, 21, 12, 5, 4, 47, 3, 5, 7, 21, 2, 4, 5, 0, 0, 0, 0, 0, 0, 0, 0, 2, 0, 0, 0, 1, 0, 0, 0, 1, 0, 0, 0, 1, 0, 0, 0, 1, 0, 0, 0, 2, 0, 0, 0, 0, 0, 0, 0, 
88, 0, 0, 0, 0, 0, 1, 0, 0, 0, 0, 1, 2, 0, 0, 0, 0, 0, 0, 0, 2, 0, 0, 0, 0, 12, 6, 10, 3, 0, 1, 0, 1, 82, 6, 10, 11, 2, 2, 2, 3, 0, 0, 1, 1, 3, 1, 0, 3, 1, 0, 0, 0, 34, 0, 2, 1, 8, 4, 6, 4, 4, 3, 3, 6, 22, 6, 4, 2, 30, 3, 8, 7, 26, 10, 4, 6, 0, 0, 0, 0, 0, 0, 0, 0, 1, 0, 0, 0, 0, 0, 0, 0, 1, 0, 0, 0, 0, 0, 0, 0, 0, 0, 0, 0, 1, 0, 0, 0, 0, 0, 0, 0, 
89, 0, 1, 0, 0, 0, 1, 1, 1, 0, 0, 0, 0, 2, 2, 1, 1, 0, 0, 0, 0, 0, 0, 2, 0, 20, 8, 3, 5, 5, 2, 2, 3, 92, 8, 8, 7, 7, 0, 0, 0, 3, 4, 4, 2, 0, 0, 0, 0, 0, 0, 0, 0, 34, 3, 2, 1, 10, 6, 4, 6, 5, 0, 2, 4, 11, 6, 4, 7, 19, 7, 11, 5, 29, 3, 0, 0, 0, 0, 0, 0, 1, 0, 0, 0, 1, 0, 0, 0, 5, 0, 0, 0, 0, 0, 0, 0, 1, 0, 0, 0, 0, 0, 0, 0, 1, 0, 0, 0, 2, 0, 0, 0, 
90, 0, 1, 1, 0, 2, 2, 0, 0, 0, 0, 1, 0, 1, 1, 0, 0, 0, 3, 0, 1, 0, 1, 0, 0, 20, 4, 2, 2, 19, 1, 1, 1, 85, 10, 12, 5, 4, 3, 2, 2, 0, 1, 0, 0, 9, 2, 3, 4, 0, 0, 0, 0, 39, 2, 2, 1, 7, 8, 2, 4, 3, 3, 2, 3, 18, 10, 5, 2, 24, 9, 4, 7, 25, 6, 1, 2, 1, 0, 0, 0, 1, 0, 0, 0, 0, 0, 0, 0, 0, 0, 0, 0, 0, 0, 0, 0, 1, 0, 0, 0, 2, 0, 0, 0, 1, 0, 0, 0, 0, 0, 0, 0, 
91, 0, 0, 0, 2, 0, 0, 0, 0, 2, 0, 0, 0, 0, 1, 0, 0, 2, 0, 1, 1, 0, 0, 2, 0, 9, 6, 8, 6, 10, 7, 0, 3, 74, 11, 13, 10, 1, 1, 3, 2, 2, 0, 0, 2, 13, 1, 1, 0, 0, 0, 0, 0, 41, 1, 0, 0, 8, 4, 2, 5, 2, 2, 0, 0, 20, 3, 3, 4, 17, 9, 7, 8, 27, 3, 8, 1, 2, 0, 0, 0, 1, 0, 0, 0, 2, 0, 0, 0, 0, 0, 0, 0, 0, 0, 0, 0, 3, 0, 0, 0, 1, 0, 0, 0, 0, 0, 0, 0, 1, 0, 0, 0, 
92, 6, 0, 4, 1, 0, 1, 1, 2, 0, 0, 0, 0, 0, 1, 0, 1, 0, 0, 0, 0, 1, 0, 0, 0, 5, 7, 5, 5, 16, 3, 3, 4, 82, 11, 9, 12, 5, 3, 3, 1, 0, 3, 3, 0, 8, 3, 0, 0, 19, 3, 1, 0, 33, 0, 1, 1, 3, 1, 5, 0, 12, 6, 4, 5, 23, 1, 4, 3, 12, 7, 7, 6, 27, 2, 6, 2, 0, 0, 0, 0, 0, 0, 0, 0, 0, 0, 0, 0, 0, 0, 0, 0, 1, 0, 0, 0, 1, 0, 0, 0, 2, 0, 0, 0, 2, 0, 0, 0, 0, 0, 0, 0, 
93, 2, 1, 3, 0, 0, 1, 0, 0, 1, 0, 1, 0, 0, 0, 0, 0, 0, 0, 0, 0, 1, 1, 2, 0, 4, 4, 8, 2, 27, 7, 2, 2, 89, 13, 12, 1, 16, 1, 1, 0, 13, 5, 3, 2, 7, 1, 2, 0, 23, 3, 2, 1, 26, 0, 0, 1, 2, 6, 2, 3, 7, 4, 3, 5, 5, 3, 3, 1, 6, 8, 7, 6, 28, 6, 5, 5, 0, 0, 0, 0, 1, 0, 0, 0, 0, 0, 0, 0, 0, 0, 0, 0, 0, 0, 0, 0, 0, 0, 0, 0, 0, 0, 0, 0, 1, 0, 0, 0, 3, 0, 0, 0, 
94, 0, 0, 1, 0, 0, 0, 1, 0, 0, 0, 0, 0, 0, 0, 0, 1, 1, 1, 1, 0, 1, 0, 0, 0, 3, 6, 6, 4, 34, 4, 2, 3, 84, 5, 8, 7, 9, 2, 3, 2, 18, 3, 1, 1, 11, 1, 1, 1, 17, 1, 2, 0, 27, 1, 2, 1, 2, 4, 9, 4, 4, 5, 4, 1, 0, 2, 2, 2, 7, 7, 9, 4, 17, 6, 5, 3, 1, 0, 0, 0, 0, 0, 0, 0, 0, 0, 0, 0, 3, 0, 0, 0, 0, 0, 0, 0, 0, 0, 0, 0, 0, 0, 0, 0, 1, 0, 0, 0, 2, 0, 0, 0, 
95, 1, 0, 0, 1, 0, 0, 0, 1, 0, 0, 0, 0, 0, 1, 0, 2, 1, 0, 1, 1, 0, 0, 0, 0, 11, 6, 11, 5, 34, 3, 2, 1, 68, 15, 12, 9, 22, 1, 3, 1, 29, 3, 4, 2, 6, 2, 0, 1, 10, 0, 0, 0, 16, 1, 0, 0, 3, 6, 10, 8, 1, 0, 0, 0, 0, 1, 0, 0, 4, 2, 5, 3, 11, 5, 3, 2, 0, 0, 0, 0, 0, 0, 0, 0, 2, 0, 0, 0, 4, 0, 0, 0, 1, 0, 0, 0, 1, 0, 0, 0, 2, 0, 0, 0, 0, 0, 0, 0, 2, 0, 0, 0, 
96, 0, 0, 0, 0, 1, 1, 0, 0, 0, 0, 0, 0, 1, 0, 2, 0, 0, 2, 0, 0, 1, 0, 1, 1, 7, 12, 6, 9, 45, 3, 1, 3, 77, 6, 8, 12, 21, 1, 3, 0, 34, 3, 2, 3, 0, 4, 0, 0, 10, 0, 0, 0, 8, 0, 0, 1, 16, 3, 6, 3, 2, 3, 4, 1, 7, 1, 3, 3, 5, 5, 2, 1, 6, 3, 2, 1, 0, 0, 0, 0, 0, 0, 0, 0, 0, 0, 0, 0, 1, 0, 0, 0, 1, 0, 0, 0, 1, 0, 0, 0, 2, 0, 0, 0, 1, 0, 0, 0, 0, 0, 0, 0, 
97, 0, 0, 0, 0, 0, 0, 0, 0, 1, 0, 2, 1, 1, 0, 0, 2, 1, 0, 0, 0, 1, 0, 0, 0, 6, 13, 2, 11, 40, 1, 2, 0, 71, 9, 16, 6, 26, 1, 1, 0, 41, 2, 0, 2, 2, 3, 3, 2, 4, 3, 6, 2, 19, 0, 0, 1, 6, 4, 4, 3, 4, 9, 1, 2, 3, 5, 3, 1, 1, 2, 1, 0, 0, 0, 0, 0, 1, 0, 0, 0, 2, 0, 0, 0, 1, 0, 0, 0, 1, 0, 0, 0, 1, 0, 0, 0, 0, 0, 0, 0, 2, 0, 0, 0, 1, 0, 0, 0, 0, 0, 0, 0, 
98, 0, 0, 0, 1, 1, 0, 0, 0, 0, 0, 0, 0, 0, 0, 0, 2, 0, 1, 0, 1, 0, 0, 0, 0, 9, 6, 10, 1, 35, 4, 2, 3, 89, 12, 8, 10, 18, 2, 5, 2, 47, 4, 2, 2, 4, 2, 3, 3, 0, 1, 1, 0, 6, 2, 1, 0, 2, 2, 4, 1, 16, 3, 4, 4, 17, 3, 0, 6, 6, 2, 1, 1, 6, 4, 4, 1, 1, 0, 0, 0, 1, 0, 0, 0, 0, 0, 0, 0, 1, 0, 0, 0, 0, 0, 0, 0, 0, 0, 0, 0, 1, 0, 0, 0, 0, 0, 0, 0, 0, 0, 0, 0, 
99, 0, 0, 1, 0, 1, 2, 0, 0, 0, 0, 4, 0, 0, 0, 0, 0, 0, 0, 0, 0, 1, 1, 0, 0, 7, 7, 8, 5, 53, 7, 3, 3, 90, 9, 9, 6, 10, 4, 1, 2, 47, 4, 1, 2, 0, 5, 3, 1, 1, 1, 2, 0, 14, 1, 0, 1, 0, 2, 1, 1, 18, 5, 2, 2, 9, 0, 3, 2, 4, 5, 2, 0, 8, 5, 3, 5, 1, 0, 0, 0, 2, 0, 0, 0, 0, 0, 0, 0, 5, 0, 0, 0, 0, 0, 0, 0, 0, 0, 0, 0, 4, 0, 0, 0, 0, 0, 0, 0, 0, 0, 0, 0, 