0, 3, 1, 1, 1, 0, 0, 0, 0, 1, 0, 0, 0, 0, 0, 0, 0, 0, 0, 0, 0, 0, 1, 3, 0, 0, 1, 5, 0, 0, 1, 0, 1, 3, 3, 4, 0, 0, 0, 0, 0, 7, 1, 1, 1, 4, 1, 3, 7, 0, 1, 0, 3, 1, 0, 1, 0, 0, 1, 0, 1, 2, 2, 0, 3, 7, 0, 5, 1, 0, 1, 0, 2, 1, 0, 0, 0, 1, 0, 0, 0, 2, 0, 0, 0, 0, 0, 0, 0, 0, 0, 0, 0, 1, 0, 0, 0, 0, 0, 0, 0, 1, 0, 0, 0, 1, 0, 0, 0, 1, 0, 0, 0, 
1, 0, 0, 0, 0, 0, 0, 2, 0, 2, 0, 2, 0, 0, 0, 1, 0, 0, 1, 0, 0, 1, 1, 1, 2, 3, 5, 4, 5, 6, 3, 2, 1, 0, 2, 0, 0, 0, 1, 2, 1, 14, 4, 1, 0, 4, 6, 4, 5, 2, 3, 2, 2, 7, 2, 0, 0, 8, 0, 1, 0, 1, 0, 1, 2, 10, 0, 1, 0, 3, 0, 1, 0, 1, 0, 1, 0, 0, 0, 0, 0, 1, 0, 0, 0, 0, 0, 0, 0, 3, 0, 0, 0, 0, 0, 0, 0, 1, 0, 0, 0, 1, 0, 0, 0, 0, 0, 0, 0, 0, 0, 0, 0, 
2, 0, 2, 0, 0, 0, 1, 0, 0, 1, 2, 1, 1, 0, 0, 0, 0, 1, 0, 0, 0, 1, 0, 2, 1, 5, 5, 9, 2, 1, 1, 1, 2, 0, 2, 0, 0, 1, 2, 0, 0, 1, 1, 0, 0, 7, 3, 4, 1, 5, 5, 0, 1, 6, 5, 5, 0, 8, 0, 0, 0, 16, 1, 0, 0, 7, 0, 0, 1, 0, 0, 0, 1, 1, 3, 0, 0, 1, 0, 0, 0, 0, 0, 0, 0, 3, 0, 0, 0, 1, 0, 0, 0, 1, 0, 0, 0, 0, 0, 0, 0, 1, 0, 0, 0, 0, 0, 0, 0, 0, 0, 0, 0, 
3, 0, 0, 0, 1, 1, 0, 1, 1, 2, 3, 0, 1, 0, 0, 0, 0, 1, 1, 0, 1, 1, 1, 0, 1, 7, 9, 3, 5, 0, 0, 1, 0, 1, 0, 1, 0, 4, 2, 2, 2, 0, 1, 1, 1, 6, 5, 5, 2, 4, 5, 5, 6, 5, 2, 1, 1, 0, 0, 1, 0, 12, 1, 1, 0, 3, 3, 1, 2, 0, 0, 2, 0, 0, 1, 2, 0, 0, 0, 0, 0, 0, 0, 0, 0, 2, 0, 0, 0, 0, 0, 0, 0, 0, 0, 0, 0, 0, 0, 0, 0, 1, 0, 0, 0, 0, 0, 0, 0, 1, 0, 0, 0, 
4, 0, 0, 0, 0, 0, 1, 0, 0, 0, 0, 1, 0, 0, 0, 0, 0, 2, 0, 1, 0, 0, 0, 0, 0, 2, 5, 5, 3, 0, 0, 2, 1, 1, 0, 0, 0, 1, 0, 0, 0, 3, 4, 4, 3, 4, 2, 3, 3, 7, 4, 6, 7, 28, 8, 2, 2, 4, 5, 3, 4, 11, 0, 2, 2, 13, 3, 3, 1, 0, 0, 1, 0, 0, 2, 1, 2, 0, 0, 0, 0, 1, 0, 0, 0, 2, 0, 0, 0, 0, 0, 0, 0, 0, 0, 0, 0, 0, 0, 0, 0, 1, 0, 0, 0, 0, 0, 0, 0, 0, 0, 0, 0, 
5, 0, 0, 0, 0, 0, 0, 0, 0, 0, 0, 0, 0, 0, 0, 0, 0, 0, 0, 0, 1, 0, 1, 1, 1, 10, 5, 3, 4, 0, 0, 0, 1, 0, 1, 0, 0, 3, 3, 8, 5, 3, 2, 1, 2, 3, 2, 3, 4, 9, 9, 12, 5, 37, 3, 2, 2, 17, 8, 5, 0, 9, 0, 0, 1, 3, 2, 4, 5, 4, 0, 0, 1, 0, 1, 2, 0, 1, 0, 0, 0, 0, 0, 0, 0, 2, 0, 0, 0, 1, 0, 0, 0, 0, 0, 0, 0, 0, 0, 0, 0, 2, 0, 0, 0, 1, 0, 0, 0, 0, 0, 0, 0, 
6, 0, 0, 0, 0, 0, 0, 0, 0, 1, 2, 0, 1, 1, 0, 1, 2, 1, 1, 1, 1, 1, 1, 1, 0, 9, 11, 10, 8, 0, 0, 1, 3, 2, 3, 0, 0, 24, 14, 0, 5, 1, 0, 1, 4, 1, 8, 0, 4, 19, 4, 6, 5, 32, 6, 1, 2, 11, 7, 1, 3, 18, 3, 0, 2, 1, 1, 0, 0, 0, 0, 2, 0, 3, 2, 4, 3, 0, 0, 0, 0, 1, 0, 0, 0, 0, 0, 0, 0, 0, 0, 0, 0, 1, 0, 0, 0, 0, 0, 0, 0, 3, 0, 0, 0, 1, 0, 0, 0, 1, 0, 0, 0, 
7, 2, 0, 0, 0, 0, 2, 0, 0, 0, 0, 0, 0, 0, 0, 0, 0, 1, 0, 3, 0, 0, 1, 0, 1, 8, 8, 8, 7, 3, 2, 5, 5, 0, 0, 2, 1, 45, 1, 0, 5, 2, 3, 0, 0, 2, 6, 3, 3, 8, 8, 4, 5, 40, 0, 3, 1, 2, 1, 1, 2, 16, 0, 2, 2, 4, 4, 6, 2, 8, 0, 2, 0, 0, 4, 1, 1, 1, 0, 0, 0, 0, 0, 0, 0, 0, 0, 0, 0, 2, 0, 0, 0, 1, 0, 0, 0, 0, 0, 0, 0, 0, 0, 0, 0, 2, 0, 0, 0, 1, 0, 0, 0, 
8, 0, 0, 1, 0, 0, 0, 1, 1, 1, 0, 1, 0, 0, 0, 0, 0, 0, 0, 0, 0, 1, 0, 0, 0, 13, 9, 10, 8, 6, 6, 9, 7, 4, 5, 2, 2, 38, 1, 3, 4, 13, 1, 2, 1, 5, 6, 1, 2, 5, 2, 5, 3, 39, 1, 2, 1, 6, 2, 3, 1, 11, 1, 3, 1, 4, 0, 6, 3, 0, 1, 1, 1, 13, 2, 0, 1, 1, 0, 0, 0, 1, 0, 0, 0, 0, 0, 0, 0, 0, 0, 0, 0, 1, 0, 0, 0, 0, 0, 0, 0, 0, 0, 0, 0, 2, 0, 0, 0, 1, 0, 0, 0, 
9, 0, 0, 0, 0, 0, 1, 1, 2, 1, 0, 1, 2, 0, 0, 0, 0, 0, 1, 0, 1, 1, 0, 0, 0, 10, 16, 10, 12, 5, 6, 2, 6, 7, 1, 2, 1, 39, 7, 2, 4, 10, 1, 2, 0, 0, 0, 1, 1, 5, 4, 4, 4, 26, 4, 2, 4, 1, 3, 1, 1, 15, 2, 0, 0, 0, 0, 0, 0, 0, 1, 3, 1, 22, 5, 0, 0, 4, 0, 0, 0, 1, 0, 0, 0, 0, 0, 0, 0, 0, 0, 0, 0, 0, 0, 0, 0, 0, 0, 0, 0, 3, 0, 0, 0, 0, 0, 0, 0, 2, 0, 0, 0, 
10, 2, 2, 0, 0, 1, 1, 0, 1, 1, 0, 0, 0, 0, 1, 0, 0, 0, 0, 0, 0, 0, 0, 0, 0, 7, 6, 10, 11, 6, 6, 6, 4, 4, 1, 2, 4, 44, 9, 1, 3, 31, 4, 0, 2, 2, 0, 0, 2, 1, 2, 1, 3, 34, 10, 2, 1, 2, 2, 2, 5, 3, 1, 0, 0, 0, 0, 1, 0, 0, 1, 2, 0, 32, 4, 0, 0, 2, 0, 0, 0, 3, 0, 0, 0, 1, 0, 0, 0, 1, 0, 0, 0, 2, 0, 0, 0, 0, 0, 0, 0, 0, 0, 0, 0, 0, 0, 0, 0, 3, 0, 0, 0, 
11, 0, 3, 1, 1, 1, 0, 0, 0, 0, 0, 0, 0, 0, 3, 2, 2, 1, 0, 1, 0, 0, 0, 0, 0, 6, 12, 10, 10, 0, 0, 0, 0, 3, 2, 1, 0, 54, 2, 3, 3, 28, 0, 2, 2, 3, 2, 0, 2, 2, 1, 2, 2, 43, 1, 0, 0, 22, 4, 3, 6, 1, 0, 0, 0, 1, 0, 2, 1, 2, 1, 1, 3, 42, 3, 3, 3, 1, 0, 0, 0, 0, 0, 0, 0, 1, 0, 0, 0, 1, 0, 0, 0, 0, 0, 0, 0, 0, 0, 0, 0, 0, 0, 0, 0, 0, 0, 0, 0, 1, 0, 0, 0, 
12, 0, 0, 0, 0, 1, 0, 0, 1, 0, 0, 0, 0, 0, 1, 1, 1, 0, 1, 1, 3, 0, 0, 1, 0, 9, 11, 10, 7, 1, 0, 0, 2, 3, 4, 2, 1, 61, 0, 1, 2, 28, 0, 0, 2, 5, 1, 0, 0, 12, 1, 0, 1, 29, 1, 1, 1, 37, 1, 3, 0, 0, 0, 0, 0, 0, 0, 0, 2, 4, 1, 1, 4, 56, 1, 0, 1, 2, 0, 0, 0, 2, 0, 0, 0, 0, 0, 0, 0, 0, 0, 0, 0, 4, 0, 0, 0, 1, 0, 0, 0, 0, 0, 0, 0, 1, 0, 0, 0, 0, 0, 0, 0, 
13, 0, 0, 0, 1, 0, 0, 1, 0, 0, 0, 0, 0, 1, 0, 0, 0, 0, 0, 1, 0, 1, 1, 2, 0, 14, 8, 7, 8, 5, 2, 3, 2, 0, 0, 1, 2, 54, 4, 4, 1, 21, 0, 2, 1, 4, 2, 8, 7, 16, 3, 1, 2, 35, 1, 0, 2, 43, 2, 3, 3, 0, 1, 0, 3, 0, 0, 0, 0, 1, 1, 0, 4, 47, 0, 1, 0, 2, 0, 0, 0, 0, 0, 0, 0, 1, 0, 0, 0, 0, 0, 0, 0, 0, 0, 0, 0, 0, 0, 0, 0, 0, 0, 0, 0, 2, 0, 0, 0, 1, 0, 0, 0, 
14, 0, 0, 0, 0, 0, 0, 0, 0, 1, 1, 0, 1, 0, 1, 0, 0, 1, 2, 0, 3, 0, 1, 1, 1, 10, 6, 5, 8, 2, 4, 3, 2, 2, 1, 1, 0, 58, 2, 4, 3, 18, 0, 2, 0, 4, 7, 3, 11, 22, 1, 0, 1, 28, 3, 0, 4, 51, 2, 2, 3, 3, 4, 8, 2, 2, 1, 1, 1, 3, 1, 1, 2, 44, 0, 0, 0, 0, 0, 0, 0, 0, 0, 0, 0, 1, 0, 0, 0, 0, 0, 0, 0, 1, 0, 0, 0, 2, 0, 0, 0, 0, 0, 0, 0, 1, 0, 0, 0, 0, 0, 0, 0, 
15, 2, 1, 1, 0, 0, 0, 0, 1, 0, 1, 1, 0, 0, 0, 0, 0, 0, 0, 0, 1, 0, 0, 0, 0, 8, 6, 7, 4, 1, 2, 2, 1, 4, 5, 1, 1, 62, 3, 1, 1, 19, 0, 0, 0, 8, 4, 5, 4, 14, 1, 0, 1, 30, 1, 2, 0, 60, 5, 2, 3, 11, 5, 6, 4, 4, 3, 2, 2, 1, 1, 2, 1, 31, 1, 0, 0, 0, 0, 0, 0, 1, 0, 0, 0, 1, 0, 0, 0, 0, 0, 0, 0, 0, 0, 0, 0, 0, 0, 0, 0, 0, 0, 0, 0, 2, 0, 0, 0, 0, 0, 0, 0, 
16, 0, 0, 0, 0, 0, 0, 0, 0, 0, 0, 0, 0, 0, 1, 0, 1, 0, 1, 0, 1, 1, 1, 0, 0, 20, 6, 5, 5, 12, 3, 2, 3, 2, 0, 0, 2, 49, 5, 2, 2, 0, 1, 1, 0, 0, 1, 1, 1, 17, 1, 1, 0, 28, 0, 2, 3, 60, 3, 4, 0, 27, 7, 6, 5, 7, 6, 5, 3, 1, 1, 0, 1, 19, 0, 0, 1, 0, 0, 0, 0, 0, 0, 0, 0, 0, 0, 0, 0, 0, 0, 0, 0, 0, 0, 0, 0, 1, 0, 0, 0, 2, 0, 0, 0, 3, 0, 0, 0, 0, 0, 0, 0, 
17, 0, 1, 1, 0, 0, 0, 0, 0, 1, 0, 1, 0, 1, 0, 0, 0, 0, 1, 1, 2, 1, 0, 0, 1, 17, 9, 3, 9, 10, 2, 2, 2, 0, 2, 1, 0, 55, 2, 2, 2, 6, 2, 1, 0, 2, 0, 1, 2, 24, 0, 0, 1, 35, 1, 0, 0, 46, 3, 1, 2, 27, 6, 8, 3, 14, 5, 6, 6, 0, 0, 0, 1, 14, 2, 1, 0, 2, 0, 0, 0, 0, 0, 0, 0, 0, 0, 0, 0, 0, 0, 0, 0, 0, 0, 0, 0, 0, 0, 0, 0, 1, 0, 0, 0, 0, 0, 0, 0, 1, 0, 0, 0, 
18, 1, 0, 0, 0, 0, 0, 1, 0, 0, 0, 0, 0, 0, 0, 0, 0, 3, 1, 1, 1, 1, 0, 0, 0, 11, 4, 4, 3, 0, 0, 0, 0, 1, 0, 0, 0, 61, 2, 3, 1, 6, 5, 2, 1, 1, 1, 2, 1, 23, 3, 0, 0, 38, 1, 1, 1, 57, 8, 7, 1, 34, 11, 3, 2, 3, 2, 3, 4, 0, 2, 0, 3, 7, 2, 1, 0, 1, 0, 0, 0, 1, 0, 0, 0, 0, 0, 0, 0, 2, 0, 0, 0, 0, 0, 0, 0, 0, 0, 0, 0, 0, 0, 0, 0, 1, 0, 0, 0, 2, 0, 0, 0, 
19, 0, 1, 0, 0, 0, 0, 0, 0, 0, 0, 1, 2, 0, 0, 2, 0, 0, 1, 0, 1, 0, 0, 1, 0, 6, 5, 7, 4, 0, 0, 0, 0, 0, 1, 0, 0, 63, 4, 0, 3, 11, 1, 0, 0, 0, 1, 0, 2, 32, 3, 2, 0, 51, 1, 3, 0, 75, 10, 8, 2, 15, 6, 2, 4, 12, 2, 0, 1, 8, 0, 1, 0, 12, 1, 0, 1, 0, 0, 0, 0, 0, 0, 0, 0, 1, 0, 0, 0, 1, 0, 0, 0, 1, 0, 0, 0, 0, 0, 0, 0, 0, 0, 0, 0, 1, 0, 0, 0, 0, 0, 0, 0, 
20, 1, 1, 0, 0, 4, 1, 0, 1, 0, 0, 0, 0, 0, 0, 2, 0, 2, 4, 0, 2, 0, 0, 0, 0, 4, 3, 5, 4, 4, 1, 6, 2, 0, 3, 2, 0, 58, 4, 3, 4, 8, 0, 3, 1, 0, 0, 0, 1, 28, 1, 0, 1, 54, 2, 2, 1, 83, 1, 1, 4, 22, 3, 3, 2, 6, 3, 0, 2, 4, 3, 1, 3, 9, 0, 1, 0, 1, 0, 0, 0, 2, 0, 0, 0, 0, 0, 0, 0, 2, 0, 0, 0, 1, 0, 0, 0, 0, 0, 0, 0, 0, 0, 0, 0, 1, 0, 0, 0, 0, 0, 0, 0, 
21, 0, 1, 1, 0, 0, 0, 1, 1, 1, 2, 0, 0, 1, 0, 1, 0, 0, 0, 0, 0, 1, 1, 0, 0, 5, 4, 6, 3, 4, 8, 7, 2, 1, 1, 4, 0, 73, 3, 1, 2, 0, 0, 2, 1, 5, 3, 3, 1, 18, 0, 0, 0, 68, 4, 4, 2, 81, 8, 3, 1, 10, 2, 6, 0, 0, 0, 0, 0, 5, 8, 4, 0, 15, 3, 2, 1, 0, 0, 0, 0, 0, 0, 0, 0, 0, 0, 0, 0, 0, 0, 0, 0, 1, 0, 0, 0, 3, 0, 0, 0, 0, 0, 0, 0, 0, 0, 0, 0, 2, 0, 0, 0, 
22, 0, 0, 1, 0, 1, 2, 1, 0, 14, 1, 0, 1, 2, 1, 0, 0, 0, 1, 2, 0, 0, 0, 0, 0, 3, 6, 4, 5, 3, 5, 4, 7, 3, 4, 3, 6, 65, 4, 1, 2, 0, 0, 0, 0, 0, 0, 1, 1, 3, 0, 1, 0, 74, 1, 1, 0, 90, 9, 1, 3, 6, 3, 5, 4, 1, 1, 2, 1, 6, 9, 8, 3, 15, 1, 3, 2, 0, 0, 0, 0, 0, 0, 0, 0, 0, 0, 0, 0, 0, 0, 0, 0, 0, 0, 0, 0, 1, 0, 0, 0, 0, 0, 0, 0, 3, 0, 0, 0, 2, 0, 0, 0, 
23, 0, 0, 0, 0, 0, 0, 0, 1, 5, 0, 0, 0, 2, 0, 0, 1, 1, 1, 0, 2, 1, 1, 1, 0, 6, 4, 6, 6, 8, 5, 8, 1, 0, 2, 0, 1, 63, 2, 1, 1, 1, 1, 0, 2, 2, 0, 3, 3, 0, 0, 0, 0, 66, 0, 5, 3, 83, 6, 3, 3, 7, 3, 9, 1, 4, 2, 3, 1, 11, 12, 10, 6, 38, 3, 0, 0, 0, 0, 0, 0, 1, 0, 0, 0, 2, 0, 0, 0, 1, 0, 0, 0, 0, 0, 0, 0, 0, 0, 0, 0, 0, 0, 0, 0, 0, 0, 0, 0, 1, 0, 0, 0, 
24, 1, 0, 0, 1, 1, 1, 0, 0, 0, 0, 1, 0, 0, 0, 0, 0, 1, 0, 0, 0, 0, 2, 2, 0, 6, 4, 6, 7, 3, 2, 6, 2, 2, 0, 2, 3, 57, 3, 2, 1, 1, 2, 4, 1, 3, 5, 2, 1, 4, 5, 1, 4, 67, 3, 3, 2, 76, 1, 3, 4, 2, 3, 2, 4, 3, 0, 1, 2, 11, 12, 6, 8, 43, 1, 0, 1, 2, 0, 0, 0, 1, 0, 0, 0, 0, 0, 0, 0, 0, 0, 0, 0, 0, 0, 0, 0, 0, 0, 0, 0, 1, 0, 0, 0, 2, 0, 0, 0, 3, 0, 0, 0, 
25, 0, 0, 2, 0, 0, 0, 2, 0, 0, 0, 2, 0, 0, 0, 0, 0, 1, 1, 0, 0, 0, 1, 0, 0, 4, 2, 3, 5, 7, 4, 4, 5, 5, 3, 3, 1, 56, 4, 1, 6, 6, 6, 4, 4, 6, 4, 1, 6, 2, 2, 3, 1, 77, 2, 1, 4, 84, 1, 3, 3, 3, 0, 4, 3, 2, 2, 4, 3, 6, 10, 10, 5, 25, 1, 0, 0, 0, 0, 0, 0, 3, 0, 0, 0, 0, 0, 0, 0, 0, 0, 0, 0, 1, 0, 0, 0, 0, 0, 0, 0, 1, 0, 0, 0, 1, 0, 0, 0, 2, 0, 0, 0, 
26, 0, 0, 1, 0, 0, 2, 0, 0, 0, 0, 0, 0, 0, 0, 0, 0, 0, 1, 0, 2, 0, 1, 0, 0, 7, 6, 5, 2, 2, 1, 0, 1, 6, 3, 3, 2, 47, 2, 2, 0, 13, 6, 4, 7, 6, 4, 10, 6, 0, 2, 0, 0, 69, 3, 4, 3, 92, 4, 1, 5, 1, 6, 2, 6, 1, 1, 0, 1, 3, 2, 1, 1, 28, 2, 0, 0, 2, 0, 0, 0, 0, 0, 0, 0, 0, 0, 0, 0, 2, 0, 0, 0, 0, 0, 0, 0, 1, 0, 0, 0, 0, 0, 0, 0, 4, 0, 0, 0, 0, 0, 0, 0, 
27, 0, 1, 5, 3, 0, 0, 1, 0, 0, 0, 0, 1, 0, 0, 0, 0, 1, 0, 0, 0, 1, 3, 0, 0, 2, 0, 1, 1, 0, 0, 0, 1, 2, 3, 2, 1, 58, 5, 2, 3, 8, 5, 7, 4, 3, 2, 8, 3, 0, 2, 0, 2, 78, 1, 0, 0, 94, 0, 1, 3, 5, 5, 5, 3, 3, 5, 6, 5, 1, 1, 2, 2, 29, 0, 0, 1, 3, 0, 0, 0, 0, 0, 0, 0, 2, 0, 0, 0, 0, 0, 0, 0, 1, 0, 0, 0, 0, 0, 0, 0, 0, 0, 0, 0, 1, 0, 0, 0, 2, 0, 0, 0, 
28, 2, 4, 2, 0, 0, 1, 0, 0, 5, 4, 2, 0, 0, 0, 0, 0, 1, 1, 1, 0, 0, 0, 0, 0, 1, 2, 1, 1, 1, 0, 1, 0, 2, 2, 2, 1, 47, 1, 7, 1, 5, 7, 6, 3, 4, 0, 1, 0, 5, 0, 4, 4, 82, 7, 1, 2, 80, 2, 4, 0, 4, 6, 9, 4, 2, 0, 2, 2, 1, 2, 0, 0, 33, 0, 1, 0, 2, 0, 0, 0, 1, 0, 0, 0, 2, 0, 0, 0, 1, 0, 0, 0, 0, 0, 0, 0, 2, 0, 0, 0, 0, 0, 0, 0, 0, 0, 0, 0, 0, 0, 0, 0, 
29, 0, 0, 0, 1, 1, 1, 0, 0, 0, 0, 2, 0, 0, 0, 0, 0, 1, 0, 0, 1, 1, 1, 0, 0, 6, 1, 0, 4, 2, 2, 2, 6, 6, 2, 2, 3, 66, 6, 1, 4, 10, 6, 7, 4, 2, 0, 1, 1, 2, 2, 2, 2, 92, 4, 1, 0, 72, 3, 0, 5, 2, 3, 3, 0, 0, 2, 1, 0, 0, 2, 0, 1, 41, 0, 0, 0, 0, 0, 0, 0, 0, 0, 0, 0, 0, 0, 0, 0, 0, 0, 0, 0, 2, 0, 0, 0, 0, 0, 0, 0, 1, 0, 0, 0, 1, 0, 0, 0, 1, 0, 0, 0, 
30, 0, 3, 1, 0, 0, 0, 0, 1, 0, 0, 0, 0, 0, 1, 0, 0, 1, 0, 0, 0, 1, 0, 0, 0, 7, 7, 6, 0, 2, 1, 2, 2, 1, 1, 3, 4, 57, 5, 0, 5, 4, 5, 4, 5, 6, 1, 3, 1, 1, 3, 2, 1, 100, 1, 1, 1, 71, 2, 4, 1, 1, 0, 2, 0, 0, 0, 0, 0, 2, 0, 0, 0, 42, 2, 0, 1, 0, 0, 0, 0, 0, 0, 0, 0, 2, 0, 0, 0, 2, 0, 0, 0, 1, 0, 0, 0, 2, 0, 0, 0, 0, 0, 0, 0, 0, 0, 0, 0, 0, 0, 0, 0, 
31, 0, 1, 1, 1, 1, 0, 0, 0, 0, 1, 0, 1, 1, 0, 0, 0, 1, 2, 1, 1, 0, 0, 0, 1, 7, 5, 9, 3, 2, 1, 1, 0, 12, 10, 2, 10, 50, 2, 1, 4, 12, 11, 6, 5, 7, 1, 1, 0, 0, 2, 2, 0, 87, 0, 5, 0, 70, 2, 2, 3, 8, 0, 1, 2, 4, 3, 3, 5, 13, 2, 1, 0, 50, 3, 0, 0, 1, 0, 0, 0, 0, 0, 0, 0, 0, 0, 0, 0, 0, 0, 0, 0, 0, 0, 0, 0, 0, 0, 0, 0, 0, 0, 0, 0, 0, 0, 0, 0, 0, 0, 0, 0, 
32, 0, 0, 0, 0, 3, 0, 3, 2, 1, 0, 0, 2, 0, 1, 0, 0, 1, 0, 0, 1, 1, 0, 1, 1, 3, 3, 5, 5, 4, 2, 2, 5, 16, 3, 8, 4, 54, 3, 4, 1, 23, 5, 5, 3, 10, 0, 0, 0, 1, 2, 1, 0, 70, 1, 3, 3, 66, 2, 4, 2, 3, 1, 3, 1, 0, 0, 4, 3, 11, 1, 3, 0, 58, 3, 0, 1, 0, 0, 0, 0, 1, 0, 0, 0, 0, 0, 0, 0, 0, 0, 0, 0, 0, 0, 0, 0, 0, 0, 0, 0, 0, 0, 0, 0, 2, 0, 0, 0, 0, 0, 0, 0, 
33, 1, 0, 0, 0, 1, 0, 3, 0, 1, 0, 0, 0, 0, 1, 0, 1, 3, 1, 0, 0, 0, 0, 0, 0, 7, 5, 2, 4, 2, 4, 2, 9, 20, 9, 5, 3, 42, 2, 3, 3, 19, 4, 6, 5, 4, 1, 2, 0, 16, 2, 1, 1, 75, 1, 1, 3, 57, 3, 3, 3, 1, 1, 3, 3, 4, 2, 1, 3, 1, 3, 1, 0, 37, 0, 0, 0, 3, 0, 0, 0, 0, 0, 0, 0, 1, 0, 0, 0, 1, 0, 0, 0, 2, 0, 0, 0, 0, 0, 0, 0, 1, 0, 0, 0, 3, 0, 0, 0, 1, 0, 0, 0, 
34, 8, 3, 1, 1, 0, 2, 2, 0, 0, 0, 0, 0, 0, 3, 0, 0, 2, 1, 1, 0, 0, 0, 1, 0, 0, 1, 0, 0, 2, 1, 1, 1, 17, 4, 3, 4, 36, 1, 1, 2, 6, 5, 6, 6, 9, 1, 0, 2, 21, 3, 2, 0, 83, 2, 1, 0, 49, 3, 1, 4, 0, 1, 0, 0, 4, 2, 2, 5, 1, 0, 1, 2, 42, 0, 0, 1, 0, 0, 0, 0, 0, 0, 0, 0, 2, 0, 0, 0, 2, 0, 0, 0, 0, 0, 0, 0, 0, 0, 0, 0, 1, 0, 0, 0, 1, 0, 0, 0, 1, 0, 0, 0, 
35, 0, 0, 1, 2, 0, 0, 0, 0, 1, 0, 0, 0, 2, 0, 0, 0, 0, 1, 0, 1, 0, 0, 0, 0, 1, 3, 1, 1, 1, 1, 1, 2, 21, 9, 5, 2, 13, 3, 4, 3, 4, 2, 9, 4, 10, 1, 0, 1, 26, 1, 4, 0, 82, 2, 1, 0, 63, 2, 6, 2, 4, 2, 0, 1, 4, 5, 5, 4, 1, 1, 3, 1, 46, 1, 2, 0, 0, 0, 0, 0, 1, 0, 0, 0, 1, 0, 0, 0, 2, 0, 0, 0, 1, 0, 0, 0, 2, 0, 0, 0, 0, 0, 0, 0, 0, 0, 0, 0, 2, 0, 0, 0, 
36, 0, 0, 0, 1, 2, 0, 0, 0, 1, 1, 1, 0, 0, 0, 0, 0, 0, 1, 1, 0, 0, 0, 0, 1, 3, 7, 5, 5, 8, 5, 0, 0, 16, 7, 6, 2, 21, 2, 4, 4, 2, 4, 1, 2, 1, 1, 1, 3, 19, 1, 1, 1, 87, 1, 3, 0, 63, 0, 3, 4, 15, 4, 2, 3, 4, 10, 5, 4, 5, 1, 2, 4, 47, 2, 0, 0, 0, 0, 0, 0, 0, 0, 0, 0, 0, 0, 0, 0, 1, 0, 0, 0, 1, 0, 0, 0, 1, 0, 0, 0, 0, 0, 0, 0, 0, 0, 0, 0, 0, 0, 0, 0, 
37, 4, 3, 1, 1, 2, 1, 1, 0, 0, 0, 0, 0, 1, 0, 0, 0, 0, 0, 0, 0, 0, 1, 0, 0, 4, 4, 11, 10, 25, 0, 2, 0, 5, 2, 4, 3, 30, 1, 2, 4, 4, 2, 2, 0, 2, 2, 0, 1, 9, 2, 0, 1, 79, 3, 1, 0, 64, 5, 5, 4, 20, 3, 1, 0, 11, 4, 6, 4, 4, 3, 1, 2, 38, 0, 0, 0, 1, 0, 0, 0, 2, 0, 0, 0, 1, 0, 0, 0, 0, 0, 0, 0, 0, 0, 0, 0, 1, 0, 0, 0, 0, 0, 0, 0, 0, 0, 0, 0, 1, 0, 0, 0, 
38, 1, 0, 1, 0, 0, 0, 1, 1, 0, 0, 0, 1, 1, 1, 1, 1, 0, 0, 0, 0, 0, 0, 0, 0, 11, 7, 6, 7, 23, 0, 0, 0, 7, 0, 4, 4, 23, 4, 4, 1, 2, 0, 3, 1, 4, 4, 3, 4, 1, 1, 1, 1, 88, 2, 1, 3, 65, 3, 3, 3, 35, 0, 3, 1, 3, 5, 7, 10, 13, 2, 0, 1, 42, 4, 0, 1, 0, 0, 0, 0, 0, 0, 0, 0, 1, 0, 0, 0, 0, 0, 0, 0, 0, 0, 0, 0, 0, 0, 0, 0, 2, 0, 0, 0, 2, 0, 0, 0, 0, 0, 0, 0, 
39, 0, 1, 0, 1, 0, 0, 0, 0, 0, 0, 0, 0, 0, 0, 0, 0, 2, 1, 0, 1, 1, 0, 0, 0, 14, 11, 6, 3, 31, 1, 1, 0, 5, 5, 5, 4, 22, 2, 4, 2, 7, 4, 0, 1, 0, 2, 0, 0, 1, 0, 1, 1, 80, 2, 2, 0, 59, 4, 3, 3, 36, 6, 2, 2, 8, 7, 5, 7, 0, 1, 0, 1, 53, 1, 1, 1, 1, 0, 0, 0, 0, 0, 0, 0, 0, 0, 0, 0, 0, 0, 0, 0, 1, 0, 0, 0, 0, 0, 0, 0, 0, 0, 0, 0, 1, 0, 0, 0, 1, 0, 0, 0, 
40, 0, 0, 0, 0, 0, 0, 0, 0, 0, 1, 0, 1, 0, 0, 0, 0, 1, 0, 0, 0, 2, 1, 0, 0, 10, 10, 10, 11, 33, 1, 1, 0, 8, 6, 3, 1, 27, 6, 4, 0, 5, 3, 0, 0, 2, 1, 3, 1, 1, 1, 0, 1, 83, 0, 3, 1, 50, 4, 2, 1, 39, 3, 0, 0, 5, 4, 6, 5, 5, 1, 5, 1, 48, 3, 0, 0, 0, 0, 0, 0, 2, 0, 0, 0, 0, 0, 0, 0, 0, 0, 0, 0, 0, 0, 0, 0, 2, 0, 0, 0, 0, 0, 0, 0, 0, 0, 0, 0, 0, 0, 0, 0, 
41, 1, 0, 1, 1, 0, 0, 0, 0, 0, 0, 0, 0, 0, 0, 0, 0, 0, 1, 0, 0, 0, 1, 2, 0, 9, 11, 13, 4, 32, 0, 0, 0, 10, 7, 2, 2, 19, 3, 4, 3, 8, 1, 0, 0, 0, 0, 0, 0, 2, 1, 1, 0, 74, 2, 1, 2, 43, 3, 4, 2, 36, 0, 0, 2, 5, 3, 3, 7, 0, 0, 0, 0, 45, 0, 2, 1, 0, 0, 0, 0, 2, 0, 0, 0, 3, 0, 0, 0, 1, 0, 0, 0, 3, 0, 0, 0, 0, 0, 0, 0, 0, 0, 0, 0, 3, 0, 0, 0, 0, 0, 0, 0, 
42, 0, 0, 0, 0, 1, 0, 0, 0, 0, 0, 0, 0, 2, 0, 1, 0, 0, 0, 0, 1, 0, 0, 0, 0, 11, 7, 7, 7, 28, 2, 0, 1, 4, 4, 4, 3, 13, 8, 3, 2, 3, 4, 6, 3, 1, 1, 0, 4, 1, 0, 3, 2, 86, 4, 4, 1, 33, 3, 3, 2, 36, 4, 0, 0, 4, 3, 2, 0, 0, 0, 0, 0, 48, 2, 0, 1, 0, 0, 0, 0, 1, 0, 0, 0, 0, 0, 0, 0, 1, 0, 0, 0, 0, 0, 0, 0, 3, 0, 0, 0, 1, 0, 0, 0, 0, 0, 0, 0, 0, 0, 0, 0, 
43, 1, 2, 1, 4, 1, 0, 2, 2, 5, 0, 0, 0, 0, 0, 0, 0, 0, 1, 0, 1, 2, 1, 1, 1, 3, 8, 1, 0, 41, 1, 0, 0, 2, 5, 5, 5, 2, 2, 1, 3, 16, 3, 2, 1, 2, 0, 2, 3, 0, 0, 0, 0, 88, 7, 0, 0, 36, 5, 2, 1, 28, 1, 3, 1, 3, 6, 2, 4, 1, 0, 0, 1, 40, 0, 0, 1, 1, 0, 0, 0, 1, 0, 0, 0, 1, 0, 0, 0, 2, 0, 0, 0, 0, 0, 0, 0, 1, 0, 0, 0, 1, 0, 0, 0, 0, 0, 0, 0, 1, 0, 0, 0, 
44, 3, 0, 0, 0, 1, 0, 0, 2, 0, 0, 0, 0, 2, 0, 1, 2, 0, 1, 0, 0, 1, 1, 0, 1, 7, 6, 4, 5, 51, 4, 0, 0, 1, 1, 4, 4, 0, 0, 0, 0, 14, 3, 2, 2, 1, 0, 1, 2, 1, 2, 1, 0, 81, 5, 1, 2, 34, 1, 6, 2, 19, 2, 1, 0, 6, 4, 4, 1, 1, 1, 1, 2, 31, 0, 0, 0, 2, 0, 0, 0, 0, 0, 0, 0, 1, 0, 0, 0, 1, 0, 0, 0, 0, 0, 0, 0, 0, 0, 0, 0, 0, 0, 0, 0, 0, 0, 0, 0, 0, 0, 0, 0, 
45, 5, 4, 0, 0, 0, 0, 2, 3, 0, 0, 0, 0, 1, 1, 1, 2, 0, 0, 0, 0, 0, 1, 0, 0, 13, 6, 0, 3, 72, 0, 0, 1, 1, 0, 1, 3, 1, 2, 2, 2, 27, 3, 1, 0, 2, 3, 4, 0, 3, 2, 0, 1, 83, 1, 3, 0, 35, 3, 5, 4, 37, 4, 2, 0, 1, 3, 2, 1, 0, 0, 0, 0, 38, 1, 0, 0, 0, 0, 0, 0, 0, 0, 0, 0, 0, 0, 0, 0, 1, 0, 0, 0, 0, 0, 0, 0, 2, 0, 0, 0, 0, 0, 0, 0, 0, 0, 0, 0, 0, 0, 0, 0, 
46, 0, 0, 1, 0, 0, 0, 0, 1, 0, 1, 0, 0, 1, 1, 0, 0, 0, 1, 1, 0, 0, 0, 1, 0, 8, 7, 3, 4, 72, 0, 0, 1, 3, 3, 2, 1, 7, 6, 3, 3, 28, 0, 1, 2, 16, 1, 3, 0, 2, 1, 1, 1, 66, 4, 0, 2, 46, 4, 2, 3, 28, 1, 0, 0, 5, 7, 5, 2, 0, 0, 2, 0, 25, 3, 0, 1, 0, 0, 0, 0, 0, 0, 0, 0, 1, 0, 0, 0, 1, 0, 0, 0, 0, 0, 0, 0, 0, 0, 0, 0, 1, 0, 0, 0, 1, 0, 0, 0, 1, 0, 0, 0, 
47, 0, 0, 0, 0, 0, 0, 0, 1, 1, 0, 2, 2, 1, 0, 0, 0, 0, 0, 0, 1, 0, 1, 0, 1, 4, 12, 7, 5, 65, 0, 2, 0, 6, 1, 0, 1, 4, 4, 1, 5, 13, 2, 0, 1, 23, 1, 1, 0, 2, 1, 2, 0, 74, 1, 0, 2, 35, 4, 1, 4, 50, 2, 2, 3, 2, 6, 3, 3, 1, 1, 0, 0, 21, 2, 0, 1, 2, 0, 0, 0, 2, 0, 0, 0, 1, 0, 0, 0, 1, 0, 0, 0, 0, 0, 0, 0, 0, 0, 0, 0, 1, 0, 0, 0, 0, 0, 0, 0, 3, 0, 0, 0, 
48, 0, 0, 0, 0, 1, 0, 0, 2, 1, 0, 0, 0, 0, 2, 0, 2, 0, 0, 1, 2, 0, 0, 0, 0, 5, 4, 11, 10, 46, 0, 1, 0, 16, 2, 1, 0, 1, 1, 0, 1, 5, 1, 3, 1, 13, 2, 3, 0, 2, 0, 1, 3, 59, 0, 2, 1, 39, 4, 1, 7, 59, 1, 1, 1, 2, 2, 9, 1, 0, 0, 1, 0, 19, 1, 1, 0, 0, 0, 0, 0, 0, 0, 0, 0, 1, 0, 0, 0, 1, 0, 0, 0, 0, 0, 0, 0, 0, 0, 0, 0, 1, 0, 0, 0, 1, 0, 0, 0, 0, 0, 0, 0, 
49, 1, 2, 0, 2, 0, 0, 0, 0, 0, 0, 0, 1, 2, 2, 0, 0, 0, 1, 0, 1, 0, 1, 0, 0, 9, 6, 4, 3, 43, 0, 0, 3, 25, 2, 0, 0, 2, 0, 1, 0, 10, 3, 2, 7, 10, 2, 0, 2, 1, 1, 1, 0, 47, 4, 2, 4, 46, 3, 1, 2, 61, 4, 0, 0, 6, 3, 4, 4, 0, 2, 0, 1, 1, 1, 1, 0, 0, 0, 0, 0, 2, 0, 0, 0, 1, 0, 0, 0, 0, 0, 0, 0, 0, 0, 0, 0, 1, 0, 0, 0, 1, 0, 0, 0, 1, 0, 0, 0, 1, 0, 0, 0, 
50, 0, 1, 0, 0, 0, 0, 0, 0, 1, 0, 1, 0, 2, 0, 0, 2, 0, 1, 0, 0, 1, 0, 0, 0, 6, 5, 0, 1, 51, 0, 1, 0, 21, 2, 1, 2, 0, 0, 0, 0, 7, 2, 4, 5, 12, 3, 2, 0, 4, 2, 1, 1, 57, 2, 3, 2, 39, 3, 6, 2, 62, 4, 1, 4, 1, 4, 8, 4, 2, 2, 1, 3, 0, 1, 0, 0, 0, 0, 0, 0, 0, 0, 0, 0, 1, 0, 0, 0, 0, 0, 0, 0, 0, 0, 0, 0, 0, 0, 0, 0, 1, 0, 0, 0, 0, 0, 0, 0, 1, 0, 0, 0, 
51, 0, 1, 1, 1, 2, 1, 0, 1, 0, 0, 1, 0, 0, 0, 4, 2, 1, 0, 0, 0, 0, 0, 1, 0, 3, 6, 3, 1, 34, 1, 1, 1, 22, 1, 1, 3, 2, 1, 0, 2, 5, 2, 7, 7, 4, 1, 2, 2, 10, 3, 2, 1, 47, 3, 1, 1, 34, 3, 3, 2, 64, 3, 4, 2, 6, 7, 5, 8, 0, 3, 3, 5, 1, 0, 3, 1, 0, 0, 0, 0, 0, 0, 0, 0, 0, 0, 0, 0, 0, 0, 0, 0, 0, 0, 0, 0, 1, 0, 0, 0, 0, 0, 0, 0, 0, 0, 0, 0, 0, 0, 0, 0, 
52, 1, 0, 2, 0, 0, 1, 0, 0, 1, 1, 0, 0, 0, 0, 0, 0, 1, 0, 0, 0, 1, 1, 0, 0, 1, 2, 6, 5, 34, 1, 1, 0, 12, 1, 3, 3, 4, 1, 1, 5, 0, 0, 3, 0, 4, 1, 4, 2, 12, 2, 4, 0, 52, 2, 2, 2, 32, 3, 2, 3, 67, 1, 1, 1, 7, 2, 4, 3, 1, 1, 3, 6, 7, 2, 3, 3, 2, 0, 0, 0, 0, 0, 0, 0, 3, 0, 0, 0, 0, 0, 0, 0, 0, 0, 0, 0, 2, 0, 0, 0, 0, 0, 0, 0, 1, 0, 0, 0, 1, 0, 0, 0, 
53, 0, 1, 1, 0, 1, 2, 3, 1, 1, 0, 1, 0, 1, 1, 1, 0, 1, 0, 0, 2, 0, 0, 0, 0, 7, 4, 6, 5, 16, 0, 0, 0, 16, 16, 1, 3, 5, 1, 5, 2, 1, 1, 2, 3, 1, 6, 1, 0, 0, 2, 0, 2, 52, 3, 1, 0, 34, 3, 4, 1, 67, 3, 2, 3, 7, 5, 5, 6, 11, 6, 5, 5, 0, 0, 0, 0, 0, 0, 0, 0, 1, 0, 0, 0, 0, 0, 0, 0, 0, 0, 0, 0, 3, 0, 0, 0, 0, 0, 0, 0, 0, 0, 0, 0, 0, 0, 0, 0, 0, 0, 0, 0, 
54, 1, 1, 1, 0, 0, 0, 0, 0, 2, 0, 1, 0, 2, 3, 1, 1, 0, 1, 1, 0, 0, 0, 0, 0, 2, 6, 5, 4, 13, 1, 1, 0, 35, 1, 2, 0, 2, 3, 4, 4, 0, 1, 0, 1, 6, 5, 4, 1, 2, 1, 3, 3, 60, 3, 2, 2, 35, 2, 1, 4, 77, 0, 0, 1, 4, 4, 5, 7, 26, 2, 1, 4, 4, 4, 4, 2, 1, 0, 0, 0, 0, 0, 0, 0, 1, 0, 0, 0, 0, 0, 0, 0, 0, 0, 0, 0, 1, 0, 0, 0, 0, 0, 0, 0, 1, 0, 0, 0, 1, 0, 0, 0, 
55, 1, 1, 0, 0, 0, 0, 0, 0, 1, 1, 0, 1, 0, 1, 0, 1, 0, 0, 0, 0, 1, 0, 1, 0, 8, 12, 12, 5, 11, 0, 1, 0, 38, 2, 1, 2, 21, 0, 3, 1, 4, 2, 4, 5, 7, 2, 8, 9, 0, 1, 0, 0, 60, 6, 2, 4, 13, 3, 1, 3, 84, 5, 3, 0, 6, 5, 5, 1, 30, 2, 2, 2, 5, 9, 6, 2, 0, 0, 0, 0, 1, 0, 0, 0, 1, 0, 0, 0, 0, 0, 0, 0, 1, 0, 0, 0, 0, 0, 0, 0, 0, 0, 0, 0, 3, 0, 0, 0, 1, 0, 0, 0, 
56, 0, 2, 1, 0, 0, 1, 0, 0, 0, 0, 1, 0, 0, 1, 1, 0, 1, 1, 1, 2, 5, 2, 1, 1, 5, 3, 9, 6, 5, 0, 0, 0, 41, 1, 0, 0, 13, 2, 2, 6, 21, 5, 0, 1, 2, 9, 10, 5, 2, 3, 0, 0, 68, 2, 1, 1, 4, 4, 7, 4, 80, 2, 2, 0, 4, 6, 1, 1, 28, 2, 3, 4, 3, 1, 4, 4, 1, 0, 0, 0, 0, 0, 0, 0, 0, 0, 0, 0, 0, 0, 0, 0, 0, 0, 0, 0, 1, 0, 0, 0, 4, 0, 0, 0, 4, 0, 0, 0, 0, 0, 0, 0, 
57, 1, 1, 1, 0, 0, 0, 0, 0, 1, 0, 0, 0, 1, 2, 0, 0, 0, 0, 0, 1, 0, 0, 2, 0, 11, 3, 7, 4, 2, 1, 1, 1, 49, 1, 1, 2, 15, 1, 1, 4, 11, 2, 1, 1, 2, 6, 3, 9, 2, 1, 0, 1, 55, 3, 0, 1, 3, 1, 1, 1, 76, 0, 7, 1, 7, 2, 3, 0, 23, 4, 4, 3, 3, 6, 7, 4, 0, 0, 0, 0, 0, 0, 0, 0, 2, 0, 0, 0, 0, 0, 0, 0, 1, 0, 0, 0, 0, 0, 0, 0, 3, 0, 0, 0, 0, 0, 0, 0, 0, 0, 0, 0, 
58, 0, 1, 1, 1, 1, 0, 0, 0, 1, 0, 1, 0, 0, 0, 1, 1, 1, 1, 1, 0, 1, 0, 0, 0, 5, 8, 5, 5, 3, 2, 0, 1, 44, 1, 3, 0, 5, 2, 3, 0, 14, 1, 1, 0, 5, 2, 4, 3, 2, 1, 1, 1, 38, 3, 2, 2, 9, 4, 4, 4, 87, 0, 3, 3, 1, 0, 0, 5, 25, 2, 2, 4, 9, 6, 7, 5, 0, 0, 0, 0, 0, 0, 0, 0, 0, 0, 0, 0, 2, 0, 0, 0, 0, 0, 0, 0, 0, 0, 0, 0, 0, 0, 0, 0, 0, 0, 0, 0, 0, 0, 0, 0, 
59, 0, 0, 1, 1, 0, 0, 1, 1, 3, 1, 3, 0, 0, 0, 0, 0, 0, 0, 0, 0, 2, 0, 2, 0, 2, 2, 4, 1, 0, 0, 0, 0, 34, 1, 0, 2, 3, 0, 0, 2, 20, 3, 0, 0, 1, 1, 2, 1, 4, 2, 4, 5, 32, 2, 2, 3, 8, 3, 4, 0, 84, 2, 0, 2, 0, 0, 0, 0, 20, 3, 5, 1, 8, 5, 10, 9, 1, 0, 0, 0, 2, 0, 0, 0, 3, 0, 0, 0, 0, 0, 0, 0, 1, 0, 0, 0, 3, 0, 0, 0, 5, 0, 0, 0, 0, 0, 0, 0, 0, 0, 0, 0, 
60, 0, 1, 0, 0, 1, 1, 0, 0, 3, 0, 4, 1, 1, 2, 1, 2, 0, 1, 0, 0, 0, 0, 0, 0, 4, 0, 1, 1, 1, 3, 3, 4, 28, 3, 0, 1, 2, 0, 2, 1, 32, 0, 2, 2, 1, 5, 2, 0, 3, 1, 4, 0, 28, 0, 0, 0, 10, 1, 4, 5, 79, 3, 3, 1, 2, 3, 0, 0, 15, 1, 1, 3, 11, 6, 3, 14, 2, 0, 0, 0, 0, 0, 0, 0, 1, 0, 0, 0, 1, 0, 0, 0, 1, 0, 0, 0, 0, 0, 0, 0, 0, 0, 0, 0, 1, 0, 0, 0, 1, 0, 0, 0, 
61, 0, 1, 0, 0, 0, 0, 0, 0, 0, 0, 1, 0, 0, 0, 0, 1, 0, 0, 0, 0, 1, 1, 1, 0, 16, 1, 0, 2, 4, 2, 0, 0, 17, 0, 2, 0, 6, 4, 1, 4, 24, 5, 1, 1, 5, 5, 3, 1, 0, 1, 1, 0, 16, 4, 0, 5, 3, 4, 5, 1, 79, 3, 1, 1, 0, 0, 0, 0, 7, 4, 1, 2, 9, 7, 3, 4, 0, 0, 0, 0, 0, 0, 0, 0, 3, 0, 0, 0, 0, 0, 0, 0, 0, 0, 0, 0, 2, 0, 0, 0, 4, 0, 0, 0, 0, 0, 0, 0, 0, 0, 0, 0, 
62, 0, 0, 0, 0, 0, 0, 0, 1, 1, 1, 0, 0, 0, 0, 0, 1, 1, 2, 0, 0, 0, 2, 0, 0, 17, 2, 1, 0, 5, 7, 2, 8, 16, 3, 2, 0, 1, 0, 3, 1, 28, 2, 2, 1, 15, 1, 0, 0, 6, 4, 4, 3, 20, 2, 4, 2, 3, 6, 2, 3, 76, 1, 1, 0, 0, 1, 0, 1, 8, 0, 5, 3, 7, 4, 6, 3, 0, 0, 0, 0, 0, 0, 0, 0, 0, 0, 0, 0, 3, 0, 0, 0, 0, 0, 0, 0, 1, 0, 0, 0, 1, 0, 0, 0, 0, 0, 0, 0, 3, 0, 0, 0, 
63, 2, 1, 0, 2, 0, 0, 0, 0, 0, 1, 0, 0, 0, 0, 1, 0, 1, 0, 0, 0, 0, 1, 1, 1, 20, 0, 0, 0, 4, 2, 4, 1, 12, 3, 3, 3, 10, 4, 1, 4, 31, 5, 2, 2, 11, 3, 1, 0, 7, 5, 2, 1, 7, 1, 3, 1, 1, 5, 3, 2, 65, 1, 3, 3, 6, 6, 6, 7, 5, 5, 2, 2, 2, 5, 2, 2, 0, 0, 0, 0, 1, 0, 0, 0, 0, 0, 0, 0, 1, 0, 0, 0, 0, 0, 0, 0, 0, 0, 0, 0, 0, 0, 0, 0, 2, 0, 0, 0, 0, 0, 0, 0, 
64, 0, 0, 1, 0, 2, 1, 1, 0, 0, 1, 0, 2, 0, 1, 1, 0, 1, 0, 0, 0, 0, 0, 1, 0, 8, 0, 0, 0, 2, 4, 3, 2, 16, 1, 0, 1, 20, 3, 2, 2, 10, 2, 2, 1, 17, 1, 1, 1, 7, 3, 1, 2, 17, 5, 1, 2, 1, 0, 1, 3, 67, 3, 1, 0, 8, 9, 8, 7, 6, 6, 4, 2, 3, 1, 1, 2, 0, 0, 0, 0, 0, 0, 0, 0, 1, 0, 0, 0, 0, 0, 0, 0, 2, 0, 0, 0, 1, 0, 0, 0, 2, 0, 0, 0, 1, 0, 0, 0, 0, 0, 0, 0, 
65, 2, 0, 0, 1, 1, 0, 0, 0, 0, 0, 0, 0, 0, 0, 0, 0, 0, 0, 1, 0, 0, 0, 0, 0, 16, 3, 0, 0, 4, 3, 5, 4, 10, 1, 1, 1, 19, 3, 4, 2, 5, 3, 1, 2, 33, 1, 2, 2, 1, 6, 5, 2, 19, 1, 1, 0, 1, 0, 1, 0, 70, 1, 3, 2, 3, 6, 6, 5, 1, 1, 2, 0, 1, 2, 1, 3, 2, 0, 0, 0, 1, 0, 0, 0, 1, 0, 0, 0, 0, 0, 0, 0, 0, 0, 0, 0, 2, 0, 0, 0, 0, 0, 0, 0, 2, 0, 0, 0, 0, 0, 0, 0, 
66, 0, 0, 0, 1, 0, 0, 0, 0, 4, 1, 0, 0, 0, 0, 0, 0, 0, 0, 0, 0, 1, 0, 1, 0, 23, 1, 2, 0, 15, 1, 2, 0, 21, 6, 1, 2, 20, 4, 3, 2, 26, 6, 4, 0, 53, 2, 2, 0, 4, 9, 7, 2, 13, 3, 1, 0, 0, 0, 0, 1, 65, 2, 1, 3, 0, 5, 3, 4, 0, 0, 1, 2, 2, 2, 5, 2, 0, 0, 0, 0, 0, 0, 0, 0, 0, 0, 0, 0, 1, 0, 0, 0, 2, 0, 0, 0, 2, 0, 0, 0, 0, 0, 0, 0, 0, 0, 0, 0, 1, 0, 0, 0, 
67, 0, 0, 0, 0, 0, 0, 1, 1, 2, 0, 2, 3, 0, 0, 0, 0, 0, 0, 0, 0, 0, 0, 1, 0, 24, 4, 1, 2, 14, 1, 4, 2, 24, 1, 0, 1, 25, 3, 3, 4, 26, 5, 1, 3, 61, 1, 1, 1, 5, 5, 2, 2, 2, 3, 3, 1, 7, 0, 2, 3, 53, 3, 1, 2, 6, 4, 7, 2, 1, 0, 0, 1, 0, 1, 3, 2, 1, 0, 0, 0, 0, 0, 0, 0, 0, 0, 0, 0, 1, 0, 0, 0, 3, 0, 0, 0, 1, 0, 0, 0, 0, 0, 0, 0, 2, 0, 0, 0, 0, 0, 0, 0, 
68, 0, 0, 0, 0, 0, 0, 0, 1, 0, 0, 0, 0, 3, 1, 1, 1, 0, 1, 0, 0, 2, 1, 0, 0, 51, 2, 0, 1, 11, 4, 1, 2, 36, 3, 1, 0, 21, 6, 3, 4, 13, 2, 2, 1, 60, 3, 2, 0, 4, 4, 4, 1, 6, 7, 1, 5, 3, 2, 1, 1, 57, 3, 2, 1, 1, 3, 4, 1, 3, 3, 0, 1, 12, 4, 2, 1, 1, 0, 0, 0, 0, 0, 0, 0, 0, 0, 0, 0, 2, 0, 0, 0, 0, 0, 0, 0, 3, 0, 0, 0, 1, 0, 0, 0, 0, 0, 0, 0, 0, 0, 0, 0, 
69, 0, 0, 0, 0, 0, 1, 1, 0, 0, 0, 0, 0, 0, 0, 0, 1, 2, 0, 3, 0, 1, 2, 1, 0, 50, 1, 2, 0, 23, 2, 1, 5, 34, 3, 0, 1, 23, 4, 4, 1, 19, 2, 3, 0, 68, 1, 1, 1, 6, 4, 5, 1, 12, 4, 6, 6, 2, 2, 4, 4, 49, 1, 1, 2, 9, 1, 2, 0, 3, 0, 1, 0, 16, 5, 2, 1, 3, 0, 0, 0, 0, 0, 0, 0, 0, 0, 0, 0, 3, 0, 0, 0, 1, 0, 0, 0, 1, 0, 0, 0, 1, 0, 0, 0, 2, 0, 0, 0, 1, 0, 0, 0, 
70, 0, 0, 1, 0, 0, 0, 1, 0, 0, 1, 1, 0, 0, 0, 0, 2, 0, 0, 0, 0, 0, 0, 1, 0, 63, 2, 3, 2, 16, 2, 2, 2, 37, 2, 3, 2, 29, 1, 3, 1, 14, 3, 3, 2, 53, 2, 1, 0, 9, 4, 3, 9, 6, 7, 3, 11, 2, 4, 6, 8, 49, 1, 2, 1, 0, 1, 0, 0, 0, 0, 1, 1, 28, 0, 2, 2, 1, 0, 0, 0, 0, 0, 0, 0, 0, 0, 0, 0, 1, 0, 0, 0, 1, 0, 0, 0, 0, 0, 0, 0, 1, 0, 0, 0, 1, 0, 0, 0, 2, 0, 0, 0, 
71, 1, 0, 0, 0, 0, 1, 0, 0, 0, 0, 0, 0, 0, 1, 1, 0, 0, 0, 0, 0, 0, 0, 0, 2, 67, 1, 1, 1, 18, 5, 3, 3, 35, 5, 0, 1, 18, 1, 2, 3, 24, 0, 0, 1, 56, 4, 0, 1, 4, 8, 7, 2, 11, 4, 10, 3, 2, 6, 1, 1, 47, 1, 3, 1, 0, 0, 2, 1, 1, 1, 0, 0, 10, 1, 2, 1, 1, 0, 0, 0, 0, 0, 0, 0, 0, 0, 0, 0, 0, 0, 0, 0, 1, 0, 0, 0, 0, 0, 0, 0, 2, 0, 0, 0, 1, 0, 0, 0, 1, 0, 0, 0, 
72, 0, 0, 0, 0, 2, 0, 2, 0, 0, 3, 1, 1, 0, 0, 0, 0, 0, 1, 0, 0, 0, 0, 0, 1, 56, 0, 0, 1, 26, 6, 1, 1, 38, 1, 2, 2, 18, 3, 2, 5, 23, 4, 2, 0, 45, 0, 1, 2, 6, 1, 7, 3, 9, 16, 7, 9, 3, 3, 1, 1, 46, 1, 0, 2, 0, 1, 0, 0, 7, 5, 0, 0, 2, 0, 1, 0, 2, 0, 0, 0, 2, 0, 0, 0, 1, 0, 0, 0, 3, 0, 0, 0, 1, 0, 0, 0, 1, 0, 0, 0, 1, 0, 0, 0, 0, 0, 0, 0, 1, 0, 0, 0, 
73, 0, 0, 0, 0, 0, 0, 1, 0, 0, 0, 1, 0, 0, 0, 0, 2, 1, 1, 2, 3, 2, 0, 0, 1, 45, 1, 0, 0, 23, 2, 2, 4, 44, 2, 2, 1, 11, 2, 6, 3, 29, 1, 0, 1, 51, 2, 3, 1, 6, 8, 7, 2, 14, 12, 17, 16, 2, 2, 5, 3, 35, 2, 1, 2, 0, 1, 0, 1, 5, 0, 1, 0, 0, 0, 2, 1, 2, 0, 0, 0, 0, 0, 0, 0, 2, 0, 0, 0, 0, 0, 0, 0, 1, 0, 0, 0, 4, 0, 0, 0, 1, 0, 0, 0, 1, 0, 0, 0, 2, 0, 0, 0, 
74, 1, 1, 1, 2, 1, 0, 1, 2, 0, 0, 1, 0, 1, 0, 1, 0, 0, 1, 0, 0, 1, 0, 0, 0, 36, 0, 3, 2, 23, 1, 3, 1, 45, 1, 0, 0, 19, 3, 1, 3, 24, 2, 0, 2, 46, 1, 2, 0, 4, 2, 2, 0, 11, 12, 11, 11, 2, 0, 0, 0, 34, 3, 3, 4, 3, 7, 1, 0, 2, 1, 3, 2, 0, 0, 0, 0, 2, 0, 0, 0, 0, 0, 0, 0, 1, 0, 0, 0, 1, 0, 0, 0, 0, 0, 0, 0, 3, 0, 0, 0, 0, 0, 0, 0, 2, 0, 0, 0, 2, 0, 0, 0, 
75, 1, 0, 0, 0, 0, 1, 0, 0, 0, 0, 1, 0, 1, 1, 0, 1, 0, 0, 0, 0, 0, 0, 1, 1, 33, 1, 0, 0, 15, 3, 1, 2, 52, 0, 0, 0, 8, 2, 3, 3, 20, 5, 3, 1, 62, 2, 0, 0, 11, 2, 2, 2, 10, 8, 10, 7, 4, 0, 0, 0, 22, 4, 2, 1, 0, 3, 1, 0, 2, 3, 4, 3, 1, 4, 2, 3, 1, 0, 0, 0, 1, 0, 0, 0, 0, 0, 0, 0, 2, 0, 0, 0, 1, 0, 0, 0, 0, 0, 0, 0, 0, 0, 0, 0, 2, 0, 0, 0, 0, 0, 0, 0, 
76, 1, 0, 0, 0, 0, 0, 0, 0, 1, 0, 0, 0, 1, 0, 0, 1, 0, 1, 0, 2, 0, 0, 0, 0, 39, 3, 0, 1, 13, 2, 0, 2, 49, 0, 3, 2, 4, 4, 2, 5, 12, 4, 2, 2, 58, 0, 0, 1, 17, 3, 2, 0, 8, 6, 6, 9, 6, 3, 6, 1, 15, 1, 2, 2, 1, 1, 2, 1, 2, 1, 1, 2, 0, 0, 1, 0, 1, 0, 0, 0, 2, 0, 0, 0, 3, 0, 0, 0, 0, 0, 0, 0, 2, 0, 0, 0, 1, 0, 0, 0, 0, 0, 0, 0, 0, 0, 0, 0, 0, 0, 0, 0, 
77, 0, 0, 0, 0, 2, 1, 0, 0, 2, 0, 0, 0, 0, 1, 0, 1, 0, 0, 1, 0, 0, 0, 3, 1, 34, 3, 0, 0, 12, 3, 2, 2, 22, 4, 0, 0, 4, 5, 7, 5, 10, 2, 2, 3, 47, 0, 0, 2, 13, 3, 2, 2, 6, 7, 6, 7, 4, 8, 3, 2, 1, 2, 2, 1, 2, 1, 2, 0, 2, 2, 0, 0, 0, 1, 4, 2, 0, 0, 0, 0, 3, 0, 0, 0, 1, 0, 0, 0, 0, 0, 0, 0, 0, 0, 0, 0, 0, 0, 0, 0, 1, 0, 0, 0, 1, 0, 0, 0, 1, 0, 0, 0, 
78, 0, 0, 0, 0, 0, 0, 1, 0, 0, 1, 0, 0, 0, 1, 0, 0, 0, 0, 1, 1, 1, 0, 0, 0, 32, 1, 1, 2, 10, 4, 2, 0, 9, 0, 2, 1, 7, 6, 8, 10, 3, 2, 2, 3, 41, 1, 2, 0, 1, 6, 3, 3, 5, 7, 5, 5, 8, 10, 6, 6, 5, 1, 1, 2, 1, 0, 1, 0, 4, 3, 4, 3, 0, 2, 0, 0, 0, 0, 0, 0, 1, 0, 0, 0, 0, 0, 0, 0, 0, 0, 0, 0, 0, 0, 0, 0, 1, 0, 0, 0, 1, 0, 0, 0, 2, 0, 0, 0, 0, 0, 0, 0, 
79, 1, 0, 0, 1, 1, 0, 2, 0, 1, 0, 1, 0, 1, 0, 0, 0, 0, 3, 0, 0, 0, 0, 1, 0, 22, 3, 2, 0, 2, 0, 1, 0, 1, 0, 0, 4, 9, 6, 4, 5, 10, 5, 8, 7, 31, 0, 0, 0, 2, 3, 3, 0, 7, 3, 2, 8, 9, 6, 8, 6, 1, 0, 1, 0, 0, 3, 3, 2, 0, 1, 3, 2, 2, 2, 2, 0, 4, 0, 0, 0, 1, 0, 0, 0, 0, 0, 0, 0, 0, 0, 0, 0, 0, 0, 0, 0, 0, 0, 0, 0, 2, 0, 0, 0, 0, 0, 0, 0, 1, 0, 0, 0, 
80, 2, 0, 0, 0, 0, 0, 0, 1, 0, 0, 1, 0, 0, 0, 0, 0, 0, 0, 0, 0, 0, 0, 0, 1, 26, 0, 0, 3, 5, 2, 1, 1, 0, 1, 1, 0, 11, 7, 8, 9, 25, 11, 1, 2, 28, 2, 1, 0, 4, 1, 1, 0, 4, 3, 0, 3, 6, 12, 4, 2, 1, 3, 2, 2, 5, 4, 3, 2, 14, 5, 2, 0, 1, 1, 1, 1, 1, 0, 0, 0, 2, 0, 0, 0, 1, 0, 0, 0, 1, 0, 0, 0, 0, 0, 0, 0, 2, 0, 0, 0, 1, 0, 0, 0, 0, 0, 0, 0, 0, 0, 0, 0, 
81, 1, 1, 0, 1, 0, 0, 0, 0, 0, 0, 0, 0, 1, 1, 0, 1, 1, 1, 1, 1, 4, 1, 0, 1, 33, 4, 0, 2, 0, 0, 2, 1, 0, 2, 1, 0, 7, 7, 1, 3, 31, 4, 6, 6, 34, 0, 1, 0, 2, 4, 6, 8, 2, 1, 2, 2, 6, 9, 5, 10, 0, 0, 0, 1, 4, 4, 0, 3, 20, 0, 0, 1, 3, 1, 3, 1, 0, 0, 0, 0, 2, 0, 0, 0, 1, 0, 0, 0, 1, 0, 0, 0, 4, 0, 0, 0, 0, 0, 0, 0, 0, 0, 0, 0, 0, 0, 0, 0, 1, 0, 0, 0, 
82, 1, 0, 0, 0, 1, 1, 1, 0, 1, 0, 1, 1, 0, 1, 0, 0, 0, 1, 0, 2, 1, 1, 0, 0, 38, 2, 2, 2, 1, 1, 0, 0, 1, 0, 1, 0, 5, 6, 7, 7, 39, 9, 5, 6, 20, 0, 1, 0, 2, 10, 6, 2, 1, 0, 1, 2, 4, 4, 1, 3, 0, 0, 1, 0, 12, 0, 3, 0, 33, 1, 2, 1, 1, 0, 0, 1, 2, 0, 0, 0, 1, 0, 0, 0, 1, 0, 0, 0, 1, 0, 0, 0, 1, 0, 0, 0, 0, 0, 0, 0, 0, 0, 0, 0, 1, 0, 0, 0, 0, 0, 0, 0, 
83, 3, 1, 2, 2, 0, 0, 0, 0, 0, 0, 0, 0, 0, 0, 1, 0, 2, 1, 1, 1, 0, 1, 0, 0, 41, 3, 2, 1, 0, 0, 0, 0, 2, 1, 0, 3, 5, 2, 4, 7, 47, 9, 9, 4, 12, 1, 0, 2, 16, 3, 2, 2, 1, 3, 5, 5, 11, 2, 4, 0, 0, 0, 0, 0, 4, 1, 2, 1, 21, 3, 1, 0, 2, 2, 5, 1, 1, 0, 0, 0, 0, 0, 0, 0, 0, 0, 0, 0, 0, 0, 0, 0, 0, 0, 0, 0, 1, 0, 0, 0, 0, 0, 0, 0, 1, 0, 0, 0, 0, 0, 0, 0, 
84, 2, 0, 1, 0, 1, 0, 0, 1, 0, 0, 0, 0, 0, 0, 0, 0, 0, 0, 0, 0, 0, 0, 1, 1, 39, 1, 1, 2, 2, 0, 3, 1, 4, 2, 5, 2, 3, 0, 5, 3, 51, 1, 5, 8, 23, 1, 0, 0, 3, 5, 13, 3, 13, 5, 6, 10, 7, 2, 4, 0, 2, 0, 2, 2, 2, 1, 3, 0, 13, 0, 1, 1, 1, 0, 3, 2, 0, 0, 0, 0, 1, 0, 0, 0, 1, 0, 0, 0, 1, 0, 0, 0, 1, 0, 0, 0, 0, 0, 0, 0, 1, 0, 0, 0, 0, 0, 0, 0, 0, 0, 0, 0, 
85, 1, 0, 0, 1, 1, 0, 1, 0, 0, 0, 0, 0, 1, 0, 0, 0, 0, 0, 0, 0, 0, 0, 0, 0, 34, 0, 1, 4, 2, 3, 3, 2, 3, 4, 7, 3, 3, 1, 6, 6, 49, 6, 5, 5, 24, 0, 1, 2, 7, 6, 8, 6, 12, 2, 2, 5, 17, 3, 1, 2, 0, 6, 4, 0, 1, 1, 1, 1, 14, 1, 0, 0, 2, 2, 1, 1, 0, 0, 0, 0, 2, 0, 0, 0, 2, 0, 0, 0, 1, 0, 0, 0, 0, 0, 0, 0, 0, 0, 0, 0, 2, 0, 0, 0, 1, 0, 0, 0, 1, 0, 0, 0, 
86, 1, 1, 1, 1, 0, 0, 0, 0, 0, 1, 1, 0, 0, 0, 0, 0, 0, 0, 0, 1, 1, 1, 1, 0, 36, 2, 0, 0, 8, 3, 2, 4, 4, 4, 2, 1, 6, 2, 5, 2, 66, 4, 5, 5, 16, 1, 1, 0, 10, 8, 8, 5, 10, 0, 3, 3, 17, 4, 3, 2, 0, 2, 0, 0, 2, 2, 1, 1, 15, 1, 0, 1, 0, 2, 1, 3, 3, 0, 0, 0, 0, 0, 0, 0, 1, 0, 0, 0, 1, 0, 0, 0, 1, 0, 0, 0, 0, 0, 0, 0, 0, 0, 0, 0, 0, 0, 0, 0, 0, 0, 0, 0, 
87, 0, 0, 1, 0, 2, 1, 1, 1, 0, 0, 0, 0, 1, 0, 2, 1, 0, 1, 0, 0, 0, 0, 0, 0, 33, 1, 0, 1, 2, 1, 1, 4, 5, 3, 2, 3, 1, 0, 2, 0, 75, 8, 7, 8, 1, 2, 2, 0, 9, 7, 8, 2, 12, 2, 4, 3, 25, 1, 2, 4, 2, 0, 0, 3, 1, 3, 5, 1, 7, 0, 1, 1, 19, 8, 2, 0, 1, 0, 0, 0, 0, 0, 0, 0, 1, 0, 0, 0, 0, 0, 0, 0, 0, 0, 0, 0, 0, 0, 0, 0, 2, 0, 0, 0, 1, 0, 0, 0, 0, 0, 0, 0, 
88, 1, 2, 0, 0, 1, 0, 0, 0, 0, 0, 0, 0, 1, 1, 0, 0, 0, 0, 0, 0, 0, 0, 1, 0, 31, 2, 4, 2, 1, 1, 0, 2, 0, 0, 0, 0, 2, 1, 1, 2, 88, 5, 6, 4, 1, 0, 1, 0, 4, 9, 7, 5, 3, 3, 2, 1, 28, 3, 3, 2, 2, 2, 3, 6, 2, 0, 4, 2, 3, 1, 0, 0, 25, 1, 4, 2, 0, 0, 0, 0, 0, 0, 0, 0, 0, 0, 0, 0, 0, 0, 0, 0, 0, 0, 0, 0, 0, 0, 0, 0, 0, 0, 0, 0, 1, 0, 0, 0, 0, 0, 0, 0, 
89, 0, 1, 1, 1, 1, 0, 1, 1, 0, 1, 0, 0, 1, 1, 1, 3, 2, 0, 0, 0, 0, 0, 0, 0, 24, 0, 2, 0, 13, 5, 1, 3, 1, 3, 5, 2, 0, 0, 0, 1, 87, 10, 4, 9, 7, 0, 1, 0, 2, 2, 3, 1, 8, 2, 0, 0, 27, 4, 3, 2, 2, 2, 2, 0, 2, 1, 1, 0, 2, 1, 0, 0, 24, 2, 1, 2, 1, 0, 0, 0, 0, 0, 0, 0, 2, 0, 0, 0, 0, 0, 0, 0, 1, 0, 0, 0, 1, 0, 0, 0, 1, 0, 0, 0, 2, 0, 0, 0, 1, 0, 0, 0, 
90, 0, 0, 0, 0, 2, 0, 1, 1, 2, 1, 0, 0, 1, 0, 1, 0, 0, 1, 0, 0, 0, 0, 0, 0, 20, 0, 1, 2, 15, 0, 1, 1, 0, 3, 5, 2, 2, 4, 2, 2, 92, 3, 4, 5, 6, 2, 0, 0, 5, 1, 0, 1, 1, 0, 1, 1, 35, 5, 3, 1, 0, 1, 1, 2, 1, 5, 2, 0, 0, 1, 0, 1, 22, 5, 2, 2, 2, 0, 0, 0, 1, 0, 0, 0, 0, 0, 0, 0, 1, 0, 0, 0, 1, 0, 0, 0, 1, 0, 0, 0, 1, 0, 0, 0, 1, 0, 0, 0, 0, 0, 0, 0, 
91, 0, 0, 2, 1, 0, 0, 0, 0, 0, 0, 0, 1, 0, 0, 0, 1, 0, 0, 0, 0, 0, 0, 0, 0, 27, 2, 1, 0, 17, 3, 3, 2, 0, 2, 0, 1, 4, 3, 5, 6, 100, 1, 3, 1, 1, 2, 0, 2, 16, 0, 0, 0, 0, 0, 1, 0, 23, 0, 1, 1, 2, 1, 2, 0, 4, 0, 5, 1, 3, 2, 2, 2, 20, 2, 0, 2, 0, 0, 0, 0, 5, 0, 0, 0, 1, 0, 0, 0, 1, 0, 0, 0, 0, 0, 0, 0, 0, 0, 0, 0, 0, 0, 0, 0, 0, 0, 0, 0, 1, 0, 0, 0, 
92, 0, 0, 0, 1, 2, 0, 0, 0, 0, 1, 1, 0, 2, 0, 0, 0, 0, 0, 0, 0, 0, 0, 0, 0, 20, 2, 1, 1, 11, 3, 1, 0, 0, 0, 0, 1, 17, 6, 2, 2, 94, 9, 6, 2, 3, 0, 0, 0, 7, 2, 0, 1, 3, 0, 1, 1, 18, 3, 1, 4, 0, 0, 2, 0, 0, 7, 3, 0, 14, 1, 4, 0, 14, 6, 2, 1, 1, 0, 0, 0, 2, 0, 0, 0, 2, 0, 0, 0, 0, 0, 0, 0, 2, 0, 0, 0, 2, 0, 0, 0, 0, 0, 0, 0, 1, 0, 0, 0, 0, 0, 0, 0, 
93, 0, 0, 0, 0, 0, 0, 0, 0, 2, 1, 1, 1, 0, 1, 0, 0, 0, 0, 1, 0, 0, 1, 0, 0, 31, 2, 1, 2, 4, 4, 1, 1, 1, 2, 2, 3, 6, 2, 2, 2, 100, 6, 9, 5, 1, 0, 0, 0, 25, 0, 1, 0, 0, 1, 0, 0, 11, 1, 3, 1, 0, 2, 2, 1, 3, 4, 2, 1, 8, 2, 0, 0, 32, 2, 1, 1, 0, 0, 0, 0, 0, 0, 0, 0, 1, 0, 0, 0, 0, 0, 0, 0, 1, 0, 0, 0, 0, 0, 0, 0, 0, 0, 0, 0, 1, 0, 0, 0, 0, 0, 0, 0, 
94, 0, 0, 1, 0, 0, 0, 0, 0, 6, 3, 2, 4, 0, 0, 2, 0, 0, 0, 0, 0, 0, 0, 2, 3, 38, 0, 0, 0, 4, 1, 0, 0, 0, 2, 0, 1, 0, 1, 3, 1, 98, 5, 3, 6, 0, 2, 1, 2, 13, 1, 0, 0, 3, 1, 0, 0, 15, 6, 1, 4, 0, 1, 0, 1, 4, 2, 1, 2, 21, 2, 0, 0, 23, 1, 1, 4, 2, 0, 0, 0, 1, 0, 0, 0, 3, 0, 0, 0, 0, 0, 0, 0, 1, 0, 0, 0, 1, 0, 0, 0, 0, 0, 0, 0, 1, 0, 0, 0, 2, 0, 0, 0, 
95, 2, 0, 0, 1, 0, 0, 0, 0, 0, 1, 1, 1, 0, 0, 0, 0, 0, 0, 1, 1, 0, 0, 0, 1, 20, 0, 1, 0, 2, 2, 0, 1, 0, 0, 0, 0, 2, 1, 1, 2, 91, 5, 9, 4, 1, 1, 0, 1, 3, 0, 0, 1, 4, 3, 4, 1, 24, 0, 1, 1, 2, 1, 0, 0, 1, 4, 4, 1, 15, 3, 1, 1, 37, 4, 4, 1, 2, 0, 0, 0, 3, 0, 0, 0, 1, 0, 0, 0, 1, 0, 0, 0, 1, 0, 0, 0, 0, 0, 0, 0, 1, 0, 0, 0, 1, 0, 0, 0, 0, 0, 0, 0, 
96, 1, 0, 1, 0, 3, 3, 0, 1, 0, 1, 1, 0, 1, 0, 0, 1, 2, 3, 0, 2, 0, 0, 0, 0, 1, 0, 0, 1, 0, 3, 3, 2, 3, 1, 1, 1, 0, 1, 1, 2, 95, 4, 4, 6, 5, 1, 3, 2, 2, 3, 2, 0, 16, 2, 1, 2, 27, 2, 1, 1, 3, 4, 0, 3, 2, 0, 0, 0, 11, 2, 0, 2, 33, 0, 2, 1, 0, 0, 0, 0, 0, 0, 0, 0, 2, 0, 0, 0, 0, 0, 0, 0, 1, 0, 0, 0, 1, 0, 0, 0, 1, 0, 0, 0, 2, 0, 0, 0, 2, 0, 0, 0, 
97, 0, 0, 0, 0, 0, 0, 0, 1, 0, 0, 0, 0, 1, 0, 0, 0, 1, 0, 0, 1, 0, 0, 1, 0, 0, 2, 1, 3, 1, 3, 3, 0, 1, 0, 1, 0, 4, 1, 3, 3, 86, 3, 5, 2, 2, 3, 3, 2, 7, 1, 3, 3, 21, 3, 0, 2, 16, 3, 4, 2, 1, 0, 2, 1, 1, 2, 2, 3, 6, 0, 1, 0, 43, 9, 4, 0, 1, 0, 0, 0, 0, 0, 0, 0, 0, 0, 0, 0, 0, 0, 0, 0, 0, 0, 0, 0, 0, 0, 0, 0, 1, 0, 0, 0, 0, 0, 0, 0, 1, 0, 0, 0, 
98, 2, 1, 1, 0, 0, 0, 1, 1, 0, 0, 0, 0, 0, 0, 0, 0, 0, 0, 0, 0, 0, 0, 0, 2, 0, 0, 0, 1, 6, 2, 0, 1, 4, 0, 0, 0, 2, 5, 1, 3, 86, 9, 3, 2, 6, 5, 5, 7, 1, 2, 1, 0, 24, 1, 3, 2, 28, 5, 0, 5, 6, 2, 0, 2, 3, 1, 0, 1, 18, 0, 0, 0, 57, 1, 2, 1, 0, 0, 0, 0, 1, 0, 0, 0, 2, 0, 0, 0, 4, 0, 0, 0, 1, 0, 0, 0, 0, 0, 0, 0, 5, 0, 0, 0, 0, 0, 0, 0, 0, 0, 0, 0, 
99, 1, 3, 1, 1, 2, 1, 0, 0, 1, 1, 2, 1, 0, 0, 2, 2, 0, 0, 1, 1, 0, 1, 1, 0, 1, 2, 1, 2, 0, 0, 0, 1, 0, 0, 0, 0, 1, 3, 2, 1, 76, 10, 4, 3, 11, 4, 7, 5, 2, 2, 4, 2, 19, 2, 1, 0, 29, 6, 1, 1, 5, 1, 2, 2, 1, 2, 4, 1, 16, 1, 0, 1, 46, 4, 2, 2, 1, 0, 0, 0, 2, 0, 0, 0, 0, 0, 0, 0, 1, 0, 0, 0, 1, 0, 0, 0, 1, 0, 0, 0, 0, 0, 0, 0, 0, 0, 0, 0, 0, 0, 0, 0, 