0, 1, 0, 0, 0, 0, 0, 0, 0, 1, 2, 1, 1, 0, 1, 0, 0, 0, 0, 0, 0, 1, 0, 1, 0, 2, 0, 2, 3, 5, 1, 2, 2, 1, 1, 3, 0, 1, 1, 0, 1, 0, 3, 2, 3, 3, 2, 0, 0, 4, 4, 2, 1, 1, 6, 1, 2, 0, 1, 0, 0, 5, 1, 2, 4, 0, 0, 0, 0, 0, 0, 1, 0, 0, 0, 1, 0, 0, 0, 0, 0, 1, 0, 0, 0, 0, 0, 0, 0, 1, 0, 0, 0, 1, 0, 0, 0, 0, 0, 0, 0, 1, 0, 0, 0, 0, 0, 0, 0, 1, 0, 0, 0, 
1, 0, 0, 1, 1, 0, 0, 1, 0, 0, 1, 0, 0, 0, 1, 0, 0, 0, 0, 0, 0, 1, 0, 3, 0, 2, 8, 1, 1, 4, 3, 2, 2, 2, 1, 1, 3, 2, 2, 1, 2, 0, 4, 3, 2, 8, 2, 2, 0, 10, 1, 1, 0, 6, 1, 2, 0, 0, 1, 4, 1, 0, 0, 1, 0, 1, 1, 1, 1, 1, 1, 0, 2, 1, 0, 1, 0, 1, 0, 0, 0, 1, 0, 0, 0, 2, 0, 0, 0, 1, 0, 0, 0, 0, 0, 0, 0, 1, 0, 0, 0, 0, 0, 0, 0, 0, 0, 0, 0, 0, 0, 0, 0, 
2, 0, 0, 0, 0, 0, 0, 0, 0, 0, 0, 0, 0, 1, 1, 0, 1, 1, 0, 1, 0, 0, 0, 0, 0, 0, 1, 0, 1, 1, 1, 4, 1, 2, 1, 2, 1, 8, 2, 0, 2, 4, 3, 5, 4, 11, 2, 1, 2, 22, 0, 0, 1, 0, 0, 2, 0, 1, 0, 1, 0, 1, 1, 1, 1, 3, 3, 1, 3, 14, 2, 0, 0, 0, 2, 1, 0, 0, 0, 0, 0, 1, 0, 0, 0, 0, 0, 0, 0, 2, 0, 0, 0, 1, 0, 0, 0, 5, 0, 0, 0, 1, 0, 0, 0, 0, 0, 0, 0, 2, 0, 0, 0, 
3, 2, 1, 0, 2, 0, 0, 0, 1, 0, 2, 2, 0, 0, 0, 2, 1, 0, 0, 0, 0, 3, 0, 1, 0, 0, 1, 0, 0, 0, 1, 1, 1, 0, 0, 3, 0, 11, 3, 1, 0, 1, 2, 3, 1, 0, 0, 0, 1, 23, 1, 0, 0, 2, 2, 1, 1, 2, 3, 3, 0, 2, 1, 1, 0, 2, 2, 4, 2, 10, 1, 0, 2, 7, 0, 1, 0, 0, 0, 0, 0, 2, 0, 0, 0, 2, 0, 0, 0, 1, 0, 0, 0, 0, 0, 0, 0, 0, 0, 0, 0, 1, 0, 0, 0, 0, 0, 0, 0, 0, 0, 0, 0, 
4, 2, 0, 0, 1, 0, 0, 0, 0, 1, 0, 0, 0, 1, 0, 0, 1, 0, 0, 1, 0, 0, 0, 0, 1, 2, 6, 3, 1, 0, 0, 0, 0, 3, 0, 2, 3, 13, 2, 0, 1, 1, 0, 0, 1, 2, 3, 2, 5, 45, 1, 0, 0, 0, 1, 1, 1, 5, 1, 6, 2, 3, 5, 3, 3, 0, 2, 2, 1, 19, 1, 2, 0, 2, 2, 5, 4, 2, 0, 0, 0, 0, 0, 0, 0, 0, 0, 0, 0, 1, 0, 0, 0, 2, 0, 0, 0, 1, 0, 0, 0, 0, 0, 0, 0, 1, 0, 0, 0, 0, 0, 0, 0, 
5, 1, 1, 0, 0, 0, 0, 0, 0, 0, 0, 0, 0, 0, 0, 0, 0, 1, 0, 1, 0, 1, 0, 1, 0, 12, 3, 1, 1, 0, 0, 1, 1, 2, 1, 0, 0, 5, 1, 1, 0, 0, 1, 1, 0, 1, 0, 2, 0, 38, 1, 1, 0, 5, 2, 4, 2, 1, 0, 1, 0, 12, 4, 3, 1, 13, 8, 5, 2, 6, 2, 0, 0, 5, 2, 6, 1, 3, 0, 0, 0, 3, 0, 0, 0, 0, 0, 0, 0, 2, 0, 0, 0, 2, 0, 0, 0, 1, 0, 0, 0, 0, 0, 0, 0, 2, 0, 0, 0, 4, 0, 0, 0, 
6, 1, 0, 0, 0, 1, 2, 0, 0, 0, 0, 0, 0, 0, 1, 0, 0, 0, 1, 0, 0, 1, 0, 1, 0, 16, 3, 5, 2, 1, 1, 2, 1, 4, 4, 4, 9, 7, 2, 0, 1, 1, 2, 2, 2, 3, 2, 1, 0, 41, 1, 2, 0, 3, 3, 0, 2, 1, 2, 1, 0, 8, 3, 2, 3, 11, 7, 10, 12, 2, 5, 4, 2, 0, 7, 2, 1, 0, 0, 0, 0, 0, 0, 0, 0, 0, 0, 0, 0, 0, 0, 0, 0, 3, 0, 0, 0, 1, 0, 0, 0, 0, 0, 0, 0, 1, 0, 0, 0, 0, 0, 0, 0, 
7, 1, 0, 3, 1, 2, 0, 2, 0, 0, 0, 3, 0, 0, 0, 0, 0, 0, 0, 1, 1, 1, 0, 0, 0, 13, 4, 1, 6, 2, 1, 3, 2, 10, 4, 7, 8, 22, 2, 1, 2, 6, 5, 5, 7, 3, 2, 0, 2, 46, 1, 0, 1, 2, 1, 0, 2, 12, 2, 4, 3, 3, 4, 3, 1, 12, 9, 13, 9, 4, 3, 3, 5, 1, 1, 2, 3, 0, 0, 0, 0, 0, 0, 0, 0, 0, 0, 0, 0, 1, 0, 0, 0, 0, 0, 0, 0, 0, 0, 0, 0, 1, 0, 0, 0, 0, 0, 0, 0, 0, 0, 0, 0, 
8, 1, 1, 2, 0, 0, 0, 0, 0, 3, 0, 1, 0, 0, 0, 0, 0, 0, 0, 0, 0, 2, 0, 1, 0, 24, 4, 2, 2, 1, 3, 8, 4, 16, 6, 7, 3, 22, 5, 0, 0, 6, 6, 7, 6, 1, 4, 1, 1, 33, 1, 1, 0, 1, 0, 2, 1, 19, 7, 3, 3, 1, 2, 1, 1, 16, 13, 12, 5, 6, 2, 4, 4, 3, 2, 1, 0, 0, 0, 0, 0, 1, 0, 0, 0, 2, 0, 0, 0, 0, 0, 0, 0, 0, 0, 0, 0, 0, 0, 0, 0, 0, 0, 0, 0, 0, 0, 0, 0, 1, 0, 0, 0, 
9, 1, 1, 0, 0, 0, 0, 0, 0, 0, 0, 0, 0, 1, 1, 1, 0, 0, 0, 0, 0, 2, 2, 0, 0, 22, 4, 2, 7, 0, 0, 3, 0, 34, 6, 1, 3, 3, 3, 0, 1, 9, 4, 8, 9, 3, 2, 2, 4, 18, 2, 1, 1, 0, 0, 0, 0, 25, 1, 2, 1, 0, 3, 1, 0, 15, 22, 8, 11, 5, 3, 8, 8, 14, 0, 3, 1, 0, 0, 0, 0, 3, 0, 0, 0, 0, 0, 0, 0, 2, 0, 0, 0, 2, 0, 0, 0, 2, 0, 0, 0, 1, 0, 0, 0, 0, 0, 0, 0, 0, 0, 0, 0, 
10, 0, 0, 0, 0, 0, 0, 0, 0, 0, 0, 0, 0, 0, 0, 2, 0, 1, 0, 1, 0, 1, 1, 0, 0, 24, 2, 1, 3, 1, 1, 1, 2, 32, 2, 2, 8, 13, 0, 4, 0, 9, 10, 6, 8, 2, 1, 7, 4, 34, 2, 1, 1, 4, 1, 0, 1, 19, 8, 7, 3, 2, 0, 3, 1, 17, 13, 10, 11, 4, 7, 2, 2, 7, 0, 0, 0, 0, 0, 0, 0, 1, 0, 0, 0, 2, 0, 0, 0, 1, 0, 0, 0, 0, 0, 0, 0, 0, 0, 0, 0, 1, 0, 0, 0, 1, 0, 0, 0, 1, 0, 0, 0, 
11, 0, 2, 0, 0, 1, 1, 3, 0, 0, 0, 0, 0, 0, 0, 1, 1, 0, 0, 0, 0, 2, 1, 1, 3, 10, 0, 3, 3, 2, 7, 4, 4, 28, 5, 2, 4, 20, 1, 0, 1, 12, 11, 11, 13, 1, 0, 0, 1, 30, 0, 0, 0, 0, 0, 0, 3, 24, 1, 3, 4, 18, 1, 4, 3, 5, 16, 10, 12, 3, 3, 3, 3, 1, 0, 0, 1, 1, 0, 0, 0, 0, 0, 0, 0, 1, 0, 0, 0, 0, 0, 0, 0, 0, 0, 0, 0, 0, 0, 0, 0, 0, 0, 0, 0, 0, 0, 0, 0, 3, 0, 0, 0, 
12, 0, 0, 0, 1, 0, 0, 0, 0, 0, 0, 0, 0, 0, 0, 0, 0, 0, 0, 0, 2, 2, 0, 1, 0, 1, 3, 2, 0, 1, 1, 7, 1, 27, 3, 2, 4, 14, 0, 1, 1, 11, 11, 13, 15, 5, 3, 0, 1, 35, 2, 1, 0, 2, 2, 1, 0, 31, 1, 1, 2, 21, 0, 1, 0, 7, 12, 10, 8, 5, 5, 8, 2, 1, 1, 1, 2, 0, 0, 0, 0, 0, 0, 0, 0, 2, 0, 0, 0, 0, 0, 0, 0, 0, 0, 0, 0, 2, 0, 0, 0, 0, 0, 0, 0, 2, 0, 0, 0, 0, 0, 0, 0, 
13, 0, 1, 0, 1, 1, 3, 0, 0, 0, 0, 0, 0, 0, 2, 0, 0, 0, 0, 0, 0, 2, 1, 0, 1, 10, 3, 0, 1, 2, 1, 1, 2, 30, 6, 7, 4, 12, 0, 2, 0, 14, 10, 17, 13, 3, 1, 1, 0, 52, 1, 0, 0, 2, 0, 0, 0, 42, 0, 1, 1, 8, 2, 1, 3, 11, 8, 3, 9, 6, 4, 5, 3, 0, 0, 1, 0, 2, 0, 0, 0, 1, 0, 0, 0, 0, 0, 0, 0, 1, 0, 0, 0, 2, 0, 0, 0, 0, 0, 0, 0, 0, 0, 0, 0, 0, 0, 0, 0, 1, 0, 0, 0, 
14, 0, 0, 0, 1, 0, 0, 0, 0, 1, 1, 0, 1, 0, 2, 0, 0, 0, 0, 0, 0, 0, 0, 0, 0, 5, 3, 2, 0, 3, 6, 0, 2, 30, 5, 4, 1, 19, 0, 2, 3, 17, 19, 9, 10, 1, 0, 2, 1, 63, 2, 0, 1, 1, 0, 1, 1, 32, 5, 1, 1, 3, 1, 1, 0, 5, 5, 4, 6, 7, 4, 3, 2, 8, 0, 2, 1, 0, 0, 0, 0, 0, 0, 0, 0, 0, 0, 0, 0, 0, 0, 0, 0, 2, 0, 0, 0, 0, 0, 0, 0, 3, 0, 0, 0, 0, 0, 0, 0, 2, 0, 0, 0, 
15, 0, 0, 2, 1, 0, 1, 2, 1, 1, 0, 0, 1, 2, 0, 1, 0, 0, 1, 0, 2, 0, 0, 0, 0, 14, 2, 1, 1, 0, 0, 0, 1, 26, 5, 3, 3, 22, 2, 0, 0, 14, 11, 16, 14, 0, 1, 1, 1, 64, 0, 1, 0, 4, 3, 1, 1, 20, 1, 2, 2, 0, 1, 1, 1, 6, 6, 4, 2, 8, 4, 1, 1, 6, 2, 0, 0, 1, 0, 0, 0, 0, 0, 0, 0, 1, 0, 0, 0, 0, 0, 0, 0, 0, 0, 0, 0, 0, 0, 0, 0, 2, 0, 0, 0, 2, 0, 0, 0, 1, 0, 0, 0, 
16, 1, 0, 0, 1, 0, 1, 0, 0, 0, 0, 0, 0, 1, 1, 0, 0, 1, 1, 0, 2, 2, 0, 1, 0, 7, 2, 1, 0, 2, 4, 2, 1, 24, 3, 3, 6, 19, 2, 0, 0, 20, 14, 14, 12, 3, 4, 4, 3, 57, 4, 1, 2, 4, 2, 0, 1, 17, 1, 1, 0, 1, 1, 2, 2, 11, 5, 2, 2, 4, 4, 3, 10, 0, 3, 2, 2, 0, 0, 0, 0, 1, 0, 0, 0, 1, 0, 0, 0, 0, 0, 0, 0, 0, 0, 0, 0, 1, 0, 0, 0, 0, 0, 0, 0, 3, 0, 0, 0, 0, 0, 0, 0, 
17, 0, 0, 0, 0, 2, 0, 0, 0, 0, 0, 0, 0, 0, 0, 0, 0, 0, 0, 1, 1, 0, 0, 0, 0, 3, 1, 6, 1, 12, 0, 0, 2, 34, 3, 4, 1, 2, 1, 3, 3, 24, 11, 8, 11, 4, 0, 1, 2, 51, 1, 1, 0, 0, 5, 1, 1, 1, 4, 3, 3, 4, 4, 3, 2, 8, 2, 4, 3, 9, 4, 3, 5, 3, 1, 1, 1, 2, 0, 0, 0, 1, 0, 0, 0, 0, 0, 0, 0, 0, 0, 0, 0, 0, 0, 0, 0, 2, 0, 0, 0, 2, 0, 0, 0, 1, 0, 0, 0, 0, 0, 0, 0, 
18, 0, 0, 1, 0, 2, 0, 0, 0, 1, 0, 0, 1, 0, 0, 0, 0, 0, 0, 1, 0, 2, 3, 0, 1, 4, 8, 5, 4, 2, 1, 0, 0, 24, 2, 5, 5, 1, 1, 2, 1, 16, 15, 16, 13, 11, 1, 1, 2, 58, 2, 1, 0, 15, 3, 1, 0, 3, 0, 2, 2, 3, 3, 5, 2, 6, 4, 2, 5, 5, 7, 6, 5, 2, 6, 3, 2, 2, 0, 0, 0, 2, 0, 0, 0, 0, 0, 0, 0, 1, 0, 0, 0, 0, 0, 0, 0, 0, 0, 0, 0, 0, 0, 0, 0, 0, 0, 0, 0, 1, 0, 0, 0, 
19, 4, 0, 0, 1, 0, 1, 0, 2, 0, 0, 0, 0, 0, 0, 0, 0, 0, 0, 1, 1, 0, 0, 0, 1, 6, 3, 5, 8, 0, 0, 1, 0, 21, 1, 2, 2, 4, 3, 2, 2, 20, 15, 11, 13, 12, 0, 3, 3, 55, 1, 1, 2, 10, 2, 0, 0, 2, 1, 2, 4, 1, 1, 1, 1, 3, 5, 4, 3, 3, 0, 2, 1, 1, 1, 0, 0, 0, 0, 0, 0, 2, 0, 0, 0, 1, 0, 0, 0, 0, 0, 0, 0, 2, 0, 0, 0, 0, 0, 0, 0, 2, 0, 0, 0, 0, 0, 0, 0, 1, 0, 0, 0, 
20, 1, 0, 0, 0, 3, 1, 0, 0, 0, 1, 2, 0, 0, 0, 0, 0, 0, 0, 1, 1, 2, 0, 1, 0, 0, 0, 0, 5, 0, 3, 1, 1, 10, 4, 3, 4, 7, 3, 7, 5, 13, 7, 14, 8, 18, 1, 3, 3, 58, 5, 0, 0, 2, 3, 0, 1, 4, 5, 1, 1, 2, 0, 0, 0, 0, 1, 0, 0, 4, 2, 1, 0, 2, 3, 2, 2, 1, 0, 0, 0, 1, 0, 0, 0, 0, 0, 0, 0, 1, 0, 0, 0, 2, 0, 0, 0, 1, 0, 0, 0, 1, 0, 0, 0, 1, 0, 0, 0, 2, 0, 0, 0, 
21, 0, 0, 1, 0, 1, 0, 1, 0, 0, 0, 0, 1, 3, 0, 0, 0, 1, 1, 0, 1, 1, 1, 0, 0, 5, 2, 2, 4, 0, 1, 1, 2, 2, 4, 4, 3, 11, 9, 11, 7, 10, 10, 13, 12, 18, 2, 1, 3, 67, 1, 0, 0, 7, 3, 7, 5, 8, 5, 6, 6, 3, 2, 0, 3, 0, 0, 0, 1, 0, 0, 0, 0, 2, 1, 1, 1, 0, 0, 0, 0, 0, 0, 0, 0, 1, 0, 0, 0, 3, 0, 0, 0, 3, 0, 0, 0, 5, 0, 0, 0, 0, 0, 0, 0, 0, 0, 0, 0, 0, 0, 0, 0, 
22, 1, 0, 0, 0, 0, 0, 0, 0, 2, 0, 0, 1, 0, 0, 1, 3, 1, 0, 0, 0, 0, 1, 1, 0, 2, 2, 1, 0, 10, 3, 2, 0, 9, 10, 7, 3, 8, 9, 8, 9, 12, 6, 15, 5, 13, 6, 2, 0, 66, 1, 0, 0, 7, 5, 7, 8, 4, 5, 7, 8, 1, 1, 0, 0, 0, 1, 3, 2, 0, 2, 1, 3, 2, 1, 1, 1, 1, 0, 0, 0, 0, 0, 0, 0, 0, 0, 0, 0, 1, 0, 0, 0, 0, 0, 0, 0, 0, 0, 0, 0, 0, 0, 0, 0, 1, 0, 0, 0, 1, 0, 0, 0, 
23, 1, 2, 1, 2, 0, 1, 0, 0, 0, 0, 0, 0, 0, 1, 1, 1, 0, 0, 0, 0, 2, 0, 0, 0, 6, 6, 5, 3, 5, 0, 0, 2, 7, 8, 4, 4, 9, 7, 9, 10, 3, 13, 6, 4, 8, 3, 0, 1, 74, 0, 2, 0, 7, 5, 5, 11, 8, 10, 5, 7, 3, 3, 8, 3, 0, 0, 1, 1, 2, 1, 3, 0, 0, 0, 0, 1, 3, 0, 0, 0, 0, 0, 0, 0, 1, 0, 0, 0, 1, 0, 0, 0, 0, 0, 0, 0, 2, 0, 0, 0, 0, 0, 0, 0, 1, 0, 0, 0, 1, 0, 0, 0, 
24, 0, 3, 0, 0, 0, 0, 0, 0, 1, 1, 1, 1, 0, 1, 1, 0, 1, 0, 0, 0, 0, 0, 1, 0, 7, 4, 1, 2, 1, 1, 0, 0, 7, 2, 3, 3, 7, 8, 7, 8, 15, 10, 12, 10, 0, 0, 0, 1, 63, 2, 1, 1, 9, 5, 5, 7, 4, 11, 6, 7, 18, 2, 1, 2, 0, 5, 3, 2, 2, 1, 1, 2, 1, 2, 1, 1, 1, 0, 0, 0, 1, 0, 0, 0, 0, 0, 0, 0, 0, 0, 0, 0, 0, 0, 0, 0, 0, 0, 0, 0, 1, 0, 0, 0, 0, 0, 0, 0, 1, 0, 0, 0, 
25, 2, 1, 1, 0, 0, 0, 1, 0, 1, 1, 1, 2, 0, 0, 0, 0, 0, 0, 1, 1, 3, 1, 2, 0, 0, 1, 1, 1, 1, 0, 0, 0, 7, 9, 3, 6, 13, 10, 15, 7, 14, 7, 6, 3, 0, 0, 0, 1, 57, 1, 0, 0, 7, 15, 12, 13, 8, 7, 3, 5, 14, 3, 3, 2, 0, 1, 0, 1, 0, 1, 0, 0, 2, 2, 2, 2, 1, 0, 0, 0, 5, 0, 0, 0, 0, 0, 0, 0, 0, 0, 0, 0, 1, 0, 0, 0, 0, 0, 0, 0, 0, 0, 0, 0, 0, 0, 0, 0, 0, 0, 0, 0, 
26, 1, 1, 0, 0, 0, 0, 0, 0, 0, 0, 1, 0, 1, 0, 0, 1, 0, 1, 1, 0, 0, 2, 2, 1, 1, 3, 3, 2, 0, 3, 1, 1, 0, 0, 2, 0, 14, 12, 8, 10, 9, 11, 10, 9, 1, 1, 3, 0, 61, 0, 0, 0, 9, 14, 17, 9, 8, 7, 6, 5, 16, 4, 3, 3, 8, 1, 1, 0, 3, 2, 1, 1, 7, 2, 3, 2, 2, 0, 0, 0, 0, 0, 0, 0, 0, 0, 0, 0, 1, 0, 0, 0, 1, 0, 0, 0, 0, 0, 0, 0, 2, 0, 0, 0, 0, 0, 0, 0, 0, 0, 0, 0, 
27, 3, 1, 0, 0, 1, 3, 0, 1, 0, 0, 0, 0, 0, 0, 1, 0, 0, 0, 0, 1, 0, 0, 0, 0, 1, 0, 0, 0, 1, 2, 2, 1, 5, 0, 1, 1, 11, 3, 15, 11, 19, 11, 9, 9, 1, 1, 1, 1, 62, 0, 1, 0, 12, 16, 7, 11, 3, 7, 5, 7, 23, 4, 5, 3, 0, 0, 0, 0, 5, 7, 8, 5, 9, 4, 3, 4, 1, 0, 0, 0, 0, 0, 0, 0, 0, 0, 0, 0, 1, 0, 0, 0, 0, 0, 0, 0, 0, 0, 0, 0, 1, 0, 0, 0, 0, 0, 0, 0, 5, 0, 0, 0, 
28, 0, 2, 1, 0, 2, 1, 0, 0, 1, 0, 1, 0, 1, 1, 0, 1, 1, 0, 1, 0, 0, 0, 0, 0, 2, 5, 1, 1, 0, 0, 0, 0, 0, 2, 0, 1, 13, 11, 9, 7, 20, 7, 10, 5, 0, 1, 1, 5, 69, 1, 0, 1, 10, 9, 11, 10, 4, 4, 3, 3, 17, 2, 3, 3, 1, 0, 0, 0, 3, 5, 8, 3, 7, 1, 3, 2, 0, 0, 0, 0, 1, 0, 0, 0, 3, 0, 0, 0, 1, 0, 0, 0, 1, 0, 0, 0, 0, 0, 0, 0, 0, 0, 0, 0, 0, 0, 0, 0, 1, 0, 0, 0, 
29, 1, 1, 0, 1, 1, 1, 3, 2, 0, 0, 0, 1, 0, 0, 0, 0, 0, 0, 0, 0, 0, 1, 1, 1, 10, 1, 1, 2, 0, 2, 1, 1, 4, 3, 2, 3, 14, 12, 19, 8, 18, 10, 6, 12, 19, 8, 1, 1, 72, 0, 0, 2, 8, 10, 11, 10, 3, 2, 2, 1, 26, 3, 2, 0, 6, 3, 2, 1, 1, 1, 0, 6, 8, 2, 3, 4, 1, 0, 0, 0, 1, 0, 0, 0, 3, 0, 0, 0, 0, 0, 0, 0, 0, 0, 0, 0, 0, 0, 0, 0, 0, 0, 0, 0, 0, 0, 0, 0, 0, 0, 0, 0, 
30, 0, 1, 1, 0, 1, 0, 0, 1, 2, 0, 0, 0, 0, 2, 0, 0, 0, 0, 1, 0, 2, 0, 0, 1, 0, 0, 0, 0, 0, 0, 1, 1, 2, 2, 3, 2, 13, 8, 9, 6, 30, 7, 11, 7, 27, 2, 0, 2, 69, 0, 1, 1, 12, 13, 8, 6, 1, 1, 2, 0, 33, 2, 0, 0, 4, 2, 1, 3, 5, 4, 4, 2, 10, 1, 7, 5, 0, 0, 0, 0, 0, 0, 0, 0, 0, 0, 0, 0, 0, 0, 0, 0, 0, 0, 0, 0, 2, 0, 0, 0, 2, 0, 0, 0, 0, 0, 0, 0, 1, 0, 0, 0, 
31, 1, 0, 1, 0, 0, 1, 0, 0, 0, 0, 0, 0, 0, 0, 0, 1, 0, 0, 1, 0, 0, 0, 0, 0, 4, 1, 3, 4, 1, 2, 3, 1, 5, 3, 2, 1, 11, 14, 13, 11, 35, 8, 5, 6, 28, 2, 2, 1, 72, 2, 1, 0, 9, 16, 9, 6, 0, 0, 1, 2, 25, 1, 6, 3, 13, 2, 2, 1, 1, 2, 2, 3, 18, 4, 10, 3, 0, 0, 0, 0, 1, 0, 0, 0, 2, 0, 0, 0, 1, 0, 0, 0, 0, 0, 0, 0, 0, 0, 0, 0, 0, 0, 0, 0, 1, 0, 0, 0, 0, 0, 0, 0, 
32, 1, 0, 0, 1, 1, 0, 2, 1, 0, 1, 1, 0, 0, 1, 0, 0, 0, 0, 0, 1, 1, 1, 0, 2, 9, 9, 6, 4, 2, 3, 4, 2, 1, 0, 0, 0, 14, 13, 8, 7, 33, 7, 6, 5, 34, 1, 1, 2, 85, 0, 0, 0, 13, 4, 2, 7, 0, 1, 2, 0, 38, 1, 1, 1, 15, 3, 2, 1, 2, 0, 1, 0, 30, 5, 5, 5, 0, 0, 0, 0, 0, 0, 0, 0, 1, 0, 0, 0, 2, 0, 0, 0, 1, 0, 0, 0, 1, 0, 0, 0, 2, 0, 0, 0, 1, 0, 0, 0, 3, 0, 0, 0, 
33, 1, 0, 1, 1, 1, 1, 3, 2, 1, 2, 0, 0, 1, 1, 0, 0, 0, 0, 0, 1, 0, 0, 1, 0, 3, 9, 10, 7, 2, 0, 5, 3, 1, 0, 0, 0, 13, 5, 7, 5, 26, 14, 7, 4, 25, 2, 1, 3, 73, 3, 1, 2, 7, 7, 7, 6, 4, 3, 1, 1, 29, 3, 3, 1, 24, 3, 1, 1, 0, 2, 1, 0, 38, 2, 1, 2, 0, 0, 0, 0, 1, 0, 0, 0, 1, 0, 0, 0, 0, 0, 0, 0, 0, 0, 0, 0, 2, 0, 0, 0, 1, 0, 0, 0, 1, 0, 0, 0, 0, 0, 0, 0, 
34, 2, 0, 0, 0, 0, 2, 1, 0, 0, 0, 0, 1, 0, 1, 0, 0, 0, 0, 1, 0, 0, 1, 0, 0, 10, 9, 10, 10, 3, 1, 4, 5, 1, 7, 2, 1, 7, 7, 7, 5, 26, 6, 10, 7, 19, 4, 1, 0, 71, 1, 2, 1, 4, 2, 4, 4, 1, 0, 0, 0, 34, 1, 3, 1, 34, 2, 1, 0, 0, 1, 0, 1, 35, 5, 6, 2, 1, 0, 0, 0, 1, 0, 0, 0, 1, 0, 0, 0, 1, 0, 0, 0, 0, 0, 0, 0, 1, 0, 0, 0, 3, 0, 0, 0, 1, 0, 0, 0, 0, 0, 0, 0, 
35, 1, 0, 0, 1, 1, 1, 0, 0, 0, 0, 3, 0, 0, 1, 0, 1, 2, 1, 0, 1, 0, 0, 2, 1, 16, 6, 8, 13, 0, 0, 1, 0, 8, 6, 5, 3, 8, 8, 6, 9, 29, 13, 5, 9, 18, 1, 4, 1, 58, 0, 0, 0, 3, 2, 1, 1, 4, 4, 2, 1, 19, 3, 3, 3, 34, 4, 0, 1, 3, 2, 1, 3, 38, 4, 2, 4, 0, 0, 0, 0, 0, 0, 0, 0, 2, 0, 0, 0, 1, 0, 0, 0, 1, 0, 0, 0, 2, 0, 0, 0, 0, 0, 0, 0, 1, 0, 0, 0, 1, 0, 0, 0, 
36, 1, 0, 0, 1, 0, 0, 0, 1, 0, 0, 1, 3, 0, 0, 0, 0, 0, 0, 0, 0, 0, 0, 1, 0, 11, 13, 16, 13, 3, 2, 2, 6, 16, 2, 4, 1, 2, 5, 9, 4, 30, 10, 11, 9, 18, 1, 1, 1, 65, 1, 1, 0, 3, 2, 1, 0, 1, 4, 1, 0, 21, 5, 2, 2, 39, 2, 1, 1, 1, 3, 0, 1, 45, 5, 4, 3, 1, 0, 0, 0, 1, 0, 0, 0, 0, 0, 0, 0, 0, 0, 0, 0, 0, 0, 0, 0, 0, 0, 0, 0, 1, 0, 0, 0, 0, 0, 0, 0, 0, 0, 0, 0, 
37, 0, 0, 0, 0, 0, 0, 0, 0, 0, 1, 0, 1, 1, 0, 0, 0, 0, 0, 1, 0, 0, 2, 0, 1, 19, 12, 15, 9, 8, 7, 2, 6, 4, 4, 1, 0, 8, 5, 6, 6, 33, 12, 9, 7, 15, 2, 1, 1, 59, 0, 2, 1, 0, 0, 3, 1, 0, 0, 0, 0, 31, 2, 4, 1, 43, 2, 1, 1, 7, 5, 0, 0, 57, 4, 1, 4, 0, 0, 0, 0, 3, 0, 0, 0, 1, 0, 0, 0, 1, 0, 0, 0, 0, 0, 0, 0, 1, 0, 0, 0, 1, 0, 0, 0, 1, 0, 0, 0, 0, 0, 0, 0, 
38, 0, 0, 0, 0, 0, 1, 1, 0, 0, 0, 1, 1, 0, 0, 0, 0, 2, 0, 0, 0, 0, 0, 0, 0, 32, 18, 10, 7, 9, 2, 3, 6, 4, 1, 4, 0, 11, 11, 5, 5, 30, 6, 9, 13, 22, 5, 1, 2, 46, 1, 0, 0, 1, 0, 2, 2, 1, 0, 3, 2, 31, 2, 3, 3, 32, 7, 1, 1, 3, 7, 8, 3, 70, 8, 1, 3, 0, 0, 0, 0, 1, 0, 0, 0, 2, 0, 0, 0, 3, 0, 0, 0, 1, 0, 0, 0, 0, 0, 0, 0, 0, 0, 0, 0, 1, 0, 0, 0, 2, 0, 0, 0, 
39, 5, 1, 0, 2, 1, 1, 0, 1, 0, 0, 0, 0, 0, 0, 0, 0, 1, 1, 1, 0, 1, 0, 1, 1, 35, 12, 13, 9, 21, 5, 4, 5, 9, 5, 3, 5, 5, 6, 7, 5, 26, 12, 13, 7, 22, 1, 2, 0, 53, 1, 1, 0, 2, 3, 2, 0, 0, 3, 0, 1, 28, 1, 2, 2, 38, 3, 2, 2, 12, 3, 5, 3, 72, 8, 4, 4, 1, 0, 0, 0, 2, 0, 0, 0, 1, 0, 0, 0, 3, 0, 0, 0, 1, 0, 0, 0, 0, 0, 0, 0, 0, 0, 0, 0, 1, 0, 0, 0, 2, 0, 0, 0, 
40, 0, 1, 0, 1, 0, 0, 1, 0, 1, 0, 0, 1, 0, 0, 0, 0, 1, 0, 0, 1, 1, 0, 0, 1, 47, 13, 8, 11, 15, 5, 6, 9, 24, 6, 7, 2, 6, 2, 10, 2, 26, 14, 9, 8, 19, 2, 1, 2, 49, 1, 0, 1, 2, 0, 2, 0, 1, 2, 2, 1, 14, 3, 1, 1, 49, 3, 1, 0, 4, 4, 8, 4, 80, 2, 6, 2, 0, 0, 0, 0, 2, 0, 0, 0, 0, 0, 0, 0, 0, 0, 0, 0, 0, 0, 0, 0, 0, 0, 0, 0, 1, 0, 0, 0, 0, 0, 0, 0, 3, 0, 0, 0, 
41, 1, 0, 1, 0, 1, 0, 0, 0, 0, 1, 0, 1, 0, 0, 0, 0, 2, 0, 0, 2, 0, 0, 0, 0, 49, 13, 10, 11, 30, 6, 2, 2, 25, 5, 4, 2, 7, 8, 6, 3, 23, 10, 10, 5, 11, 1, 0, 3, 41, 1, 2, 1, 0, 1, 1, 3, 1, 0, 1, 2, 3, 1, 2, 1, 53, 3, 1, 2, 6, 5, 6, 4, 80, 6, 2, 1, 0, 0, 0, 0, 1, 0, 0, 0, 0, 0, 0, 0, 0, 0, 0, 0, 0, 0, 0, 0, 2, 0, 0, 0, 1, 0, 0, 0, 2, 0, 0, 0, 0, 0, 0, 0, 
42, 0, 1, 1, 0, 1, 0, 0, 1, 2, 1, 1, 0, 1, 0, 0, 1, 3, 0, 0, 0, 1, 0, 0, 0, 46, 16, 12, 9, 38, 10, 4, 3, 41, 4, 1, 4, 5, 10, 8, 7, 25, 7, 10, 5, 12, 1, 0, 1, 32, 1, 2, 0, 1, 0, 2, 1, 0, 3, 0, 0, 0, 2, 1, 0, 45, 1, 6, 0, 0, 1, 2, 2, 86, 5, 0, 6, 1, 0, 0, 0, 0, 0, 0, 0, 0, 0, 0, 0, 1, 0, 0, 0, 0, 0, 0, 0, 2, 0, 0, 0, 2, 0, 0, 0, 1, 0, 0, 0, 2, 0, 0, 0, 
43, 0, 0, 0, 1, 0, 0, 0, 0, 1, 0, 0, 0, 0, 1, 0, 1, 0, 0, 0, 0, 0, 0, 0, 0, 41, 15, 13, 8, 40, 6, 3, 5, 33, 4, 10, 4, 9, 9, 6, 6, 33, 6, 8, 11, 5, 4, 0, 3, 23, 1, 0, 1, 0, 1, 0, 0, 1, 0, 1, 2, 2, 4, 3, 1, 36, 2, 2, 0, 0, 0, 0, 0, 74, 3, 1, 4, 1, 0, 0, 0, 2, 0, 0, 0, 1, 0, 0, 0, 1, 0, 0, 0, 0, 0, 0, 0, 1, 0, 0, 0, 0, 0, 0, 0, 3, 0, 0, 0, 0, 0, 0, 0, 
44, 1, 0, 1, 0, 1, 0, 0, 0, 0, 0, 0, 0, 0, 0, 0, 1, 0, 0, 0, 0, 1, 0, 0, 1, 43, 13, 10, 9, 29, 5, 5, 6, 50, 13, 1, 7, 9, 9, 7, 6, 37, 14, 4, 7, 11, 4, 1, 2, 25, 0, 0, 2, 0, 0, 1, 0, 0, 3, 1, 1, 3, 2, 4, 5, 30, 1, 0, 0, 0, 2, 3, 3, 83, 5, 1, 2, 1, 0, 0, 0, 1, 0, 0, 0, 0, 0, 0, 0, 3, 0, 0, 0, 2, 0, 0, 0, 0, 0, 0, 0, 1, 0, 0, 0, 1, 0, 0, 0, 1, 0, 0, 0, 
45, 2, 0, 2, 0, 0, 2, 1, 1, 0, 0, 0, 0, 0, 0, 0, 0, 0, 0, 1, 0, 0, 0, 0, 0, 44, 15, 10, 4, 21, 4, 6, 7, 52, 6, 5, 3, 14, 5, 12, 9, 42, 8, 7, 8, 6, 2, 5, 0, 27, 0, 0, 0, 4, 0, 1, 5, 0, 2, 3, 2, 1, 1, 0, 0, 34, 4, 1, 0, 0, 0, 4, 0, 81, 4, 2, 1, 1, 0, 0, 0, 1, 0, 0, 0, 0, 0, 0, 0, 0, 0, 0, 0, 1, 0, 0, 0, 3, 0, 0, 0, 0, 0, 0, 0, 1, 0, 0, 0, 2, 0, 0, 0, 
46, 3, 1, 2, 0, 0, 0, 1, 1, 0, 0, 0, 0, 3, 2, 0, 0, 1, 0, 0, 3, 2, 0, 0, 0, 38, 3, 9, 8, 19, 6, 7, 4, 45, 6, 8, 2, 8, 7, 9, 8, 37, 11, 11, 13, 10, 4, 2, 1, 13, 0, 0, 0, 0, 1, 3, 2, 12, 1, 1, 1, 5, 2, 1, 0, 28, 1, 1, 3, 11, 3, 7, 2, 80, 1, 6, 1, 1, 0, 0, 0, 0, 0, 0, 0, 1, 0, 0, 0, 1, 0, 0, 0, 0, 0, 0, 0, 1, 0, 0, 0, 0, 0, 0, 0, 0, 0, 0, 0, 0, 0, 0, 0, 
47, 0, 0, 0, 0, 1, 1, 1, 0, 5, 0, 0, 0, 0, 0, 0, 0, 3, 1, 2, 2, 0, 0, 0, 0, 26, 9, 8, 8, 31, 7, 0, 3, 43, 5, 3, 2, 9, 5, 10, 2, 35, 10, 8, 14, 1, 2, 2, 1, 25, 0, 1, 1, 4, 2, 1, 1, 18, 2, 0, 0, 4, 0, 2, 0, 29, 10, 0, 0, 7, 2, 1, 2, 71, 2, 3, 2, 1, 0, 0, 0, 2, 0, 0, 0, 0, 0, 0, 0, 0, 0, 0, 0, 0, 0, 0, 0, 0, 0, 0, 0, 1, 0, 0, 0, 2, 0, 0, 0, 1, 0, 0, 0, 
48, 1, 3, 0, 0, 1, 1, 0, 1, 1, 0, 0, 0, 0, 0, 0, 0, 0, 1, 0, 0, 2, 1, 0, 0, 15, 9, 10, 10, 14, 10, 6, 4, 51, 4, 2, 5, 10, 10, 6, 2, 42, 9, 8, 8, 0, 8, 3, 4, 23, 2, 0, 0, 3, 0, 0, 1, 11, 2, 1, 2, 13, 2, 0, 0, 33, 1, 1, 2, 7, 6, 4, 2, 77, 3, 5, 1, 0, 0, 0, 0, 0, 0, 0, 0, 4, 0, 0, 0, 1, 0, 0, 0, 1, 0, 0, 0, 0, 0, 0, 0, 2, 0, 0, 0, 1, 0, 0, 0, 0, 0, 0, 0, 
49, 0, 0, 1, 1, 0, 0, 0, 1, 1, 1, 1, 1, 3, 0, 0, 1, 3, 3, 1, 1, 0, 0, 0, 0, 7, 5, 11, 8, 23, 4, 7, 4, 61, 5, 3, 5, 2, 6, 4, 5, 29, 8, 7, 3, 9, 2, 0, 0, 29, 10, 0, 1, 0, 3, 1, 0, 21, 1, 1, 0, 21, 1, 0, 0, 23, 1, 0, 2, 2, 1, 6, 3, 71, 2, 3, 4, 0, 0, 0, 0, 1, 0, 0, 0, 1, 0, 0, 0, 1, 0, 0, 0, 2, 0, 0, 0, 1, 0, 0, 0, 1, 0, 0, 0, 1, 0, 0, 0, 0, 0, 0, 0, 
50, 2, 0, 2, 0, 2, 2, 3, 1, 0, 1, 0, 0, 1, 0, 0, 0, 0, 0, 0, 1, 0, 2, 0, 0, 9, 11, 7, 10, 12, 4, 3, 0, 68, 10, 4, 3, 4, 2, 6, 3, 23, 7, 5, 6, 2, 3, 6, 0, 45, 0, 1, 1, 0, 1, 2, 0, 7, 2, 2, 3, 21, 0, 0, 0, 15, 0, 2, 1, 3, 0, 0, 1, 62, 3, 3, 1, 0, 0, 0, 0, 0, 0, 0, 0, 0, 0, 0, 0, 1, 0, 0, 0, 0, 0, 0, 0, 0, 0, 0, 0, 0, 0, 0, 0, 0, 0, 0, 0, 3, 0, 0, 0, 
51, 2, 1, 0, 1, 1, 0, 0, 1, 0, 1, 0, 2, 0, 0, 0, 1, 0, 0, 0, 1, 0, 0, 1, 1, 8, 8, 8, 10, 5, 1, 3, 3, 59, 4, 5, 4, 5, 0, 0, 1, 19, 12, 11, 6, 0, 0, 0, 1, 48, 0, 1, 0, 3, 1, 2, 1, 10, 2, 0, 1, 11, 1, 0, 0, 9, 1, 4, 1, 2, 1, 0, 1, 60, 3, 5, 2, 0, 0, 0, 0, 0, 0, 0, 0, 0, 0, 0, 0, 0, 0, 0, 0, 0, 0, 0, 0, 0, 0, 0, 0, 2, 0, 0, 0, 0, 0, 0, 0, 3, 0, 0, 0, 
52, 2, 0, 1, 1, 1, 0, 0, 0, 0, 0, 1, 1, 1, 0, 0, 0, 0, 0, 0, 0, 0, 0, 1, 0, 7, 9, 9, 6, 5, 7, 6, 2, 58, 4, 6, 0, 3, 2, 2, 4, 23, 9, 8, 2, 1, 3, 0, 1, 59, 2, 0, 0, 6, 2, 5, 3, 4, 1, 3, 0, 6, 1, 0, 1, 4, 7, 2, 0, 1, 3, 1, 1, 55, 4, 5, 4, 1, 0, 0, 0, 1, 0, 0, 0, 1, 0, 0, 0, 1, 0, 0, 0, 0, 0, 0, 0, 1, 0, 0, 0, 2, 0, 0, 0, 0, 0, 0, 0, 3, 0, 0, 0, 
53, 0, 0, 1, 0, 0, 1, 0, 0, 0, 1, 0, 0, 0, 0, 0, 1, 0, 0, 0, 0, 0, 0, 1, 0, 5, 2, 4, 4, 8, 5, 2, 7, 42, 5, 3, 4, 2, 3, 3, 2, 4, 12, 5, 8, 3, 1, 4, 2, 57, 0, 1, 0, 6, 3, 4, 5, 3, 1, 4, 5, 1, 2, 2, 4, 2, 3, 1, 1, 8, 1, 2, 3, 63, 5, 3, 1, 1, 0, 0, 0, 1, 0, 0, 0, 1, 0, 0, 0, 1, 0, 0, 0, 0, 0, 0, 0, 1, 0, 0, 0, 1, 0, 0, 0, 0, 0, 0, 0, 2, 0, 0, 0, 
54, 1, 1, 0, 1, 0, 4, 0, 0, 0, 0, 1, 0, 0, 0, 0, 1, 0, 0, 0, 0, 0, 0, 0, 0, 8, 11, 9, 1, 10, 5, 9, 3, 41, 1, 8, 3, 5, 5, 1, 0, 5, 10, 9, 3, 2, 4, 1, 1, 43, 3, 0, 0, 2, 3, 2, 2, 7, 6, 5, 2, 3, 5, 6, 2, 0, 1, 2, 1, 0, 2, 0, 2, 57, 3, 4, 3, 1, 0, 0, 0, 1, 0, 0, 0, 0, 0, 0, 0, 2, 0, 0, 0, 0, 0, 0, 0, 0, 0, 0, 0, 1, 0, 0, 0, 1, 0, 0, 0, 2, 0, 0, 0, 
55, 2, 0, 1, 0, 0, 0, 0, 0, 2, 0, 0, 0, 0, 0, 1, 2, 0, 0, 0, 0, 0, 0, 0, 0, 3, 7, 5, 0, 14, 10, 6, 6, 46, 3, 1, 4, 1, 0, 0, 1, 5, 8, 9, 6, 2, 2, 8, 5, 60, 1, 1, 0, 0, 2, 5, 2, 4, 3, 3, 0, 5, 4, 3, 4, 3, 2, 1, 2, 2, 2, 1, 4, 66, 5, 2, 2, 1, 0, 0, 0, 0, 0, 0, 0, 0, 0, 0, 0, 1, 0, 0, 0, 2, 0, 0, 0, 2, 0, 0, 0, 1, 0, 0, 0, 0, 0, 0, 0, 0, 0, 0, 0, 
56, 2, 2, 1, 1, 0, 1, 0, 0, 0, 0, 1, 2, 1, 0, 0, 0, 1, 0, 1, 3, 1, 1, 3, 0, 2, 1, 0, 0, 8, 3, 6, 6, 40, 6, 5, 4, 2, 2, 0, 1, 10, 10, 6, 3, 5, 5, 11, 4, 56, 0, 0, 1, 2, 1, 4, 2, 1, 0, 2, 1, 3, 2, 0, 3, 1, 1, 1, 1, 1, 0, 5, 3, 68, 2, 0, 2, 0, 0, 0, 0, 1, 0, 0, 0, 0, 0, 0, 0, 4, 0, 0, 0, 4, 0, 0, 0, 0, 0, 0, 0, 1, 0, 0, 0, 0, 0, 0, 0, 0, 0, 0, 0, 
57, 2, 1, 0, 0, 3, 2, 2, 2, 1, 0, 1, 1, 0, 0, 0, 0, 0, 0, 0, 1, 0, 1, 0, 0, 0, 2, 1, 1, 4, 8, 7, 4, 36, 3, 3, 3, 2, 2, 2, 0, 2, 9, 8, 5, 13, 5, 10, 8, 54, 0, 2, 2, 0, 1, 0, 0, 3, 0, 1, 1, 5, 2, 4, 8, 0, 2, 1, 2, 5, 8, 3, 4, 62, 4, 2, 1, 1, 0, 0, 0, 1, 0, 0, 0, 2, 0, 0, 0, 0, 0, 0, 0, 0, 0, 0, 0, 0, 0, 0, 0, 1, 0, 0, 0, 0, 0, 0, 0, 2, 0, 0, 0, 
58, 0, 2, 2, 0, 0, 0, 0, 1, 3, 0, 1, 0, 0, 1, 0, 0, 1, 1, 1, 0, 0, 0, 1, 0, 1, 2, 5, 0, 4, 3, 9, 5, 24, 5, 3, 3, 1, 2, 2, 0, 7, 9, 6, 5, 20, 8, 10, 6, 53, 0, 1, 0, 0, 0, 0, 3, 5, 0, 2, 3, 11, 7, 5, 4, 0, 0, 0, 2, 3, 1, 2, 5, 61, 5, 2, 0, 0, 0, 0, 0, 3, 0, 0, 0, 1, 0, 0, 0, 0, 0, 0, 0, 2, 0, 0, 0, 2, 0, 0, 0, 0, 0, 0, 0, 0, 0, 0, 0, 1, 0, 0, 0, 
59, 3, 2, 0, 1, 0, 0, 0, 0, 0, 0, 1, 1, 0, 0, 0, 0, 0, 2, 0, 0, 1, 1, 0, 1, 7, 2, 4, 4, 4, 2, 2, 4, 27, 5, 3, 2, 2, 0, 1, 1, 6, 4, 5, 8, 28, 10, 9, 5, 60, 3, 0, 0, 0, 1, 1, 1, 1, 4, 3, 0, 4, 2, 3, 4, 0, 6, 5, 4, 10, 3, 5, 3, 54, 4, 5, 0, 0, 0, 0, 0, 2, 0, 0, 0, 0, 0, 0, 0, 2, 0, 0, 0, 1, 0, 0, 0, 0, 0, 0, 0, 0, 0, 0, 0, 3, 0, 0, 0, 0, 0, 0, 0, 
60, 0, 0, 0, 1, 3, 2, 2, 1, 0, 2, 2, 1, 0, 0, 0, 0, 0, 0, 0, 0, 0, 0, 0, 0, 0, 0, 1, 0, 7, 9, 4, 3, 24, 1, 3, 3, 1, 1, 1, 0, 5, 9, 3, 7, 30, 7, 6, 7, 69, 8, 0, 2, 2, 0, 0, 0, 2, 0, 4, 2, 1, 2, 4, 0, 6, 4, 1, 6, 14, 2, 2, 4, 57, 4, 3, 1, 0, 0, 0, 0, 0, 0, 0, 0, 1, 0, 0, 0, 1, 0, 0, 0, 4, 0, 0, 0, 0, 0, 0, 0, 1, 0, 0, 0, 0, 0, 0, 0, 0, 0, 0, 0, 
61, 2, 0, 1, 0, 3, 0, 1, 1, 0, 1, 1, 1, 3, 0, 0, 0, 0, 0, 2, 0, 0, 0, 0, 0, 0, 0, 0, 0, 4, 1, 2, 2, 12, 6, 5, 4, 5, 1, 1, 1, 10, 6, 11, 11, 18, 5, 10, 6, 62, 1, 1, 0, 1, 1, 1, 2, 13, 10, 0, 0, 5, 3, 2, 2, 4, 5, 5, 1, 2, 1, 5, 4, 53, 3, 1, 3, 0, 0, 0, 0, 0, 0, 0, 0, 1, 0, 0, 0, 0, 0, 0, 0, 2, 0, 0, 0, 0, 0, 0, 0, 0, 0, 0, 0, 0, 0, 0, 0, 1, 0, 0, 0, 
62, 1, 0, 0, 0, 1, 1, 0, 0, 0, 2, 2, 0, 1, 1, 2, 0, 0, 0, 0, 1, 0, 0, 0, 1, 4, 2, 2, 2, 0, 1, 3, 3, 30, 6, 3, 8, 18, 1, 1, 0, 9, 5, 9, 3, 17, 8, 6, 6, 65, 1, 2, 0, 2, 0, 1, 0, 7, 2, 4, 2, 0, 1, 0, 0, 6, 3, 5, 6, 1, 3, 2, 2, 48, 3, 2, 1, 1, 0, 0, 0, 1, 0, 0, 0, 0, 0, 0, 0, 0, 0, 0, 0, 0, 0, 0, 0, 1, 0, 0, 0, 3, 0, 0, 0, 0, 0, 0, 0, 0, 0, 0, 0, 
63, 0, 0, 1, 0, 0, 0, 0, 1, 0, 0, 0, 0, 0, 0, 1, 2, 0, 0, 0, 0, 0, 0, 0, 0, 5, 4, 4, 6, 4, 0, 3, 0, 33, 4, 4, 6, 12, 0, 2, 0, 7, 8, 4, 5, 21, 6, 10, 9, 71, 6, 0, 0, 4, 6, 3, 6, 3, 0, 1, 1, 1, 0, 0, 0, 6, 7, 6, 2, 13, 1, 3, 1, 34, 2, 3, 1, 2, 0, 0, 0, 0, 0, 0, 0, 2, 0, 0, 0, 0, 0, 0, 0, 1, 0, 0, 0, 0, 0, 0, 0, 5, 0, 0, 0, 1, 0, 0, 0, 1, 0, 0, 0, 
64, 0, 0, 0, 1, 6, 6, 3, 1, 1, 0, 0, 1, 1, 0, 0, 0, 0, 0, 0, 0, 0, 0, 0, 0, 13, 5, 5, 8, 3, 1, 5, 1, 24, 4, 7, 2, 13, 1, 3, 0, 3, 4, 4, 4, 27, 11, 3, 4, 67, 1, 1, 0, 5, 11, 6, 4, 1, 3, 3, 3, 4, 0, 6, 5, 2, 5, 3, 1, 5, 0, 2, 1, 32, 2, 3, 4, 1, 0, 0, 0, 0, 0, 0, 0, 0, 0, 0, 0, 0, 0, 0, 0, 0, 0, 0, 0, 2, 0, 0, 0, 0, 0, 0, 0, 0, 0, 0, 0, 0, 0, 0, 0, 
65, 0, 0, 0, 0, 1, 1, 1, 1, 0, 1, 0, 0, 0, 0, 0, 1, 0, 0, 0, 0, 0, 0, 0, 0, 7, 3, 6, 8, 4, 4, 3, 5, 10, 5, 5, 4, 6, 0, 4, 2, 6, 4, 2, 4, 26, 8, 11, 5, 50, 4, 1, 1, 4, 3, 4, 0, 3, 2, 1, 2, 5, 2, 6, 6, 1, 0, 4, 2, 4, 2, 4, 5, 21, 1, 0, 4, 0, 0, 0, 0, 1, 0, 0, 0, 0, 0, 0, 0, 0, 0, 0, 0, 1, 0, 0, 0, 1, 0, 0, 0, 2, 0, 0, 0, 2, 0, 0, 0, 1, 0, 0, 0, 
66, 1, 0, 1, 0, 0, 0, 2, 2, 1, 1, 1, 3, 0, 0, 1, 0, 0, 0, 0, 0, 0, 0, 1, 0, 2, 3, 3, 7, 16, 4, 4, 1, 3, 4, 1, 3, 2, 2, 2, 2, 5, 6, 7, 10, 20, 6, 4, 5, 45, 2, 0, 1, 5, 0, 2, 3, 1, 2, 6, 3, 4, 2, 6, 1, 1, 0, 2, 0, 7, 7, 6, 5, 25, 7, 8, 2, 2, 0, 0, 0, 2, 0, 0, 0, 3, 0, 0, 0, 0, 0, 0, 0, 0, 0, 0, 0, 0, 0, 0, 0, 2, 0, 0, 0, 0, 0, 0, 0, 1, 0, 0, 0, 
67, 2, 1, 0, 1, 2, 0, 0, 0, 1, 0, 0, 0, 0, 0, 0, 0, 0, 0, 1, 1, 0, 0, 0, 1, 7, 9, 6, 4, 3, 1, 1, 2, 1, 1, 0, 1, 11, 1, 4, 2, 12, 11, 8, 10, 8, 11, 9, 7, 46, 2, 2, 0, 1, 1, 1, 0, 2, 4, 2, 1, 2, 3, 4, 4, 0, 0, 0, 1, 3, 2, 1, 4, 21, 2, 5, 3, 2, 0, 0, 0, 2, 0, 0, 0, 0, 0, 0, 0, 0, 0, 0, 0, 1, 0, 0, 0, 0, 0, 0, 0, 1, 0, 0, 0, 1, 0, 0, 0, 2, 0, 0, 0, 
68, 1, 0, 0, 1, 1, 0, 0, 0, 0, 0, 1, 2, 0, 0, 0, 0, 3, 0, 2, 0, 0, 1, 0, 0, 2, 3, 1, 3, 0, 0, 0, 0, 3, 2, 0, 0, 8, 5, 4, 4, 14, 13, 11, 7, 5, 8, 6, 8, 43, 0, 1, 3, 0, 1, 0, 0, 4, 5, 7, 0, 6, 9, 3, 4, 3, 3, 4, 3, 4, 5, 1, 3, 12, 4, 3, 5, 0, 0, 0, 0, 0, 0, 0, 0, 1, 0, 0, 0, 0, 0, 0, 0, 3, 0, 0, 0, 2, 0, 0, 0, 1, 0, 0, 0, 1, 0, 0, 0, 1, 0, 0, 0, 
69, 0, 1, 0, 0, 2, 0, 1, 0, 2, 2, 1, 0, 0, 0, 0, 0, 0, 1, 1, 0, 0, 1, 0, 1, 7, 5, 2, 3, 0, 0, 0, 1, 11, 2, 1, 0, 16, 5, 2, 6, 14, 10, 15, 12, 2, 7, 4, 0, 44, 0, 0, 0, 2, 2, 0, 0, 0, 2, 1, 0, 2, 2, 3, 3, 2, 4, 2, 2, 7, 13, 5, 5, 14, 11, 5, 3, 0, 0, 0, 0, 0, 0, 0, 0, 2, 0, 0, 0, 1, 0, 0, 0, 1, 0, 0, 0, 0, 0, 0, 0, 0, 0, 0, 0, 2, 0, 0, 0, 0, 0, 0, 0, 
70, 0, 1, 0, 2, 0, 0, 0, 0, 0, 1, 0, 1, 1, 0, 0, 0, 4, 0, 0, 0, 0, 0, 0, 0, 4, 6, 2, 5, 6, 1, 0, 2, 10, 1, 1, 1, 10, 1, 2, 0, 12, 12, 12, 11, 5, 2, 2, 3, 42, 2, 0, 0, 0, 1, 1, 0, 0, 0, 2, 1, 5, 1, 2, 3, 1, 0, 1, 1, 2, 8, 9, 1, 18, 6, 7, 1, 2, 0, 0, 0, 0, 0, 0, 0, 0, 0, 0, 0, 0, 0, 0, 0, 0, 0, 0, 0, 0, 0, 0, 0, 1, 0, 0, 0, 1, 0, 0, 0, 2, 0, 0, 0, 
71, 0, 0, 0, 0, 1, 0, 0, 0, 0, 0, 1, 0, 0, 1, 1, 0, 1, 0, 0, 0, 0, 0, 0, 0, 4, 6, 2, 1, 3, 5, 4, 3, 7, 0, 2, 1, 14, 6, 2, 1, 14, 16, 12, 11, 2, 4, 4, 2, 38, 1, 0, 1, 1, 2, 4, 1, 13, 2, 5, 1, 3, 2, 3, 5, 3, 4, 2, 2, 7, 5, 3, 2, 23, 3, 2, 2, 1, 0, 0, 0, 0, 0, 0, 0, 1, 0, 0, 0, 1, 0, 0, 0, 0, 0, 0, 0, 0, 0, 0, 0, 0, 0, 0, 0, 0, 0, 0, 0, 2, 0, 0, 0, 
72, 0, 1, 3, 1, 1, 0, 0, 0, 0, 0, 0, 1, 0, 0, 0, 0, 1, 2, 0, 1, 0, 0, 0, 0, 6, 12, 5, 7, 2, 0, 5, 4, 7, 2, 2, 1, 0, 1, 0, 2, 18, 14, 15, 7, 6, 9, 5, 6, 47, 3, 1, 1, 8, 3, 2, 3, 15, 1, 1, 0, 3, 0, 3, 1, 2, 1, 1, 0, 2, 2, 2, 6, 2, 10, 2, 3, 1, 0, 0, 0, 0, 0, 0, 0, 0, 0, 0, 0, 1, 0, 0, 0, 2, 0, 0, 0, 0, 0, 0, 0, 0, 0, 0, 0, 1, 0, 0, 0, 0, 0, 0, 0, 
73, 0, 0, 0, 0, 1, 0, 0, 0, 1, 0, 1, 0, 0, 0, 1, 0, 0, 0, 0, 0, 2, 0, 1, 1, 19, 4, 8, 6, 1, 3, 7, 4, 1, 3, 1, 2, 2, 1, 3, 0, 11, 13, 12, 10, 12, 5, 12, 11, 43, 1, 0, 0, 17, 2, 1, 3, 16, 0, 1, 3, 1, 1, 0, 1, 0, 1, 2, 2, 6, 1, 7, 3, 0, 0, 0, 0, 2, 0, 0, 0, 0, 0, 0, 0, 1, 0, 0, 0, 0, 0, 0, 0, 0, 0, 0, 0, 3, 0, 0, 0, 0, 0, 0, 0, 1, 0, 0, 0, 1, 0, 0, 0, 
74, 0, 2, 1, 0, 0, 0, 0, 0, 0, 0, 1, 0, 1, 1, 2, 2, 1, 2, 2, 0, 0, 0, 0, 0, 22, 6, 4, 5, 3, 5, 5, 2, 2, 1, 5, 3, 4, 2, 3, 2, 11, 15, 19, 11, 12, 6, 9, 8, 41, 0, 1, 0, 23, 4, 2, 1, 22, 2, 0, 1, 1, 0, 0, 0, 5, 5, 4, 2, 8, 3, 8, 1, 1, 3, 0, 2, 1, 0, 0, 0, 0, 0, 0, 0, 2, 0, 0, 0, 0, 0, 0, 0, 0, 0, 0, 0, 0, 0, 0, 0, 1, 0, 0, 0, 0, 0, 0, 0, 0, 0, 0, 0, 
75, 0, 0, 0, 0, 1, 1, 0, 0, 1, 2, 0, 2, 0, 1, 1, 0, 0, 0, 0, 1, 0, 0, 0, 0, 28, 8, 3, 3, 1, 1, 2, 5, 3, 3, 0, 2, 10, 5, 1, 6, 18, 22, 11, 14, 9, 7, 6, 11, 58, 0, 0, 1, 17, 6, 2, 3, 28, 3, 1, 0, 3, 0, 0, 0, 4, 1, 4, 1, 3, 4, 2, 3, 10, 2, 0, 1, 0, 0, 0, 0, 0, 0, 0, 0, 4, 0, 0, 0, 0, 0, 0, 0, 1, 0, 0, 0, 2, 0, 0, 0, 2, 0, 0, 0, 0, 0, 0, 0, 0, 0, 0, 0, 
76, 0, 0, 1, 0, 0, 1, 0, 0, 0, 0, 0, 0, 0, 1, 0, 4, 1, 1, 0, 0, 0, 0, 0, 0, 25, 7, 8, 8, 1, 1, 0, 0, 0, 3, 0, 1, 3, 3, 3, 1, 15, 11, 15, 19, 6, 4, 6, 3, 45, 1, 0, 1, 24, 2, 2, 3, 35, 2, 1, 0, 0, 0, 2, 1, 2, 2, 1, 2, 4, 2, 4, 2, 6, 0, 4, 3, 0, 0, 0, 0, 1, 0, 0, 0, 1, 0, 0, 0, 0, 0, 0, 0, 0, 0, 0, 0, 0, 0, 0, 0, 0, 0, 0, 0, 1, 0, 0, 0, 0, 0, 0, 0, 
77, 0, 1, 1, 0, 0, 0, 0, 1, 0, 1, 0, 0, 1, 1, 0, 0, 1, 1, 0, 0, 0, 0, 0, 0, 29, 5, 7, 9, 7, 2, 3, 2, 1, 2, 3, 3, 0, 0, 0, 0, 12, 14, 13, 18, 9, 6, 9, 1, 41, 1, 0, 1, 21, 3, 4, 3, 26, 2, 1, 2, 0, 1, 0, 1, 8, 6, 4, 4, 3, 2, 3, 1, 7, 1, 5, 1, 0, 0, 0, 0, 2, 0, 0, 0, 0, 0, 0, 0, 1, 0, 0, 0, 1, 0, 0, 0, 0, 0, 0, 0, 1, 0, 0, 0, 0, 0, 0, 0, 0, 0, 0, 0, 
78, 0, 1, 0, 0, 1, 1, 0, 0, 1, 0, 2, 1, 1, 2, 0, 0, 1, 0, 1, 0, 2, 0, 3, 2, 24, 6, 6, 2, 13, 3, 2, 4, 0, 0, 0, 2, 1, 0, 2, 0, 13, 12, 10, 12, 17, 8, 5, 6, 39, 2, 1, 1, 19, 3, 0, 3, 17, 1, 0, 2, 5, 0, 1, 0, 5, 6, 2, 4, 2, 0, 3, 2, 4, 7, 4, 3, 2, 0, 0, 0, 0, 0, 0, 0, 0, 0, 0, 0, 0, 0, 0, 0, 0, 0, 0, 0, 0, 0, 0, 0, 0, 0, 0, 0, 0, 0, 0, 0, 0, 0, 0, 0, 
79, 1, 0, 0, 1, 0, 1, 0, 0, 0, 1, 1, 0, 0, 3, 2, 1, 1, 0, 1, 0, 1, 1, 1, 0, 12, 9, 2, 4, 20, 1, 0, 0, 2, 1, 0, 1, 0, 0, 0, 0, 7, 8, 3, 14, 17, 4, 8, 3, 26, 1, 0, 0, 21, 1, 1, 1, 25, 2, 3, 1, 22, 5, 0, 0, 22, 3, 4, 2, 0, 1, 4, 0, 7, 8, 4, 0, 0, 0, 0, 0, 0, 0, 0, 0, 2, 0, 0, 0, 0, 0, 0, 0, 2, 0, 0, 0, 0, 0, 0, 0, 0, 0, 0, 0, 1, 0, 0, 0, 1, 0, 0, 0, 
80, 1, 1, 0, 0, 0, 1, 0, 0, 0, 1, 1, 0, 0, 0, 0, 0, 1, 1, 0, 0, 0, 0, 0, 0, 12, 7, 4, 2, 24, 1, 2, 2, 6, 4, 2, 3, 3, 4, 0, 0, 11, 11, 4, 6, 13, 2, 12, 3, 22, 2, 0, 0, 14, 4, 0, 0, 23, 1, 2, 2, 27, 1, 0, 1, 13, 5, 4, 2, 3, 5, 4, 3, 19, 10, 3, 2, 2, 0, 0, 0, 2, 0, 0, 0, 0, 0, 0, 0, 2, 0, 0, 0, 1, 0, 0, 0, 0, 0, 0, 0, 1, 0, 0, 0, 0, 0, 0, 0, 1, 0, 0, 0, 
81, 0, 0, 0, 0, 0, 0, 0, 0, 0, 0, 0, 0, 0, 1, 0, 0, 0, 0, 0, 0, 3, 0, 1, 1, 21, 5, 5, 5, 19, 5, 0, 2, 13, 1, 0, 4, 3, 2, 0, 0, 16, 13, 12, 4, 9, 9, 9, 4, 14, 2, 3, 0, 7, 1, 4, 1, 36, 1, 0, 0, 12, 0, 1, 0, 20, 7, 2, 4, 6, 9, 7, 8, 6, 5, 3, 5, 1, 0, 0, 0, 1, 0, 0, 0, 0, 0, 0, 0, 1, 0, 0, 0, 1, 0, 0, 0, 2, 0, 0, 0, 4, 0, 0, 0, 1, 0, 0, 0, 3, 0, 0, 0, 
82, 1, 0, 1, 0, 1, 0, 1, 1, 1, 0, 1, 0, 0, 1, 2, 3, 1, 0, 2, 0, 1, 0, 0, 1, 11, 8, 4, 5, 18, 4, 1, 2, 16, 5, 0, 1, 2, 2, 0, 2, 11, 15, 15, 7, 3, 4, 4, 5, 3, 0, 0, 2, 4, 6, 6, 6, 24, 1, 3, 0, 3, 4, 2, 0, 13, 10, 3, 2, 14, 3, 10, 9, 3, 1, 0, 1, 0, 0, 0, 0, 0, 0, 0, 0, 2, 0, 0, 0, 2, 0, 0, 0, 0, 0, 0, 0, 1, 0, 0, 0, 1, 0, 0, 0, 0, 0, 0, 0, 0, 0, 0, 0, 
83, 1, 4, 0, 1, 0, 0, 0, 1, 0, 1, 0, 0, 0, 0, 1, 1, 0, 0, 0, 1, 0, 1, 1, 1, 7, 3, 3, 2, 22, 1, 1, 2, 15, 4, 4, 2, 5, 0, 1, 1, 9, 12, 13, 11, 3, 3, 3, 3, 1, 0, 0, 2, 1, 2, 3, 2, 41, 1, 0, 0, 0, 0, 0, 2, 11, 2, 4, 4, 20, 14, 4, 8, 2, 3, 1, 0, 1, 0, 0, 0, 0, 0, 0, 0, 2, 0, 0, 0, 0, 0, 0, 0, 1, 0, 0, 0, 1, 0, 0, 0, 1, 0, 0, 0, 0, 0, 0, 0, 2, 0, 0, 0, 
84, 1, 0, 0, 1, 0, 1, 0, 1, 0, 1, 0, 1, 0, 1, 0, 0, 0, 0, 0, 1, 0, 0, 0, 0, 6, 3, 2, 3, 24, 3, 1, 1, 9, 2, 1, 4, 13, 4, 2, 1, 10, 11, 8, 8, 3, 3, 4, 2, 3, 2, 3, 0, 4, 2, 3, 3, 35, 1, 0, 1, 1, 4, 2, 3, 11, 6, 2, 3, 9, 8, 6, 8, 9, 3, 0, 2, 0, 0, 0, 0, 0, 0, 0, 0, 2, 0, 0, 0, 0, 0, 0, 0, 1, 0, 0, 0, 0, 0, 0, 0, 2, 0, 0, 0, 0, 0, 0, 0, 0, 0, 0, 0, 
85, 6, 2, 1, 0, 1, 0, 1, 0, 0, 0, 0, 1, 0, 1, 0, 0, 0, 0, 1, 1, 1, 0, 0, 0, 2, 3, 3, 4, 18, 2, 1, 2, 2, 5, 0, 2, 20, 0, 1, 2, 7, 8, 11, 5, 3, 7, 1, 4, 1, 1, 2, 2, 0, 3, 2, 3, 32, 0, 2, 0, 15, 5, 3, 3, 13, 3, 6, 2, 10, 8, 5, 4, 9, 0, 5, 4, 0, 0, 0, 0, 0, 0, 0, 0, 0, 0, 0, 0, 2, 0, 0, 0, 0, 0, 0, 0, 0, 0, 0, 0, 1, 0, 0, 0, 0, 0, 0, 0, 0, 0, 0, 0, 
86, 0, 1, 1, 0, 1, 0, 4, 2, 0, 0, 2, 0, 0, 0, 2, 1, 2, 0, 0, 0, 0, 1, 0, 0, 2, 0, 0, 0, 26, 2, 1, 2, 0, 0, 2, 1, 21, 1, 2, 0, 5, 4, 3, 6, 2, 3, 4, 6, 0, 0, 0, 1, 8, 1, 2, 4, 33, 1, 3, 0, 23, 5, 4, 3, 32, 5, 2, 5, 8, 4, 9, 9, 2, 2, 2, 0, 0, 0, 0, 0, 0, 0, 0, 0, 1, 0, 0, 0, 2, 0, 0, 0, 1, 0, 0, 0, 1, 0, 0, 0, 2, 0, 0, 0, 1, 0, 0, 0, 2, 0, 0, 0, 
87, 1, 0, 1, 1, 0, 0, 0, 0, 1, 2, 1, 1, 0, 0, 0, 1, 2, 0, 0, 1, 1, 0, 0, 1, 1, 0, 5, 2, 14, 0, 0, 1, 4, 3, 0, 0, 23, 0, 1, 2, 4, 6, 2, 3, 7, 7, 3, 4, 0, 3, 1, 2, 7, 2, 3, 3, 27, 3, 1, 1, 28, 4, 8, 4, 36, 4, 0, 2, 14, 12, 9, 5, 0, 1, 0, 0, 1, 0, 0, 0, 0, 0, 0, 0, 0, 0, 0, 0, 0, 0, 0, 0, 0, 0, 0, 0, 2, 0, 0, 0, 1, 0, 0, 0, 1, 0, 0, 0, 1, 0, 0, 0, 
88, 0, 0, 1, 1, 1, 0, 0, 0, 1, 0, 1, 0, 0, 0, 0, 0, 1, 0, 0, 1, 1, 2, 1, 0, 1, 2, 2, 0, 11, 2, 5, 2, 0, 1, 5, 0, 32, 3, 3, 1, 6, 4, 3, 0, 9, 1, 6, 6, 4, 1, 1, 1, 4, 3, 2, 4, 37, 2, 0, 0, 31, 1, 1, 3, 27, 5, 2, 4, 11, 12, 7, 3, 1, 3, 5, 2, 0, 0, 0, 0, 1, 0, 0, 0, 0, 0, 0, 0, 1, 0, 0, 0, 0, 0, 0, 0, 1, 0, 0, 0, 0, 0, 0, 0, 0, 0, 0, 0, 1, 0, 0, 0, 
89, 0, 1, 0, 0, 1, 4, 1, 1, 1, 1, 1, 0, 0, 0, 1, 1, 0, 0, 0, 0, 1, 1, 0, 1, 4, 3, 6, 5, 11, 0, 0, 2, 0, 0, 0, 0, 43, 1, 2, 1, 5, 3, 4, 6, 4, 7, 0, 3, 2, 2, 1, 1, 3, 0, 0, 1, 40, 8, 2, 0, 20, 4, 1, 2, 26, 4, 4, 2, 14, 6, 12, 13, 3, 2, 3, 1, 0, 0, 0, 0, 2, 0, 0, 0, 0, 0, 0, 0, 1, 0, 0, 0, 0, 0, 0, 0, 0, 0, 0, 0, 0, 0, 0, 0, 1, 0, 0, 0, 0, 0, 0, 0, 
90, 0, 0, 0, 0, 0, 1, 0, 0, 1, 0, 0, 0, 0, 1, 0, 0, 1, 0, 0, 0, 0, 1, 0, 0, 3, 5, 8, 5, 3, 0, 2, 0, 1, 2, 0, 1, 28, 1, 1, 1, 3, 5, 4, 5, 14, 6, 7, 6, 3, 1, 3, 4, 7, 7, 2, 2, 42, 0, 0, 0, 18, 4, 4, 1, 16, 6, 5, 2, 21, 12, 9, 4, 1, 4, 2, 1, 0, 0, 0, 0, 0, 0, 0, 0, 2, 0, 0, 0, 0, 0, 0, 0, 1, 0, 0, 0, 1, 0, 0, 0, 0, 0, 0, 0, 1, 0, 0, 0, 0, 0, 0, 0, 
91, 0, 0, 1, 0, 2, 2, 0, 1, 0, 0, 1, 0, 0, 0, 0, 1, 0, 0, 0, 0, 1, 1, 0, 1, 8, 1, 3, 4, 0, 0, 1, 1, 7, 0, 1, 2, 16, 2, 1, 3, 0, 2, 0, 0, 23, 4, 7, 7, 1, 1, 1, 2, 3, 2, 1, 3, 34, 1, 2, 2, 18, 4, 3, 2, 22, 8, 4, 2, 11, 6, 7, 5, 2, 1, 1, 2, 0, 0, 0, 0, 1, 0, 0, 0, 1, 0, 0, 0, 0, 0, 0, 0, 0, 0, 0, 0, 0, 0, 0, 0, 0, 0, 0, 0, 0, 0, 0, 0, 1, 0, 0, 0, 
92, 1, 2, 2, 1, 1, 1, 1, 1, 3, 2, 1, 1, 1, 0, 1, 0, 1, 0, 1, 0, 1, 2, 0, 0, 3, 3, 5, 5, 5, 2, 3, 4, 6, 3, 0, 0, 34, 5, 4, 3, 1, 1, 1, 1, 18, 7, 4, 2, 4, 2, 0, 0, 8, 1, 2, 2, 28, 1, 2, 0, 13, 2, 0, 1, 33, 5, 4, 0, 6, 4, 7, 4, 9, 1, 4, 2, 2, 0, 0, 0, 0, 0, 0, 0, 0, 0, 0, 0, 2, 0, 0, 0, 2, 0, 0, 0, 0, 0, 0, 0, 1, 0, 0, 0, 1, 0, 0, 0, 0, 0, 0, 0, 
93, 0, 4, 0, 1, 0, 0, 2, 0, 2, 0, 0, 0, 1, 1, 0, 0, 1, 1, 0, 0, 0, 0, 0, 0, 4, 5, 6, 5, 2, 0, 0, 1, 3, 5, 1, 2, 47, 1, 0, 1, 3, 4, 1, 5, 18, 13, 5, 5, 2, 3, 0, 2, 0, 2, 0, 0, 37, 1, 1, 2, 3, 1, 0, 3, 16, 6, 1, 3, 8, 3, 4, 7, 14, 3, 1, 0, 0, 0, 0, 0, 0, 0, 0, 0, 1, 0, 0, 0, 0, 0, 0, 0, 0, 0, 0, 0, 3, 0, 0, 0, 0, 0, 0, 0, 1, 0, 0, 0, 1, 0, 0, 0, 
94, 3, 4, 1, 1, 1, 0, 1, 0, 0, 0, 0, 0, 1, 0, 0, 0, 0, 3, 0, 0, 1, 0, 0, 1, 1, 3, 8, 4, 1, 2, 3, 2, 2, 2, 2, 1, 45, 2, 1, 0, 9, 0, 1, 1, 13, 7, 2, 5, 5, 3, 1, 2, 4, 4, 4, 3, 40, 1, 2, 1, 0, 0, 0, 0, 9, 2, 4, 2, 8, 2, 4, 4, 22, 5, 1, 2, 0, 0, 0, 0, 1, 0, 0, 0, 1, 0, 0, 0, 0, 0, 0, 0, 0, 0, 0, 0, 0, 0, 0, 0, 1, 0, 0, 0, 1, 0, 0, 0, 0, 0, 0, 0, 
95, 1, 1, 2, 0, 3, 0, 0, 0, 0, 0, 0, 0, 0, 1, 0, 0, 3, 1, 1, 0, 1, 0, 0, 1, 7, 5, 3, 4, 7, 2, 0, 3, 0, 2, 0, 0, 39, 5, 1, 1, 2, 0, 0, 0, 10, 6, 4, 7, 0, 0, 2, 1, 3, 6, 0, 4, 42, 1, 1, 2, 0, 1, 0, 2, 21, 4, 2, 1, 3, 3, 0, 3, 21, 4, 0, 0, 2, 0, 0, 0, 2, 0, 0, 0, 4, 0, 0, 0, 1, 0, 0, 0, 0, 0, 0, 0, 1, 0, 0, 0, 0, 0, 0, 0, 0, 0, 0, 0, 0, 0, 0, 0, 
96, 0, 0, 0, 1, 2, 0, 1, 1, 0, 0, 0, 2, 1, 2, 0, 2, 0, 1, 0, 0, 0, 0, 0, 0, 5, 6, 4, 5, 7, 0, 0, 0, 4, 6, 0, 3, 43, 1, 1, 0, 0, 1, 1, 1, 5, 9, 6, 5, 0, 0, 0, 2, 3, 2, 1, 6, 52, 2, 0, 3, 2, 0, 0, 0, 3, 4, 3, 0, 2, 1, 2, 2, 26, 2, 1, 0, 2, 0, 0, 0, 2, 0, 0, 0, 1, 0, 0, 0, 0, 0, 0, 0, 0, 0, 0, 0, 1, 0, 0, 0, 1, 0, 0, 0, 0, 0, 0, 0, 0, 0, 0, 0, 
97, 1, 2, 1, 0, 0, 3, 1, 1, 0, 0, 0, 0, 0, 0, 0, 0, 1, 1, 0, 0, 2, 0, 4, 1, 7, 6, 7, 4, 0, 0, 0, 0, 4, 8, 9, 5, 34, 2, 0, 1, 6, 1, 2, 0, 5, 5, 2, 3, 2, 0, 0, 0, 2, 0, 0, 1, 48, 3, 1, 1, 0, 0, 2, 0, 0, 0, 0, 0, 2, 0, 1, 0, 30, 0, 2, 1, 0, 0, 0, 0, 1, 0, 0, 0, 0, 0, 0, 0, 0, 0, 0, 0, 2, 0, 0, 0, 0, 0, 0, 0, 0, 0, 0, 0, 1, 0, 0, 0, 3, 0, 0, 0, 
98, 0, 1, 2, 0, 1, 0, 1, 0, 0, 0, 1, 0, 0, 0, 0, 0, 0, 2, 1, 0, 1, 1, 1, 0, 22, 4, 3, 3, 4, 4, 2, 2, 16, 8, 2, 2, 20, 2, 0, 0, 7, 7, 0, 0, 8, 6, 2, 4, 3, 2, 2, 2, 2, 2, 1, 3, 36, 0, 2, 0, 2, 0, 5, 1, 0, 0, 1, 1, 1, 0, 1, 0, 25, 2, 1, 0, 1, 0, 0, 0, 0, 0, 0, 0, 2, 0, 0, 0, 2, 0, 0, 0, 1, 0, 0, 0, 1, 0, 0, 0, 0, 0, 0, 0, 0, 0, 0, 0, 1, 0, 0, 0, 
99, 1, 1, 2, 0, 1, 1, 0, 0, 1, 0, 1, 0, 0, 0, 0, 0, 0, 0, 0, 0, 0, 0, 0, 0, 23, 7, 2, 3, 6, 4, 1, 2, 14, 3, 5, 5, 14, 1, 0, 1, 11, 1, 1, 0, 8, 4, 4, 4, 3, 1, 1, 2, 10, 4, 7, 6, 25, 2, 1, 1, 3, 3, 0, 1, 1, 3, 0, 0, 2, 2, 3, 3, 19, 0, 1, 3, 4, 0, 0, 0, 2, 0, 0, 0, 1, 0, 0, 0, 3, 0, 0, 0, 2, 0, 0, 0, 0, 0, 0, 0, 0, 0, 0, 0, 1, 0, 0, 0, 3, 0, 0, 0, 