0, 0, 1, 0, 0, 2, 0, 1, 0, 0, 0, 0, 0, 1, 1, 1, 1, 0, 0, 0, 0, 0, 0, 0, 0, 4, 2, 3, 1, 4, 1, 1, 0, 1, 0, 2, 2, 0, 0, 0, 1, 1, 2, 2, 1, 11, 6, 3, 0, 3, 5, 3, 3, 5, 6, 3, 1, 0, 0, 1, 2, 0, 0, 0, 0, 0, 0, 1, 0, 0, 1, 0, 0, 0, 0, 0, 0, 1, 0, 0, 0, 0, 0, 0, 0, 2, 0, 0, 0, 1, 0, 0, 0, 2, 0, 0, 0, 0, 0, 0, 0, 0, 0, 0, 0, 1, 0, 0, 0, 0, 0, 0, 0, 
1, 0, 0, 1, 0, 0, 1, 1, 0, 0, 0, 0, 1, 0, 1, 0, 0, 0, 0, 0, 0, 1, 0, 0, 0, 9, 0, 5, 0, 1, 1, 0, 1, 0, 0, 0, 0, 0, 0, 1, 0, 1, 3, 2, 1, 0, 0, 2, 1, 2, 3, 4, 0, 14, 0, 0, 0, 4, 2, 4, 0, 9, 3, 1, 2, 0, 2, 4, 1, 6, 4, 0, 0, 1, 1, 3, 4, 2, 0, 0, 0, 4, 0, 0, 0, 0, 0, 0, 0, 0, 0, 0, 0, 0, 0, 0, 0, 2, 0, 0, 0, 0, 0, 0, 0, 2, 0, 0, 0, 0, 0, 0, 0, 
2, 0, 0, 0, 0, 0, 0, 0, 1, 0, 0, 1, 0, 0, 0, 0, 0, 0, 0, 1, 1, 0, 1, 2, 0, 2, 1, 2, 0, 0, 0, 0, 0, 1, 0, 0, 1, 1, 3, 0, 0, 1, 1, 0, 0, 4, 0, 2, 2, 6, 1, 6, 1, 16, 1, 2, 1, 11, 2, 1, 2, 9, 7, 0, 1, 0, 0, 0, 1, 3, 3, 3, 2, 13, 9, 2, 1, 0, 0, 0, 0, 2, 0, 0, 0, 0, 0, 0, 0, 2, 0, 0, 0, 1, 0, 0, 0, 0, 0, 0, 0, 0, 0, 0, 0, 2, 0, 0, 0, 1, 0, 0, 0, 
3, 0, 0, 0, 0, 0, 0, 0, 1, 0, 0, 0, 0, 0, 0, 1, 0, 1, 0, 0, 1, 0, 0, 0, 0, 3, 1, 4, 1, 15, 0, 2, 1, 5, 6, 0, 0, 0, 0, 1, 0, 1, 3, 5, 2, 0, 2, 2, 2, 21, 8, 1, 1, 4, 1, 2, 1, 14, 3, 1, 5, 2, 3, 2, 0, 0, 0, 2, 1, 4, 5, 5, 2, 33, 4, 1, 3, 2, 0, 0, 0, 0, 0, 0, 0, 3, 0, 0, 0, 1, 0, 0, 0, 0, 0, 0, 0, 0, 0, 0, 0, 0, 0, 0, 0, 1, 0, 0, 0, 0, 0, 0, 0, 
4, 1, 0, 0, 0, 0, 0, 0, 0, 1, 2, 1, 0, 1, 1, 2, 0, 0, 2, 1, 0, 1, 0, 1, 0, 2, 1, 3, 0, 13, 4, 3, 2, 15, 1, 0, 1, 4, 3, 2, 1, 3, 4, 3, 2, 1, 1, 1, 2, 18, 1, 0, 0, 9, 2, 0, 1, 11, 4, 3, 1, 2, 3, 0, 2, 1, 0, 2, 1, 6, 7, 6, 3, 32, 0, 2, 3, 2, 0, 0, 0, 0, 0, 0, 0, 1, 0, 0, 0, 0, 0, 0, 0, 1, 0, 0, 0, 0, 0, 0, 0, 1, 0, 0, 0, 0, 0, 0, 0, 2, 0, 0, 0, 
5, 0, 0, 0, 0, 0, 1, 0, 0, 1, 0, 1, 0, 1, 1, 0, 0, 0, 1, 0, 0, 0, 1, 1, 0, 5, 6, 6, 4, 5, 1, 2, 4, 15, 2, 2, 1, 3, 3, 3, 0, 9, 13, 2, 5, 0, 1, 0, 1, 5, 2, 3, 1, 0, 0, 0, 0, 22, 3, 2, 4, 4, 2, 1, 1, 2, 1, 3, 0, 2, 1, 5, 6, 32, 8, 5, 0, 2, 0, 0, 0, 0, 0, 0, 0, 1, 0, 0, 0, 0, 0, 0, 0, 0, 0, 0, 0, 0, 0, 0, 0, 0, 0, 0, 0, 1, 0, 0, 0, 0, 0, 0, 0, 
6, 0, 1, 0, 0, 0, 0, 0, 0, 0, 0, 0, 1, 2, 2, 0, 0, 0, 0, 1, 1, 0, 0, 0, 0, 6, 8, 7, 1, 7, 6, 2, 3, 4, 1, 3, 1, 0, 2, 1, 0, 14, 6, 8, 5, 3, 7, 1, 1, 0, 4, 1, 3, 3, 2, 1, 3, 25, 5, 7, 1, 2, 4, 3, 1, 1, 0, 2, 1, 13, 9, 4, 3, 32, 5, 0, 3, 1, 0, 0, 0, 0, 0, 0, 0, 2, 0, 0, 0, 0, 0, 0, 0, 0, 0, 0, 0, 0, 0, 0, 0, 0, 0, 0, 0, 0, 0, 0, 0, 0, 0, 0, 0, 
7, 0, 0, 0, 0, 0, 0, 0, 0, 0, 2, 0, 0, 0, 0, 1, 0, 0, 1, 0, 0, 1, 2, 1, 0, 5, 5, 5, 3, 8, 7, 8, 3, 1, 0, 0, 0, 8, 1, 2, 0, 19, 9, 5, 10, 1, 1, 3, 0, 2, 1, 0, 1, 0, 1, 0, 0, 18, 7, 3, 5, 9, 4, 9, 3, 1, 0, 1, 2, 3, 5, 2, 5, 45, 5, 3, 1, 2, 0, 0, 0, 1, 0, 0, 0, 0, 0, 0, 0, 0, 0, 0, 0, 1, 0, 0, 0, 4, 0, 0, 0, 0, 0, 0, 0, 0, 0, 0, 0, 0, 0, 0, 0, 
8, 0, 0, 1, 0, 1, 0, 1, 1, 0, 0, 0, 1, 0, 3, 0, 2, 1, 1, 0, 0, 0, 1, 0, 0, 5, 6, 6, 7, 21, 3, 8, 5, 0, 0, 0, 0, 17, 0, 0, 0, 24, 6, 4, 3, 1, 1, 1, 1, 5, 2, 3, 3, 4, 4, 1, 1, 26, 2, 0, 1, 5, 5, 8, 9, 0, 4, 3, 1, 1, 5, 2, 1, 44, 4, 3, 0, 0, 0, 0, 0, 0, 0, 0, 0, 2, 0, 0, 0, 3, 0, 0, 0, 0, 0, 0, 0, 0, 0, 0, 0, 1, 0, 0, 0, 1, 0, 0, 0, 1, 0, 0, 0, 
9, 0, 1, 1, 0, 0, 1, 0, 0, 1, 0, 0, 0, 0, 0, 1, 0, 0, 0, 1, 0, 0, 0, 1, 0, 21, 5, 7, 6, 27, 8, 3, 4, 5, 3, 3, 2, 21, 1, 0, 0, 23, 9, 8, 2, 7, 3, 0, 0, 0, 1, 0, 0, 1, 3, 3, 1, 22, 6, 5, 4, 11, 12, 5, 10, 1, 0, 2, 1, 4, 1, 2, 2, 52, 4, 5, 4, 1, 0, 0, 0, 4, 0, 0, 0, 2, 0, 0, 0, 0, 0, 0, 0, 0, 0, 0, 0, 0, 0, 0, 0, 0, 0, 0, 0, 1, 0, 0, 0, 1, 0, 0, 0, 
10, 0, 0, 0, 0, 1, 1, 2, 0, 0, 0, 0, 0, 1, 0, 2, 0, 0, 0, 2, 0, 0, 0, 0, 1, 24, 5, 5, 6, 22, 6, 3, 7, 7, 8, 2, 7, 12, 2, 0, 1, 8, 11, 6, 7, 4, 1, 1, 1, 0, 0, 0, 0, 1, 4, 1, 2, 29, 2, 2, 1, 16, 23, 15, 11, 1, 2, 0, 0, 7, 2, 2, 3, 59, 5, 1, 3, 0, 0, 0, 0, 1, 0, 0, 0, 2, 0, 0, 0, 1, 0, 0, 0, 1, 0, 0, 0, 1, 0, 0, 0, 0, 0, 0, 0, 2, 0, 0, 0, 2, 0, 0, 0, 
11, 2, 0, 0, 0, 0, 0, 2, 1, 0, 0, 1, 0, 1, 0, 2, 0, 0, 0, 1, 0, 0, 0, 0, 0, 25, 11, 6, 7, 44, 4, 9, 4, 8, 5, 13, 3, 11, 1, 0, 1, 11, 11, 8, 8, 1, 2, 2, 4, 1, 1, 1, 1, 2, 1, 0, 1, 33, 1, 2, 2, 16, 17, 13, 16, 1, 0, 0, 0, 4, 1, 2, 2, 59, 2, 0, 1, 1, 0, 0, 0, 0, 0, 0, 0, 0, 0, 0, 0, 0, 0, 0, 0, 1, 0, 0, 0, 1, 0, 0, 0, 1, 0, 0, 0, 0, 0, 0, 0, 0, 0, 0, 0, 
12, 3, 0, 0, 1, 0, 0, 0, 0, 0, 0, 0, 0, 0, 0, 0, 0, 0, 1, 0, 1, 0, 1, 0, 0, 29, 8, 6, 2, 46, 9, 4, 2, 5, 5, 6, 8, 19, 0, 0, 2, 15, 6, 7, 7, 3, 3, 2, 3, 0, 0, 0, 0, 3, 1, 1, 1, 25, 6, 7, 2, 18, 12, 13, 12, 0, 0, 2, 3, 20, 4, 1, 5, 46, 1, 0, 2, 1, 0, 0, 0, 1, 0, 0, 0, 0, 0, 0, 0, 2, 0, 0, 0, 2, 0, 0, 0, 0, 0, 0, 0, 0, 0, 0, 0, 0, 0, 0, 0, 0, 0, 0, 0, 
13, 1, 0, 0, 0, 1, 1, 1, 1, 0, 1, 0, 1, 0, 0, 0, 0, 0, 1, 0, 0, 1, 0, 1, 6, 24, 9, 4, 9, 63, 8, 5, 6, 1, 2, 1, 2, 13, 5, 1, 0, 26, 1, 6, 4, 0, 8, 2, 0, 9, 1, 3, 1, 7, 1, 5, 3, 23, 3, 5, 4, 14, 11, 13, 9, 2, 0, 1, 0, 6, 4, 3, 5, 44, 2, 1, 1, 1, 0, 0, 0, 1, 0, 0, 0, 2, 0, 0, 0, 1, 0, 0, 0, 0, 0, 0, 0, 1, 0, 0, 0, 0, 0, 0, 0, 1, 0, 0, 0, 0, 0, 0, 0, 
14, 0, 0, 0, 0, 1, 0, 0, 3, 0, 0, 0, 0, 0, 1, 0, 0, 1, 0, 0, 1, 0, 0, 0, 2, 22, 12, 7, 5, 69, 5, 3, 4, 2, 2, 1, 1, 33, 3, 0, 1, 18, 5, 7, 4, 2, 1, 2, 2, 1, 0, 1, 0, 2, 4, 2, 2, 26, 2, 1, 4, 10, 11, 9, 9, 1, 0, 1, 0, 12, 9, 3, 2, 56, 6, 3, 0, 2, 0, 0, 0, 0, 0, 0, 0, 0, 0, 0, 0, 0, 0, 0, 0, 0, 0, 0, 0, 1, 0, 0, 0, 1, 0, 0, 0, 0, 0, 0, 0, 0, 0, 0, 0, 
15, 0, 1, 0, 0, 2, 1, 1, 0, 1, 2, 1, 0, 0, 0, 1, 0, 4, 2, 0, 0, 1, 0, 1, 0, 9, 8, 11, 4, 65, 3, 2, 2, 6, 1, 2, 4, 29, 2, 0, 1, 10, 4, 9, 8, 1, 0, 1, 1, 1, 0, 0, 1, 15, 4, 2, 2, 17, 6, 4, 4, 9, 15, 13, 11, 0, 0, 0, 0, 8, 4, 10, 7, 65, 2, 2, 3, 0, 0, 0, 0, 1, 0, 0, 0, 0, 0, 0, 0, 1, 0, 0, 0, 1, 0, 0, 0, 0, 0, 0, 0, 0, 0, 0, 0, 1, 0, 0, 0, 2, 0, 0, 0, 
16, 2, 0, 1, 0, 0, 0, 1, 0, 1, 0, 1, 0, 1, 0, 1, 0, 1, 1, 0, 1, 0, 0, 0, 1, 37, 10, 10, 4, 53, 7, 5, 7, 11, 6, 3, 1, 30, 2, 0, 1, 10, 7, 7, 7, 2, 1, 2, 2, 2, 1, 2, 0, 16, 6, 0, 4, 20, 5, 0, 0, 10, 9, 16, 10, 2, 1, 1, 0, 7, 5, 8, 7, 59, 1, 0, 0, 0, 0, 0, 0, 4, 0, 0, 0, 0, 0, 0, 0, 0, 0, 0, 0, 0, 0, 0, 0, 1, 0, 0, 0, 0, 0, 0, 0, 1, 0, 0, 0, 1, 0, 0, 0, 
17, 2, 0, 0, 1, 0, 1, 0, 0, 0, 0, 0, 0, 0, 1, 0, 0, 2, 2, 2, 2, 4, 0, 2, 0, 50, 6, 5, 2, 56, 1, 5, 3, 6, 1, 0, 1, 9, 1, 0, 1, 11, 8, 12, 12, 0, 0, 0, 1, 1, 0, 0, 1, 14, 1, 3, 2, 20, 2, 2, 3, 9, 12, 17, 9, 10, 1, 0, 0, 9, 7, 8, 8, 41, 1, 3, 0, 0, 0, 0, 0, 2, 0, 0, 0, 1, 0, 0, 0, 0, 0, 0, 0, 1, 0, 0, 0, 1, 0, 0, 0, 1, 0, 0, 0, 2, 0, 0, 0, 0, 0, 0, 0, 
18, 0, 0, 0, 0, 1, 1, 0, 0, 2, 0, 0, 0, 0, 0, 3, 1, 1, 0, 0, 0, 0, 2, 0, 0, 37, 6, 1, 4, 62, 9, 7, 2, 2, 2, 0, 0, 1, 1, 0, 1, 13, 10, 8, 5, 2, 4, 2, 2, 0, 1, 0, 0, 6, 8, 4, 4, 17, 7, 4, 3, 10, 11, 16, 9, 14, 1, 3, 0, 5, 9, 15, 9, 41, 4, 4, 0, 0, 0, 0, 0, 1, 0, 0, 0, 1, 0, 0, 0, 0, 0, 0, 0, 0, 0, 0, 0, 0, 0, 0, 0, 1, 0, 0, 0, 1, 0, 0, 0, 0, 0, 0, 0, 
19, 0, 1, 0, 0, 0, 0, 1, 1, 0, 0, 0, 1, 0, 0, 0, 0, 2, 0, 2, 3, 0, 0, 1, 1, 36, 5, 6, 7, 72, 5, 4, 6, 5, 3, 0, 1, 0, 0, 0, 0, 12, 14, 8, 7, 2, 2, 1, 1, 9, 3, 0, 0, 18, 3, 5, 4, 13, 4, 4, 1, 12, 14, 6, 12, 3, 2, 0, 1, 10, 8, 8, 7, 40, 1, 0, 1, 2, 0, 0, 0, 0, 0, 0, 0, 0, 0, 0, 0, 0, 0, 0, 0, 2, 0, 0, 0, 0, 0, 0, 0, 0, 0, 0, 0, 0, 0, 0, 0, 0, 0, 0, 0, 
20, 1, 1, 0, 0, 2, 0, 0, 0, 0, 0, 0, 0, 0, 1, 0, 0, 3, 0, 1, 0, 0, 1, 2, 0, 33, 6, 10, 7, 71, 3, 4, 4, 0, 0, 1, 0, 0, 0, 0, 0, 12, 10, 8, 5, 0, 1, 0, 0, 1, 1, 1, 2, 19, 5, 4, 4, 6, 1, 9, 3, 15, 15, 10, 7, 3, 0, 1, 0, 12, 9, 14, 3, 38, 2, 2, 2, 1, 0, 0, 0, 0, 0, 0, 0, 0, 0, 0, 0, 2, 0, 0, 0, 0, 0, 0, 0, 1, 0, 0, 0, 1, 0, 0, 0, 1, 0, 0, 0, 2, 0, 0, 0, 
21, 0, 0, 0, 0, 0, 0, 0, 0, 0, 0, 0, 2, 0, 0, 0, 0, 0, 3, 0, 0, 0, 0, 0, 0, 39, 10, 6, 5, 65, 3, 10, 4, 2, 1, 1, 1, 7, 1, 0, 0, 7, 12, 11, 8, 2, 3, 2, 4, 1, 1, 2, 3, 17, 5, 8, 1, 10, 7, 2, 3, 17, 16, 13, 7, 1, 3, 6, 1, 19, 12, 8, 15, 37, 4, 3, 3, 2, 0, 0, 0, 0, 0, 0, 0, 1, 0, 0, 0, 1, 0, 0, 0, 0, 0, 0, 0, 1, 0, 0, 0, 1, 0, 0, 0, 1, 0, 0, 0, 0, 0, 0, 0, 
22, 0, 0, 0, 1, 3, 1, 1, 1, 0, 0, 0, 0, 0, 0, 0, 0, 0, 1, 0, 0, 0, 0, 0, 0, 39, 7, 1, 8, 80, 7, 6, 3, 7, 4, 6, 3, 11, 9, 0, 2, 16, 11, 8, 6, 1, 2, 4, 4, 3, 2, 1, 0, 38, 7, 6, 2, 13, 5, 2, 1, 38, 18, 6, 10, 1, 5, 2, 2, 27, 13, 12, 7, 21, 0, 1, 1, 0, 0, 0, 0, 0, 0, 0, 0, 3, 0, 0, 0, 0, 0, 0, 0, 0, 0, 0, 0, 0, 0, 0, 0, 1, 0, 0, 0, 1, 0, 0, 0, 4, 0, 0, 0, 
23, 1, 0, 1, 0, 1, 0, 2, 3, 1, 0, 0, 0, 0, 0, 0, 0, 5, 1, 1, 0, 0, 0, 0, 0, 28, 9, 5, 3, 70, 7, 4, 2, 4, 5, 6, 4, 26, 1, 1, 0, 14, 8, 5, 10, 21, 4, 1, 0, 4, 5, 0, 1, 34, 3, 6, 2, 15, 5, 4, 3, 33, 17, 10, 7, 1, 2, 1, 1, 22, 15, 9, 11, 12, 2, 2, 2, 0, 0, 0, 0, 0, 0, 0, 0, 0, 0, 0, 0, 0, 0, 0, 0, 0, 0, 0, 0, 0, 0, 0, 0, 1, 0, 0, 0, 1, 0, 0, 0, 1, 0, 0, 0, 
24, 0, 0, 0, 1, 1, 0, 0, 0, 1, 0, 2, 0, 0, 1, 1, 1, 0, 0, 0, 0, 0, 0, 0, 0, 16, 6, 2, 4, 67, 2, 8, 1, 0, 1, 1, 0, 36, 9, 3, 0, 13, 11, 8, 8, 15, 2, 1, 2, 0, 0, 0, 1, 47, 10, 2, 2, 24, 3, 4, 4, 31, 14, 12, 9, 0, 1, 1, 0, 23, 8, 12, 13, 10, 3, 1, 3, 0, 0, 0, 0, 2, 0, 0, 0, 1, 0, 0, 0, 0, 0, 0, 0, 1, 0, 0, 0, 2, 0, 0, 0, 0, 0, 0, 0, 2, 0, 0, 0, 0, 0, 0, 0, 
25, 1, 1, 0, 0, 0, 0, 0, 0, 0, 0, 0, 0, 2, 0, 0, 0, 0, 1, 0, 0, 0, 1, 0, 0, 17, 11, 4, 5, 67, 3, 3, 5, 1, 1, 1, 1, 46, 2, 0, 0, 10, 9, 7, 7, 27, 2, 0, 3, 18, 0, 1, 1, 52, 4, 5, 3, 23, 5, 5, 1, 33, 13, 10, 7, 1, 1, 1, 1, 17, 5, 10, 13, 4, 2, 4, 2, 0, 0, 0, 0, 0, 0, 0, 0, 0, 0, 0, 0, 0, 0, 0, 0, 0, 0, 0, 0, 2, 0, 0, 0, 0, 0, 0, 0, 1, 0, 0, 0, 1, 0, 0, 0, 
26, 0, 0, 1, 0, 0, 0, 0, 2, 0, 0, 0, 0, 1, 0, 0, 1, 0, 0, 0, 0, 0, 0, 1, 2, 29, 12, 4, 6, 64, 7, 3, 5, 1, 0, 1, 0, 39, 1, 2, 0, 8, 13, 12, 5, 26, 5, 3, 0, 16, 3, 0, 0, 60, 10, 4, 0, 20, 5, 5, 1, 37, 12, 11, 9, 0, 0, 0, 1, 15, 10, 13, 7, 0, 0, 0, 0, 2, 0, 0, 0, 0, 0, 0, 0, 0, 0, 0, 0, 2, 0, 0, 0, 0, 0, 0, 0, 0, 0, 0, 0, 1, 0, 0, 0, 0, 0, 0, 0, 3, 0, 0, 0, 
27, 0, 0, 0, 0, 1, 1, 1, 0, 0, 0, 0, 0, 0, 0, 1, 0, 0, 0, 0, 1, 0, 0, 0, 0, 26, 4, 6, 7, 57, 4, 3, 10, 2, 1, 1, 2, 53, 3, 5, 0, 9, 12, 10, 7, 41, 1, 2, 1, 7, 2, 3, 1, 61, 5, 1, 2, 18, 4, 3, 2, 36, 12, 9, 9, 0, 2, 0, 0, 13, 13, 7, 9, 1, 2, 4, 0, 1, 0, 0, 0, 1, 0, 0, 0, 2, 0, 0, 0, 2, 0, 0, 0, 2, 0, 0, 0, 1, 0, 0, 0, 0, 0, 0, 0, 1, 0, 0, 0, 2, 0, 0, 0, 
28, 1, 0, 0, 0, 3, 4, 0, 0, 0, 1, 1, 0, 1, 2, 1, 0, 0, 1, 0, 0, 1, 1, 0, 0, 22, 2, 5, 4, 67, 1, 8, 3, 1, 1, 1, 1, 65, 0, 2, 0, 15, 15, 8, 6, 40, 3, 1, 1, 6, 5, 0, 0, 54, 3, 0, 1, 24, 5, 2, 0, 51, 20, 10, 11, 1, 0, 0, 0, 10, 7, 5, 11, 0, 0, 0, 0, 0, 0, 0, 0, 1, 0, 0, 0, 0, 0, 0, 0, 1, 0, 0, 0, 0, 0, 0, 0, 0, 0, 0, 0, 0, 0, 0, 0, 1, 0, 0, 0, 2, 0, 0, 0, 
29, 1, 1, 0, 1, 0, 0, 0, 0, 0, 1, 0, 1, 0, 1, 0, 0, 1, 0, 0, 0, 0, 0, 0, 0, 4, 2, 5, 6, 61, 2, 1, 5, 4, 2, 10, 3, 66, 0, 0, 0, 20, 7, 13, 7, 37, 2, 3, 0, 9, 2, 2, 0, 40, 1, 3, 6, 29, 3, 4, 1, 59, 10, 8, 8, 1, 1, 0, 0, 7, 9, 6, 4, 2, 0, 1, 0, 1, 0, 0, 0, 0, 0, 0, 0, 2, 0, 0, 0, 1, 0, 0, 0, 1, 0, 0, 0, 2, 0, 0, 0, 1, 0, 0, 0, 0, 0, 0, 0, 0, 0, 0, 0, 
30, 1, 3, 3, 0, 1, 0, 0, 1, 0, 0, 1, 1, 1, 1, 0, 1, 0, 0, 0, 0, 1, 0, 1, 1, 6, 1, 2, 3, 64, 7, 4, 3, 3, 0, 3, 2, 57, 0, 1, 0, 20, 7, 6, 6, 12, 3, 3, 1, 10, 1, 0, 2, 35, 5, 4, 2, 21, 6, 6, 3, 57, 13, 15, 11, 3, 4, 2, 1, 9, 6, 4, 4, 0, 1, 0, 0, 0, 0, 0, 0, 3, 0, 0, 0, 0, 0, 0, 0, 1, 0, 0, 0, 1, 0, 0, 0, 0, 0, 0, 0, 0, 0, 0, 0, 4, 0, 0, 0, 1, 0, 0, 0, 
31, 0, 0, 0, 0, 0, 1, 0, 1, 0, 0, 0, 1, 0, 1, 0, 1, 0, 0, 0, 0, 0, 0, 0, 0, 3, 1, 2, 2, 59, 5, 6, 4, 2, 1, 6, 0, 39, 0, 1, 1, 9, 10, 14, 10, 21, 8, 1, 5, 16, 2, 0, 1, 24, 3, 4, 4, 34, 0, 5, 0, 59, 7, 12, 12, 0, 4, 2, 0, 2, 1, 4, 3, 2, 1, 0, 0, 1, 0, 0, 0, 1, 0, 0, 0, 0, 0, 0, 0, 2, 0, 0, 0, 0, 0, 0, 0, 0, 0, 0, 0, 1, 0, 0, 0, 0, 0, 0, 0, 1, 0, 0, 0, 
32, 1, 0, 0, 0, 1, 2, 0, 0, 2, 0, 1, 0, 1, 2, 1, 0, 0, 0, 0, 0, 0, 0, 0, 0, 1, 4, 3, 1, 61, 6, 5, 7, 3, 3, 3, 3, 30, 4, 2, 0, 12, 12, 10, 10, 30, 3, 2, 1, 7, 0, 1, 0, 11, 5, 1, 3, 42, 1, 3, 2, 51, 7, 9, 6, 7, 2, 3, 3, 1, 5, 4, 3, 11, 1, 1, 3, 1, 0, 0, 0, 0, 0, 0, 0, 1, 0, 0, 0, 0, 0, 0, 0, 1, 0, 0, 0, 1, 0, 0, 0, 1, 0, 0, 0, 0, 0, 0, 0, 1, 0, 0, 0, 
33, 1, 0, 0, 1, 1, 0, 3, 3, 0, 0, 0, 0, 0, 1, 0, 0, 0, 0, 0, 0, 0, 0, 0, 0, 8, 5, 6, 3, 57, 5, 4, 5, 3, 1, 0, 2, 39, 0, 2, 0, 20, 9, 9, 9, 19, 1, 4, 1, 28, 0, 1, 1, 4, 4, 1, 6, 51, 7, 2, 2, 21, 19, 11, 16, 8, 4, 1, 2, 4, 1, 0, 1, 7, 2, 0, 2, 3, 0, 0, 0, 1, 0, 0, 0, 1, 0, 0, 0, 0, 0, 0, 0, 0, 0, 0, 0, 1, 0, 0, 0, 1, 0, 0, 0, 0, 0, 0, 0, 1, 0, 0, 0, 
34, 0, 0, 0, 0, 1, 0, 1, 0, 0, 1, 2, 2, 1, 1, 0, 0, 0, 0, 0, 0, 0, 1, 0, 0, 9, 6, 6, 8, 52, 3, 9, 8, 0, 0, 0, 1, 32, 0, 0, 2, 17, 15, 17, 6, 12, 0, 2, 1, 28, 0, 1, 0, 8, 4, 12, 7, 57, 4, 1, 6, 33, 9, 10, 13, 1, 0, 2, 1, 6, 4, 4, 1, 7, 1, 5, 2, 0, 0, 0, 0, 0, 0, 0, 0, 0, 0, 0, 0, 1, 0, 0, 0, 0, 0, 0, 0, 0, 0, 0, 0, 0, 0, 0, 0, 1, 0, 0, 0, 1, 0, 0, 0, 
35, 0, 1, 0, 0, 1, 2, 1, 1, 1, 2, 0, 1, 1, 1, 0, 0, 0, 0, 0, 1, 0, 1, 2, 0, 6, 5, 10, 6, 58, 4, 2, 2, 3, 1, 1, 0, 41, 1, 2, 0, 24, 13, 12, 9, 24, 2, 2, 1, 26, 1, 0, 1, 6, 3, 1, 4, 57, 6, 4, 3, 36, 8, 12, 6, 8, 3, 4, 3, 15, 5, 2, 1, 1, 8, 1, 2, 0, 0, 0, 0, 0, 0, 0, 0, 1, 0, 0, 0, 1, 0, 0, 0, 1, 0, 0, 0, 1, 0, 0, 0, 0, 0, 0, 0, 2, 0, 0, 0, 1, 0, 0, 0, 
36, 0, 0, 0, 0, 1, 1, 0, 1, 1, 0, 1, 0, 0, 0, 1, 0, 0, 0, 0, 0, 0, 0, 0, 0, 4, 3, 4, 4, 69, 9, 6, 5, 2, 1, 4, 0, 27, 0, 1, 0, 27, 6, 7, 6, 28, 0, 1, 0, 28, 0, 2, 1, 1, 5, 1, 6, 55, 4, 3, 0, 31, 7, 11, 9, 1, 4, 0, 1, 12, 4, 1, 1, 13, 6, 4, 5, 0, 0, 0, 0, 0, 0, 0, 0, 1, 0, 0, 0, 1, 0, 0, 0, 1, 0, 0, 0, 1, 0, 0, 0, 4, 0, 0, 0, 0, 0, 0, 0, 1, 0, 0, 0, 
37, 4, 0, 0, 0, 0, 0, 0, 1, 1, 3, 1, 2, 0, 0, 0, 0, 0, 0, 0, 0, 0, 0, 2, 1, 0, 1, 3, 2, 68, 8, 6, 2, 6, 4, 0, 0, 20, 0, 0, 0, 22, 8, 12, 9, 38, 1, 1, 1, 37, 1, 0, 2, 1, 0, 4, 3, 46, 4, 3, 3, 31, 9, 9, 11, 11, 3, 1, 0, 11, 3, 3, 3, 3, 6, 5, 7, 0, 0, 0, 0, 0, 0, 0, 0, 0, 0, 0, 0, 1, 0, 0, 0, 1, 0, 0, 0, 0, 0, 0, 0, 2, 0, 0, 0, 1, 0, 0, 0, 0, 0, 0, 0, 
38, 1, 2, 2, 0, 0, 1, 0, 0, 0, 1, 0, 0, 0, 0, 1, 0, 2, 0, 0, 0, 1, 0, 0, 0, 2, 5, 2, 2, 78, 6, 6, 5, 11, 1, 2, 2, 28, 7, 0, 1, 30, 15, 12, 11, 32, 2, 0, 1, 54, 0, 1, 1, 1, 1, 1, 2, 43, 3, 5, 2, 27, 21, 7, 15, 12, 3, 1, 0, 12, 1, 0, 0, 0, 4, 2, 0, 0, 0, 0, 0, 1, 0, 0, 0, 0, 0, 0, 0, 0, 0, 0, 0, 0, 0, 0, 0, 0, 0, 0, 0, 0, 0, 0, 0, 0, 0, 0, 0, 1, 0, 0, 0, 
39, 0, 1, 1, 0, 1, 1, 0, 0, 1, 2, 1, 0, 0, 1, 0, 0, 0, 0, 0, 0, 0, 0, 0, 1, 2, 4, 4, 1, 86, 5, 3, 4, 3, 4, 2, 1, 37, 2, 1, 0, 43, 12, 8, 11, 24, 2, 1, 1, 48, 0, 2, 1, 2, 2, 1, 2, 44, 3, 1, 1, 29, 14, 8, 8, 1, 0, 0, 0, 3, 3, 1, 0, 3, 1, 1, 0, 0, 0, 0, 0, 0, 0, 0, 0, 0, 0, 0, 0, 1, 0, 0, 0, 1, 0, 0, 0, 1, 0, 0, 0, 1, 0, 0, 0, 1, 0, 0, 0, 1, 0, 0, 0, 
40, 0, 0, 0, 0, 0, 0, 0, 1, 2, 2, 2, 2, 0, 2, 0, 1, 0, 0, 0, 1, 1, 0, 2, 0, 2, 5, 4, 2, 73, 4, 3, 3, 0, 0, 0, 1, 32, 2, 0, 0, 39, 11, 14, 4, 32, 1, 0, 2, 53, 3, 2, 0, 3, 3, 5, 2, 31, 4, 1, 3, 21, 6, 17, 6, 1, 0, 1, 0, 12, 4, 1, 2, 7, 3, 7, 3, 2, 0, 0, 0, 1, 0, 0, 0, 1, 0, 0, 0, 0, 0, 0, 0, 2, 0, 0, 0, 0, 0, 0, 0, 1, 0, 0, 0, 2, 0, 0, 0, 0, 0, 0, 0, 
41, 1, 0, 0, 1, 2, 0, 3, 0, 0, 0, 0, 0, 0, 0, 0, 0, 0, 0, 0, 0, 2, 1, 1, 1, 5, 6, 4, 5, 64, 7, 4, 3, 1, 1, 1, 0, 35, 1, 1, 0, 40, 12, 13, 11, 27, 2, 3, 0, 49, 1, 0, 0, 5, 3, 1, 2, 40, 5, 5, 3, 11, 11, 21, 13, 0, 2, 1, 0, 15, 1, 1, 2, 2, 1, 3, 3, 1, 0, 0, 0, 1, 0, 0, 0, 0, 0, 0, 0, 0, 0, 0, 0, 1, 0, 0, 0, 0, 0, 0, 0, 0, 0, 0, 0, 1, 0, 0, 0, 0, 0, 0, 0, 
42, 1, 0, 0, 1, 0, 0, 1, 1, 2, 0, 2, 0, 2, 2, 0, 0, 0, 0, 1, 0, 0, 0, 0, 0, 7, 3, 4, 5, 69, 3, 9, 4, 1, 3, 2, 2, 33, 1, 0, 3, 45, 18, 11, 11, 31, 0, 3, 2, 51, 4, 0, 1, 4, 1, 4, 2, 52, 6, 4, 3, 15, 16, 21, 11, 1, 1, 0, 1, 7, 1, 2, 0, 2, 0, 2, 3, 0, 0, 0, 0, 3, 0, 0, 0, 1, 0, 0, 0, 0, 0, 0, 0, 0, 0, 0, 0, 0, 0, 0, 0, 0, 0, 0, 0, 0, 0, 0, 0, 1, 0, 0, 0, 
43, 1, 0, 0, 0, 0, 0, 2, 4, 3, 0, 1, 0, 0, 0, 1, 0, 2, 0, 1, 0, 0, 0, 0, 0, 7, 4, 2, 4, 85, 5, 6, 3, 11, 6, 2, 7, 35, 0, 1, 1, 51, 11, 10, 12, 23, 2, 1, 0, 48, 2, 0, 0, 0, 1, 1, 0, 52, 4, 4, 4, 16, 19, 13, 14, 1, 0, 0, 0, 3, 4, 4, 3, 4, 4, 7, 1, 1, 0, 0, 0, 0, 0, 0, 0, 3, 0, 0, 0, 0, 0, 0, 0, 2, 0, 0, 0, 1, 0, 0, 0, 0, 0, 0, 0, 0, 0, 0, 0, 1, 0, 0, 0, 
44, 0, 1, 1, 2, 0, 0, 0, 0, 0, 0, 1, 1, 1, 0, 0, 0, 0, 0, 1, 0, 0, 2, 1, 0, 5, 1, 3, 5, 88, 6, 8, 3, 26, 2, 2, 1, 36, 1, 1, 0, 52, 12, 14, 10, 22, 0, 2, 0, 53, 0, 0, 0, 1, 0, 1, 2, 59, 1, 3, 4, 23, 20, 15, 16, 2, 4, 1, 0, 6, 4, 6, 7, 5, 3, 4, 1, 0, 0, 0, 0, 2, 0, 0, 0, 2, 0, 0, 0, 0, 0, 0, 0, 0, 0, 0, 0, 0, 0, 0, 0, 0, 0, 0, 0, 1, 0, 0, 0, 1, 0, 0, 0, 
45, 0, 0, 2, 0, 1, 1, 1, 1, 1, 0, 0, 0, 0, 1, 0, 0, 0, 1, 0, 0, 1, 0, 1, 0, 4, 3, 5, 3, 77, 8, 6, 8, 19, 1, 2, 3, 45, 1, 0, 1, 61, 14, 15, 6, 19, 0, 0, 1, 41, 4, 0, 0, 0, 0, 0, 0, 69, 5, 5, 3, 30, 12, 16, 12, 6, 3, 5, 4, 11, 10, 5, 7, 7, 1, 3, 4, 1, 0, 0, 0, 0, 0, 0, 0, 1, 0, 0, 0, 1, 0, 0, 0, 0, 0, 0, 0, 2, 0, 0, 0, 1, 0, 0, 0, 0, 0, 0, 0, 1, 0, 0, 0, 
46, 0, 0, 0, 0, 0, 1, 0, 0, 1, 0, 4, 3, 2, 0, 1, 0, 0, 0, 0, 2, 0, 1, 0, 0, 3, 3, 1, 2, 74, 4, 6, 9, 15, 3, 1, 2, 45, 0, 0, 1, 62, 11, 7, 8, 21, 2, 1, 2, 38, 0, 0, 0, 9, 1, 2, 2, 60, 5, 1, 1, 28, 15, 20, 11, 0, 2, 1, 0, 25, 6, 8, 5, 0, 2, 1, 1, 1, 0, 0, 0, 1, 0, 0, 0, 2, 0, 0, 0, 0, 0, 0, 0, 1, 0, 0, 0, 0, 0, 0, 0, 1, 0, 0, 0, 3, 0, 0, 0, 0, 0, 0, 0, 
47, 1, 0, 0, 0, 0, 0, 1, 0, 0, 1, 2, 0, 0, 0, 0, 0, 1, 0, 0, 0, 0, 1, 0, 1, 4, 2, 1, 1, 76, 4, 4, 7, 5, 7, 4, 2, 34, 0, 1, 1, 55, 15, 15, 7, 17, 2, 1, 3, 46, 3, 0, 1, 10, 3, 1, 0, 62, 5, 2, 3, 26, 17, 14, 17, 1, 4, 0, 2, 33, 8, 6, 3, 4, 0, 0, 0, 1, 0, 0, 0, 0, 0, 0, 0, 0, 0, 0, 0, 0, 0, 0, 0, 1, 0, 0, 0, 1, 0, 0, 0, 0, 0, 0, 0, 0, 0, 0, 0, 0, 0, 0, 0, 
48, 0, 0, 0, 1, 0, 0, 0, 0, 1, 0, 0, 0, 1, 0, 1, 0, 0, 0, 1, 0, 1, 0, 1, 0, 3, 0, 4, 3, 79, 5, 8, 4, 8, 1, 5, 6, 28, 2, 0, 0, 56, 17, 5, 8, 33, 1, 1, 0, 49, 1, 1, 0, 23, 7, 5, 0, 60, 2, 2, 1, 32, 20, 12, 14, 0, 1, 3, 0, 26, 4, 9, 4, 6, 2, 0, 0, 2, 0, 0, 0, 0, 0, 0, 0, 1, 0, 0, 0, 0, 0, 0, 0, 1, 0, 0, 0, 0, 0, 0, 0, 1, 0, 0, 0, 2, 0, 0, 0, 0, 0, 0, 0, 
49, 0, 0, 1, 0, 1, 0, 0, 0, 0, 1, 0, 0, 0, 2, 0, 0, 0, 0, 0, 1, 0, 1, 0, 0, 5, 4, 2, 3, 84, 7, 5, 2, 2, 3, 6, 3, 27, 1, 1, 0, 52, 15, 9, 10, 30, 1, 1, 0, 58, 0, 1, 1, 19, 3, 3, 2, 56, 2, 2, 4, 34, 13, 13, 17, 1, 0, 0, 0, 29, 5, 7, 5, 6, 3, 4, 3, 1, 0, 0, 0, 2, 0, 0, 0, 0, 0, 0, 0, 0, 0, 0, 0, 0, 0, 0, 0, 0, 0, 0, 0, 1, 0, 0, 0, 0, 0, 0, 0, 0, 0, 0, 0, 
50, 0, 0, 1, 1, 0, 0, 0, 0, 1, 1, 2, 0, 1, 0, 0, 0, 1, 1, 0, 2, 0, 2, 0, 0, 5, 5, 6, 5, 77, 4, 4, 2, 4, 6, 4, 3, 32, 0, 1, 3, 52, 10, 7, 5, 27, 1, 3, 1, 68, 1, 1, 0, 27, 1, 1, 0, 56, 2, 2, 1, 26, 13, 16, 7, 1, 3, 3, 2, 46, 13, 6, 7, 9, 3, 1, 6, 1, 0, 0, 0, 0, 0, 0, 0, 0, 0, 0, 0, 1, 0, 0, 0, 2, 0, 0, 0, 0, 0, 0, 0, 1, 0, 0, 0, 2, 0, 0, 0, 0, 0, 0, 0, 
51, 3, 0, 0, 0, 2, 1, 0, 1, 0, 0, 1, 0, 1, 1, 0, 0, 0, 0, 1, 0, 1, 1, 2, 0, 11, 5, 8, 10, 74, 7, 5, 5, 7, 9, 4, 8, 35, 0, 1, 1, 47, 17, 8, 8, 19, 0, 2, 2, 66, 1, 2, 1, 13, 2, 2, 1, 56, 3, 1, 6, 23, 12, 15, 9, 7, 4, 3, 3, 61, 6, 10, 4, 10, 2, 3, 4, 0, 0, 0, 0, 1, 0, 0, 0, 0, 0, 0, 0, 1, 0, 0, 0, 2, 0, 0, 0, 0, 0, 0, 0, 0, 0, 0, 0, 1, 0, 0, 0, 1, 0, 0, 0, 
52, 0, 0, 1, 0, 2, 1, 1, 1, 0, 0, 0, 0, 1, 0, 0, 0, 1, 1, 0, 0, 0, 0, 1, 0, 12, 4, 3, 1, 83, 8, 4, 3, 6, 0, 8, 4, 35, 1, 2, 0, 39, 11, 12, 17, 33, 5, 3, 1, 83, 0, 1, 0, 11, 3, 3, 0, 54, 2, 4, 2, 14, 12, 12, 17, 7, 6, 6, 8, 60, 6, 8, 3, 6, 8, 2, 2, 0, 0, 0, 0, 1, 0, 0, 0, 1, 0, 0, 0, 1, 0, 0, 0, 0, 0, 0, 0, 1, 0, 0, 0, 3, 0, 0, 0, 1, 0, 0, 0, 0, 0, 0, 0, 
53, 2, 2, 0, 1, 0, 0, 1, 0, 1, 0, 1, 0, 1, 0, 0, 0, 1, 1, 1, 0, 0, 1, 0, 1, 2, 2, 2, 2, 92, 4, 8, 3, 5, 1, 5, 6, 36, 3, 0, 0, 45, 15, 8, 12, 35, 4, 4, 1, 95, 2, 0, 1, 16, 0, 0, 1, 55, 6, 2, 2, 14, 11, 14, 16, 2, 12, 7, 5, 56, 3, 6, 1, 7, 3, 0, 4, 4, 0, 0, 0, 0, 0, 0, 0, 0, 0, 0, 0, 1, 0, 0, 0, 0, 0, 0, 0, 0, 0, 0, 0, 1, 0, 0, 0, 3, 0, 0, 0, 1, 0, 0, 0, 
54, 1, 0, 0, 0, 0, 0, 0, 0, 1, 0, 0, 1, 0, 0, 0, 1, 0, 1, 0, 1, 0, 0, 0, 0, 14, 1, 3, 5, 100, 3, 4, 3, 13, 5, 5, 4, 23, 4, 0, 0, 50, 10, 10, 8, 38, 1, 5, 1, 82, 1, 1, 0, 14, 0, 1, 3, 64, 6, 1, 3, 20, 23, 15, 18, 3, 3, 3, 2, 39, 8, 6, 6, 18, 12, 3, 2, 3, 0, 0, 0, 0, 0, 0, 0, 0, 0, 0, 0, 0, 0, 0, 0, 0, 0, 0, 0, 2, 0, 0, 0, 1, 0, 0, 0, 0, 0, 0, 0, 2, 0, 0, 0, 
55, 1, 0, 0, 0, 0, 0, 1, 0, 0, 0, 1, 0, 0, 1, 0, 1, 0, 0, 1, 0, 0, 0, 1, 2, 5, 5, 2, 2, 100, 7, 7, 2, 9, 6, 8, 3, 23, 1, 0, 0, 46, 24, 9, 11, 32, 0, 3, 1, 100, 1, 1, 2, 24, 4, 1, 4, 64, 7, 2, 2, 28, 10, 11, 12, 4, 3, 2, 3, 43, 4, 4, 2, 11, 9, 4, 3, 2, 0, 0, 0, 1, 0, 0, 0, 1, 0, 0, 0, 1, 0, 0, 0, 1, 0, 0, 0, 2, 0, 0, 0, 2, 0, 0, 0, 0, 0, 0, 0, 0, 0, 0, 0, 
56, 3, 0, 0, 1, 0, 0, 0, 0, 0, 3, 1, 1, 0, 0, 1, 1, 0, 1, 0, 0, 0, 0, 1, 0, 0, 1, 1, 1, 100, 5, 5, 2, 3, 4, 4, 1, 23, 0, 0, 0, 57, 8, 8, 11, 32, 5, 1, 1, 88, 1, 1, 1, 29, 1, 6, 1, 67, 0, 3, 2, 20, 13, 15, 17, 7, 12, 3, 6, 44, 3, 6, 5, 22, 10, 2, 2, 0, 0, 0, 0, 0, 0, 0, 0, 2, 0, 0, 0, 1, 0, 0, 0, 0, 0, 0, 0, 1, 0, 0, 0, 0, 0, 0, 0, 0, 0, 0, 0, 1, 0, 0, 0, 
57, 0, 0, 0, 1, 0, 0, 1, 1, 0, 0, 0, 0, 2, 0, 0, 0, 1, 1, 0, 0, 0, 0, 1, 1, 0, 0, 0, 1, 100, 9, 6, 2, 3, 4, 4, 6, 27, 1, 0, 1, 42, 10, 12, 9, 41, 3, 1, 0, 88, 1, 0, 0, 28, 3, 2, 2, 64, 0, 1, 1, 25, 23, 10, 13, 8, 7, 1, 7, 56, 4, 3, 4, 21, 4, 5, 4, 2, 0, 0, 0, 0, 0, 0, 0, 2, 0, 0, 0, 1, 0, 0, 0, 0, 0, 0, 0, 2, 0, 0, 0, 1, 0, 0, 0, 1, 0, 0, 0, 1, 0, 0, 0, 
58, 1, 1, 1, 1, 0, 1, 1, 1, 1, 0, 0, 1, 0, 1, 0, 0, 1, 0, 1, 1, 1, 0, 0, 0, 1, 2, 1, 0, 100, 3, 2, 1, 1, 2, 5, 1, 18, 2, 0, 0, 45, 13, 19, 11, 32, 0, 1, 2, 88, 7, 0, 0, 23, 2, 1, 1, 57, 4, 5, 2, 21, 15, 18, 6, 22, 9, 3, 4, 46, 4, 10, 6, 31, 5, 5, 6, 1, 0, 0, 0, 1, 0, 0, 0, 0, 0, 0, 0, 0, 0, 0, 0, 2, 0, 0, 0, 0, 0, 0, 0, 1, 0, 0, 0, 1, 0, 0, 0, 0, 0, 0, 0, 
59, 1, 0, 0, 1, 3, 0, 0, 3, 0, 0, 0, 0, 2, 1, 0, 0, 0, 0, 0, 1, 0, 0, 0, 0, 4, 0, 0, 1, 96, 9, 6, 4, 8, 2, 1, 1, 0, 2, 0, 0, 53, 14, 9, 5, 28, 2, 0, 6, 99, 0, 1, 1, 28, 1, 2, 2, 68, 4, 0, 3, 13, 12, 14, 13, 23, 3, 2, 0, 52, 12, 6, 7, 28, 7, 5, 3, 0, 0, 0, 0, 0, 0, 0, 0, 2, 0, 0, 0, 2, 0, 0, 0, 0, 0, 0, 0, 1, 0, 0, 0, 1, 0, 0, 0, 0, 0, 0, 0, 0, 0, 0, 0, 
60, 0, 1, 0, 0, 3, 3, 1, 1, 0, 1, 0, 1, 0, 0, 0, 0, 0, 0, 0, 1, 1, 0, 0, 0, 1, 1, 2, 3, 100, 4, 2, 3, 2, 0, 0, 0, 3, 5, 0, 0, 51, 12, 11, 8, 29, 1, 2, 0, 85, 0, 0, 1, 16, 1, 2, 2, 80, 9, 1, 4, 10, 14, 11, 9, 38, 1, 3, 1, 56, 8, 5, 5, 15, 5, 2, 5, 3, 0, 0, 0, 1, 0, 0, 0, 1, 0, 0, 0, 0, 0, 0, 0, 0, 0, 0, 0, 2, 0, 0, 0, 2, 0, 0, 0, 0, 0, 0, 0, 0, 0, 0, 0, 
61, 0, 0, 0, 2, 0, 0, 1, 0, 0, 0, 0, 0, 1, 1, 0, 1, 0, 0, 0, 0, 0, 0, 0, 0, 8, 4, 7, 6, 100, 6, 4, 5, 2, 3, 0, 0, 15, 3, 1, 1, 45, 18, 10, 15, 29, 3, 2, 1, 75, 1, 0, 2, 21, 2, 1, 1, 88, 2, 1, 3, 8, 12, 7, 7, 22, 3, 4, 5, 54, 6, 5, 5, 13, 8, 1, 5, 3, 0, 0, 0, 2, 0, 0, 0, 1, 0, 0, 0, 0, 0, 0, 0, 1, 0, 0, 0, 0, 0, 0, 0, 1, 0, 0, 0, 0, 0, 0, 0, 1, 0, 0, 0, 
62, 2, 0, 0, 0, 0, 1, 0, 1, 0, 0, 0, 0, 2, 0, 1, 0, 0, 0, 1, 0, 0, 2, 1, 0, 4, 4, 5, 3, 100, 8, 3, 2, 8, 1, 3, 0, 14, 1, 1, 1, 59, 11, 12, 8, 22, 2, 1, 2, 70, 3, 0, 0, 25, 4, 4, 2, 96, 5, 6, 3, 11, 9, 5, 8, 17, 4, 3, 1, 50, 3, 3, 0, 4, 6, 6, 7, 1, 0, 0, 0, 0, 0, 0, 0, 1, 0, 0, 0, 0, 0, 0, 0, 0, 0, 0, 0, 1, 0, 0, 0, 2, 0, 0, 0, 0, 0, 0, 0, 0, 0, 0, 0, 
63, 1, 0, 0, 1, 1, 0, 1, 0, 1, 0, 1, 0, 0, 0, 1, 0, 0, 0, 0, 0, 0, 0, 0, 0, 12, 5, 4, 9, 100, 4, 5, 3, 9, 2, 2, 1, 21, 4, 1, 1, 52, 11, 15, 9, 20, 2, 4, 2, 72, 2, 2, 0, 30, 3, 3, 3, 100, 9, 3, 5, 6, 5, 7, 7, 13, 2, 3, 2, 27, 3, 5, 4, 8, 5, 6, 6, 2, 0, 0, 0, 0, 0, 0, 0, 1, 0, 0, 0, 0, 0, 0, 0, 2, 0, 0, 0, 0, 0, 0, 0, 0, 0, 0, 0, 0, 0, 0, 0, 0, 0, 0, 0, 
64, 0, 0, 0, 0, 1, 1, 0, 0, 0, 0, 0, 0, 0, 1, 1, 1, 0, 0, 0, 0, 1, 0, 0, 0, 7, 7, 10, 7, 100, 5, 4, 3, 0, 2, 0, 0, 47, 5, 1, 2, 46, 16, 10, 8, 14, 4, 2, 0, 65, 2, 0, 0, 38, 2, 6, 1, 100, 6, 7, 4, 9, 10, 4, 6, 20, 6, 1, 1, 18, 6, 3, 4, 24, 8, 8, 9, 0, 0, 0, 0, 3, 0, 0, 0, 1, 0, 0, 0, 0, 0, 0, 0, 1, 0, 0, 0, 1, 0, 0, 0, 0, 0, 0, 0, 1, 0, 0, 0, 0, 0, 0, 0, 
65, 0, 2, 0, 0, 2, 0, 0, 0, 0, 3, 1, 1, 0, 0, 1, 0, 1, 1, 0, 0, 3, 0, 0, 0, 9, 10, 12, 7, 100, 5, 6, 3, 4, 3, 4, 0, 45, 1, 0, 1, 49, 10, 4, 9, 34, 3, 4, 1, 79, 1, 1, 0, 29, 4, 3, 3, 100, 0, 2, 2, 5, 5, 4, 3, 18, 3, 2, 4, 14, 4, 4, 6, 29, 5, 2, 4, 1, 0, 0, 0, 1, 0, 0, 0, 1, 0, 0, 0, 1, 0, 0, 0, 0, 0, 0, 0, 2, 0, 0, 0, 0, 0, 0, 0, 1, 0, 0, 0, 0, 0, 0, 0, 
66, 1, 0, 0, 0, 0, 1, 0, 1, 1, 0, 1, 0, 0, 0, 0, 0, 0, 0, 0, 0, 0, 0, 0, 0, 26, 7, 9, 6, 100, 14, 7, 8, 2, 3, 2, 1, 39, 1, 3, 1, 38, 12, 12, 10, 39, 3, 1, 3, 71, 1, 2, 1, 36, 0, 3, 1, 100, 2, 3, 2, 4, 2, 3, 4, 22, 0, 4, 0, 20, 13, 5, 3, 30, 9, 1, 1, 0, 0, 0, 0, 1, 0, 0, 0, 1, 0, 0, 0, 0, 0, 0, 0, 0, 0, 0, 0, 1, 0, 0, 0, 1, 0, 0, 0, 0, 0, 0, 0, 2, 0, 0, 0, 
67, 0, 1, 0, 0, 0, 1, 2, 0, 0, 0, 0, 0, 0, 2, 0, 0, 0, 0, 0, 0, 0, 0, 0, 2, 32, 2, 8, 7, 100, 3, 2, 6, 3, 0, 2, 3, 55, 2, 1, 2, 39, 10, 7, 10, 43, 3, 2, 2, 70, 0, 0, 0, 36, 2, 1, 3, 100, 2, 0, 1, 0, 0, 1, 0, 34, 3, 5, 2, 31, 2, 3, 4, 28, 2, 4, 4, 0, 0, 0, 0, 0, 0, 0, 0, 1, 0, 0, 0, 1, 0, 0, 0, 1, 0, 0, 0, 0, 0, 0, 0, 1, 0, 0, 0, 2, 0, 0, 0, 0, 0, 0, 0, 
68, 0, 0, 1, 0, 1, 0, 0, 3, 0, 0, 0, 0, 0, 0, 0, 0, 1, 0, 1, 0, 0, 1, 0, 1, 23, 8, 7, 8, 100, 5, 2, 3, 9, 6, 4, 2, 58, 2, 2, 1, 30, 15, 12, 8, 37, 4, 0, 3, 67, 4, 0, 1, 30, 3, 5, 1, 100, 0, 1, 4, 0, 0, 1, 1, 41, 4, 0, 1, 27, 3, 2, 6, 14, 5, 2, 3, 0, 0, 0, 0, 0, 0, 0, 0, 0, 0, 0, 0, 1, 0, 0, 0, 0, 0, 0, 0, 1, 0, 0, 0, 1, 0, 0, 0, 0, 0, 0, 0, 1, 0, 0, 0, 
69, 0, 0, 1, 0, 0, 1, 2, 1, 1, 0, 0, 0, 0, 0, 1, 0, 0, 0, 0, 0, 0, 0, 0, 0, 23, 4, 12, 5, 100, 4, 2, 3, 6, 2, 3, 6, 48, 3, 0, 0, 24, 15, 12, 9, 47, 2, 2, 4, 77, 2, 0, 2, 29, 2, 0, 1, 100, 2, 6, 2, 6, 2, 1, 2, 53, 3, 5, 3, 13, 5, 2, 6, 15, 6, 2, 4, 4, 0, 0, 0, 1, 0, 0, 0, 0, 0, 0, 0, 0, 0, 0, 0, 2, 0, 0, 0, 2, 0, 0, 0, 1, 0, 0, 0, 1, 0, 0, 0, 1, 0, 0, 0, 
70, 2, 0, 0, 0, 0, 1, 0, 0, 0, 1, 1, 0, 0, 1, 0, 1, 0, 0, 0, 0, 0, 0, 0, 0, 9, 11, 5, 6, 100, 4, 4, 4, 5, 4, 5, 6, 43, 0, 2, 0, 31, 13, 8, 13, 54, 0, 2, 3, 81, 0, 0, 0, 14, 0, 0, 2, 100, 4, 0, 8, 5, 1, 2, 5, 51, 5, 5, 0, 5, 4, 9, 4, 18, 5, 3, 2, 2, 0, 0, 0, 2, 0, 0, 0, 1, 0, 0, 0, 0, 0, 0, 0, 0, 0, 0, 0, 1, 0, 0, 0, 0, 0, 0, 0, 1, 0, 0, 0, 2, 0, 0, 0, 
71, 0, 1, 0, 0, 0, 0, 0, 0, 1, 0, 0, 0, 1, 0, 0, 0, 0, 0, 0, 2, 0, 1, 0, 0, 6, 10, 7, 11, 100, 4, 1, 8, 13, 13, 3, 1, 31, 0, 1, 2, 46, 20, 11, 13, 50, 0, 0, 0, 74, 1, 0, 0, 9, 6, 4, 1, 100, 4, 2, 8, 1, 0, 1, 0, 60, 4, 2, 0, 8, 4, 3, 7, 8, 3, 5, 6, 1, 0, 0, 0, 1, 0, 0, 0, 0, 0, 0, 0, 0, 0, 0, 0, 1, 0, 0, 0, 2, 0, 0, 0, 1, 0, 0, 0, 1, 0, 0, 0, 1, 0, 0, 0, 
72, 0, 0, 0, 0, 0, 0, 0, 0, 2, 1, 2, 2, 0, 0, 0, 0, 1, 1, 0, 0, 0, 0, 2, 0, 19, 11, 14, 6, 100, 1, 3, 13, 20, 7, 4, 4, 20, 1, 1, 1, 47, 17, 16, 15, 36, 3, 3, 1, 63, 1, 1, 0, 7, 2, 8, 3, 100, 6, 2, 1, 0, 0, 0, 0, 60, 2, 2, 3, 2, 5, 3, 1, 6, 5, 1, 4, 0, 0, 0, 0, 0, 0, 0, 0, 1, 0, 0, 0, 0, 0, 0, 0, 4, 0, 0, 0, 1, 0, 0, 0, 1, 0, 0, 0, 1, 0, 0, 0, 0, 0, 0, 0, 
73, 1, 1, 0, 1, 0, 0, 1, 0, 1, 1, 0, 2, 1, 0, 0, 1, 0, 0, 0, 0, 5, 3, 0, 1, 21, 8, 5, 9, 100, 3, 5, 1, 16, 4, 3, 3, 7, 1, 0, 0, 56, 7, 9, 4, 42, 1, 1, 0, 70, 0, 0, 0, 16, 4, 6, 2, 100, 3, 5, 2, 1, 1, 1, 1, 56, 5, 3, 6, 12, 2, 6, 2, 4, 4, 1, 1, 0, 0, 0, 0, 5, 0, 0, 0, 0, 0, 0, 0, 0, 0, 0, 0, 1, 0, 0, 0, 1, 0, 0, 0, 2, 0, 0, 0, 1, 0, 0, 0, 0, 0, 0, 0, 
74, 0, 0, 0, 0, 0, 0, 1, 1, 0, 0, 1, 0, 1, 0, 0, 0, 0, 3, 0, 1, 1, 1, 3, 3, 13, 11, 3, 7, 100, 4, 6, 2, 18, 10, 0, 6, 0, 1, 0, 0, 42, 13, 15, 8, 32, 3, 1, 2, 70, 0, 1, 1, 20, 3, 1, 4, 100, 4, 3, 2, 0, 0, 0, 0, 59, 3, 0, 2, 15, 4, 2, 5, 0, 3, 1, 1, 1, 0, 0, 0, 0, 0, 0, 0, 0, 0, 0, 0, 0, 0, 0, 0, 3, 0, 0, 0, 0, 0, 0, 0, 0, 0, 0, 0, 2, 0, 0, 0, 1, 0, 0, 0, 
75, 0, 1, 1, 1, 1, 0, 1, 0, 3, 0, 1, 0, 0, 1, 0, 0, 0, 0, 1, 1, 0, 1, 0, 0, 7, 6, 10, 5, 100, 9, 3, 1, 24, 6, 2, 6, 0, 0, 0, 0, 42, 11, 15, 13, 55, 8, 1, 0, 74, 2, 1, 0, 14, 2, 2, 1, 100, 5, 2, 1, 1, 0, 0, 1, 47, 4, 3, 0, 14, 6, 3, 4, 3, 5, 1, 0, 0, 0, 0, 0, 2, 0, 0, 0, 0, 0, 0, 0, 1, 0, 0, 0, 1, 0, 0, 0, 2, 0, 0, 0, 1, 0, 0, 0, 0, 0, 0, 0, 0, 0, 0, 0, 
76, 0, 0, 1, 0, 0, 0, 1, 1, 0, 0, 0, 0, 0, 0, 0, 1, 0, 0, 1, 0, 0, 0, 2, 1, 5, 3, 7, 9, 100, 8, 8, 4, 38, 5, 1, 6, 3, 0, 5, 2, 48, 7, 20, 8, 51, 4, 3, 3, 71, 1, 0, 0, 10, 4, 6, 4, 100, 2, 1, 3, 3, 0, 3, 5, 46, 3, 4, 3, 10, 6, 4, 2, 2, 3, 0, 0, 0, 0, 0, 0, 0, 0, 0, 0, 1, 0, 0, 0, 2, 0, 0, 0, 1, 0, 0, 0, 1, 0, 0, 0, 1, 0, 0, 0, 0, 0, 0, 0, 0, 0, 0, 0, 
77, 0, 0, 0, 0, 0, 0, 0, 0, 2, 2, 1, 1, 0, 0, 0, 0, 0, 0, 1, 0, 2, 0, 1, 1, 13, 7, 6, 6, 100, 1, 1, 3, 35, 1, 1, 2, 0, 1, 0, 0, 42, 20, 9, 11, 60, 2, 5, 2, 59, 0, 0, 1, 15, 5, 12, 8, 100, 5, 3, 1, 1, 1, 0, 2, 46, 4, 3, 6, 22, 4, 5, 2, 15, 2, 5, 1, 1, 0, 0, 0, 0, 0, 0, 0, 0, 0, 0, 0, 1, 0, 0, 0, 2, 0, 0, 0, 2, 0, 0, 0, 0, 0, 0, 0, 2, 0, 0, 0, 1, 0, 0, 0, 
78, 1, 1, 1, 0, 0, 0, 0, 0, 1, 0, 0, 1, 1, 1, 0, 0, 1, 0, 1, 0, 1, 1, 0, 0, 9, 12, 4, 7, 100, 7, 5, 4, 25, 5, 9, 7, 10, 2, 2, 4, 52, 5, 3, 6, 73, 3, 2, 0, 43, 1, 0, 2, 29, 9, 7, 7, 100, 4, 4, 5, 0, 2, 0, 2, 48, 4, 1, 2, 18, 1, 3, 4, 10, 3, 1, 3, 0, 0, 0, 0, 0, 0, 0, 0, 1, 0, 0, 0, 1, 0, 0, 0, 0, 0, 0, 0, 0, 0, 0, 0, 0, 0, 0, 0, 4, 0, 0, 0, 0, 0, 0, 0, 
79, 1, 2, 0, 0, 0, 0, 0, 1, 0, 0, 0, 0, 0, 0, 0, 0, 0, 0, 0, 0, 0, 0, 1, 0, 6, 7, 12, 5, 100, 1, 5, 2, 24, 7, 3, 4, 8, 2, 0, 0, 40, 10, 17, 10, 65, 2, 1, 0, 55, 0, 1, 0, 34, 6, 6, 4, 100, 5, 2, 3, 3, 0, 3, 1, 45, 2, 0, 3, 31, 4, 3, 3, 6, 3, 1, 1, 1, 0, 0, 0, 1, 0, 0, 0, 3, 0, 0, 0, 0, 0, 0, 0, 1, 0, 0, 0, 2, 0, 0, 0, 1, 0, 0, 0, 1, 0, 0, 0, 0, 0, 0, 0, 
80, 0, 0, 0, 0, 1, 0, 0, 1, 0, 0, 0, 1, 0, 1, 1, 0, 0, 0, 1, 0, 0, 0, 2, 0, 5, 5, 8, 5, 100, 5, 3, 3, 34, 9, 1, 5, 10, 2, 4, 1, 36, 7, 6, 7, 76, 2, 2, 1, 64, 4, 3, 2, 41, 6, 3, 4, 100, 6, 4, 2, 1, 0, 1, 2, 50, 5, 0, 2, 26, 2, 5, 4, 2, 2, 2, 5, 1, 0, 0, 0, 0, 0, 0, 0, 2, 0, 0, 0, 0, 0, 0, 0, 1, 0, 0, 0, 0, 0, 0, 0, 1, 0, 0, 0, 0, 0, 0, 0, 0, 0, 0, 0, 
81, 1, 0, 0, 0, 2, 0, 0, 0, 1, 2, 0, 1, 0, 0, 0, 0, 0, 1, 0, 0, 0, 0, 1, 2, 11, 7, 10, 3, 100, 5, 3, 3, 54, 9, 5, 3, 4, 5, 3, 9, 18, 13, 8, 18, 88, 5, 1, 1, 67, 3, 0, 3, 33, 8, 6, 7, 100, 2, 2, 2, 1, 1, 0, 0, 30, 6, 1, 0, 23, 1, 1, 2, 12, 6, 1, 0, 1, 0, 0, 0, 0, 0, 0, 0, 2, 0, 0, 0, 1, 0, 0, 0, 0, 0, 0, 0, 1, 0, 0, 0, 2, 0, 0, 0, 0, 0, 0, 0, 1, 0, 0, 0, 
82, 1, 0, 0, 0, 0, 2, 1, 0, 1, 1, 2, 2, 2, 0, 0, 0, 1, 1, 0, 0, 2, 1, 0, 1, 9, 8, 6, 4, 100, 7, 6, 4, 53, 3, 5, 8, 5, 7, 7, 4, 17, 11, 15, 11, 93, 3, 0, 2, 59, 1, 0, 0, 38, 4, 9, 6, 100, 4, 4, 1, 2, 4, 2, 2, 28, 2, 2, 2, 12, 2, 3, 2, 22, 3, 1, 1, 1, 0, 0, 0, 1, 0, 0, 0, 0, 0, 0, 0, 1, 0, 0, 0, 1, 0, 0, 0, 1, 0, 0, 0, 1, 0, 0, 0, 0, 0, 0, 0, 0, 0, 0, 0, 
83, 0, 0, 0, 0, 0, 2, 1, 0, 1, 0, 0, 0, 0, 1, 1, 1, 0, 1, 0, 0, 0, 1, 0, 0, 8, 9, 3, 5, 100, 5, 2, 4, 51, 1, 6, 7, 7, 4, 6, 2, 21, 8, 7, 15, 97, 1, 1, 2, 60, 0, 1, 1, 38, 7, 4, 7, 100, 3, 2, 2, 3, 6, 2, 4, 24, 1, 0, 5, 15, 2, 4, 2, 33, 1, 5, 4, 1, 0, 0, 0, 1, 0, 0, 0, 2, 0, 0, 0, 1, 0, 0, 0, 0, 0, 0, 0, 1, 0, 0, 0, 0, 0, 0, 0, 1, 0, 0, 0, 1, 0, 0, 0, 
84, 4, 1, 0, 0, 0, 0, 0, 0, 1, 3, 0, 2, 0, 0, 0, 0, 0, 0, 1, 0, 1, 1, 0, 0, 10, 11, 5, 4, 100, 1, 6, 1, 47, 4, 3, 5, 10, 5, 4, 2, 11, 9, 8, 11, 100, 0, 2, 2, 53, 2, 2, 0, 30, 7, 7, 4, 100, 4, 7, 0, 5, 8, 2, 4, 26, 3, 2, 1, 8, 4, 1, 5, 51, 6, 3, 3, 0, 0, 0, 0, 1, 0, 0, 0, 0, 0, 0, 0, 0, 0, 0, 0, 0, 0, 0, 0, 1, 0, 0, 0, 2, 0, 0, 0, 1, 0, 0, 0, 5, 0, 0, 0, 
85, 1, 0, 2, 1, 0, 0, 1, 1, 1, 3, 0, 0, 0, 0, 0, 1, 1, 0, 0, 1, 1, 2, 0, 1, 18, 6, 16, 5, 100, 12, 8, 4, 49, 6, 8, 4, 7, 5, 7, 5, 9, 9, 17, 11, 96, 5, 2, 0, 48, 1, 0, 0, 15, 5, 6, 6, 100, 1, 1, 3, 8, 5, 6, 2, 24, 2, 5, 2, 0, 3, 3, 1, 73, 1, 4, 1, 0, 0, 0, 0, 0, 0, 0, 0, 3, 0, 0, 0, 0, 0, 0, 0, 0, 0, 0, 0, 2, 0, 0, 0, 1, 0, 0, 0, 0, 0, 0, 0, 0, 0, 0, 0, 
86, 1, 0, 2, 0, 0, 0, 0, 0, 0, 0, 0, 0, 0, 0, 0, 1, 1, 0, 2, 0, 0, 0, 0, 0, 31, 8, 13, 6, 100, 4, 5, 3, 49, 3, 6, 3, 7, 9, 5, 4, 9, 11, 7, 9, 91, 3, 1, 0, 49, 5, 0, 1, 7, 7, 6, 7, 100, 7, 2, 6, 6, 7, 4, 4, 17, 6, 2, 2, 9, 4, 4, 6, 85, 6, 4, 2, 2, 0, 0, 0, 1, 0, 0, 0, 5, 0, 0, 0, 1, 0, 0, 0, 0, 0, 0, 0, 0, 0, 0, 0, 1, 0, 0, 0, 1, 0, 0, 0, 1, 0, 0, 0, 
87, 0, 0, 1, 0, 0, 0, 0, 0, 1, 3, 0, 0, 1, 1, 0, 0, 1, 0, 1, 0, 0, 0, 1, 0, 32, 18, 9, 10, 100, 6, 5, 3, 51, 5, 4, 5, 1, 4, 4, 11, 6, 9, 2, 1, 89, 5, 1, 0, 65, 2, 1, 1, 11, 4, 10, 5, 100, 4, 3, 3, 5, 8, 3, 6, 14, 3, 2, 4, 10, 4, 4, 4, 83, 4, 1, 1, 0, 0, 0, 0, 1, 0, 0, 0, 3, 0, 0, 0, 1, 0, 0, 0, 2, 0, 0, 0, 0, 0, 0, 0, 1, 0, 0, 0, 0, 0, 0, 0, 1, 0, 0, 0, 
88, 0, 1, 0, 0, 0, 1, 2, 0, 0, 0, 0, 0, 1, 2, 0, 0, 0, 0, 0, 0, 1, 0, 0, 2, 47, 10, 6, 6, 100, 10, 5, 2, 52, 5, 1, 5, 3, 6, 5, 2, 3, 2, 4, 4, 100, 3, 0, 0, 69, 3, 0, 0, 11, 4, 3, 4, 100, 2, 5, 1, 7, 5, 5, 8, 22, 5, 4, 3, 2, 5, 5, 6, 80, 3, 1, 2, 0, 0, 0, 0, 2, 0, 0, 0, 0, 0, 0, 0, 0, 0, 0, 0, 3, 0, 0, 0, 2, 0, 0, 0, 1, 0, 0, 0, 2, 0, 0, 0, 0, 0, 0, 0, 
89, 1, 0, 2, 0, 0, 2, 0, 2, 1, 0, 0, 0, 0, 1, 0, 0, 0, 0, 0, 0, 0, 0, 0, 0, 45, 2, 6, 13, 100, 4, 2, 2, 64, 4, 2, 1, 6, 3, 7, 2, 2, 1, 3, 4, 100, 6, 6, 1, 61, 0, 0, 2, 6, 4, 2, 2, 100, 9, 2, 3, 16, 8, 5, 3, 29, 7, 3, 3, 4, 2, 3, 2, 68, 0, 2, 1, 0, 0, 0, 0, 0, 0, 0, 0, 0, 0, 0, 0, 0, 0, 0, 0, 1, 0, 0, 0, 1, 0, 0, 0, 0, 0, 0, 0, 0, 0, 0, 0, 2, 0, 0, 0, 
90, 0, 1, 1, 0, 1, 0, 0, 0, 0, 1, 1, 0, 0, 2, 1, 0, 0, 1, 0, 0, 0, 0, 2, 0, 46, 7, 7, 5, 100, 4, 4, 3, 57, 3, 3, 2, 9, 3, 6, 8, 3, 3, 3, 3, 100, 4, 0, 1, 54, 7, 0, 0, 17, 2, 1, 2, 100, 5, 4, 4, 5, 6, 6, 6, 31, 1, 5, 2, 5, 9, 3, 5, 78, 3, 3, 2, 0, 0, 0, 0, 1, 0, 0, 0, 0, 0, 0, 0, 0, 0, 0, 0, 0, 0, 0, 0, 2, 0, 0, 0, 0, 0, 0, 0, 0, 0, 0, 0, 0, 0, 0, 0, 
91, 0, 0, 0, 1, 1, 1, 0, 0, 0, 0, 0, 0, 1, 0, 1, 0, 0, 0, 1, 0, 0, 0, 0, 0, 30, 12, 8, 12, 100, 3, 8, 5, 57, 11, 5, 4, 10, 7, 9, 6, 1, 2, 4, 3, 100, 0, 0, 0, 75, 3, 2, 0, 21, 1, 0, 1, 100, 4, 1, 3, 6, 8, 6, 2, 25, 6, 1, 1, 4, 3, 7, 6, 92, 4, 1, 3, 3, 0, 0, 0, 1, 0, 0, 0, 0, 0, 0, 0, 1, 0, 0, 0, 0, 0, 0, 0, 1, 0, 0, 0, 0, 0, 0, 0, 1, 0, 0, 0, 0, 0, 0, 0, 
92, 1, 1, 0, 1, 0, 0, 0, 0, 0, 1, 2, 1, 1, 5, 0, 2, 2, 0, 0, 0, 0, 0, 0, 1, 39, 15, 6, 4, 100, 2, 7, 4, 68, 6, 2, 4, 11, 6, 5, 7, 13, 6, 5, 3, 91, 1, 2, 1, 76, 0, 0, 0, 13, 2, 2, 1, 100, 4, 2, 5, 4, 4, 7, 6, 33, 6, 3, 2, 1, 7, 1, 1, 94, 2, 1, 1, 1, 0, 0, 0, 1, 0, 0, 0, 0, 0, 0, 0, 2, 0, 0, 0, 0, 0, 0, 0, 1, 0, 0, 0, 0, 0, 0, 0, 2, 0, 0, 0, 2, 0, 0, 0, 
93, 0, 0, 0, 1, 6, 3, 2, 1, 1, 0, 0, 2, 1, 0, 1, 0, 0, 1, 3, 1, 0, 1, 0, 0, 29, 9, 9, 5, 100, 2, 2, 10, 50, 2, 0, 0, 4, 13, 6, 10, 21, 2, 2, 1, 92, 1, 0, 0, 78, 1, 0, 0, 14, 4, 4, 1, 100, 8, 0, 1, 1, 2, 2, 3, 42, 6, 9, 3, 1, 0, 2, 0, 88, 1, 0, 1, 1, 0, 0, 0, 2, 0, 0, 0, 1, 0, 0, 0, 1, 0, 0, 0, 1, 0, 0, 0, 1, 0, 0, 0, 0, 0, 0, 0, 1, 0, 0, 0, 0, 0, 0, 0, 
94, 0, 1, 1, 1, 0, 0, 0, 0, 0, 0, 1, 0, 0, 0, 0, 1, 0, 0, 0, 0, 0, 0, 0, 0, 25, 10, 7, 6, 100, 5, 3, 4, 38, 5, 5, 2, 4, 8, 11, 10, 12, 1, 5, 5, 72, 1, 3, 3, 73, 0, 0, 0, 23, 3, 1, 3, 100, 4, 2, 4, 5, 3, 3, 3, 48, 2, 4, 5, 8, 2, 6, 7, 87, 4, 3, 1, 0, 0, 0, 0, 0, 0, 0, 0, 1, 0, 0, 0, 0, 0, 0, 0, 0, 0, 0, 0, 4, 0, 0, 0, 0, 0, 0, 0, 0, 0, 0, 0, 1, 0, 0, 0, 
95, 0, 0, 0, 1, 1, 0, 2, 0, 1, 0, 0, 0, 0, 0, 0, 0, 0, 1, 0, 0, 0, 0, 0, 0, 19, 8, 11, 3, 100, 3, 2, 4, 33, 5, 5, 3, 7, 6, 5, 10, 16, 4, 8, 3, 82, 1, 3, 0, 71, 0, 0, 0, 13, 0, 2, 1, 100, 2, 4, 4, 3, 4, 1, 2, 37, 3, 1, 5, 10, 12, 7, 4, 100, 2, 3, 1, 0, 0, 0, 0, 0, 0, 0, 0, 1, 0, 0, 0, 0, 0, 0, 0, 1, 0, 0, 0, 1, 0, 0, 0, 0, 0, 0, 0, 1, 0, 0, 0, 1, 0, 0, 0, 
96, 1, 0, 0, 0, 1, 0, 0, 0, 2, 0, 0, 3, 0, 1, 0, 0, 1, 0, 0, 0, 0, 1, 2, 1, 26, 7, 8, 6, 100, 3, 1, 4, 30, 3, 3, 4, 10, 10, 9, 6, 25, 4, 6, 2, 69, 1, 2, 1, 77, 0, 0, 0, 1, 6, 2, 3, 100, 10, 1, 4, 3, 3, 2, 0, 31, 4, 1, 3, 3, 5, 3, 9, 100, 1, 1, 0, 3, 0, 0, 0, 0, 0, 0, 0, 1, 0, 0, 0, 1, 0, 0, 0, 1, 0, 0, 0, 0, 0, 0, 0, 0, 0, 0, 0, 0, 0, 0, 0, 1, 0, 0, 0, 
97, 0, 3, 0, 0, 0, 0, 0, 0, 1, 0, 1, 0, 0, 0, 0, 0, 1, 0, 3, 1, 0, 0, 0, 1, 44, 13, 7, 8, 100, 4, 6, 2, 23, 8, 5, 5, 8, 9, 7, 11, 38, 8, 2, 0, 74, 0, 2, 2, 70, 0, 0, 0, 6, 4, 2, 4, 100, 2, 3, 1, 1, 1, 0, 0, 25, 7, 6, 2, 8, 6, 6, 4, 100, 1, 2, 0, 0, 0, 0, 0, 1, 0, 0, 0, 3, 0, 0, 0, 0, 0, 0, 0, 1, 0, 0, 0, 2, 0, 0, 0, 0, 0, 0, 0, 0, 0, 0, 0, 1, 0, 0, 0, 
98, 1, 2, 1, 0, 1, 0, 0, 0, 5, 0, 0, 0, 0, 0, 1, 1, 0, 0, 0, 0, 0, 0, 0, 0, 46, 13, 5, 7, 100, 6, 3, 5, 30, 4, 6, 4, 5, 3, 3, 2, 41, 4, 4, 3, 76, 1, 1, 4, 61, 1, 0, 0, 12, 5, 0, 2, 100, 3, 1, 3, 4, 2, 4, 2, 32, 4, 2, 3, 8, 4, 9, 5, 100, 2, 1, 3, 0, 0, 0, 0, 0, 0, 0, 0, 0, 0, 0, 0, 1, 0, 0, 0, 2, 0, 0, 0, 1, 0, 0, 0, 2, 0, 0, 0, 0, 0, 0, 0, 1, 0, 0, 0, 
99, 1, 2, 2, 1, 0, 0, 0, 0, 0, 0, 0, 0, 1, 0, 1, 0, 0, 1, 0, 0, 0, 0, 0, 0, 39, 10, 10, 4, 100, 2, 2, 3, 15, 3, 6, 7, 0, 1, 0, 0, 45, 8, 3, 2, 88, 2, 2, 1, 58, 0, 2, 1, 12, 2, 4, 3, 100, 5, 3, 8, 4, 0, 0, 1, 35, 3, 2, 3, 5, 8, 11, 8, 100, 4, 1, 2, 0, 0, 0, 0, 0, 0, 0, 0, 0, 0, 0, 0, 0, 0, 0, 0, 0, 0, 0, 0, 0, 0, 0, 0, 1, 0, 0, 0, 1, 0, 0, 0, 0, 0, 0, 0, 