0, 1, 0, 0, 0, 1, 0, 0, 1, 0, 0, 0, 0, 0, 0, 0, 0, 0, 0, 1, 0, 0, 1, 1, 0, 0, 0, 1, 0, 5, 2, 1, 2, 0, 0, 0, 2, 2, 2, 0, 1, 2, 1, 0, 2, 1, 0, 3, 2, 4, 1, 1, 2, 2, 1, 0, 1, 0, 0, 2, 0, 1, 0, 0, 0, 2, 1, 3, 1, 9, 1, 2, 1, 0, 0, 1, 0, 2, 0, 0, 0, 0, 0, 0, 0, 2, 0, 0, 0, 0, 0, 0, 0, 1, 0, 0, 0, 1, 0, 0, 0, 0, 0, 0, 0, 1, 0, 0, 0, 1, 0, 0, 0, 
1, 2, 0, 0, 0, 0, 0, 1, 0, 0, 0, 0, 0, 0, 1, 0, 0, 0, 0, 0, 1, 0, 0, 1, 1, 0, 2, 1, 1, 2, 0, 2, 5, 0, 1, 0, 1, 4, 0, 0, 0, 2, 3, 4, 8, 1, 0, 1, 1, 6, 6, 2, 4, 2, 1, 1, 2, 0, 0, 0, 0, 3, 0, 0, 0, 4, 11, 7, 11, 15, 0, 0, 1, 0, 0, 0, 0, 1, 0, 0, 0, 0, 0, 0, 0, 1, 0, 0, 0, 0, 0, 0, 0, 1, 0, 0, 0, 0, 0, 0, 0, 0, 0, 0, 0, 1, 0, 0, 0, 2, 0, 0, 0, 
2, 2, 0, 0, 0, 3, 1, 0, 1, 0, 1, 0, 0, 0, 0, 0, 0, 0, 0, 0, 0, 0, 0, 0, 0, 1, 0, 0, 0, 0, 0, 0, 0, 2, 1, 2, 0, 0, 3, 1, 2, 6, 6, 3, 5, 8, 2, 2, 0, 12, 0, 3, 2, 2, 0, 3, 1, 0, 0, 1, 0, 2, 1, 1, 3, 12, 3, 4, 8, 15, 2, 1, 0, 1, 2, 2, 3, 0, 0, 0, 0, 0, 0, 0, 0, 2, 0, 0, 0, 0, 0, 0, 0, 2, 0, 0, 0, 2, 0, 0, 0, 0, 0, 0, 0, 1, 0, 0, 0, 0, 0, 0, 0, 
3, 0, 0, 0, 0, 0, 1, 1, 0, 0, 2, 0, 0, 0, 0, 0, 0, 1, 0, 1, 1, 0, 0, 0, 0, 2, 1, 3, 0, 2, 0, 2, 0, 0, 3, 4, 5, 4, 0, 3, 0, 22, 8, 5, 2, 14, 3, 0, 1, 5, 3, 4, 5, 5, 4, 3, 3, 1, 4, 1, 1, 4, 3, 1, 0, 5, 8, 2, 4, 26, 1, 3, 0, 1, 1, 3, 1, 1, 0, 0, 0, 0, 0, 0, 0, 0, 0, 0, 0, 1, 0, 0, 0, 0, 0, 0, 0, 0, 0, 0, 0, 0, 0, 0, 0, 1, 0, 0, 0, 1, 0, 0, 0, 
4, 0, 1, 0, 0, 0, 0, 0, 0, 0, 1, 0, 0, 1, 1, 1, 0, 0, 0, 0, 0, 0, 0, 1, 0, 2, 0, 2, 0, 0, 0, 0, 1, 1, 0, 2, 3, 4, 1, 1, 1, 23, 1, 3, 5, 27, 3, 2, 1, 3, 4, 3, 1, 3, 4, 3, 2, 8, 3, 1, 2, 5, 1, 0, 0, 5, 9, 3, 1, 28, 3, 0, 0, 0, 5, 2, 0, 0, 0, 0, 0, 0, 0, 0, 0, 1, 0, 0, 0, 0, 0, 0, 0, 0, 0, 0, 0, 0, 0, 0, 0, 2, 0, 0, 0, 1, 0, 0, 0, 2, 0, 0, 0, 
5, 1, 0, 1, 2, 1, 0, 2, 0, 2, 2, 0, 0, 0, 0, 0, 0, 0, 0, 0, 0, 1, 0, 0, 1, 0, 0, 0, 0, 5, 0, 3, 4, 2, 1, 1, 2, 6, 1, 1, 0, 15, 4, 2, 3, 33, 0, 0, 0, 3, 2, 3, 2, 2, 4, 4, 4, 4, 6, 6, 6, 1, 3, 1, 1, 3, 6, 6, 0, 26, 2, 2, 0, 0, 3, 2, 0, 1, 0, 0, 0, 1, 0, 0, 0, 0, 0, 0, 0, 0, 0, 0, 0, 2, 0, 0, 0, 0, 0, 0, 0, 0, 0, 0, 0, 0, 0, 0, 0, 0, 0, 0, 0, 
6, 1, 0, 0, 0, 2, 0, 0, 0, 0, 0, 0, 0, 0, 0, 0, 2, 2, 0, 1, 1, 0, 0, 0, 0, 0, 1, 1, 3, 4, 4, 0, 0, 1, 1, 2, 3, 18, 0, 1, 0, 0, 0, 1, 1, 18, 0, 0, 0, 1, 3, 7, 2, 2, 2, 4, 3, 7, 4, 5, 4, 2, 0, 1, 1, 2, 4, 4, 0, 35, 1, 1, 0, 2, 1, 1, 2, 1, 0, 0, 0, 0, 0, 0, 0, 1, 0, 0, 0, 2, 0, 0, 0, 0, 0, 0, 0, 0, 0, 0, 0, 0, 0, 0, 0, 0, 0, 0, 0, 2, 0, 0, 0, 
7, 0, 0, 1, 1, 2, 0, 0, 1, 0, 0, 0, 0, 0, 0, 0, 0, 3, 3, 4, 0, 0, 1, 0, 0, 1, 2, 0, 0, 1, 1, 1, 0, 5, 4, 5, 5, 25, 2, 1, 0, 7, 0, 1, 4, 2, 2, 2, 0, 7, 5, 5, 7, 3, 3, 4, 3, 3, 5, 4, 6, 2, 1, 0, 1, 6, 4, 4, 4, 15, 1, 1, 2, 2, 3, 2, 4, 0, 0, 0, 0, 0, 0, 0, 0, 1, 0, 0, 0, 1, 0, 0, 0, 1, 0, 0, 0, 0, 0, 0, 0, 0, 0, 0, 0, 1, 0, 0, 0, 1, 0, 0, 0, 
8, 0, 1, 2, 1, 2, 0, 0, 1, 1, 1, 1, 0, 0, 0, 0, 0, 0, 0, 0, 0, 0, 0, 0, 0, 0, 1, 1, 0, 0, 1, 0, 1, 3, 3, 4, 3, 14, 2, 0, 1, 0, 0, 0, 1, 3, 0, 3, 0, 20, 6, 4, 7, 0, 0, 1, 1, 1, 0, 0, 0, 15, 0, 0, 1, 4, 2, 1, 3, 22, 6, 0, 0, 0, 0, 0, 4, 2, 0, 0, 0, 0, 0, 0, 0, 1, 0, 0, 0, 1, 0, 0, 0, 2, 0, 0, 0, 3, 0, 0, 0, 0, 0, 0, 0, 3, 0, 0, 0, 0, 0, 0, 0, 
9, 1, 0, 0, 0, 0, 0, 0, 2, 0, 0, 0, 1, 1, 0, 0, 0, 2, 1, 0, 0, 0, 0, 0, 0, 0, 0, 2, 4, 2, 0, 1, 1, 6, 2, 3, 3, 13, 1, 0, 1, 3, 3, 2, 1, 0, 1, 0, 1, 5, 13, 6, 8, 2, 0, 2, 1, 7, 1, 0, 1, 23, 1, 1, 0, 2, 1, 3, 2, 7, 0, 2, 0, 4, 4, 1, 1, 0, 0, 0, 0, 0, 0, 0, 0, 0, 0, 0, 0, 0, 0, 0, 0, 0, 0, 0, 0, 0, 0, 0, 0, 0, 0, 0, 0, 0, 0, 0, 0, 1, 0, 0, 0, 
10, 3, 1, 2, 1, 0, 0, 1, 0, 2, 1, 3, 0, 1, 0, 0, 0, 1, 0, 0, 1, 0, 0, 0, 0, 0, 0, 2, 1, 2, 6, 2, 1, 4, 4, 7, 6, 16, 3, 0, 0, 1, 2, 3, 2, 0, 0, 1, 0, 10, 8, 6, 9, 1, 0, 1, 0, 2, 2, 1, 1, 21, 1, 1, 2, 1, 0, 5, 0, 11, 6, 1, 0, 3, 4, 0, 0, 1, 0, 0, 0, 0, 0, 0, 0, 0, 0, 0, 0, 1, 0, 0, 0, 1, 0, 0, 0, 2, 0, 0, 0, 0, 0, 0, 0, 1, 0, 0, 0, 1, 0, 0, 0, 
11, 0, 1, 0, 1, 2, 0, 0, 0, 1, 1, 0, 0, 0, 0, 1, 0, 0, 0, 0, 1, 0, 0, 0, 1, 0, 1, 2, 0, 3, 5, 3, 4, 2, 3, 4, 5, 15, 3, 0, 0, 3, 3, 2, 1, 0, 2, 3, 1, 8, 12, 8, 10, 1, 1, 1, 0, 4, 1, 3, 2, 18, 2, 1, 1, 1, 2, 3, 5, 16, 2, 0, 0, 7, 2, 1, 0, 0, 0, 0, 0, 2, 0, 0, 0, 0, 0, 0, 0, 0, 0, 0, 0, 1, 0, 0, 0, 2, 0, 0, 0, 0, 0, 0, 0, 2, 0, 0, 0, 1, 0, 0, 0, 
12, 0, 1, 1, 1, 1, 2, 0, 0, 1, 0, 2, 0, 0, 0, 0, 1, 2, 0, 1, 0, 0, 0, 0, 0, 0, 1, 2, 3, 7, 2, 3, 2, 0, 2, 1, 0, 4, 0, 0, 1, 1, 3, 3, 1, 5, 5, 3, 7, 10, 10, 12, 17, 2, 1, 2, 3, 8, 1, 2, 0, 22, 0, 0, 0, 3, 2, 1, 1, 18, 3, 1, 0, 7, 3, 2, 1, 1, 0, 0, 0, 3, 0, 0, 0, 1, 0, 0, 0, 4, 0, 0, 0, 0, 0, 0, 0, 0, 0, 0, 0, 0, 0, 0, 0, 0, 0, 0, 0, 0, 0, 0, 0, 
13, 1, 0, 0, 1, 1, 0, 0, 0, 1, 1, 1, 1, 0, 2, 1, 1, 0, 2, 1, 0, 0, 0, 0, 0, 3, 4, 4, 3, 1, 0, 2, 0, 3, 5, 2, 7, 6, 2, 0, 0, 3, 2, 2, 2, 4, 7, 8, 8, 14, 15, 14, 11, 1, 0, 1, 0, 1, 1, 1, 1, 33, 1, 0, 0, 0, 2, 3, 0, 29, 2, 2, 2, 10, 1, 3, 4, 3, 0, 0, 0, 0, 0, 0, 0, 0, 0, 0, 0, 1, 0, 0, 0, 0, 0, 0, 0, 0, 0, 0, 0, 0, 0, 0, 0, 1, 0, 0, 0, 1, 0, 0, 0, 
14, 4, 3, 1, 0, 2, 0, 2, 1, 1, 0, 0, 0, 0, 0, 0, 2, 0, 1, 0, 0, 2, 0, 0, 1, 4, 7, 3, 3, 3, 3, 4, 4, 8, 7, 5, 5, 11, 0, 0, 0, 1, 5, 1, 1, 10, 11, 8, 5, 20, 19, 11, 18, 0, 0, 2, 0, 0, 2, 1, 3, 22, 0, 2, 2, 2, 0, 1, 3, 19, 4, 0, 0, 21, 3, 1, 2, 0, 0, 0, 0, 2, 0, 0, 0, 1, 0, 0, 0, 2, 0, 0, 0, 2, 0, 0, 0, 1, 0, 0, 0, 0, 0, 0, 0, 0, 0, 0, 0, 0, 0, 0, 0, 
15, 0, 0, 0, 2, 1, 0, 0, 0, 0, 0, 0, 1, 0, 0, 0, 1, 1, 2, 2, 0, 0, 1, 1, 0, 7, 3, 7, 0, 8, 5, 2, 0, 7, 5, 3, 4, 16, 0, 0, 1, 3, 0, 5, 3, 13, 13, 8, 10, 14, 16, 16, 20, 2, 2, 2, 2, 1, 1, 3, 0, 23, 1, 0, 3, 1, 0, 0, 1, 21, 2, 1, 2, 37, 1, 4, 1, 1, 0, 0, 0, 1, 0, 0, 0, 2, 0, 0, 0, 0, 0, 0, 0, 1, 0, 0, 0, 0, 0, 0, 0, 0, 0, 0, 0, 0, 0, 0, 0, 2, 0, 0, 0, 
16, 1, 0, 0, 0, 0, 1, 0, 0, 0, 1, 0, 0, 0, 0, 2, 0, 2, 1, 0, 1, 0, 0, 0, 1, 0, 0, 1, 0, 0, 2, 0, 1, 8, 2, 4, 5, 0, 0, 0, 2, 9, 1, 4, 2, 10, 9, 8, 5, 15, 19, 14, 9, 4, 3, 3, 0, 11, 2, 1, 5, 18, 1, 1, 2, 0, 1, 1, 0, 24, 1, 1, 0, 49, 3, 2, 2, 1, 0, 0, 0, 0, 0, 0, 0, 0, 0, 0, 0, 2, 0, 0, 0, 0, 0, 0, 0, 1, 0, 0, 0, 1, 0, 0, 0, 2, 0, 0, 0, 2, 0, 0, 0, 
17, 0, 1, 0, 0, 0, 0, 1, 2, 0, 0, 1, 1, 2, 5, 2, 0, 0, 0, 0, 0, 0, 0, 0, 0, 13, 7, 4, 1, 1, 2, 0, 0, 7, 3, 3, 4, 2, 1, 3, 1, 19, 2, 2, 2, 1, 6, 2, 14, 12, 14, 14, 17, 2, 1, 0, 2, 4, 7, 4, 3, 19, 1, 0, 0, 1, 2, 4, 0, 5, 0, 3, 1, 43, 1, 0, 0, 1, 0, 0, 0, 0, 0, 0, 0, 0, 0, 0, 0, 0, 0, 0, 0, 3, 0, 0, 0, 1, 0, 0, 0, 0, 0, 0, 0, 2, 0, 0, 0, 1, 0, 0, 0, 
18, 0, 0, 0, 0, 0, 0, 0, 1, 5, 1, 1, 2, 0, 0, 0, 1, 0, 0, 0, 3, 0, 0, 0, 0, 24, 1, 0, 0, 3, 0, 1, 0, 8, 6, 6, 6, 0, 1, 3, 2, 2, 1, 1, 2, 1, 6, 3, 3, 20, 14, 16, 17, 1, 0, 0, 0, 7, 1, 6, 7, 0, 0, 1, 0, 6, 3, 4, 1, 12, 3, 3, 2, 45, 4, 0, 3, 0, 0, 0, 0, 0, 0, 0, 0, 1, 0, 0, 0, 1, 0, 0, 0, 1, 0, 0, 0, 0, 0, 0, 0, 0, 0, 0, 0, 0, 0, 0, 0, 1, 0, 0, 0, 
19, 0, 1, 0, 1, 0, 0, 0, 0, 0, 0, 0, 0, 2, 2, 0, 2, 0, 0, 0, 0, 0, 1, 0, 0, 17, 5, 1, 0, 0, 3, 3, 1, 7, 8, 4, 7, 1, 3, 0, 0, 7, 2, 0, 0, 2, 1, 3, 0, 31, 18, 8, 12, 1, 2, 3, 5, 0, 12, 7, 9, 2, 3, 2, 0, 2, 1, 1, 5, 7, 0, 3, 0, 57, 1, 5, 1, 1, 0, 0, 0, 1, 0, 0, 0, 0, 0, 0, 0, 1, 0, 0, 0, 1, 0, 0, 0, 1, 0, 0, 0, 0, 0, 0, 0, 2, 0, 0, 0, 0, 0, 0, 0, 
20, 0, 0, 2, 1, 1, 0, 0, 0, 1, 0, 1, 1, 0, 0, 2, 0, 1, 1, 0, 2, 0, 0, 0, 0, 25, 1, 2, 3, 1, 0, 1, 1, 5, 2, 2, 6, 15, 1, 0, 0, 0, 1, 1, 1, 0, 1, 0, 0, 24, 15, 16, 13, 2, 2, 0, 0, 12, 10, 4, 6, 1, 0, 2, 0, 1, 1, 4, 6, 8, 2, 0, 1, 62, 0, 1, 2, 1, 0, 0, 0, 0, 0, 0, 0, 0, 0, 0, 0, 1, 0, 0, 0, 0, 0, 0, 0, 2, 0, 0, 0, 0, 0, 0, 0, 0, 0, 0, 0, 0, 0, 0, 0, 
21, 0, 0, 0, 0, 1, 0, 0, 0, 0, 0, 0, 0, 1, 0, 1, 2, 0, 1, 1, 2, 0, 1, 2, 0, 37, 0, 2, 1, 0, 4, 3, 1, 1, 2, 1, 3, 10, 1, 0, 0, 9, 3, 4, 0, 3, 2, 1, 3, 13, 13, 14, 18, 4, 6, 4, 2, 8, 4, 3, 7, 1, 0, 3, 2, 5, 1, 0, 2, 16, 1, 1, 2, 68, 5, 1, 3, 0, 0, 0, 0, 0, 0, 0, 0, 1, 0, 0, 0, 1, 0, 0, 0, 1, 0, 0, 0, 1, 0, 0, 0, 1, 0, 0, 0, 0, 0, 0, 0, 0, 0, 0, 0, 
22, 1, 0, 0, 0, 0, 2, 1, 0, 0, 0, 0, 0, 0, 0, 2, 0, 1, 1, 1, 0, 2, 0, 0, 0, 33, 1, 0, 1, 6, 4, 0, 1, 3, 2, 0, 0, 2, 0, 2, 1, 13, 2, 0, 1, 9, 2, 3, 1, 14, 14, 14, 13, 4, 3, 3, 4, 0, 1, 1, 2, 2, 2, 3, 0, 7, 2, 1, 4, 16, 0, 1, 1, 77, 1, 1, 3, 0, 0, 0, 0, 0, 0, 0, 0, 1, 0, 0, 0, 0, 0, 0, 0, 1, 0, 0, 0, 1, 0, 0, 0, 0, 0, 0, 0, 1, 0, 0, 0, 0, 0, 0, 0, 
23, 1, 1, 0, 1, 1, 0, 1, 0, 0, 1, 0, 0, 3, 1, 0, 0, 0, 0, 0, 0, 0, 0, 0, 0, 29, 4, 1, 2, 4, 5, 9, 4, 1, 0, 0, 1, 2, 6, 1, 1, 6, 1, 0, 1, 23, 3, 2, 2, 16, 15, 15, 4, 1, 0, 2, 2, 7, 4, 1, 0, 0, 1, 1, 1, 18, 2, 0, 3, 17, 1, 3, 1, 72, 2, 1, 2, 1, 0, 0, 0, 0, 0, 0, 0, 4, 0, 0, 0, 1, 0, 0, 0, 0, 0, 0, 0, 0, 0, 0, 0, 1, 0, 0, 0, 1, 0, 0, 0, 1, 0, 0, 0, 
24, 1, 0, 0, 1, 0, 0, 1, 1, 0, 0, 0, 1, 0, 0, 0, 0, 0, 0, 0, 0, 0, 0, 0, 1, 19, 3, 0, 0, 20, 6, 3, 2, 6, 2, 5, 1, 5, 2, 0, 0, 14, 2, 5, 1, 36, 1, 2, 3, 7, 6, 10, 14, 0, 4, 2, 1, 2, 3, 4, 4, 2, 1, 0, 1, 3, 0, 1, 2, 20, 2, 1, 1, 64, 2, 1, 1, 1, 0, 0, 0, 0, 0, 0, 0, 0, 0, 0, 0, 0, 0, 0, 0, 0, 0, 0, 0, 0, 0, 0, 0, 1, 0, 0, 0, 3, 0, 0, 0, 1, 0, 0, 0, 
25, 4, 2, 0, 0, 0, 0, 3, 0, 0, 0, 1, 0, 1, 1, 1, 0, 0, 0, 2, 0, 0, 0, 1, 0, 22, 1, 0, 0, 24, 4, 4, 2, 2, 3, 1, 0, 1, 3, 1, 0, 12, 4, 5, 4, 31, 1, 1, 0, 13, 6, 10, 10, 13, 3, 7, 3, 0, 0, 1, 1, 0, 2, 0, 1, 9, 5, 0, 0, 18, 0, 2, 0, 51, 1, 2, 2, 0, 0, 0, 0, 0, 0, 0, 0, 1, 0, 0, 0, 1, 0, 0, 0, 0, 0, 0, 0, 1, 0, 0, 0, 0, 0, 0, 0, 2, 0, 0, 0, 1, 0, 0, 0, 
26, 0, 0, 0, 0, 1, 1, 1, 2, 1, 1, 1, 1, 0, 0, 1, 0, 0, 1, 0, 0, 0, 0, 0, 0, 10, 1, 2, 4, 25, 2, 6, 2, 4, 2, 3, 4, 4, 1, 3, 0, 19, 5, 2, 4, 37, 2, 0, 1, 16, 8, 9, 3, 3, 1, 2, 2, 1, 0, 0, 0, 3, 6, 5, 3, 1, 0, 3, 0, 9, 1, 0, 0, 49, 2, 1, 1, 2, 0, 0, 0, 0, 0, 0, 0, 0, 0, 0, 0, 1, 0, 0, 0, 1, 0, 0, 0, 0, 0, 0, 0, 4, 0, 0, 0, 0, 0, 0, 0, 0, 0, 0, 0, 
27, 1, 2, 0, 1, 0, 0, 0, 1, 0, 0, 0, 0, 0, 0, 0, 0, 0, 1, 0, 1, 0, 4, 0, 0, 15, 1, 1, 0, 20, 3, 1, 5, 7, 1, 2, 2, 0, 1, 1, 0, 13, 6, 0, 4, 33, 1, 2, 0, 7, 8, 12, 7, 0, 1, 0, 0, 4, 1, 1, 2, 6, 5, 6, 5, 2, 5, 1, 0, 7, 4, 1, 0, 50, 4, 1, 1, 1, 0, 0, 0, 1, 0, 0, 0, 1, 0, 0, 0, 1, 0, 0, 0, 4, 0, 0, 0, 0, 0, 0, 0, 0, 0, 0, 0, 0, 0, 0, 0, 0, 0, 0, 0, 
28, 0, 0, 0, 0, 1, 3, 1, 2, 3, 0, 0, 0, 1, 1, 3, 0, 2, 1, 0, 2, 0, 1, 0, 0, 27, 6, 2, 1, 11, 4, 1, 5, 3, 4, 4, 4, 4, 3, 2, 0, 9, 2, 4, 0, 23, 4, 3, 0, 10, 4, 11, 3, 1, 1, 0, 1, 0, 1, 0, 0, 2, 0, 0, 0, 2, 1, 1, 1, 17, 0, 2, 0, 43, 0, 4, 2, 0, 0, 0, 0, 0, 0, 0, 0, 0, 0, 0, 0, 1, 0, 0, 0, 0, 0, 0, 0, 0, 0, 0, 0, 1, 0, 0, 0, 0, 0, 0, 0, 0, 0, 0, 0, 
29, 2, 0, 0, 3, 0, 2, 0, 0, 1, 1, 2, 0, 0, 1, 0, 0, 1, 0, 0, 1, 1, 0, 0, 0, 22, 1, 1, 3, 10, 0, 3, 0, 3, 2, 7, 1, 0, 0, 0, 0, 2, 2, 2, 4, 11, 1, 1, 2, 7, 8, 6, 6, 0, 1, 2, 0, 3, 3, 2, 1, 4, 4, 0, 2, 1, 2, 2, 0, 25, 2, 2, 0, 39, 3, 0, 0, 0, 0, 0, 0, 0, 0, 0, 0, 0, 0, 0, 0, 3, 0, 0, 0, 0, 0, 0, 0, 0, 0, 0, 0, 1, 0, 0, 0, 0, 0, 0, 0, 0, 0, 0, 0, 
30, 0, 1, 0, 1, 0, 0, 1, 0, 0, 0, 0, 0, 1, 3, 1, 2, 0, 0, 2, 2, 1, 1, 0, 0, 21, 4, 0, 2, 2, 1, 1, 1, 8, 3, 3, 3, 3, 1, 0, 2, 7, 6, 4, 4, 11, 1, 4, 0, 2, 8, 4, 3, 5, 4, 1, 4, 2, 3, 4, 0, 8, 1, 1, 1, 7, 8, 2, 3, 13, 0, 1, 0, 25, 3, 4, 2, 0, 0, 0, 0, 0, 0, 0, 0, 1, 0, 0, 0, 0, 0, 0, 0, 0, 0, 0, 0, 0, 0, 0, 0, 0, 0, 0, 0, 0, 0, 0, 0, 0, 0, 0, 0, 
31, 0, 0, 0, 0, 2, 0, 0, 0, 0, 0, 1, 0, 1, 0, 0, 0, 5, 0, 3, 1, 0, 0, 1, 0, 21, 1, 0, 1, 0, 0, 0, 3, 1, 1, 3, 2, 0, 1, 0, 0, 14, 4, 4, 1, 14, 0, 0, 0, 6, 5, 3, 0, 4, 4, 3, 0, 0, 1, 2, 1, 15, 2, 1, 0, 11, 1, 2, 0, 8, 1, 1, 0, 36, 1, 2, 1, 2, 0, 0, 0, 1, 0, 0, 0, 2, 0, 0, 0, 1, 0, 0, 0, 0, 0, 0, 0, 3, 0, 0, 0, 0, 0, 0, 0, 2, 0, 0, 0, 0, 0, 0, 0, 
32, 0, 0, 0, 0, 1, 3, 2, 1, 0, 0, 0, 1, 1, 0, 0, 0, 4, 3, 4, 1, 0, 0, 0, 0, 21, 0, 1, 1, 6, 2, 1, 3, 1, 2, 0, 0, 0, 0, 2, 1, 10, 2, 6, 2, 8, 3, 1, 4, 2, 2, 0, 0, 12, 2, 6, 2, 1, 0, 0, 0, 17, 0, 0, 0, 1, 1, 2, 2, 14, 4, 1, 1, 31, 2, 0, 0, 0, 0, 0, 0, 0, 0, 0, 0, 0, 0, 0, 0, 1, 0, 0, 0, 2, 0, 0, 0, 1, 0, 0, 0, 1, 0, 0, 0, 1, 0, 0, 0, 0, 0, 0, 0, 
33, 1, 0, 2, 1, 1, 1, 0, 1, 1, 0, 0, 0, 0, 1, 0, 0, 0, 0, 1, 1, 0, 1, 0, 1, 5, 2, 3, 1, 6, 5, 13, 11, 0, 1, 4, 0, 2, 1, 1, 1, 12, 3, 2, 1, 13, 3, 1, 1, 5, 1, 1, 1, 4, 1, 2, 1, 8, 1, 2, 1, 5, 2, 1, 0, 1, 3, 3, 2, 14, 2, 3, 0, 23, 4, 0, 0, 2, 0, 0, 0, 0, 0, 0, 0, 1, 0, 0, 0, 1, 0, 0, 0, 1, 0, 0, 0, 1, 0, 0, 0, 0, 0, 0, 0, 0, 0, 0, 0, 0, 0, 0, 0, 
34, 1, 0, 1, 0, 0, 0, 0, 0, 0, 2, 1, 0, 0, 0, 0, 0, 0, 0, 0, 0, 1, 1, 0, 0, 14, 5, 4, 2, 4, 6, 2, 3, 3, 0, 2, 0, 0, 1, 3, 1, 4, 1, 5, 2, 10, 1, 3, 1, 0, 2, 1, 3, 0, 0, 0, 0, 11, 0, 1, 0, 1, 3, 1, 2, 12, 4, 3, 2, 21, 5, 3, 0, 25, 1, 0, 0, 2, 0, 0, 0, 2, 0, 0, 0, 1, 0, 0, 0, 0, 0, 0, 0, 2, 0, 0, 0, 1, 0, 0, 0, 2, 0, 0, 0, 1, 0, 0, 0, 0, 0, 0, 0, 
35, 0, 0, 0, 0, 2, 1, 1, 0, 1, 0, 0, 0, 0, 0, 1, 0, 0, 0, 0, 1, 0, 2, 2, 1, 10, 3, 3, 1, 4, 5, 8, 3, 4, 3, 3, 5, 3, 2, 4, 5, 2, 2, 0, 3, 1, 5, 4, 1, 2, 0, 0, 0, 2, 2, 0, 1, 1, 1, 1, 0, 2, 0, 1, 1, 10, 5, 7, 4, 19, 3, 0, 1, 31, 0, 0, 0, 0, 0, 0, 0, 0, 0, 0, 0, 1, 0, 0, 0, 1, 0, 0, 0, 0, 0, 0, 0, 1, 0, 0, 0, 1, 0, 0, 0, 1, 0, 0, 0, 1, 0, 0, 0, 
36, 0, 0, 0, 1, 1, 0, 0, 1, 1, 0, 0, 0, 3, 3, 0, 0, 1, 0, 1, 0, 0, 0, 0, 0, 1, 1, 0, 1, 13, 5, 3, 2, 4, 1, 4, 4, 9, 3, 4, 4, 1, 6, 3, 1, 5, 1, 2, 3, 2, 0, 1, 3, 2, 5, 6, 3, 2, 1, 1, 1, 2, 7, 3, 1, 2, 2, 5, 4, 17, 0, 0, 3, 19, 2, 2, 3, 0, 0, 0, 0, 0, 0, 0, 0, 1, 0, 0, 0, 0, 0, 0, 0, 0, 0, 0, 0, 0, 0, 0, 0, 0, 0, 0, 0, 2, 0, 0, 0, 0, 0, 0, 0, 
37, 1, 2, 0, 0, 1, 0, 0, 1, 0, 0, 0, 0, 0, 0, 0, 1, 0, 1, 0, 0, 0, 0, 0, 0, 0, 0, 0, 0, 7, 9, 11, 6, 2, 3, 0, 0, 20, 6, 6, 0, 2, 1, 1, 1, 7, 5, 2, 0, 0, 0, 2, 0, 2, 1, 0, 0, 0, 0, 0, 0, 2, 2, 3, 5, 6, 2, 4, 2, 10, 1, 1, 2, 19, 4, 1, 0, 0, 0, 0, 0, 1, 0, 0, 0, 1, 0, 0, 0, 0, 0, 0, 0, 2, 0, 0, 0, 2, 0, 0, 0, 0, 0, 0, 0, 0, 0, 0, 0, 0, 0, 0, 0, 
38, 1, 0, 1, 1, 0, 0, 0, 0, 2, 0, 2, 1, 1, 3, 0, 0, 1, 1, 1, 0, 0, 2, 1, 0, 1, 2, 1, 2, 15, 8, 9, 5, 0, 0, 1, 0, 19, 5, 2, 2, 3, 0, 1, 0, 1, 8, 1, 1, 0, 2, 1, 1, 2, 2, 0, 2, 0, 0, 0, 0, 1, 0, 0, 1, 20, 1, 3, 4, 11, 1, 1, 0, 17, 1, 2, 2, 1, 0, 0, 0, 1, 0, 0, 0, 1, 0, 0, 0, 1, 0, 0, 0, 1, 0, 0, 0, 1, 0, 0, 0, 0, 0, 0, 0, 1, 0, 0, 0, 0, 0, 0, 0, 
39, 1, 1, 2, 0, 2, 0, 2, 2, 1, 1, 0, 0, 0, 1, 0, 0, 0, 0, 1, 0, 0, 0, 0, 0, 4, 4, 2, 2, 13, 6, 13, 4, 5, 2, 0, 2, 23, 4, 2, 4, 0, 0, 1, 0, 5, 5, 3, 3, 4, 1, 4, 4, 2, 2, 1, 1, 2, 0, 1, 0, 4, 4, 7, 0, 17, 3, 6, 5, 0, 0, 0, 0, 18, 1, 3, 0, 0, 0, 0, 0, 1, 0, 0, 0, 0, 0, 0, 0, 3, 0, 0, 0, 0, 0, 0, 0, 0, 0, 0, 0, 1, 0, 0, 0, 0, 0, 0, 0, 2, 0, 0, 0, 
40, 1, 0, 1, 0, 1, 0, 1, 0, 0, 0, 0, 1, 0, 1, 0, 0, 1, 0, 0, 0, 1, 1, 0, 0, 3, 2, 3, 2, 25, 7, 1, 6, 0, 1, 2, 0, 30, 5, 5, 2, 1, 1, 3, 0, 1, 7, 0, 0, 3, 4, 5, 2, 0, 2, 1, 0, 1, 0, 3, 0, 4, 3, 3, 3, 22, 4, 3, 1, 10, 3, 2, 7, 11, 3, 1, 1, 0, 0, 0, 0, 0, 0, 0, 0, 1, 0, 0, 0, 1, 0, 0, 0, 0, 0, 0, 0, 2, 0, 0, 0, 1, 0, 0, 0, 0, 0, 0, 0, 0, 0, 0, 0, 
41, 0, 0, 0, 0, 0, 0, 2, 0, 0, 2, 1, 0, 1, 1, 1, 1, 1, 0, 1, 0, 0, 0, 0, 1, 0, 1, 2, 1, 26, 13, 5, 6, 7, 6, 2, 0, 34, 5, 1, 4, 0, 1, 0, 1, 2, 0, 0, 0, 6, 2, 1, 5, 1, 0, 1, 0, 2, 0, 2, 1, 0, 0, 0, 0, 19, 1, 6, 5, 19, 3, 2, 4, 18, 2, 2, 0, 0, 0, 0, 0, 1, 0, 0, 0, 1, 0, 0, 0, 2, 0, 0, 0, 1, 0, 0, 0, 0, 0, 0, 0, 1, 0, 0, 0, 0, 0, 0, 0, 0, 0, 0, 0, 
42, 0, 0, 1, 0, 0, 0, 0, 1, 0, 0, 0, 0, 0, 0, 0, 0, 1, 1, 0, 0, 0, 0, 0, 2, 3, 5, 3, 0, 28, 6, 9, 4, 0, 0, 0, 1, 27, 4, 5, 3, 4, 2, 3, 4, 4, 0, 1, 2, 9, 3, 3, 1, 3, 1, 2, 2, 3, 2, 2, 0, 1, 2, 1, 0, 15, 4, 2, 0, 14, 4, 1, 2, 25, 7, 1, 1, 0, 0, 0, 0, 1, 0, 0, 0, 0, 0, 0, 0, 2, 0, 0, 0, 0, 0, 0, 0, 0, 0, 0, 0, 1, 0, 0, 0, 1, 0, 0, 0, 0, 0, 0, 0, 
43, 0, 1, 0, 0, 0, 1, 0, 0, 0, 0, 0, 0, 0, 0, 0, 0, 0, 2, 1, 0, 0, 0, 1, 0, 17, 1, 0, 0, 25, 8, 12, 11, 1, 1, 1, 1, 25, 3, 3, 2, 4, 0, 5, 3, 1, 8, 3, 1, 2, 5, 7, 2, 1, 2, 1, 3, 3, 4, 4, 2, 3, 3, 5, 1, 10, 2, 3, 2, 14, 1, 1, 2, 24, 3, 1, 0, 0, 0, 0, 0, 2, 0, 0, 0, 1, 0, 0, 0, 1, 0, 0, 0, 1, 0, 0, 0, 2, 0, 0, 0, 2, 0, 0, 0, 0, 0, 0, 0, 0, 0, 0, 0, 
44, 0, 0, 0, 2, 0, 1, 1, 0, 0, 0, 2, 0, 0, 0, 0, 0, 1, 0, 0, 0, 0, 1, 0, 0, 29, 3, 0, 0, 25, 9, 8, 8, 1, 0, 0, 1, 17, 3, 6, 6, 7, 4, 8, 8, 7, 2, 3, 1, 5, 5, 3, 4, 2, 1, 2, 0, 1, 4, 2, 1, 3, 5, 0, 2, 10, 2, 1, 3, 3, 0, 1, 2, 21, 3, 2, 1, 2, 0, 0, 0, 0, 0, 0, 0, 0, 0, 0, 0, 2, 0, 0, 0, 1, 0, 0, 0, 1, 0, 0, 0, 1, 0, 0, 0, 0, 0, 0, 0, 2, 0, 0, 0, 
45, 1, 0, 0, 0, 1, 0, 3, 0, 0, 0, 2, 0, 3, 0, 0, 1, 0, 0, 0, 0, 4, 0, 0, 0, 34, 3, 0, 2, 42, 7, 11, 9, 3, 0, 2, 3, 13, 8, 6, 3, 6, 5, 6, 3, 2, 1, 1, 2, 13, 5, 3, 2, 0, 0, 3, 1, 5, 2, 1, 2, 4, 2, 0, 2, 0, 3, 1, 1, 3, 0, 2, 3, 17, 6, 0, 0, 0, 0, 0, 0, 0, 0, 0, 0, 3, 0, 0, 0, 0, 0, 0, 0, 1, 0, 0, 0, 2, 0, 0, 0, 0, 0, 0, 0, 0, 0, 0, 0, 0, 0, 0, 0, 
46, 0, 0, 0, 2, 1, 0, 1, 1, 1, 0, 0, 0, 0, 0, 0, 0, 0, 0, 0, 0, 1, 1, 1, 1, 45, 7, 2, 0, 37, 7, 4, 8, 12, 1, 0, 3, 30, 6, 3, 5, 17, 8, 0, 6, 1, 3, 3, 0, 15, 3, 6, 2, 5, 2, 0, 0, 3, 2, 1, 2, 2, 0, 1, 2, 2, 1, 3, 4, 1, 4, 1, 1, 9, 1, 2, 1, 0, 0, 0, 0, 2, 0, 0, 0, 0, 0, 0, 0, 1, 0, 0, 0, 0, 0, 0, 0, 2, 0, 0, 0, 1, 0, 0, 0, 0, 0, 0, 0, 1, 0, 0, 0, 
47, 2, 0, 1, 0, 0, 0, 0, 1, 0, 0, 1, 1, 2, 0, 0, 0, 2, 5, 0, 0, 0, 0, 0, 1, 43, 0, 0, 0, 42, 8, 9, 6, 9, 5, 0, 0, 38, 3, 5, 2, 20, 1, 8, 3, 4, 4, 4, 3, 6, 2, 1, 1, 4, 1, 3, 1, 3, 5, 2, 3, 0, 4, 2, 2, 8, 1, 4, 1, 1, 1, 0, 0, 2, 2, 1, 1, 1, 0, 0, 0, 0, 0, 0, 0, 3, 0, 0, 0, 0, 0, 0, 0, 0, 0, 0, 0, 0, 0, 0, 0, 0, 0, 0, 0, 1, 0, 0, 0, 0, 0, 0, 0, 
48, 0, 1, 0, 0, 0, 0, 0, 0, 1, 0, 0, 0, 0, 1, 1, 0, 2, 3, 0, 0, 0, 0, 0, 0, 35, 1, 0, 0, 50, 5, 7, 9, 12, 3, 2, 0, 46, 1, 6, 2, 6, 7, 6, 3, 2, 1, 2, 2, 1, 1, 1, 0, 0, 0, 0, 0, 2, 1, 4, 6, 9, 3, 2, 3, 1, 1, 1, 1, 1, 1, 1, 0, 1, 2, 4, 3, 0, 0, 0, 0, 0, 0, 0, 0, 2, 0, 0, 0, 1, 0, 0, 0, 4, 0, 0, 0, 0, 0, 0, 0, 0, 0, 0, 0, 1, 0, 0, 0, 0, 0, 0, 0, 
49, 0, 0, 0, 0, 4, 1, 0, 2, 1, 0, 0, 1, 1, 0, 1, 0, 0, 0, 0, 0, 0, 0, 0, 1, 20, 1, 0, 2, 46, 11, 8, 3, 23, 2, 3, 1, 49, 2, 0, 2, 12, 7, 4, 4, 3, 5, 2, 1, 0, 5, 0, 0, 0, 0, 0, 0, 1, 3, 0, 0, 10, 8, 2, 1, 4, 1, 4, 2, 2, 0, 1, 2, 2, 5, 2, 3, 1, 0, 0, 0, 0, 0, 0, 0, 1, 0, 0, 0, 2, 0, 0, 0, 1, 0, 0, 0, 0, 0, 0, 0, 1, 0, 0, 0, 1, 0, 0, 0, 1, 0, 0, 0, 
50, 1, 1, 0, 1, 0, 0, 1, 1, 0, 0, 2, 0, 0, 0, 0, 1, 0, 0, 0, 0, 0, 1, 0, 0, 25, 4, 2, 0, 47, 14, 5, 6, 13, 6, 1, 1, 47, 10, 2, 1, 9, 6, 4, 8, 0, 1, 0, 0, 1, 3, 1, 1, 2, 2, 1, 1, 9, 1, 3, 1, 18, 1, 4, 2, 1, 0, 3, 3, 0, 0, 0, 0, 2, 2, 3, 3, 0, 0, 0, 0, 0, 0, 0, 0, 1, 0, 0, 0, 0, 0, 0, 0, 0, 0, 0, 0, 0, 0, 0, 0, 1, 0, 0, 0, 2, 0, 0, 0, 4, 0, 0, 0, 
51, 4, 0, 1, 1, 0, 2, 0, 0, 3, 0, 0, 1, 0, 0, 0, 2, 1, 1, 0, 0, 0, 0, 1, 0, 18, 4, 1, 0, 50, 8, 12, 7, 1, 2, 1, 1, 53, 1, 3, 3, 3, 4, 3, 1, 5, 4, 3, 3, 4, 2, 2, 1, 1, 1, 1, 0, 21, 2, 2, 3, 16, 1, 1, 3, 1, 2, 2, 2, 0, 0, 0, 0, 0, 1, 0, 0, 0, 0, 0, 0, 1, 0, 0, 0, 2, 0, 0, 0, 0, 0, 0, 0, 2, 0, 0, 0, 0, 0, 0, 0, 0, 0, 0, 0, 2, 0, 0, 0, 0, 0, 0, 0, 
52, 1, 2, 1, 0, 1, 2, 1, 2, 1, 0, 0, 1, 1, 0, 0, 1, 0, 0, 0, 0, 0, 0, 0, 0, 20, 0, 1, 0, 54, 4, 5, 10, 0, 0, 0, 0, 42, 0, 2, 3, 4, 5, 5, 4, 6, 3, 3, 2, 0, 1, 0, 2, 6, 2, 4, 2, 22, 2, 1, 3, 13, 5, 3, 1, 4, 5, 2, 1, 0, 0, 0, 0, 1, 2, 3, 3, 1, 0, 0, 0, 4, 0, 0, 0, 0, 0, 0, 0, 1, 0, 0, 0, 2, 0, 0, 0, 2, 0, 0, 0, 0, 0, 0, 0, 0, 0, 0, 0, 0, 0, 0, 0, 
53, 0, 0, 2, 1, 2, 0, 0, 0, 0, 0, 0, 0, 0, 0, 1, 0, 1, 0, 1, 0, 0, 0, 0, 1, 16, 1, 0, 0, 54, 10, 8, 4, 3, 1, 0, 1, 43, 0, 5, 3, 2, 3, 4, 2, 3, 2, 2, 1, 6, 3, 1, 1, 3, 3, 3, 5, 18, 2, 1, 2, 23, 1, 1, 1, 2, 2, 3, 3, 10, 0, 1, 0, 3, 2, 3, 2, 0, 0, 0, 0, 1, 0, 0, 0, 1, 0, 0, 0, 0, 0, 0, 0, 1, 0, 0, 0, 1, 0, 0, 0, 1, 0, 0, 0, 2, 0, 0, 0, 0, 0, 0, 0, 
54, 3, 3, 2, 2, 0, 0, 1, 0, 0, 0, 0, 0, 0, 2, 0, 0, 0, 0, 0, 0, 0, 0, 1, 0, 4, 3, 3, 1, 56, 8, 3, 6, 0, 0, 0, 1, 42, 6, 3, 1, 3, 1, 3, 0, 4, 4, 3, 1, 17, 1, 1, 1, 2, 2, 0, 0, 20, 2, 1, 4, 1, 0, 0, 0, 6, 1, 3, 6, 17, 1, 0, 0, 13, 4, 3, 3, 2, 0, 0, 0, 1, 0, 0, 0, 0, 0, 0, 0, 1, 0, 0, 0, 2, 0, 0, 0, 0, 0, 0, 0, 0, 0, 0, 0, 0, 0, 0, 0, 1, 0, 0, 0, 
55, 0, 1, 0, 1, 0, 0, 1, 0, 1, 0, 0, 2, 0, 0, 2, 0, 0, 0, 1, 0, 1, 1, 1, 0, 14, 1, 1, 1, 52, 10, 6, 6, 0, 4, 2, 4, 45, 6, 3, 3, 13, 3, 3, 0, 2, 1, 3, 0, 26, 0, 1, 1, 3, 2, 2, 1, 30, 0, 2, 1, 2, 4, 2, 2, 4, 3, 8, 4, 25, 1, 0, 0, 9, 2, 8, 4, 0, 0, 0, 0, 0, 0, 0, 0, 2, 0, 0, 0, 0, 0, 0, 0, 1, 0, 0, 0, 2, 0, 0, 0, 0, 0, 0, 0, 0, 0, 0, 0, 2, 0, 0, 0, 
56, 1, 0, 0, 0, 0, 0, 0, 0, 1, 1, 0, 1, 0, 1, 0, 1, 0, 0, 0, 0, 0, 0, 0, 0, 19, 1, 0, 0, 62, 6, 2, 8, 4, 6, 1, 2, 47, 4, 3, 2, 1, 3, 1, 2, 1, 0, 0, 0, 8, 1, 3, 1, 0, 0, 1, 0, 35, 0, 2, 3, 3, 2, 3, 2, 8, 5, 7, 7, 4, 0, 1, 0, 26, 4, 2, 3, 2, 0, 0, 0, 1, 0, 0, 0, 2, 0, 0, 0, 2, 0, 0, 0, 1, 0, 0, 0, 0, 0, 0, 0, 0, 0, 0, 0, 0, 0, 0, 0, 0, 0, 0, 0, 
57, 1, 2, 2, 0, 0, 1, 0, 2, 1, 1, 1, 0, 0, 1, 1, 2, 0, 1, 0, 0, 0, 1, 0, 1, 13, 1, 1, 1, 58, 12, 12, 6, 2, 2, 3, 2, 51, 1, 2, 2, 1, 1, 0, 0, 3, 1, 2, 1, 12, 2, 0, 0, 1, 0, 0, 2, 26, 2, 1, 0, 1, 0, 1, 0, 6, 4, 5, 6, 4, 0, 2, 0, 29, 8, 5, 0, 0, 0, 0, 0, 0, 0, 0, 0, 0, 0, 0, 0, 1, 0, 0, 0, 0, 0, 0, 0, 1, 0, 0, 0, 2, 0, 0, 0, 2, 0, 0, 0, 2, 0, 0, 0, 
58, 0, 1, 0, 2, 1, 0, 0, 1, 0, 0, 0, 0, 0, 0, 0, 0, 0, 1, 0, 0, 0, 0, 2, 1, 7, 2, 0, 2, 82, 11, 10, 2, 2, 0, 0, 0, 40, 6, 4, 2, 14, 2, 1, 0, 3, 3, 4, 5, 0, 1, 0, 2, 3, 3, 5, 2, 35, 2, 1, 2, 5, 1, 2, 0, 5, 7, 2, 2, 9, 0, 0, 1, 21, 3, 3, 2, 0, 0, 0, 0, 0, 0, 0, 0, 0, 0, 0, 0, 0, 0, 0, 0, 1, 0, 0, 0, 0, 0, 0, 0, 1, 0, 0, 0, 3, 0, 0, 0, 3, 0, 0, 0, 
59, 1, 2, 2, 0, 0, 0, 0, 1, 2, 0, 0, 0, 0, 0, 0, 0, 1, 0, 0, 0, 0, 1, 0, 0, 24, 3, 1, 1, 94, 12, 3, 6, 4, 0, 3, 2, 32, 4, 2, 3, 14, 2, 0, 0, 0, 1, 1, 1, 4, 2, 3, 1, 4, 0, 3, 3, 44, 5, 2, 1, 1, 1, 1, 0, 5, 3, 4, 4, 4, 1, 3, 2, 16, 1, 5, 1, 1, 0, 0, 0, 1, 0, 0, 0, 0, 0, 0, 0, 1, 0, 0, 0, 1, 0, 0, 0, 1, 0, 0, 0, 1, 0, 0, 0, 1, 0, 0, 0, 1, 0, 0, 0, 
60, 1, 3, 1, 1, 1, 1, 1, 0, 1, 2, 0, 0, 0, 0, 0, 0, 0, 0, 0, 0, 0, 1, 2, 0, 22, 1, 1, 1, 99, 8, 8, 6, 1, 1, 1, 1, 35, 6, 2, 4, 14, 1, 1, 0, 0, 0, 0, 0, 5, 4, 12, 6, 3, 2, 3, 0, 33, 1, 1, 0, 0, 0, 0, 0, 2, 5, 1, 1, 0, 2, 1, 2, 17, 2, 4, 2, 2, 0, 0, 0, 1, 0, 0, 0, 1, 0, 0, 0, 1, 0, 0, 0, 0, 0, 0, 0, 1, 0, 0, 0, 1, 0, 0, 0, 1, 0, 0, 0, 1, 0, 0, 0, 
61, 1, 1, 1, 0, 1, 0, 0, 1, 1, 0, 0, 0, 0, 0, 0, 0, 0, 0, 0, 0, 0, 0, 0, 0, 25, 1, 3, 0, 100, 7, 10, 5, 0, 0, 1, 1, 36, 3, 3, 3, 4, 0, 1, 2, 2, 2, 3, 2, 10, 4, 7, 13, 2, 2, 0, 3, 17, 1, 3, 1, 1, 0, 1, 0, 1, 2, 3, 0, 2, 2, 2, 3, 24, 4, 1, 2, 0, 0, 0, 0, 0, 0, 0, 0, 2, 0, 0, 0, 0, 0, 0, 0, 1, 0, 0, 0, 2, 0, 0, 0, 0, 0, 0, 0, 1, 0, 0, 0, 0, 0, 0, 0, 
62, 5, 1, 0, 3, 0, 0, 1, 0, 0, 0, 0, 0, 0, 0, 0, 0, 0, 0, 0, 0, 2, 1, 3, 1, 18, 1, 0, 2, 100, 5, 9, 7, 0, 0, 0, 1, 22, 2, 2, 4, 20, 1, 0, 0, 2, 1, 1, 2, 7, 8, 9, 9, 0, 3, 1, 1, 18, 3, 2, 0, 0, 0, 0, 0, 1, 0, 3, 3, 7, 4, 6, 5, 23, 0, 1, 2, 1, 0, 0, 0, 0, 0, 0, 0, 1, 0, 0, 0, 1, 0, 0, 0, 0, 0, 0, 0, 0, 0, 0, 0, 0, 0, 0, 0, 4, 0, 0, 0, 0, 0, 0, 0, 
63, 3, 2, 3, 0, 0, 1, 0, 1, 0, 1, 1, 2, 0, 0, 0, 0, 1, 1, 0, 0, 0, 1, 0, 0, 24, 6, 0, 1, 100, 7, 7, 7, 1, 0, 0, 0, 23, 6, 1, 0, 3, 5, 1, 1, 1, 0, 0, 0, 12, 5, 8, 13, 0, 1, 2, 1, 10, 3, 1, 2, 2, 3, 0, 0, 0, 0, 0, 0, 9, 7, 15, 5, 17, 8, 2, 5, 1, 0, 0, 0, 0, 0, 0, 0, 1, 0, 0, 0, 0, 0, 0, 0, 1, 0, 0, 0, 0, 0, 0, 0, 1, 0, 0, 0, 2, 0, 0, 0, 0, 0, 0, 0, 
64, 5, 0, 3, 0, 1, 0, 1, 0, 1, 1, 0, 0, 1, 0, 0, 1, 2, 0, 0, 0, 1, 0, 1, 0, 36, 0, 0, 0, 100, 9, 6, 6, 1, 1, 1, 1, 11, 2, 1, 4, 8, 4, 1, 2, 0, 0, 2, 0, 14, 12, 16, 13, 2, 2, 3, 1, 4, 1, 1, 1, 0, 1, 2, 0, 0, 0, 1, 3, 11, 13, 11, 9, 9, 2, 1, 2, 2, 0, 0, 0, 0, 0, 0, 0, 2, 0, 0, 0, 0, 0, 0, 0, 0, 0, 0, 0, 1, 0, 0, 0, 0, 0, 0, 0, 0, 0, 0, 0, 1, 0, 0, 0, 
65, 0, 2, 3, 1, 0, 0, 2, 1, 0, 0, 0, 0, 1, 0, 0, 0, 0, 0, 1, 0, 0, 0, 1, 2, 45, 0, 4, 0, 100, 4, 7, 6, 8, 4, 3, 1, 5, 4, 1, 0, 9, 5, 5, 1, 4, 2, 0, 1, 9, 19, 14, 17, 4, 0, 1, 3, 1, 2, 0, 1, 4, 1, 0, 2, 6, 3, 4, 1, 24, 9, 10, 7, 0, 1, 2, 0, 1, 0, 0, 0, 1, 0, 0, 0, 0, 0, 0, 0, 2, 0, 0, 0, 0, 0, 0, 0, 0, 0, 0, 0, 1, 0, 0, 0, 1, 0, 0, 0, 0, 0, 0, 0, 
66, 1, 2, 0, 1, 0, 0, 0, 1, 2, 0, 0, 2, 0, 0, 0, 0, 0, 0, 0, 1, 1, 0, 0, 0, 43, 3, 0, 1, 91, 5, 2, 4, 3, 3, 5, 3, 2, 1, 3, 2, 14, 2, 6, 1, 1, 2, 3, 2, 12, 11, 17, 12, 2, 1, 2, 2, 1, 2, 0, 2, 2, 3, 3, 1, 6, 6, 2, 4, 19, 16, 13, 8, 0, 0, 1, 0, 0, 0, 0, 0, 1, 0, 0, 0, 2, 0, 0, 0, 0, 0, 0, 0, 1, 0, 0, 0, 1, 0, 0, 0, 0, 0, 0, 0, 4, 0, 0, 0, 0, 0, 0, 0, 
67, 1, 0, 1, 0, 0, 0, 0, 0, 0, 0, 1, 0, 0, 0, 1, 0, 0, 1, 0, 0, 1, 0, 1, 0, 46, 3, 0, 0, 74, 9, 7, 5, 7, 8, 2, 3, 5, 4, 8, 4, 3, 4, 4, 4, 0, 1, 2, 1, 19, 13, 17, 19, 5, 8, 8, 5, 0, 2, 0, 2, 1, 1, 2, 1, 4, 5, 7, 3, 51, 21, 11, 7, 5, 1, 2, 1, 1, 0, 0, 0, 0, 0, 0, 0, 1, 0, 0, 0, 1, 0, 0, 0, 0, 0, 0, 0, 1, 0, 0, 0, 1, 0, 0, 0, 2, 0, 0, 0, 1, 0, 0, 0, 
68, 1, 0, 1, 0, 1, 1, 2, 1, 0, 0, 0, 0, 0, 0, 1, 0, 1, 0, 0, 0, 0, 0, 0, 0, 32, 0, 0, 0, 56, 5, 13, 8, 9, 3, 3, 4, 11, 6, 5, 3, 11, 0, 6, 6, 12, 4, 3, 0, 25, 20, 26, 12, 6, 4, 1, 5, 1, 3, 0, 0, 1, 1, 0, 1, 6, 6, 6, 1, 67, 10, 11, 11, 8, 4, 3, 3, 2, 0, 0, 0, 2, 0, 0, 0, 0, 0, 0, 0, 0, 0, 0, 0, 0, 0, 0, 0, 1, 0, 0, 0, 2, 0, 0, 0, 2, 0, 0, 0, 0, 0, 0, 0, 
69, 1, 2, 1, 1, 0, 0, 0, 0, 0, 1, 0, 0, 0, 2, 1, 0, 0, 2, 0, 0, 0, 0, 2, 0, 31, 0, 1, 1, 61, 2, 8, 5, 11, 2, 4, 0, 10, 2, 4, 6, 11, 3, 3, 4, 18, 2, 3, 1, 24, 27, 25, 18, 0, 1, 2, 1, 2, 1, 8, 2, 0, 0, 0, 0, 2, 4, 0, 4, 76, 6, 8, 13, 2, 1, 1, 3, 2, 0, 0, 0, 0, 0, 0, 0, 0, 0, 0, 0, 0, 0, 0, 0, 1, 0, 0, 0, 1, 0, 0, 0, 2, 0, 0, 0, 0, 0, 0, 0, 1, 0, 0, 0, 
70, 1, 0, 1, 0, 0, 1, 0, 0, 1, 0, 0, 1, 0, 0, 0, 0, 0, 0, 0, 0, 1, 0, 2, 0, 8, 1, 1, 0, 66, 3, 11, 6, 22, 6, 3, 1, 6, 1, 4, 3, 21, 6, 6, 3, 13, 4, 4, 0, 39, 17, 24, 21, 0, 0, 0, 2, 3, 1, 4, 1, 1, 2, 0, 2, 3, 1, 7, 1, 62, 6, 7, 10, 0, 1, 0, 0, 1, 0, 0, 0, 2, 0, 0, 0, 1, 0, 0, 0, 1, 0, 0, 0, 0, 0, 0, 0, 3, 0, 0, 0, 1, 0, 0, 0, 0, 0, 0, 0, 1, 0, 0, 0, 
71, 1, 0, 0, 1, 0, 0, 1, 0, 0, 0, 0, 0, 1, 0, 1, 0, 0, 0, 0, 0, 1, 0, 0, 0, 10, 2, 0, 1, 60, 8, 5, 5, 18, 2, 4, 1, 3, 3, 0, 0, 31, 3, 3, 5, 25, 2, 2, 2, 44, 20, 23, 26, 10, 3, 3, 1, 1, 1, 0, 3, 6, 5, 5, 2, 3, 7, 6, 5, 64, 13, 16, 11, 0, 0, 1, 2, 2, 0, 0, 0, 0, 0, 0, 0, 0, 0, 0, 0, 0, 0, 0, 0, 2, 0, 0, 0, 3, 0, 0, 0, 1, 0, 0, 0, 0, 0, 0, 0, 1, 0, 0, 0, 
72, 0, 0, 0, 0, 0, 0, 0, 2, 1, 0, 1, 1, 0, 0, 0, 0, 0, 0, 1, 0, 0, 0, 1, 1, 5, 1, 0, 1, 54, 7, 11, 4, 29, 4, 4, 2, 6, 5, 7, 5, 22, 2, 5, 5, 20, 2, 1, 1, 53, 16, 22, 17, 1, 5, 3, 0, 3, 0, 0, 0, 2, 3, 1, 2, 14, 4, 2, 3, 85, 15, 10, 8, 0, 1, 0, 2, 2, 0, 0, 0, 1, 0, 0, 0, 1, 0, 0, 0, 0, 0, 0, 0, 1, 0, 0, 0, 0, 0, 0, 0, 0, 0, 0, 0, 0, 0, 0, 0, 2, 0, 0, 0, 
73, 1, 0, 0, 1, 2, 0, 0, 0, 0, 0, 0, 0, 0, 0, 1, 0, 0, 2, 0, 0, 1, 1, 0, 1, 4, 1, 0, 1, 45, 5, 2, 8, 43, 4, 3, 3, 5, 3, 5, 4, 18, 9, 2, 4, 39, 4, 0, 1, 50, 28, 23, 20, 3, 4, 2, 2, 1, 4, 7, 0, 0, 0, 1, 0, 20, 6, 1, 4, 85, 8, 8, 7, 1, 2, 0, 0, 0, 0, 0, 0, 3, 0, 0, 0, 1, 0, 0, 0, 0, 0, 0, 0, 1, 0, 0, 0, 1, 0, 0, 0, 1, 0, 0, 0, 0, 0, 0, 0, 0, 0, 0, 0, 
74, 2, 0, 1, 2, 1, 0, 0, 0, 0, 0, 1, 0, 0, 0, 0, 0, 0, 0, 1, 0, 0, 0, 0, 0, 3, 2, 0, 1, 29, 8, 2, 1, 41, 3, 3, 2, 11, 5, 5, 6, 22, 5, 3, 4, 43, 1, 2, 0, 51, 22, 21, 14, 3, 3, 5, 5, 0, 1, 1, 0, 2, 2, 1, 1, 3, 1, 3, 4, 91, 9, 14, 8, 2, 1, 1, 2, 0, 0, 0, 0, 1, 0, 0, 0, 2, 0, 0, 0, 0, 0, 0, 0, 0, 0, 0, 0, 0, 0, 0, 0, 1, 0, 0, 0, 0, 0, 0, 0, 0, 0, 0, 0, 
75, 1, 0, 0, 2, 0, 0, 0, 0, 0, 0, 0, 0, 0, 0, 0, 1, 0, 0, 0, 0, 0, 0, 0, 0, 2, 0, 1, 0, 17, 10, 4, 9, 36, 3, 4, 2, 19, 6, 7, 5, 27, 5, 6, 2, 45, 6, 3, 0, 45, 25, 15, 18, 5, 2, 4, 4, 4, 3, 1, 1, 1, 2, 0, 1, 2, 4, 2, 1, 81, 15, 10, 6, 0, 7, 3, 2, 0, 0, 0, 0, 0, 0, 0, 0, 0, 0, 0, 0, 0, 0, 0, 0, 0, 0, 0, 0, 3, 0, 0, 0, 1, 0, 0, 0, 2, 0, 0, 0, 3, 0, 0, 0, 
76, 0, 0, 0, 0, 1, 0, 0, 0, 0, 0, 0, 0, 0, 1, 0, 1, 0, 0, 0, 0, 0, 0, 1, 1, 3, 1, 7, 3, 25, 10, 7, 4, 20, 5, 3, 2, 22, 3, 6, 8, 49, 8, 3, 8, 57, 0, 0, 0, 37, 15, 23, 13, 1, 2, 2, 4, 0, 3, 0, 0, 0, 0, 0, 0, 2, 1, 0, 1, 94, 6, 15, 12, 5, 3, 7, 4, 1, 0, 0, 0, 2, 0, 0, 0, 3, 0, 0, 0, 1, 0, 0, 0, 1, 0, 0, 0, 4, 0, 0, 0, 0, 0, 0, 0, 0, 0, 0, 0, 0, 0, 0, 0, 
77, 1, 0, 2, 0, 1, 0, 1, 0, 1, 0, 0, 0, 0, 0, 0, 1, 1, 0, 0, 0, 1, 0, 0, 0, 3, 2, 0, 4, 21, 8, 12, 9, 21, 3, 3, 5, 40, 4, 7, 3, 61, 4, 2, 2, 55, 2, 0, 2, 25, 19, 19, 21, 3, 5, 2, 1, 2, 3, 1, 2, 0, 2, 2, 1, 0, 0, 1, 0, 100, 11, 12, 7, 2, 1, 2, 2, 0, 0, 0, 0, 0, 0, 0, 0, 2, 0, 0, 0, 2, 0, 0, 0, 1, 0, 0, 0, 1, 0, 0, 0, 0, 0, 0, 0, 1, 0, 0, 0, 1, 0, 0, 0, 
78, 0, 0, 0, 0, 0, 0, 1, 0, 3, 2, 0, 0, 0, 1, 0, 1, 2, 0, 0, 0, 0, 0, 0, 0, 2, 2, 0, 1, 40, 2, 11, 12, 30, 1, 3, 5, 50, 6, 4, 3, 59, 8, 2, 4, 56, 1, 2, 1, 25, 12, 15, 20, 0, 0, 1, 0, 2, 2, 1, 1, 1, 1, 0, 0, 4, 2, 3, 0, 100, 13, 13, 9, 1, 0, 0, 0, 0, 0, 0, 0, 1, 0, 0, 0, 1, 0, 0, 0, 2, 0, 0, 0, 0, 0, 0, 0, 2, 0, 0, 0, 1, 0, 0, 0, 2, 0, 0, 0, 1, 0, 0, 0, 
79, 0, 0, 2, 0, 0, 0, 2, 1, 0, 0, 1, 1, 0, 0, 0, 1, 0, 0, 0, 0, 0, 0, 1, 0, 1, 0, 0, 0, 42, 11, 4, 2, 21, 7, 2, 2, 53, 3, 5, 2, 66, 6, 3, 4, 62, 1, 1, 0, 24, 15, 21, 14, 1, 0, 0, 1, 5, 1, 2, 0, 0, 0, 2, 0, 1, 2, 0, 1, 100, 6, 11, 5, 2, 1, 0, 0, 2, 0, 0, 0, 0, 0, 0, 0, 0, 0, 0, 0, 1, 0, 0, 0, 0, 0, 0, 0, 3, 0, 0, 0, 0, 0, 0, 0, 1, 0, 0, 0, 2, 0, 0, 0, 
80, 0, 1, 1, 1, 1, 0, 1, 1, 0, 0, 1, 0, 2, 0, 0, 0, 0, 0, 0, 0, 0, 0, 3, 1, 6, 5, 1, 3, 38, 6, 2, 6, 9, 4, 4, 2, 44, 2, 0, 2, 65, 3, 5, 6, 63, 2, 0, 2, 11, 12, 13, 17, 1, 1, 0, 2, 0, 1, 0, 0, 4, 3, 0, 3, 1, 2, 3, 2, 100, 9, 5, 6, 1, 3, 1, 1, 0, 0, 0, 0, 2, 0, 0, 0, 1, 0, 0, 0, 1, 0, 0, 0, 3, 0, 0, 0, 1, 0, 0, 0, 0, 0, 0, 0, 1, 0, 0, 0, 0, 0, 0, 0, 
81, 3, 2, 2, 2, 2, 0, 1, 1, 0, 0, 1, 0, 0, 2, 1, 1, 2, 1, 0, 1, 0, 0, 0, 0, 10, 1, 3, 3, 49, 2, 7, 2, 1, 4, 0, 7, 33, 6, 4, 1, 53, 8, 3, 4, 73, 2, 1, 2, 12, 7, 11, 12, 0, 2, 0, 1, 1, 2, 1, 1, 3, 0, 2, 1, 1, 8, 3, 1, 86, 10, 12, 5, 1, 0, 2, 0, 0, 0, 0, 0, 0, 0, 0, 0, 1, 0, 0, 0, 2, 0, 0, 0, 3, 0, 0, 0, 1, 0, 0, 0, 0, 0, 0, 0, 1, 0, 0, 0, 0, 0, 0, 0, 
82, 0, 0, 1, 1, 0, 0, 1, 0, 1, 0, 0, 2, 0, 0, 0, 1, 1, 0, 0, 0, 0, 0, 0, 0, 7, 1, 1, 4, 39, 15, 4, 4, 3, 7, 5, 2, 25, 6, 1, 3, 55, 5, 3, 4, 70, 2, 2, 0, 12, 8, 11, 11, 10, 2, 0, 3, 0, 0, 0, 1, 1, 2, 0, 0, 1, 3, 4, 0, 89, 10, 5, 5, 2, 3, 3, 3, 0, 0, 0, 0, 2, 0, 0, 0, 2, 0, 0, 0, 0, 0, 0, 0, 0, 0, 0, 0, 2, 0, 0, 0, 1, 0, 0, 0, 0, 0, 0, 0, 1, 0, 0, 0, 
83, 1, 1, 0, 0, 0, 0, 2, 0, 1, 1, 0, 0, 0, 2, 0, 0, 0, 1, 0, 0, 0, 0, 0, 1, 8, 1, 4, 0, 46, 5, 4, 5, 8, 11, 14, 6, 9, 2, 5, 6, 50, 4, 5, 4, 70, 1, 2, 4, 6, 11, 3, 6, 9, 1, 3, 3, 1, 0, 1, 0, 4, 0, 1, 1, 3, 4, 4, 2, 81, 7, 9, 7, 14, 6, 2, 6, 1, 0, 0, 0, 1, 0, 0, 0, 2, 0, 0, 0, 1, 0, 0, 0, 0, 0, 0, 0, 2, 0, 0, 0, 0, 0, 0, 0, 0, 0, 0, 0, 1, 0, 0, 0, 
84, 2, 0, 2, 1, 0, 0, 0, 0, 0, 0, 0, 0, 0, 0, 0, 0, 2, 0, 0, 1, 0, 0, 1, 0, 1, 5, 4, 1, 42, 5, 1, 5, 8, 7, 8, 11, 3, 2, 3, 3, 45, 7, 5, 5, 65, 2, 0, 3, 8, 6, 4, 5, 20, 2, 1, 2, 2, 0, 0, 0, 0, 1, 0, 0, 10, 5, 4, 3, 68, 13, 17, 9, 18, 3, 5, 1, 2, 0, 0, 0, 2, 0, 0, 0, 0, 0, 0, 0, 2, 0, 0, 0, 1, 0, 0, 0, 1, 0, 0, 0, 2, 0, 0, 0, 1, 0, 0, 0, 0, 0, 0, 0, 
85, 0, 0, 1, 1, 2, 0, 1, 5, 0, 1, 0, 1, 1, 4, 0, 0, 0, 1, 0, 0, 0, 0, 1, 0, 6, 5, 2, 0, 39, 5, 6, 5, 8, 6, 9, 6, 1, 1, 0, 0, 55, 3, 3, 3, 60, 1, 2, 1, 3, 1, 5, 3, 28, 0, 4, 1, 6, 4, 1, 2, 5, 3, 2, 1, 3, 5, 1, 4, 73, 11, 12, 7, 0, 2, 5, 2, 0, 0, 0, 0, 2, 0, 0, 0, 0, 0, 0, 0, 0, 0, 0, 0, 0, 0, 0, 0, 0, 0, 0, 0, 1, 0, 0, 0, 0, 0, 0, 0, 0, 0, 0, 0, 
86, 1, 0, 0, 1, 0, 0, 0, 0, 0, 1, 0, 0, 1, 0, 0, 0, 1, 1, 0, 2, 0, 0, 0, 0, 6, 4, 5, 11, 25, 5, 5, 4, 12, 12, 9, 9, 0, 2, 2, 3, 49, 2, 3, 5, 63, 0, 1, 2, 2, 0, 3, 4, 27, 1, 3, 2, 3, 3, 1, 1, 6, 5, 3, 6, 8, 2, 4, 2, 67, 11, 12, 6, 3, 7, 3, 4, 1, 0, 0, 0, 0, 0, 0, 0, 2, 0, 0, 0, 0, 0, 0, 0, 0, 0, 0, 0, 1, 0, 0, 0, 0, 0, 0, 0, 3, 0, 0, 0, 2, 0, 0, 0, 
87, 3, 1, 0, 1, 1, 1, 2, 1, 0, 0, 0, 0, 0, 3, 2, 1, 3, 2, 0, 3, 1, 0, 1, 1, 0, 1, 0, 1, 8, 4, 7, 7, 14, 7, 13, 5, 10, 1, 4, 3, 55, 4, 5, 3, 52, 1, 2, 1, 3, 1, 3, 1, 19, 0, 2, 3, 14, 4, 3, 2, 1, 3, 5, 8, 0, 0, 0, 0, 69, 9, 9, 12, 9, 4, 6, 3, 0, 0, 0, 0, 0, 0, 0, 0, 1, 0, 0, 0, 1, 0, 0, 0, 0, 0, 0, 0, 2, 0, 0, 0, 1, 0, 0, 0, 0, 0, 0, 0, 0, 0, 0, 0, 
88, 0, 1, 1, 0, 0, 1, 1, 0, 0, 0, 0, 0, 0, 3, 2, 0, 0, 0, 0, 2, 2, 0, 2, 0, 0, 0, 1, 0, 5, 7, 6, 3, 6, 11, 21, 8, 5, 5, 3, 3, 65, 8, 4, 4, 50, 0, 1, 1, 4, 2, 1, 1, 26, 1, 1, 1, 14, 2, 1, 2, 11, 2, 8, 4, 3, 5, 4, 3, 65, 10, 4, 8, 1, 1, 1, 0, 3, 0, 0, 0, 0, 0, 0, 0, 0, 0, 0, 0, 2, 0, 0, 0, 1, 0, 0, 0, 0, 0, 0, 0, 1, 0, 0, 0, 0, 0, 0, 0, 0, 0, 0, 0, 
89, 1, 0, 0, 0, 0, 2, 0, 0, 0, 0, 0, 0, 0, 0, 0, 0, 1, 0, 2, 0, 0, 0, 1, 0, 4, 3, 3, 0, 3, 3, 2, 4, 15, 12, 7, 10, 14, 6, 2, 1, 75, 4, 4, 4, 51, 3, 2, 2, 2, 1, 3, 4, 33, 8, 1, 2, 11, 2, 3, 2, 1, 3, 1, 2, 2, 1, 3, 3, 49, 10, 6, 9, 0, 2, 0, 2, 1, 0, 0, 0, 0, 0, 0, 0, 0, 0, 0, 0, 1, 0, 0, 0, 0, 0, 0, 0, 2, 0, 0, 0, 0, 0, 0, 0, 3, 0, 0, 0, 1, 0, 0, 0, 
90, 0, 1, 0, 0, 0, 2, 1, 0, 1, 2, 1, 0, 0, 0, 1, 0, 0, 0, 0, 0, 0, 0, 0, 0, 18, 3, 1, 0, 2, 0, 0, 0, 12, 8, 13, 8, 17, 6, 4, 0, 69, 4, 9, 4, 63, 1, 1, 0, 6, 2, 6, 4, 27, 1, 3, 1, 15, 4, 1, 3, 1, 1, 0, 1, 0, 1, 2, 1, 40, 17, 13, 4, 8, 3, 3, 1, 0, 0, 0, 0, 0, 0, 0, 0, 2, 0, 0, 0, 1, 0, 0, 0, 0, 0, 0, 0, 0, 0, 0, 0, 0, 0, 0, 0, 2, 0, 0, 0, 0, 0, 0, 0, 
91, 1, 0, 0, 0, 0, 0, 0, 1, 2, 1, 1, 0, 0, 1, 1, 0, 0, 0, 0, 0, 0, 0, 0, 0, 26, 3, 2, 2, 1, 3, 2, 1, 11, 10, 8, 5, 6, 3, 4, 2, 61, 4, 3, 1, 66, 0, 0, 2, 1, 5, 5, 5, 28, 3, 0, 1, 22, 8, 2, 2, 1, 0, 0, 2, 6, 0, 0, 1, 47, 13, 7, 8, 26, 1, 0, 1, 1, 0, 0, 0, 1, 0, 0, 0, 1, 0, 0, 0, 1, 0, 0, 0, 1, 0, 0, 0, 1, 0, 0, 0, 1, 0, 0, 0, 0, 0, 0, 0, 2, 0, 0, 0, 
92, 3, 3, 3, 2, 0, 0, 0, 1, 1, 0, 0, 0, 1, 0, 1, 0, 0, 0, 0, 1, 0, 0, 0, 1, 17, 2, 2, 1, 1, 3, 0, 2, 13, 9, 6, 12, 0, 1, 0, 0, 56, 6, 0, 5, 74, 0, 1, 1, 1, 1, 1, 0, 32, 0, 1, 1, 28, 2, 2, 4, 6, 1, 2, 2, 9, 1, 1, 1, 51, 13, 14, 6, 25, 0, 2, 1, 1, 0, 0, 0, 2, 0, 0, 0, 0, 0, 0, 0, 0, 0, 0, 0, 1, 0, 0, 0, 1, 0, 0, 0, 4, 0, 0, 0, 1, 0, 0, 0, 1, 0, 0, 0, 
93, 0, 1, 3, 1, 0, 2, 0, 1, 0, 0, 1, 1, 0, 0, 0, 0, 0, 0, 0, 0, 0, 0, 1, 0, 24, 0, 1, 0, 1, 1, 3, 0, 14, 15, 9, 12, 2, 1, 1, 3, 50, 4, 5, 3, 71, 2, 0, 2, 3, 1, 2, 7, 25, 1, 1, 1, 35, 6, 3, 0, 0, 0, 0, 0, 2, 2, 4, 0, 58, 6, 10, 14, 24, 1, 1, 4, 0, 0, 0, 0, 0, 0, 0, 0, 1, 0, 0, 0, 1, 0, 0, 0, 1, 0, 0, 0, 0, 0, 0, 0, 0, 0, 0, 0, 1, 0, 0, 0, 0, 0, 0, 0, 
94, 1, 1, 0, 0, 0, 2, 1, 1, 1, 1, 1, 0, 3, 0, 0, 0, 0, 0, 0, 1, 0, 1, 1, 0, 10, 4, 3, 2, 2, 3, 3, 4, 15, 14, 11, 3, 0, 0, 0, 0, 52, 5, 2, 1, 66, 5, 1, 3, 9, 4, 1, 1, 18, 1, 2, 4, 51, 3, 2, 3, 0, 1, 2, 0, 12, 0, 1, 2, 63, 10, 9, 8, 18, 2, 1, 3, 0, 0, 0, 0, 4, 0, 0, 0, 0, 0, 0, 0, 1, 0, 0, 0, 1, 0, 0, 0, 1, 0, 0, 0, 0, 0, 0, 0, 0, 0, 0, 0, 1, 0, 0, 0, 
95, 0, 0, 0, 0, 0, 0, 0, 0, 0, 0, 0, 2, 0, 0, 0, 0, 0, 1, 1, 0, 0, 0, 1, 0, 2, 6, 2, 3, 1, 0, 1, 0, 12, 13, 12, 6, 3, 1, 1, 2, 41, 5, 2, 3, 69, 3, 1, 1, 18, 6, 2, 1, 21, 2, 0, 2, 54, 2, 2, 3, 1, 2, 0, 0, 3, 0, 0, 1, 60, 9, 7, 10, 14, 2, 1, 2, 1, 0, 0, 0, 1, 0, 0, 0, 1, 0, 0, 0, 0, 0, 0, 0, 0, 0, 0, 0, 0, 0, 0, 0, 1, 0, 0, 0, 5, 0, 0, 0, 0, 0, 0, 0, 
96, 1, 0, 1, 1, 1, 1, 0, 0, 0, 0, 0, 0, 0, 1, 1, 0, 1, 0, 0, 1, 1, 0, 0, 0, 6, 1, 1, 5, 5, 1, 0, 0, 20, 8, 9, 9, 0, 0, 0, 1, 46, 3, 1, 3, 81, 0, 1, 2, 16, 3, 0, 1, 4, 3, 0, 1, 70, 5, 2, 0, 8, 0, 2, 2, 0, 0, 2, 0, 56, 5, 11, 4, 14, 0, 2, 0, 0, 0, 0, 0, 2, 0, 0, 0, 0, 0, 0, 0, 2, 0, 0, 0, 1, 0, 0, 0, 4, 0, 0, 0, 0, 0, 0, 0, 1, 0, 0, 0, 1, 0, 0, 0, 
97, 1, 1, 0, 0, 1, 2, 0, 0, 0, 0, 0, 0, 2, 1, 0, 0, 1, 0, 0, 1, 0, 0, 0, 0, 1, 1, 1, 2, 0, 0, 1, 0, 14, 13, 12, 4, 1, 3, 5, 2, 38, 9, 6, 2, 88, 2, 1, 0, 17, 2, 3, 3, 0, 1, 2, 1, 66, 3, 1, 0, 1, 0, 1, 2, 0, 0, 1, 1, 53, 6, 9, 6, 5, 7, 1, 2, 0, 0, 0, 0, 1, 0, 0, 0, 0, 0, 0, 0, 0, 0, 0, 0, 2, 0, 0, 0, 1, 0, 0, 0, 1, 0, 0, 0, 1, 0, 0, 0, 1, 0, 0, 0, 
98, 0, 0, 0, 2, 0, 1, 1, 0, 2, 1, 1, 1, 0, 0, 0, 1, 0, 1, 1, 0, 2, 1, 1, 2, 2, 1, 0, 2, 5, 4, 0, 4, 17, 8, 10, 4, 4, 5, 7, 4, 43, 3, 3, 6, 100, 2, 1, 0, 10, 1, 6, 0, 1, 3, 0, 0, 56, 2, 1, 0, 2, 1, 1, 3, 2, 3, 2, 3, 44, 9, 11, 6, 11, 4, 0, 0, 0, 0, 0, 0, 1, 0, 0, 0, 1, 0, 0, 0, 0, 0, 0, 0, 3, 0, 0, 0, 0, 0, 0, 0, 1, 0, 0, 0, 0, 0, 0, 0, 0, 0, 0, 0, 
99, 0, 1, 0, 0, 2, 3, 1, 1, 1, 0, 1, 0, 0, 1, 0, 0, 0, 0, 0, 2, 2, 0, 0, 0, 1, 1, 0, 0, 2, 0, 2, 0, 16, 10, 8, 15, 6, 5, 3, 9, 38, 11, 2, 6, 94, 2, 1, 1, 1, 0, 0, 1, 5, 3, 3, 0, 60, 4, 1, 0, 1, 2, 3, 3, 2, 0, 1, 0, 42, 11, 11, 8, 11, 2, 0, 0, 1, 0, 0, 0, 0, 0, 0, 0, 1, 0, 0, 0, 1, 0, 0, 0, 0, 0, 0, 0, 0, 0, 0, 0, 0, 0, 0, 0, 2, 0, 0, 0, 1, 0, 0, 0, 