0, 0, 1, 1, 1, 0, 0, 0, 0, 1, 0, 0, 0, 2, 0, 0, 1, 0, 1, 2, 1, 0, 0, 0, 0, 3, 1, 2, 0, 2, 2, 0, 3, 0, 2, 0, 2, 1, 1, 0, 0, 3, 4, 3, 4, 0, 0, 0, 0, 3, 4, 1, 0, 1, 1, 0, 1, 1, 1, 2, 0, 0, 0, 1, 0, 0, 0, 2, 0, 2, 0, 0, 1, 0, 0, 0, 0, 1, 0, 0, 0, 1, 0, 0, 0, 2, 0, 0, 0, 0, 0, 0, 0, 0, 0, 0, 0, 1, 0, 0, 0, 2, 0, 0, 0, 0, 0, 0, 0, 0, 0, 0, 0, 
1, 3, 0, 0, 0, 2, 2, 0, 0, 0, 0, 1, 1, 0, 0, 2, 1, 0, 0, 1, 0, 0, 1, 0, 0, 2, 1, 0, 0, 2, 0, 1, 3, 4, 5, 5, 5, 0, 3, 1, 0, 8, 5, 3, 0, 0, 1, 0, 0, 0, 0, 1, 2, 0, 1, 2, 1, 1, 1, 2, 1, 1, 1, 2, 0, 2, 1, 0, 3, 0, 0, 1, 1, 1, 1, 0, 0, 2, 0, 0, 0, 0, 0, 0, 0, 0, 0, 0, 0, 1, 0, 0, 0, 0, 0, 0, 0, 1, 0, 0, 0, 0, 0, 0, 0, 1, 0, 0, 0, 1, 0, 0, 0, 
2, 0, 0, 0, 1, 1, 2, 3, 2, 2, 0, 3, 3, 0, 1, 0, 0, 0, 0, 0, 0, 0, 0, 2, 0, 2, 3, 1, 2, 3, 1, 4, 3, 4, 4, 0, 1, 0, 0, 1, 0, 0, 0, 1, 0, 3, 2, 2, 3, 1, 2, 0, 0, 8, 2, 2, 0, 0, 2, 0, 0, 0, 0, 0, 0, 0, 0, 0, 0, 7, 1, 0, 2, 2, 2, 4, 1, 0, 0, 0, 0, 1, 0, 0, 0, 0, 0, 0, 0, 2, 0, 0, 0, 0, 0, 0, 0, 1, 0, 0, 0, 0, 0, 0, 0, 1, 0, 0, 0, 0, 0, 0, 0, 
3, 1, 2, 1, 0, 2, 0, 4, 1, 0, 0, 1, 0, 0, 0, 0, 0, 2, 0, 0, 1, 0, 0, 2, 0, 1, 0, 1, 0, 0, 4, 1, 0, 2, 4, 3, 5, 5, 3, 6, 3, 4, 5, 0, 0, 3, 3, 2, 0, 19, 0, 1, 0, 2, 3, 1, 1, 0, 2, 0, 1, 0, 0, 0, 0, 1, 1, 0, 1, 1, 0, 0, 0, 0, 3, 2, 0, 1, 0, 0, 0, 0, 0, 0, 0, 1, 0, 0, 0, 1, 0, 0, 0, 0, 0, 0, 0, 0, 0, 0, 0, 0, 0, 0, 0, 2, 0, 0, 0, 2, 0, 0, 0, 
4, 0, 0, 0, 0, 0, 0, 0, 0, 1, 1, 0, 1, 0, 2, 1, 0, 0, 0, 0, 0, 0, 2, 0, 0, 3, 2, 1, 3, 3, 1, 5, 4, 3, 2, 4, 5, 2, 1, 1, 1, 16, 1, 0, 1, 1, 2, 3, 0, 8, 2, 0, 0, 1, 0, 0, 1, 7, 0, 1, 1, 4, 0, 2, 0, 15, 7, 1, 1, 6, 3, 2, 1, 0, 1, 2, 1, 1, 0, 0, 0, 2, 0, 0, 0, 0, 0, 0, 0, 0, 0, 0, 0, 0, 0, 0, 0, 1, 0, 0, 0, 0, 0, 0, 0, 0, 0, 0, 0, 0, 0, 0, 0, 
5, 1, 0, 1, 0, 0, 0, 0, 0, 1, 0, 0, 0, 0, 0, 1, 0, 0, 0, 0, 1, 0, 1, 0, 0, 1, 2, 2, 1, 6, 5, 4, 2, 0, 1, 5, 2, 1, 1, 2, 0, 17, 0, 0, 0, 0, 0, 4, 2, 17, 0, 0, 0, 1, 1, 1, 0, 4, 1, 0, 1, 0, 0, 0, 1, 25, 2, 2, 2, 6, 2, 4, 0, 0, 2, 0, 0, 0, 0, 0, 0, 0, 0, 0, 0, 0, 0, 0, 0, 0, 0, 0, 0, 1, 0, 0, 0, 0, 0, 0, 0, 1, 0, 0, 0, 1, 0, 0, 0, 0, 0, 0, 0, 
6, 0, 3, 0, 0, 4, 5, 1, 2, 0, 0, 0, 0, 1, 0, 0, 0, 0, 0, 0, 0, 0, 1, 0, 1, 4, 2, 0, 0, 0, 1, 1, 3, 0, 2, 2, 0, 1, 2, 1, 1, 24, 0, 0, 0, 0, 1, 0, 2, 6, 2, 0, 1, 1, 1, 1, 2, 0, 1, 3, 0, 0, 0, 0, 1, 29, 2, 2, 2, 2, 2, 2, 0, 2, 4, 2, 1, 2, 0, 0, 0, 1, 0, 0, 0, 0, 0, 0, 0, 0, 0, 0, 0, 0, 0, 0, 0, 1, 0, 0, 0, 1, 0, 0, 0, 0, 0, 0, 0, 3, 0, 0, 0, 
7, 0, 0, 1, 0, 0, 0, 1, 1, 0, 0, 0, 1, 0, 0, 0, 2, 0, 0, 0, 0, 0, 0, 0, 0, 0, 0, 0, 0, 0, 0, 1, 0, 3, 3, 2, 3, 2, 0, 1, 1, 8, 3, 0, 0, 4, 3, 6, 5, 10, 1, 0, 1, 2, 0, 0, 0, 2, 1, 1, 2, 3, 0, 2, 2, 31, 2, 2, 2, 2, 1, 0, 2, 2, 0, 2, 0, 0, 0, 0, 0, 0, 0, 0, 0, 0, 0, 0, 0, 0, 0, 0, 0, 0, 0, 0, 0, 1, 0, 0, 0, 0, 0, 0, 0, 1, 0, 0, 0, 4, 0, 0, 0, 
8, 3, 1, 0, 1, 0, 2, 2, 0, 0, 0, 1, 0, 0, 0, 0, 0, 0, 2, 0, 0, 0, 1, 0, 0, 0, 1, 0, 2, 1, 1, 2, 1, 4, 3, 1, 2, 1, 0, 0, 0, 2, 0, 1, 1, 16, 3, 6, 5, 6, 1, 0, 0, 4, 2, 7, 1, 0, 1, 0, 1, 2, 3, 1, 4, 29, 1, 0, 1, 2, 3, 3, 2, 7, 4, 2, 1, 1, 0, 0, 0, 0, 0, 0, 0, 1, 0, 0, 0, 2, 0, 0, 0, 0, 0, 0, 0, 1, 0, 0, 0, 2, 0, 0, 0, 1, 0, 0, 0, 0, 0, 0, 0, 
9, 0, 0, 1, 1, 0, 0, 0, 1, 0, 0, 1, 1, 0, 1, 0, 0, 0, 0, 0, 0, 0, 0, 0, 0, 5, 4, 2, 2, 1, 0, 0, 0, 3, 0, 0, 1, 2, 3, 1, 1, 1, 0, 0, 0, 3, 7, 6, 4, 0, 2, 4, 4, 5, 8, 6, 9, 1, 0, 2, 2, 3, 5, 4, 0, 24, 0, 1, 2, 2, 5, 3, 2, 7, 2, 4, 2, 2, 0, 0, 0, 0, 0, 0, 0, 3, 0, 0, 0, 0, 0, 0, 0, 0, 0, 0, 0, 0, 0, 0, 0, 0, 0, 0, 0, 3, 0, 0, 0, 1, 0, 0, 0, 
10, 0, 0, 0, 0, 1, 1, 1, 1, 1, 1, 0, 1, 0, 0, 1, 0, 0, 0, 1, 0, 0, 0, 2, 0, 2, 2, 3, 2, 0, 1, 0, 0, 0, 1, 1, 1, 1, 2, 1, 2, 0, 0, 0, 0, 1, 8, 4, 5, 1, 1, 1, 0, 9, 13, 4, 11, 0, 0, 1, 0, 25, 4, 2, 1, 19, 3, 0, 2, 2, 1, 2, 6, 3, 1, 0, 0, 0, 0, 0, 0, 1, 0, 0, 0, 1, 0, 0, 0, 0, 0, 0, 0, 1, 0, 0, 0, 0, 0, 0, 0, 0, 0, 0, 0, 1, 0, 0, 0, 1, 0, 0, 0, 
11, 3, 0, 1, 0, 0, 0, 0, 0, 0, 1, 0, 1, 1, 1, 0, 1, 0, 0, 0, 0, 1, 1, 0, 0, 4, 11, 7, 3, 6, 3, 4, 3, 1, 3, 0, 3, 0, 0, 0, 1, 0, 0, 0, 0, 2, 2, 1, 2, 2, 2, 3, 4, 8, 6, 2, 4, 2, 2, 0, 2, 22, 7, 1, 2, 15, 1, 3, 1, 18, 3, 0, 2, 1, 1, 0, 2, 0, 0, 0, 0, 2, 0, 0, 0, 1, 0, 0, 0, 3, 0, 0, 0, 0, 0, 0, 0, 2, 0, 0, 0, 1, 0, 0, 0, 1, 0, 0, 0, 2, 0, 0, 0, 
12, 0, 0, 2, 0, 1, 2, 1, 0, 0, 0, 0, 0, 1, 0, 2, 2, 0, 1, 1, 0, 1, 3, 0, 0, 4, 5, 1, 5, 1, 1, 1, 1, 0, 1, 0, 0, 2, 2, 3, 2, 1, 2, 2, 2, 4, 2, 6, 2, 2, 2, 1, 3, 3, 7, 5, 2, 3, 0, 0, 4, 27, 2, 2, 3, 21, 0, 3, 1, 9, 2, 3, 2, 0, 0, 1, 1, 0, 0, 0, 0, 0, 0, 0, 0, 0, 0, 0, 0, 1, 0, 0, 0, 0, 0, 0, 0, 1, 0, 0, 0, 0, 0, 0, 0, 0, 0, 0, 0, 0, 0, 0, 0, 
13, 0, 0, 0, 0, 1, 0, 0, 0, 0, 0, 0, 0, 0, 0, 1, 2, 1, 0, 0, 0, 0, 1, 1, 1, 2, 2, 2, 2, 1, 0, 1, 0, 2, 1, 2, 0, 1, 8, 2, 4, 0, 0, 2, 1, 6, 3, 4, 5, 0, 0, 0, 2, 4, 6, 5, 4, 1, 0, 0, 0, 29, 4, 0, 0, 24, 1, 1, 2, 16, 1, 3, 2, 1, 1, 1, 0, 3, 0, 0, 0, 0, 0, 0, 0, 2, 0, 0, 0, 0, 0, 0, 0, 5, 0, 0, 0, 0, 0, 0, 0, 0, 0, 0, 0, 0, 0, 0, 0, 4, 0, 0, 0, 
14, 0, 0, 0, 0, 0, 0, 2, 1, 0, 0, 1, 0, 1, 0, 1, 0, 1, 0, 0, 0, 2, 1, 2, 0, 10, 8, 2, 0, 1, 1, 0, 1, 4, 1, 3, 3, 4, 2, 4, 6, 0, 0, 0, 0, 2, 5, 2, 4, 0, 2, 1, 0, 6, 5, 2, 4, 9, 4, 2, 0, 16, 2, 0, 4, 25, 1, 4, 1, 20, 2, 2, 2, 4, 3, 4, 2, 1, 0, 0, 0, 0, 0, 0, 0, 4, 0, 0, 0, 1, 0, 0, 0, 1, 0, 0, 0, 0, 0, 0, 0, 0, 0, 0, 0, 2, 0, 0, 0, 1, 0, 0, 0, 
15, 1, 1, 0, 0, 3, 1, 0, 1, 0, 0, 0, 2, 1, 2, 2, 2, 0, 0, 0, 0, 0, 0, 0, 1, 12, 1, 0, 0, 5, 3, 0, 1, 2, 0, 1, 0, 8, 2, 5, 6, 0, 3, 1, 1, 1, 1, 1, 2, 4, 0, 2, 0, 2, 5, 5, 6, 14, 3, 1, 2, 13, 2, 1, 1, 15, 2, 0, 1, 25, 2, 3, 1, 11, 11, 3, 0, 1, 0, 0, 0, 0, 0, 0, 0, 0, 0, 0, 0, 2, 0, 0, 0, 0, 0, 0, 0, 1, 0, 0, 0, 2, 0, 0, 0, 1, 0, 0, 0, 0, 0, 0, 0, 
16, 0, 0, 0, 0, 2, 0, 3, 1, 3, 1, 1, 1, 0, 0, 1, 0, 0, 1, 0, 3, 0, 0, 0, 0, 8, 0, 2, 1, 22, 10, 0, 2, 0, 0, 1, 1, 3, 6, 7, 2, 2, 1, 0, 1, 2, 0, 1, 0, 4, 2, 1, 1, 2, 4, 5, 3, 0, 0, 0, 1, 0, 2, 1, 1, 31, 5, 4, 2, 24, 6, 2, 3, 13, 1, 1, 2, 2, 0, 0, 0, 1, 0, 0, 0, 1, 0, 0, 0, 0, 0, 0, 0, 0, 0, 0, 0, 3, 0, 0, 0, 0, 0, 0, 0, 1, 0, 0, 0, 1, 0, 0, 0, 
17, 1, 0, 0, 1, 3, 0, 1, 0, 1, 1, 0, 0, 0, 0, 0, 0, 0, 0, 0, 0, 0, 0, 3, 0, 8, 0, 2, 2, 29, 2, 0, 1, 4, 3, 4, 1, 4, 5, 4, 3, 2, 3, 3, 5, 3, 1, 1, 1, 14, 2, 0, 0, 0, 1, 2, 2, 4, 3, 2, 3, 1, 0, 1, 0, 35, 4, 2, 1, 14, 1, 1, 0, 1, 3, 1, 1, 1, 0, 0, 0, 0, 0, 0, 0, 0, 0, 0, 0, 0, 0, 0, 0, 1, 0, 0, 0, 4, 0, 0, 0, 0, 0, 0, 0, 1, 0, 0, 0, 1, 0, 0, 0, 
18, 0, 2, 3, 3, 1, 0, 0, 0, 1, 1, 0, 0, 1, 2, 0, 2, 1, 0, 1, 1, 0, 0, 0, 0, 17, 1, 1, 2, 9, 4, 0, 0, 2, 4, 2, 6, 3, 1, 3, 5, 7, 4, 3, 5, 3, 1, 0, 0, 35, 2, 0, 1, 3, 3, 3, 3, 1, 1, 2, 1, 0, 0, 0, 0, 30, 1, 1, 1, 2, 6, 2, 4, 1, 1, 2, 0, 0, 0, 0, 0, 0, 0, 0, 0, 0, 0, 0, 0, 1, 0, 0, 0, 0, 0, 0, 0, 0, 0, 0, 0, 0, 0, 0, 0, 2, 0, 0, 0, 0, 0, 0, 0, 
19, 1, 3, 1, 2, 1, 0, 0, 0, 1, 0, 0, 2, 0, 0, 0, 0, 1, 0, 0, 0, 0, 1, 0, 1, 12, 0, 0, 1, 15, 1, 2, 1, 5, 1, 1, 3, 2, 1, 1, 0, 16, 6, 6, 3, 1, 1, 1, 0, 45, 1, 0, 0, 7, 6, 3, 8, 0, 4, 4, 2, 1, 5, 1, 0, 14, 2, 0, 1, 1, 3, 2, 3, 2, 0, 2, 2, 1, 0, 0, 0, 1, 0, 0, 0, 2, 0, 0, 0, 0, 0, 0, 0, 1, 0, 0, 0, 0, 0, 0, 0, 3, 0, 0, 0, 0, 0, 0, 0, 0, 0, 0, 0, 
20, 0, 0, 0, 0, 3, 2, 1, 1, 0, 0, 0, 0, 1, 2, 1, 0, 0, 0, 0, 0, 0, 0, 0, 0, 10, 0, 0, 1, 8, 2, 0, 0, 0, 3, 2, 0, 2, 1, 0, 3, 25, 2, 3, 2, 2, 1, 0, 0, 53, 6, 2, 0, 5, 12, 8, 5, 0, 0, 0, 1, 12, 10, 3, 6, 1, 3, 0, 5, 2, 2, 3, 3, 3, 5, 1, 3, 1, 0, 0, 0, 0, 0, 0, 0, 1, 0, 0, 0, 0, 0, 0, 0, 0, 0, 0, 0, 0, 0, 0, 0, 1, 0, 0, 0, 0, 0, 0, 0, 0, 0, 0, 0, 
21, 1, 0, 0, 0, 0, 1, 1, 1, 0, 0, 0, 0, 0, 0, 0, 0, 0, 0, 0, 0, 0, 1, 0, 1, 4, 1, 0, 1, 1, 0, 3, 1, 10, 1, 1, 1, 0, 0, 0, 0, 34, 3, 5, 4, 3, 5, 4, 2, 54, 0, 1, 0, 11, 11, 9, 2, 12, 4, 1, 2, 26, 9, 4, 4, 2, 6, 4, 0, 1, 2, 0, 2, 1, 0, 1, 0, 0, 0, 0, 0, 0, 0, 0, 0, 0, 0, 0, 0, 0, 0, 0, 0, 3, 0, 0, 0, 1, 0, 0, 0, 1, 0, 0, 0, 1, 0, 0, 0, 1, 0, 0, 0, 
22, 0, 1, 0, 1, 2, 0, 1, 0, 0, 0, 0, 0, 0, 0, 0, 0, 0, 0, 0, 0, 0, 1, 0, 0, 4, 0, 0, 0, 6, 1, 1, 1, 1, 0, 0, 0, 0, 1, 0, 0, 32, 3, 7, 2, 7, 7, 7, 3, 48, 0, 2, 1, 8, 9, 6, 9, 23, 3, 2, 2, 39, 6, 3, 5, 5, 3, 4, 1, 1, 0, 0, 3, 7, 0, 2, 1, 1, 0, 0, 0, 1, 0, 0, 0, 1, 0, 0, 0, 1, 0, 0, 0, 0, 0, 0, 0, 2, 0, 0, 0, 1, 0, 0, 0, 1, 0, 0, 0, 1, 0, 0, 0, 
23, 0, 1, 0, 0, 0, 1, 2, 0, 0, 1, 1, 0, 0, 2, 1, 1, 1, 0, 1, 1, 0, 0, 0, 0, 3, 1, 4, 0, 13, 4, 4, 2, 2, 1, 3, 1, 0, 1, 1, 0, 33, 4, 6, 3, 5, 5, 5, 4, 40, 1, 1, 1, 5, 6, 5, 8, 20, 1, 3, 0, 56, 8, 3, 4, 0, 1, 1, 0, 4, 6, 2, 3, 2, 3, 8, 4, 0, 0, 0, 0, 1, 0, 0, 0, 0, 0, 0, 0, 0, 0, 0, 0, 1, 0, 0, 0, 2, 0, 0, 0, 0, 0, 0, 0, 0, 0, 0, 0, 1, 0, 0, 0, 
24, 1, 0, 1, 0, 2, 2, 1, 0, 0, 0, 1, 1, 1, 0, 0, 0, 0, 1, 0, 0, 0, 0, 0, 0, 5, 1, 1, 2, 25, 2, 1, 1, 8, 6, 2, 2, 1, 0, 0, 0, 32, 4, 4, 2, 12, 2, 1, 4, 31, 0, 2, 0, 5, 2, 4, 5, 32, 2, 3, 1, 53, 2, 1, 2, 1, 1, 3, 1, 8, 4, 3, 3, 10, 4, 6, 8, 3, 0, 0, 0, 1, 0, 0, 0, 0, 0, 0, 0, 2, 0, 0, 0, 0, 0, 0, 0, 1, 0, 0, 0, 1, 0, 0, 0, 1, 0, 0, 0, 1, 0, 0, 0, 
25, 1, 0, 2, 0, 0, 0, 1, 0, 0, 0, 2, 3, 2, 0, 0, 0, 0, 1, 0, 0, 0, 0, 0, 0, 16, 4, 0, 2, 28, 1, 1, 0, 9, 2, 3, 2, 5, 5, 6, 2, 30, 3, 3, 2, 6, 2, 7, 7, 29, 1, 2, 0, 0, 1, 1, 0, 21, 2, 1, 2, 56, 7, 3, 3, 6, 4, 4, 5, 0, 0, 0, 0, 2, 5, 1, 1, 0, 0, 0, 0, 0, 0, 0, 0, 3, 0, 0, 0, 0, 0, 0, 0, 1, 0, 0, 0, 0, 0, 0, 0, 0, 0, 0, 0, 1, 0, 0, 0, 0, 0, 0, 0, 
26, 1, 0, 1, 1, 2, 0, 2, 1, 2, 0, 1, 1, 1, 0, 1, 0, 0, 1, 0, 0, 2, 0, 0, 2, 23, 3, 1, 0, 30, 1, 3, 1, 1, 0, 0, 0, 7, 8, 10, 4, 24, 3, 3, 3, 7, 2, 6, 3, 16, 1, 0, 1, 18, 0, 0, 1, 21, 2, 1, 0, 45, 11, 1, 5, 3, 3, 0, 0, 0, 0, 1, 1, 1, 3, 4, 3, 2, 0, 0, 0, 0, 0, 0, 0, 2, 0, 0, 0, 1, 0, 0, 0, 0, 0, 0, 0, 1, 0, 0, 0, 0, 0, 0, 0, 1, 0, 0, 0, 1, 0, 0, 0, 
27, 2, 0, 0, 0, 1, 0, 1, 1, 1, 0, 0, 0, 0, 0, 0, 0, 0, 0, 1, 0, 0, 0, 0, 1, 29, 1, 2, 2, 23, 0, 4, 1, 8, 2, 3, 0, 11, 3, 6, 3, 15, 4, 1, 4, 6, 4, 8, 7, 15, 0, 1, 1, 20, 1, 0, 2, 35, 0, 5, 2, 38, 5, 0, 3, 0, 2, 3, 4, 4, 5, 2, 1, 0, 0, 2, 0, 0, 0, 0, 0, 2, 0, 0, 0, 0, 0, 0, 0, 1, 0, 0, 0, 0, 0, 0, 0, 0, 0, 0, 0, 0, 0, 0, 0, 0, 0, 0, 0, 0, 0, 0, 0, 
28, 5, 2, 0, 0, 0, 1, 0, 0, 0, 3, 0, 0, 0, 1, 0, 0, 0, 0, 0, 0, 0, 1, 0, 0, 19, 1, 1, 2, 30, 1, 2, 1, 5, 0, 1, 0, 7, 5, 10, 5, 16, 11, 5, 3, 0, 0, 2, 1, 10, 3, 1, 2, 15, 2, 1, 0, 25, 6, 0, 2, 45, 6, 6, 0, 0, 0, 0, 0, 7, 0, 0, 2, 3, 4, 0, 1, 0, 0, 0, 0, 1, 0, 0, 0, 0, 0, 0, 0, 2, 0, 0, 0, 1, 0, 0, 0, 0, 0, 0, 0, 1, 0, 0, 0, 2, 0, 0, 0, 0, 0, 0, 0, 
29, 0, 0, 0, 0, 1, 0, 1, 0, 0, 1, 1, 0, 0, 0, 1, 0, 1, 0, 0, 0, 1, 1, 0, 0, 25, 3, 3, 2, 41, 0, 0, 1, 6, 1, 2, 0, 5, 8, 7, 9, 14, 1, 1, 4, 2, 3, 1, 4, 6, 3, 1, 1, 15, 4, 0, 0, 5, 1, 6, 0, 41, 4, 5, 2, 3, 5, 1, 2, 11, 3, 0, 0, 4, 1, 2, 3, 1, 0, 0, 0, 2, 0, 0, 0, 1, 0, 0, 0, 2, 0, 0, 0, 1, 0, 0, 0, 0, 0, 0, 0, 2, 0, 0, 0, 1, 0, 0, 0, 0, 0, 0, 0, 
30, 0, 0, 1, 0, 0, 4, 0, 3, 0, 0, 0, 0, 0, 0, 0, 0, 1, 0, 1, 1, 1, 1, 0, 1, 29, 2, 2, 2, 32, 4, 2, 0, 7, 0, 0, 1, 8, 9, 6, 4, 23, 11, 0, 2, 0, 1, 1, 0, 29, 1, 3, 1, 0, 1, 0, 0, 2, 3, 0, 2, 33, 2, 2, 4, 1, 5, 2, 4, 3, 0, 1, 0, 3, 4, 3, 3, 1, 0, 0, 0, 1, 0, 0, 0, 2, 0, 0, 0, 0, 0, 0, 0, 2, 0, 0, 0, 3, 0, 0, 0, 0, 0, 0, 0, 0, 0, 0, 0, 1, 0, 0, 0, 
31, 1, 0, 1, 0, 0, 2, 1, 0, 1, 0, 0, 1, 0, 0, 0, 0, 0, 0, 0, 0, 0, 0, 0, 0, 27, 6, 4, 1, 50, 5, 1, 1, 2, 0, 0, 2, 11, 14, 13, 5, 13, 3, 3, 3, 4, 3, 3, 6, 26, 1, 1, 0, 3, 2, 1, 0, 1, 2, 3, 0, 39, 4, 3, 3, 15, 1, 2, 7, 5, 1, 3, 3, 4, 1, 1, 2, 2, 0, 0, 0, 0, 0, 0, 0, 1, 0, 0, 0, 3, 0, 0, 0, 0, 0, 0, 0, 0, 0, 0, 0, 0, 0, 0, 0, 1, 0, 0, 0, 0, 0, 0, 0, 
32, 1, 0, 0, 0, 0, 0, 0, 0, 0, 0, 0, 0, 2, 2, 0, 1, 1, 0, 0, 0, 1, 0, 0, 0, 10, 1, 3, 3, 49, 1, 1, 4, 1, 2, 0, 0, 15, 17, 3, 6, 6, 3, 4, 2, 6, 3, 4, 7, 15, 3, 1, 0, 3, 2, 3, 2, 11, 2, 6, 1, 30, 5, 3, 4, 20, 3, 4, 2, 11, 3, 2, 2, 2, 2, 1, 2, 1, 0, 0, 0, 2, 0, 0, 0, 0, 0, 0, 0, 2, 0, 0, 0, 0, 0, 0, 0, 1, 0, 0, 0, 1, 0, 0, 0, 4, 0, 0, 0, 0, 0, 0, 0, 
33, 1, 2, 1, 2, 1, 1, 3, 1, 1, 0, 1, 1, 0, 0, 0, 0, 0, 0, 0, 0, 1, 0, 0, 2, 27, 1, 2, 3, 47, 2, 1, 2, 1, 0, 0, 2, 12, 12, 12, 13, 2, 2, 3, 4, 8, 8, 11, 5, 11, 1, 0, 0, 4, 1, 1, 0, 3, 0, 2, 1, 31, 4, 5, 4, 36, 6, 6, 2, 1, 2, 1, 5, 0, 0, 3, 1, 1, 0, 0, 0, 1, 0, 0, 0, 0, 0, 0, 0, 0, 0, 0, 0, 1, 0, 0, 0, 1, 0, 0, 0, 1, 0, 0, 0, 3, 0, 0, 0, 1, 0, 0, 0, 
34, 0, 0, 0, 0, 0, 0, 1, 1, 1, 1, 1, 0, 2, 1, 0, 0, 0, 1, 0, 0, 1, 1, 0, 0, 26, 2, 3, 1, 47, 1, 2, 0, 1, 2, 2, 0, 9, 6, 11, 5, 7, 7, 9, 9, 17, 4, 9, 6, 5, 0, 0, 1, 11, 0, 0, 1, 2, 0, 2, 0, 24, 4, 3, 4, 42, 3, 6, 0, 9, 3, 2, 0, 0, 0, 0, 0, 2, 0, 0, 0, 0, 0, 0, 0, 0, 0, 0, 0, 1, 0, 0, 0, 1, 0, 0, 0, 0, 0, 0, 0, 1, 0, 0, 0, 1, 0, 0, 0, 1, 0, 0, 0, 
35, 0, 2, 0, 1, 0, 1, 0, 1, 2, 1, 0, 0, 0, 0, 0, 1, 0, 0, 0, 0, 0, 0, 0, 0, 22, 2, 1, 0, 41, 2, 2, 0, 1, 1, 0, 0, 3, 14, 6, 8, 6, 7, 11, 9, 13, 5, 5, 6, 29, 1, 2, 0, 10, 6, 1, 1, 1, 3, 0, 2, 27, 1, 5, 1, 34, 5, 7, 2, 1, 0, 7, 4, 0, 0, 0, 1, 0, 0, 0, 0, 0, 0, 0, 0, 1, 0, 0, 0, 0, 0, 0, 0, 0, 0, 0, 0, 1, 0, 0, 0, 1, 0, 0, 0, 1, 0, 0, 0, 2, 0, 0, 0, 
36, 4, 4, 4, 1, 1, 1, 0, 1, 0, 0, 0, 0, 0, 1, 0, 0, 0, 0, 0, 1, 2, 0, 2, 0, 13, 1, 4, 3, 44, 3, 2, 2, 2, 0, 2, 2, 4, 9, 15, 10, 8, 5, 8, 3, 18, 6, 6, 7, 18, 3, 1, 2, 2, 0, 1, 1, 1, 2, 2, 0, 13, 3, 6, 1, 41, 3, 4, 2, 1, 1, 2, 0, 0, 0, 1, 1, 0, 0, 0, 0, 1, 0, 0, 0, 0, 0, 0, 0, 0, 0, 0, 0, 1, 0, 0, 0, 1, 0, 0, 0, 0, 0, 0, 0, 1, 0, 0, 0, 1, 0, 0, 0, 
37, 2, 0, 4, 1, 0, 0, 0, 0, 0, 0, 0, 0, 1, 0, 1, 0, 1, 0, 4, 1, 0, 1, 0, 0, 14, 1, 6, 1, 38, 2, 2, 2, 0, 0, 0, 1, 13, 9, 5, 9, 7, 4, 5, 4, 22, 3, 3, 6, 24, 2, 0, 2, 3, 1, 2, 0, 4, 0, 0, 0, 21, 7, 3, 6, 47, 4, 6, 4, 0, 1, 0, 1, 2, 2, 1, 1, 1, 0, 0, 0, 0, 0, 0, 0, 0, 0, 0, 0, 0, 0, 0, 0, 2, 0, 0, 0, 0, 0, 0, 0, 0, 0, 0, 0, 2, 0, 0, 0, 2, 0, 0, 0, 
38, 1, 1, 0, 0, 2, 1, 0, 1, 0, 0, 0, 0, 1, 0, 0, 0, 1, 1, 0, 2, 0, 0, 0, 0, 10, 6, 3, 1, 37, 2, 1, 1, 0, 0, 0, 0, 15, 9, 8, 4, 14, 7, 7, 0, 24, 3, 3, 3, 19, 2, 0, 1, 1, 1, 0, 2, 1, 3, 1, 1, 31, 6, 2, 5, 61, 5, 7, 2, 0, 1, 4, 0, 8, 6, 1, 7, 0, 0, 0, 0, 0, 0, 0, 0, 0, 0, 0, 0, 3, 0, 0, 0, 0, 0, 0, 0, 1, 0, 0, 0, 0, 0, 0, 0, 0, 0, 0, 0, 0, 0, 0, 0, 
39, 3, 1, 2, 1, 0, 0, 0, 2, 0, 1, 1, 2, 1, 0, 0, 1, 2, 1, 0, 2, 0, 0, 0, 1, 13, 2, 0, 1, 28, 0, 2, 1, 7, 3, 2, 1, 20, 17, 8, 5, 5, 6, 10, 6, 15, 12, 5, 4, 6, 2, 0, 0, 2, 2, 3, 2, 2, 3, 4, 3, 42, 6, 2, 3, 62, 3, 2, 8, 1, 3, 1, 2, 9, 6, 4, 4, 2, 0, 0, 0, 0, 0, 0, 0, 2, 0, 0, 0, 0, 0, 0, 0, 1, 0, 0, 0, 0, 0, 0, 0, 0, 0, 0, 0, 0, 0, 0, 0, 0, 0, 0, 0, 
40, 0, 0, 0, 0, 5, 1, 1, 1, 0, 0, 1, 0, 0, 0, 0, 0, 0, 3, 0, 0, 0, 0, 0, 1, 14, 4, 1, 3, 38, 1, 0, 1, 1, 0, 0, 0, 24, 5, 7, 6, 9, 6, 12, 11, 18, 9, 1, 6, 1, 3, 1, 1, 1, 0, 0, 1, 6, 6, 1, 6, 45, 6, 6, 2, 64, 10, 3, 1, 0, 3, 0, 1, 2, 1, 3, 3, 1, 0, 0, 0, 3, 0, 0, 0, 1, 0, 0, 0, 2, 0, 0, 0, 1, 0, 0, 0, 0, 0, 0, 0, 0, 0, 0, 0, 1, 0, 0, 0, 0, 0, 0, 0, 
41, 0, 0, 0, 1, 0, 1, 1, 0, 2, 0, 1, 0, 2, 1, 0, 0, 1, 0, 1, 1, 0, 1, 0, 0, 19, 2, 0, 1, 35, 1, 0, 2, 0, 5, 2, 0, 2, 4, 5, 5, 14, 7, 7, 6, 9, 9, 10, 8, 20, 2, 2, 2, 0, 1, 2, 2, 2, 6, 5, 6, 41, 5, 5, 4, 70, 6, 1, 0, 4, 1, 2, 2, 0, 6, 4, 1, 1, 0, 0, 0, 1, 0, 0, 0, 0, 0, 0, 0, 1, 0, 0, 0, 1, 0, 0, 0, 0, 0, 0, 0, 1, 0, 0, 0, 0, 0, 0, 0, 0, 0, 0, 0, 
42, 0, 0, 2, 0, 0, 1, 0, 0, 0, 0, 0, 0, 0, 0, 0, 0, 1, 0, 0, 0, 2, 1, 1, 0, 13, 0, 2, 1, 31, 3, 2, 2, 1, 1, 1, 1, 6, 6, 0, 5, 5, 6, 4, 10, 11, 6, 8, 5, 17, 1, 0, 2, 2, 3, 1, 1, 2, 0, 1, 3, 48, 4, 5, 1, 69, 12, 2, 1, 1, 3, 6, 3, 7, 3, 1, 3, 0, 0, 0, 0, 1, 0, 0, 0, 0, 0, 0, 0, 0, 0, 0, 0, 1, 0, 0, 0, 0, 0, 0, 0, 1, 0, 0, 0, 1, 0, 0, 0, 1, 0, 0, 0, 
43, 3, 0, 0, 1, 1, 1, 1, 0, 0, 0, 1, 0, 0, 0, 0, 1, 0, 1, 0, 0, 1, 0, 0, 0, 0, 0, 1, 2, 45, 5, 2, 1, 4, 1, 1, 0, 18, 5, 3, 5, 14, 13, 7, 5, 6, 9, 6, 8, 0, 1, 0, 1, 2, 3, 1, 1, 3, 1, 2, 0, 52, 3, 4, 5, 90, 8, 3, 2, 6, 1, 5, 4, 3, 2, 2, 3, 0, 0, 0, 0, 0, 0, 0, 0, 2, 0, 0, 0, 1, 0, 0, 0, 0, 0, 0, 0, 1, 0, 0, 0, 2, 0, 0, 0, 0, 0, 0, 0, 3, 0, 0, 0, 
44, 1, 0, 0, 0, 1, 2, 2, 1, 0, 0, 0, 0, 0, 1, 0, 0, 2, 0, 0, 0, 0, 0, 0, 0, 8, 1, 3, 0, 46, 1, 5, 3, 0, 1, 0, 0, 12, 7, 3, 8, 9, 10, 13, 5, 5, 8, 5, 5, 5, 6, 3, 3, 1, 1, 1, 1, 1, 1, 0, 0, 64, 5, 1, 3, 93, 3, 4, 4, 7, 7, 5, 6, 6, 0, 1, 0, 1, 0, 0, 0, 1, 0, 0, 0, 1, 0, 0, 0, 0, 0, 0, 0, 1, 0, 0, 0, 0, 0, 0, 0, 1, 0, 0, 0, 0, 0, 0, 0, 1, 0, 0, 0, 
45, 2, 0, 2, 0, 0, 1, 2, 1, 0, 0, 1, 0, 1, 1, 0, 0, 2, 0, 0, 1, 0, 0, 0, 0, 2, 1, 4, 1, 56, 4, 0, 0, 4, 1, 2, 5, 19, 3, 6, 8, 6, 4, 8, 2, 4, 8, 2, 10, 5, 3, 4, 3, 1, 3, 0, 2, 14, 6, 1, 0, 50, 7, 5, 1, 83, 2, 3, 4, 3, 0, 2, 1, 1, 3, 1, 0, 0, 0, 0, 0, 0, 0, 0, 0, 3, 0, 0, 0, 5, 0, 0, 0, 0, 0, 0, 0, 1, 0, 0, 0, 0, 0, 0, 0, 2, 0, 0, 0, 0, 0, 0, 0, 
46, 0, 0, 4, 0, 0, 0, 1, 1, 0, 0, 0, 1, 0, 0, 0, 0, 0, 0, 0, 1, 0, 1, 0, 1, 0, 0, 0, 1, 58, 1, 0, 4, 21, 2, 1, 2, 33, 11, 2, 4, 5, 4, 3, 6, 7, 8, 6, 1, 4, 2, 0, 3, 2, 4, 2, 2, 20, 4, 1, 1, 60, 3, 2, 2, 70, 3, 4, 6, 0, 1, 0, 0, 6, 4, 2, 4, 0, 0, 0, 0, 1, 0, 0, 0, 0, 0, 0, 0, 0, 0, 0, 0, 0, 0, 0, 0, 0, 0, 0, 0, 3, 0, 0, 0, 0, 0, 0, 0, 1, 0, 0, 0, 
47, 0, 0, 0, 1, 1, 1, 1, 2, 0, 0, 0, 0, 1, 0, 0, 0, 0, 1, 1, 0, 1, 1, 0, 0, 0, 0, 0, 0, 78, 2, 0, 1, 16, 4, 0, 1, 36, 4, 4, 5, 3, 9, 4, 4, 4, 3, 2, 5, 3, 5, 0, 3, 0, 0, 1, 0, 21, 0, 1, 2, 50, 1, 4, 3, 73, 3, 6, 4, 19, 1, 0, 1, 0, 0, 0, 0, 0, 0, 0, 0, 0, 0, 0, 0, 3, 0, 0, 0, 2, 0, 0, 0, 0, 0, 0, 0, 2, 0, 0, 0, 1, 0, 0, 0, 2, 0, 0, 0, 0, 0, 0, 0, 
48, 6, 1, 3, 0, 0, 2, 2, 1, 1, 0, 1, 0, 0, 0, 1, 0, 0, 0, 0, 1, 0, 0, 1, 0, 12, 2, 2, 3, 80, 3, 1, 1, 10, 2, 3, 4, 39, 5, 4, 5, 4, 7, 2, 3, 4, 2, 3, 2, 4, 1, 1, 1, 0, 0, 1, 1, 37, 2, 2, 0, 41, 1, 7, 2, 80, 2, 2, 2, 0, 1, 0, 0, 5, 0, 1, 1, 0, 0, 0, 0, 1, 0, 0, 0, 2, 0, 0, 0, 1, 0, 0, 0, 2, 0, 0, 0, 0, 0, 0, 0, 0, 0, 0, 0, 1, 0, 0, 0, 0, 0, 0, 0, 
49, 2, 1, 0, 1, 1, 0, 3, 1, 0, 0, 0, 0, 0, 2, 1, 1, 0, 0, 0, 0, 0, 0, 0, 0, 9, 2, 1, 3, 72, 1, 2, 2, 1, 0, 0, 0, 34, 12, 7, 5, 10, 6, 4, 1, 14, 0, 0, 0, 0, 1, 2, 2, 2, 2, 0, 1, 35, 1, 1, 0, 31, 3, 6, 1, 76, 3, 4, 1, 0, 0, 0, 0, 0, 1, 0, 0, 0, 0, 0, 0, 0, 0, 0, 0, 0, 0, 0, 0, 1, 0, 0, 0, 0, 0, 0, 0, 2, 0, 0, 0, 1, 0, 0, 0, 2, 0, 0, 0, 0, 0, 0, 0, 
50, 0, 1, 1, 0, 1, 0, 1, 1, 0, 0, 1, 3, 0, 0, 1, 0, 0, 0, 0, 0, 0, 0, 0, 0, 8, 2, 1, 1, 69, 2, 1, 0, 1, 0, 1, 0, 43, 7, 5, 3, 6, 0, 6, 4, 19, 2, 1, 0, 0, 2, 2, 1, 9, 1, 0, 0, 41, 0, 0, 1, 38, 4, 5, 3, 61, 0, 2, 3, 4, 4, 5, 3, 2, 5, 4, 1, 1, 0, 0, 0, 2, 0, 0, 0, 2, 0, 0, 0, 1, 0, 0, 0, 0, 0, 0, 0, 0, 0, 0, 0, 3, 0, 0, 0, 3, 0, 0, 0, 3, 0, 0, 0, 
51, 0, 0, 1, 1, 0, 0, 1, 0, 0, 0, 1, 0, 0, 0, 1, 0, 1, 0, 0, 0, 0, 0, 0, 2, 1, 0, 0, 0, 69, 3, 2, 1, 1, 0, 2, 0, 45, 1, 5, 8, 19, 6, 0, 2, 30, 1, 1, 1, 2, 2, 4, 1, 3, 0, 1, 0, 47, 2, 1, 0, 44, 7, 2, 2, 55, 2, 3, 8, 2, 2, 5, 3, 3, 4, 0, 2, 0, 0, 0, 0, 2, 0, 0, 0, 0, 0, 0, 0, 1, 0, 0, 0, 0, 0, 0, 0, 1, 0, 0, 0, 0, 0, 0, 0, 1, 0, 0, 0, 1, 0, 0, 0, 
52, 0, 0, 0, 0, 1, 1, 2, 4, 0, 1, 0, 0, 1, 0, 0, 0, 2, 1, 1, 1, 0, 0, 0, 2, 2, 2, 1, 1, 59, 1, 1, 2, 2, 2, 2, 2, 48, 4, 5, 4, 27, 1, 3, 2, 29, 0, 0, 0, 4, 3, 2, 0, 1, 0, 0, 0, 51, 4, 0, 0, 44, 3, 1, 6, 54, 11, 3, 3, 4, 1, 2, 1, 25, 5, 0, 0, 0, 0, 0, 0, 1, 0, 0, 0, 1, 0, 0, 0, 0, 0, 0, 0, 1, 0, 0, 0, 0, 0, 0, 0, 1, 0, 0, 0, 3, 0, 0, 0, 0, 0, 0, 0, 
53, 1, 0, 1, 1, 0, 1, 0, 2, 2, 0, 0, 0, 0, 0, 0, 1, 2, 0, 0, 3, 4, 0, 0, 1, 3, 3, 2, 5, 58, 3, 1, 1, 0, 3, 1, 2, 47, 5, 4, 7, 17, 0, 5, 3, 29, 1, 1, 0, 0, 0, 7, 1, 7, 0, 0, 0, 54, 1, 0, 1, 37, 1, 1, 1, 63, 7, 2, 4, 0, 0, 0, 0, 28, 2, 1, 0, 2, 0, 0, 0, 1, 0, 0, 0, 2, 0, 0, 0, 0, 0, 0, 0, 1, 0, 0, 0, 0, 0, 0, 0, 0, 0, 0, 0, 0, 0, 0, 0, 0, 0, 0, 0, 
54, 0, 0, 1, 0, 0, 0, 1, 0, 0, 0, 0, 1, 0, 0, 0, 0, 1, 0, 0, 0, 1, 0, 0, 0, 4, 0, 2, 0, 44, 6, 3, 1, 2, 2, 1, 2, 50, 8, 10, 6, 5, 4, 4, 2, 16, 2, 0, 2, 2, 2, 2, 0, 15, 0, 1, 0, 61, 2, 0, 5, 19, 6, 3, 2, 73, 3, 3, 3, 1, 0, 4, 4, 35, 0, 2, 0, 0, 0, 0, 0, 0, 0, 0, 0, 1, 0, 0, 0, 1, 0, 0, 0, 1, 0, 0, 0, 1, 0, 0, 0, 1, 0, 0, 0, 2, 0, 0, 0, 0, 0, 0, 0, 
55, 0, 0, 1, 0, 0, 0, 0, 1, 0, 1, 1, 0, 0, 1, 0, 1, 2, 0, 0, 0, 0, 1, 0, 0, 0, 4, 0, 2, 44, 1, 1, 3, 11, 4, 6, 3, 63, 4, 2, 3, 0, 3, 1, 3, 9, 1, 0, 0, 7, 2, 1, 3, 13, 2, 0, 0, 52, 0, 0, 2, 16, 3, 5, 2, 78, 5, 3, 2, 9, 1, 0, 0, 21, 5, 0, 1, 1, 0, 0, 0, 2, 0, 0, 0, 0, 0, 0, 0, 0, 0, 0, 0, 3, 0, 0, 0, 0, 0, 0, 0, 1, 0, 0, 0, 1, 0, 0, 0, 3, 0, 0, 0, 
56, 0, 1, 0, 0, 1, 0, 3, 0, 1, 1, 1, 1, 0, 0, 0, 0, 0, 0, 0, 0, 0, 0, 2, 0, 4, 1, 0, 0, 48, 3, 0, 4, 23, 3, 0, 3, 49, 3, 5, 3, 2, 0, 2, 0, 7, 3, 1, 0, 13, 1, 1, 1, 17, 0, 0, 0, 48, 0, 0, 1, 3, 4, 1, 6, 74, 4, 0, 1, 2, 3, 3, 0, 23, 5, 0, 0, 1, 0, 0, 0, 1, 0, 0, 0, 1, 0, 0, 0, 4, 0, 0, 0, 0, 0, 0, 0, 0, 0, 0, 0, 1, 0, 0, 0, 1, 0, 0, 0, 1, 0, 0, 0, 
57, 0, 0, 0, 0, 0, 0, 1, 2, 0, 0, 0, 0, 0, 0, 0, 0, 0, 0, 0, 0, 1, 1, 2, 1, 3, 1, 3, 2, 39, 1, 1, 2, 14, 3, 3, 3, 48, 1, 6, 8, 3, 7, 2, 1, 16, 0, 1, 2, 10, 3, 1, 2, 29, 1, 1, 0, 60, 0, 1, 0, 4, 2, 1, 0, 79, 2, 3, 4, 1, 0, 0, 1, 17, 3, 5, 1, 1, 0, 0, 0, 2, 0, 0, 0, 0, 0, 0, 0, 0, 0, 0, 0, 1, 0, 0, 0, 0, 0, 0, 0, 1, 0, 0, 0, 1, 0, 0, 0, 1, 0, 0, 0, 
58, 0, 0, 2, 1, 0, 0, 0, 0, 0, 0, 1, 1, 0, 0, 0, 0, 1, 0, 0, 0, 2, 0, 0, 0, 0, 0, 0, 1, 36, 2, 2, 2, 26, 3, 3, 1, 60, 10, 2, 3, 6, 3, 2, 2, 18, 1, 1, 0, 10, 0, 2, 2, 36, 0, 0, 0, 53, 2, 1, 1, 0, 3, 0, 1, 79, 3, 1, 3, 0, 1, 1, 0, 25, 0, 0, 0, 2, 0, 0, 0, 1, 0, 0, 0, 2, 0, 0, 0, 1, 0, 0, 0, 0, 0, 0, 0, 1, 0, 0, 0, 0, 0, 0, 0, 1, 0, 0, 0, 3, 0, 0, 0, 
59, 2, 1, 1, 0, 1, 1, 0, 0, 1, 0, 1, 0, 2, 2, 1, 0, 0, 2, 0, 1, 0, 0, 0, 0, 2, 2, 4, 4, 40, 1, 1, 1, 17, 1, 5, 4, 69, 7, 2, 5, 2, 1, 1, 2, 33, 1, 1, 0, 13, 3, 2, 1, 29, 1, 1, 1, 50, 1, 2, 0, 14, 0, 1, 1, 77, 6, 1, 1, 1, 0, 2, 1, 17, 1, 2, 1, 1, 0, 0, 0, 1, 0, 0, 0, 0, 0, 0, 0, 0, 0, 0, 0, 0, 0, 0, 0, 0, 0, 0, 0, 0, 0, 0, 0, 2, 0, 0, 0, 3, 0, 0, 0, 
60, 0, 1, 1, 2, 2, 2, 0, 1, 0, 2, 4, 0, 0, 0, 0, 0, 0, 0, 0, 1, 0, 0, 1, 0, 5, 6, 4, 2, 22, 1, 0, 0, 24, 3, 1, 2, 50, 5, 4, 4, 1, 0, 1, 0, 37, 11, 0, 0, 16, 3, 0, 1, 33, 1, 0, 0, 55, 1, 0, 1, 20, 2, 2, 1, 83, 7, 2, 1, 3, 1, 1, 1, 28, 4, 1, 1, 0, 0, 0, 0, 0, 0, 0, 0, 0, 0, 0, 0, 0, 0, 0, 0, 2, 0, 0, 0, 1, 0, 0, 0, 0, 0, 0, 0, 1, 0, 0, 0, 0, 0, 0, 0, 
61, 0, 0, 1, 0, 2, 0, 0, 0, 0, 1, 0, 0, 1, 3, 0, 0, 1, 0, 1, 0, 1, 0, 0, 0, 13, 7, 5, 3, 27, 4, 1, 2, 17, 3, 4, 2, 52, 4, 8, 4, 3, 5, 1, 0, 38, 3, 2, 1, 34, 0, 0, 0, 34, 0, 0, 0, 61, 3, 1, 0, 16, 1, 2, 0, 72, 7, 2, 6, 1, 1, 1, 0, 40, 0, 0, 1, 1, 0, 0, 0, 0, 0, 0, 0, 0, 0, 0, 0, 0, 0, 0, 0, 0, 0, 0, 0, 0, 0, 0, 0, 1, 0, 0, 0, 2, 0, 0, 0, 3, 0, 0, 0, 
62, 1, 1, 0, 0, 0, 1, 1, 1, 1, 1, 0, 0, 0, 0, 0, 0, 0, 0, 0, 0, 0, 0, 0, 0, 5, 8, 4, 5, 38, 3, 1, 0, 15, 2, 0, 2, 49, 5, 2, 2, 0, 0, 2, 0, 43, 2, 0, 0, 30, 3, 1, 2, 36, 5, 1, 0, 61, 0, 0, 1, 25, 1, 0, 1, 88, 1, 4, 7, 0, 1, 0, 1, 17, 1, 1, 0, 1, 0, 0, 0, 0, 0, 0, 0, 1, 0, 0, 0, 0, 0, 0, 0, 1, 0, 0, 0, 4, 0, 0, 0, 0, 0, 0, 0, 0, 0, 0, 0, 0, 0, 0, 0, 
63, 4, 0, 0, 0, 0, 0, 0, 0, 1, 0, 2, 0, 1, 1, 1, 0, 0, 0, 2, 1, 0, 0, 0, 0, 7, 15, 7, 7, 26, 0, 0, 2, 12, 2, 4, 1, 35, 7, 6, 2, 1, 1, 1, 3, 35, 1, 0, 0, 42, 5, 0, 3, 22, 0, 3, 0, 47, 1, 1, 0, 25, 1, 1, 4, 91, 1, 6, 3, 3, 1, 2, 2, 11, 4, 2, 1, 3, 0, 0, 0, 2, 0, 0, 0, 0, 0, 0, 0, 0, 0, 0, 0, 0, 0, 0, 0, 1, 0, 0, 0, 2, 0, 0, 0, 0, 0, 0, 0, 0, 0, 0, 0, 
64, 0, 0, 0, 0, 1, 0, 0, 0, 1, 0, 0, 0, 0, 0, 0, 0, 0, 0, 1, 1, 0, 0, 0, 0, 12, 10, 11, 10, 14, 3, 3, 0, 22, 1, 2, 3, 21, 4, 4, 7, 6, 0, 1, 1, 42, 1, 3, 0, 36, 2, 0, 0, 24, 0, 1, 0, 55, 1, 0, 2, 32, 1, 1, 0, 88, 1, 3, 2, 3, 1, 2, 0, 17, 0, 4, 4, 0, 0, 0, 0, 3, 0, 0, 0, 2, 0, 0, 0, 1, 0, 0, 0, 0, 0, 0, 0, 4, 0, 0, 0, 1, 0, 0, 0, 1, 0, 0, 0, 0, 0, 0, 0, 
65, 2, 0, 1, 0, 3, 0, 0, 2, 0, 4, 2, 1, 0, 1, 0, 0, 2, 0, 0, 0, 1, 0, 1, 0, 11, 12, 12, 10, 12, 1, 2, 2, 15, 5, 3, 4, 18, 4, 5, 8, 2, 4, 1, 6, 37, 0, 0, 0, 48, 0, 0, 0, 29, 0, 0, 0, 63, 0, 1, 1, 44, 1, 3, 1, 76, 2, 3, 2, 0, 0, 1, 1, 26, 7, 1, 0, 2, 0, 0, 0, 0, 0, 0, 0, 0, 0, 0, 0, 1, 0, 0, 0, 0, 0, 0, 0, 0, 0, 0, 0, 1, 0, 0, 0, 0, 0, 0, 0, 0, 0, 0, 0, 
66, 0, 0, 1, 0, 0, 0, 0, 0, 0, 0, 1, 0, 0, 0, 0, 2, 0, 0, 0, 0, 0, 1, 0, 1, 23, 6, 4, 7, 26, 2, 4, 1, 12, 5, 2, 0, 27, 5, 9, 5, 2, 3, 3, 4, 41, 3, 0, 0, 53, 4, 2, 0, 28, 1, 1, 0, 64, 1, 0, 0, 32, 1, 1, 2, 60, 3, 6, 4, 1, 0, 0, 3, 37, 2, 3, 1, 2, 0, 0, 0, 0, 0, 0, 0, 0, 0, 0, 0, 1, 0, 0, 0, 0, 0, 0, 0, 0, 0, 0, 0, 1, 0, 0, 0, 1, 0, 0, 0, 0, 0, 0, 0, 
67, 2, 1, 3, 2, 2, 2, 2, 1, 2, 1, 3, 3, 0, 1, 0, 0, 0, 0, 1, 0, 0, 0, 1, 0, 14, 8, 8, 1, 28, 3, 1, 0, 22, 3, 5, 4, 31, 3, 6, 3, 2, 1, 6, 3, 43, 2, 2, 0, 64, 2, 0, 2, 16, 1, 0, 0, 66, 0, 1, 0, 44, 1, 1, 3, 62, 2, 4, 3, 2, 0, 2, 0, 18, 0, 0, 0, 0, 0, 0, 0, 0, 0, 0, 0, 1, 0, 0, 0, 0, 0, 0, 0, 0, 0, 0, 0, 2, 0, 0, 0, 0, 0, 0, 0, 0, 0, 0, 0, 2, 0, 0, 0, 
68, 0, 0, 1, 0, 0, 0, 1, 0, 0, 0, 0, 0, 1, 0, 1, 0, 2, 0, 2, 1, 0, 0, 0, 0, 12, 9, 7, 6, 29, 1, 2, 2, 24, 4, 1, 1, 39, 5, 5, 6, 3, 1, 4, 1, 43, 1, 1, 1, 70, 1, 2, 1, 28, 0, 1, 0, 62, 5, 2, 0, 49, 4, 1, 1, 60, 3, 3, 4, 1, 1, 5, 0, 16, 1, 0, 1, 0, 0, 0, 0, 0, 0, 0, 0, 1, 0, 0, 0, 0, 0, 0, 0, 0, 0, 0, 0, 1, 0, 0, 0, 0, 0, 0, 0, 3, 0, 0, 0, 0, 0, 0, 0, 
69, 1, 1, 2, 0, 0, 0, 2, 0, 0, 0, 2, 0, 0, 0, 0, 0, 0, 1, 0, 1, 0, 0, 0, 0, 6, 1, 1, 1, 25, 4, 1, 1, 20, 4, 3, 3, 43, 11, 6, 4, 0, 0, 1, 1, 44, 4, 0, 0, 76, 3, 5, 0, 28, 0, 1, 1, 78, 2, 0, 0, 49, 6, 1, 1, 55, 6, 4, 2, 0, 1, 0, 1, 1, 1, 0, 0, 1, 0, 0, 0, 1, 0, 0, 0, 0, 0, 0, 0, 1, 0, 0, 0, 0, 0, 0, 0, 0, 0, 0, 0, 1, 0, 0, 0, 2, 0, 0, 0, 0, 0, 0, 0, 
70, 1, 0, 0, 0, 2, 2, 1, 3, 0, 1, 0, 1, 0, 1, 0, 0, 2, 0, 0, 1, 0, 3, 3, 1, 6, 4, 5, 3, 23, 4, 0, 0, 25, 1, 0, 1, 50, 6, 8, 2, 1, 0, 1, 1, 44, 1, 0, 0, 71, 0, 0, 0, 17, 0, 2, 1, 60, 0, 1, 0, 46, 1, 1, 1, 61, 5, 4, 1, 1, 1, 0, 0, 2, 3, 2, 0, 1, 0, 0, 0, 1, 0, 0, 0, 3, 0, 0, 0, 0, 0, 0, 0, 2, 0, 0, 0, 1, 0, 0, 0, 1, 0, 0, 0, 2, 0, 0, 0, 0, 0, 0, 0, 
71, 0, 0, 0, 0, 0, 0, 0, 0, 1, 1, 1, 2, 0, 0, 0, 1, 0, 0, 1, 0, 0, 0, 2, 0, 4, 2, 9, 5, 36, 1, 1, 2, 17, 4, 3, 2, 57, 4, 6, 5, 1, 0, 0, 0, 28, 0, 0, 0, 80, 3, 1, 0, 20, 5, 0, 1, 51, 0, 0, 0, 38, 5, 1, 1, 55, 3, 5, 3, 4, 1, 1, 3, 7, 0, 1, 0, 1, 0, 0, 0, 0, 0, 0, 0, 2, 0, 0, 0, 0, 0, 0, 0, 0, 0, 0, 0, 2, 0, 0, 0, 0, 0, 0, 0, 0, 0, 0, 0, 1, 0, 0, 0, 
72, 0, 0, 0, 0, 1, 0, 2, 1, 0, 0, 0, 1, 0, 0, 0, 0, 1, 0, 0, 0, 1, 0, 1, 0, 5, 3, 2, 4, 31, 1, 0, 0, 12, 3, 1, 0, 64, 6, 1, 6, 13, 0, 1, 0, 19, 0, 0, 0, 86, 2, 1, 0, 22, 3, 1, 2, 57, 1, 2, 2, 49, 1, 2, 0, 58, 3, 3, 2, 1, 1, 2, 0, 14, 0, 0, 3, 1, 0, 0, 0, 2, 0, 0, 0, 0, 0, 0, 0, 0, 0, 0, 0, 2, 0, 0, 0, 2, 0, 0, 0, 1, 0, 0, 0, 0, 0, 0, 0, 0, 0, 0, 0, 
73, 0, 1, 1, 1, 0, 0, 1, 0, 0, 1, 0, 0, 2, 0, 1, 1, 1, 0, 0, 0, 0, 0, 1, 1, 0, 2, 2, 1, 34, 2, 0, 2, 0, 4, 2, 2, 60, 3, 4, 6, 0, 1, 2, 1, 15, 4, 2, 0, 82, 0, 0, 1, 12, 0, 0, 2, 55, 1, 0, 0, 47, 0, 1, 2, 72, 2, 1, 3, 3, 3, 4, 3, 24, 2, 0, 1, 2, 0, 0, 0, 0, 0, 0, 0, 1, 0, 0, 0, 0, 0, 0, 0, 4, 0, 0, 0, 0, 0, 0, 0, 1, 0, 0, 0, 0, 0, 0, 0, 1, 0, 0, 0, 
74, 3, 5, 2, 1, 1, 2, 0, 3, 0, 1, 1, 0, 0, 0, 1, 0, 0, 1, 0, 0, 1, 0, 1, 0, 4, 4, 0, 4, 29, 2, 5, 1, 0, 0, 0, 0, 49, 8, 6, 6, 9, 1, 0, 0, 13, 1, 0, 0, 98, 3, 0, 0, 14, 2, 1, 0, 56, 1, 1, 0, 50, 1, 1, 0, 71, 1, 5, 3, 3, 1, 0, 1, 21, 0, 0, 1, 0, 0, 0, 0, 1, 0, 0, 0, 1, 0, 0, 0, 1, 0, 0, 0, 1, 0, 0, 0, 0, 0, 0, 0, 0, 0, 0, 0, 0, 0, 0, 0, 0, 0, 0, 0, 
75, 4, 1, 1, 0, 0, 1, 1, 1, 0, 0, 1, 0, 0, 0, 0, 0, 0, 2, 2, 0, 0, 0, 1, 0, 7, 4, 2, 2, 25, 2, 2, 2, 0, 0, 0, 1, 63, 8, 7, 3, 1, 2, 0, 1, 9, 2, 0, 0, 93, 0, 0, 0, 10, 2, 1, 0, 57, 2, 1, 0, 45, 4, 0, 0, 64, 4, 5, 4, 2, 2, 1, 3, 22, 0, 0, 1, 1, 0, 0, 0, 0, 0, 0, 0, 0, 0, 0, 0, 1, 0, 0, 0, 0, 0, 0, 0, 4, 0, 0, 0, 0, 0, 0, 0, 1, 0, 0, 0, 1, 0, 0, 0, 
76, 0, 0, 2, 0, 0, 2, 1, 0, 1, 0, 0, 0, 0, 0, 0, 0, 4, 2, 5, 1, 1, 0, 3, 1, 7, 5, 9, 5, 23, 2, 4, 0, 4, 2, 1, 1, 60, 4, 8, 5, 2, 4, 0, 2, 1, 1, 1, 2, 86, 0, 0, 2, 13, 0, 1, 0, 59, 0, 1, 1, 40, 1, 2, 0, 67, 1, 2, 1, 0, 6, 3, 3, 28, 3, 0, 0, 0, 0, 0, 0, 1, 0, 0, 0, 0, 0, 0, 0, 0, 0, 0, 0, 0, 0, 0, 0, 1, 0, 0, 0, 2, 0, 0, 0, 1, 0, 0, 0, 0, 0, 0, 0, 
77, 0, 0, 0, 1, 0, 0, 0, 1, 0, 1, 0, 0, 1, 0, 0, 1, 1, 1, 0, 0, 0, 0, 1, 1, 11, 5, 11, 10, 40, 3, 2, 2, 0, 2, 2, 1, 64, 9, 2, 2, 1, 0, 2, 0, 5, 1, 3, 4, 90, 0, 0, 0, 3, 2, 0, 1, 58, 2, 0, 0, 42, 3, 2, 1, 60, 5, 2, 4, 2, 1, 0, 0, 24, 1, 1, 1, 1, 0, 0, 0, 0, 0, 0, 0, 0, 0, 0, 0, 2, 0, 0, 0, 0, 0, 0, 0, 1, 0, 0, 0, 0, 0, 0, 0, 0, 0, 0, 0, 1, 0, 0, 0, 
78, 0, 0, 1, 0, 0, 3, 2, 2, 0, 0, 0, 0, 0, 0, 0, 0, 0, 0, 0, 0, 1, 1, 1, 0, 5, 3, 15, 6, 47, 6, 1, 3, 8, 2, 1, 1, 77, 3, 4, 8, 2, 5, 4, 6, 1, 1, 1, 2, 79, 1, 1, 0, 24, 2, 0, 0, 58, 1, 1, 1, 33, 1, 0, 0, 57, 3, 2, 4, 3, 0, 0, 4, 16, 1, 1, 0, 1, 0, 0, 0, 1, 0, 0, 0, 0, 0, 0, 0, 1, 0, 0, 0, 0, 0, 0, 0, 0, 0, 0, 0, 1, 0, 0, 0, 1, 0, 0, 0, 0, 0, 0, 0, 
79, 2, 1, 0, 1, 0, 0, 0, 0, 1, 1, 1, 1, 0, 0, 0, 0, 0, 0, 1, 0, 1, 0, 0, 0, 11, 7, 8, 4, 55, 5, 3, 2, 20, 1, 0, 1, 82, 5, 2, 6, 9, 3, 7, 3, 2, 3, 0, 1, 77, 2, 1, 0, 6, 1, 0, 1, 42, 0, 1, 2, 22, 2, 1, 1, 56, 4, 2, 1, 3, 6, 6, 4, 1, 1, 0, 1, 0, 0, 0, 0, 2, 0, 0, 0, 2, 0, 0, 0, 0, 0, 0, 0, 0, 0, 0, 0, 1, 0, 0, 0, 3, 0, 0, 0, 0, 0, 0, 0, 0, 0, 0, 0, 
80, 3, 0, 0, 2, 4, 1, 2, 1, 1, 0, 0, 0, 0, 3, 0, 0, 0, 0, 0, 0, 1, 1, 0, 0, 10, 9, 7, 7, 56, 2, 1, 2, 10, 0, 0, 0, 75, 6, 2, 3, 5, 7, 5, 7, 3, 0, 1, 0, 84, 0, 1, 0, 10, 0, 0, 0, 35, 4, 1, 1, 20, 3, 1, 1, 49, 5, 3, 5, 0, 4, 2, 1, 6, 2, 1, 2, 2, 0, 0, 0, 1, 0, 0, 0, 1, 0, 0, 0, 1, 0, 0, 0, 1, 0, 0, 0, 0, 0, 0, 0, 1, 0, 0, 0, 0, 0, 0, 0, 1, 0, 0, 0, 
81, 0, 1, 2, 0, 4, 2, 0, 0, 0, 0, 0, 0, 0, 0, 0, 0, 1, 0, 1, 2, 0, 0, 0, 1, 7, 11, 6, 2, 53, 1, 1, 1, 16, 0, 0, 1, 70, 7, 4, 7, 1, 5, 8, 3, 5, 0, 0, 2, 91, 0, 1, 2, 6, 0, 1, 1, 34, 1, 1, 0, 18, 1, 1, 0, 53, 3, 5, 2, 1, 0, 0, 1, 1, 1, 1, 0, 1, 0, 0, 0, 1, 0, 0, 0, 1, 0, 0, 0, 1, 0, 0, 0, 1, 0, 0, 0, 0, 0, 0, 0, 2, 0, 0, 0, 0, 0, 0, 0, 0, 0, 0, 0, 
82, 0, 1, 0, 0, 1, 3, 0, 2, 0, 0, 0, 0, 0, 0, 0, 0, 0, 1, 1, 0, 0, 1, 0, 0, 4, 6, 11, 7, 64, 1, 2, 3, 11, 1, 0, 1, 60, 5, 2, 4, 2, 5, 1, 2, 0, 1, 0, 1, 87, 3, 0, 0, 4, 1, 2, 1, 35, 4, 2, 0, 16, 2, 0, 1, 50, 4, 13, 0, 6, 4, 4, 0, 0, 0, 0, 0, 1, 0, 0, 0, 0, 0, 0, 0, 0, 0, 0, 0, 1, 0, 0, 0, 1, 0, 0, 0, 1, 0, 0, 0, 1, 0, 0, 0, 0, 0, 0, 0, 1, 0, 0, 0, 
83, 1, 1, 0, 0, 3, 0, 1, 0, 0, 0, 1, 2, 1, 0, 1, 1, 0, 0, 1, 0, 0, 0, 0, 1, 16, 8, 5, 8, 67, 3, 3, 1, 10, 0, 0, 0, 49, 1, 2, 4, 1, 2, 2, 0, 3, 3, 1, 3, 74, 5, 4, 0, 0, 1, 0, 0, 42, 2, 1, 0, 23, 3, 1, 2, 58, 5, 3, 6, 16, 3, 1, 6, 0, 1, 0, 0, 0, 0, 0, 0, 0, 0, 0, 0, 1, 0, 0, 0, 0, 0, 0, 0, 1, 0, 0, 0, 0, 0, 0, 0, 0, 0, 0, 0, 1, 0, 0, 0, 1, 0, 0, 0, 
84, 1, 2, 0, 2, 2, 1, 0, 1, 1, 0, 1, 0, 1, 0, 0, 0, 1, 2, 1, 2, 0, 1, 0, 1, 19, 7, 7, 3, 70, 2, 2, 0, 27, 4, 0, 0, 45, 7, 4, 7, 0, 3, 2, 4, 0, 0, 1, 0, 69, 1, 1, 1, 0, 0, 0, 1, 43, 2, 1, 1, 21, 1, 0, 1, 51, 1, 4, 9, 12, 4, 4, 2, 0, 0, 0, 0, 1, 0, 0, 0, 0, 0, 0, 0, 0, 0, 0, 0, 0, 0, 0, 0, 0, 0, 0, 0, 1, 0, 0, 0, 0, 0, 0, 0, 3, 0, 0, 0, 1, 0, 0, 0, 
85, 0, 2, 1, 0, 0, 1, 0, 1, 1, 0, 0, 0, 0, 0, 1, 0, 0, 0, 0, 0, 1, 1, 0, 0, 24, 10, 5, 7, 68, 0, 1, 4, 29, 0, 1, 0, 54, 7, 5, 0, 6, 2, 0, 0, 7, 2, 1, 0, 77, 2, 0, 2, 2, 2, 1, 3, 42, 0, 1, 0, 11, 0, 0, 4, 59, 1, 2, 3, 14, 3, 0, 0, 0, 1, 2, 1, 0, 0, 0, 0, 0, 0, 0, 0, 2, 0, 0, 0, 0, 0, 0, 0, 1, 0, 0, 0, 0, 0, 0, 0, 0, 0, 0, 0, 1, 0, 0, 0, 0, 0, 0, 0, 
86, 0, 1, 0, 0, 0, 0, 1, 0, 0, 1, 0, 0, 1, 0, 0, 2, 0, 0, 0, 0, 0, 0, 1, 1, 23, 4, 10, 9, 63, 1, 3, 2, 30, 2, 0, 1, 33, 7, 4, 6, 3, 8, 4, 6, 6, 0, 0, 0, 74, 1, 2, 0, 5, 3, 1, 0, 43, 1, 1, 1, 11, 5, 2, 1, 55, 1, 2, 5, 3, 2, 1, 1, 3, 6, 0, 0, 0, 0, 0, 0, 0, 0, 0, 0, 0, 0, 0, 0, 3, 0, 0, 0, 0, 0, 0, 0, 0, 0, 0, 0, 0, 0, 0, 0, 0, 0, 0, 0, 4, 0, 0, 0, 
87, 0, 1, 2, 0, 0, 0, 0, 0, 2, 1, 0, 1, 1, 0, 0, 0, 0, 2, 0, 1, 0, 0, 0, 0, 28, 8, 5, 13, 73, 0, 2, 3, 13, 2, 4, 0, 37, 7, 4, 6, 5, 4, 6, 0, 2, 1, 8, 4, 69, 4, 0, 0, 2, 3, 0, 0, 46, 4, 0, 0, 11, 2, 0, 0, 46, 4, 2, 3, 3, 1, 6, 1, 3, 3, 2, 0, 0, 0, 0, 0, 0, 0, 0, 0, 0, 0, 0, 0, 1, 0, 0, 0, 2, 0, 0, 0, 0, 0, 0, 0, 2, 0, 0, 0, 0, 0, 0, 0, 2, 0, 0, 0, 
88, 0, 0, 3, 2, 1, 0, 0, 0, 0, 1, 0, 0, 1, 1, 1, 0, 1, 1, 1, 1, 3, 0, 0, 2, 27, 2, 4, 7, 71, 1, 0, 2, 15, 0, 2, 0, 41, 9, 2, 3, 2, 2, 4, 2, 3, 3, 9, 4, 64, 3, 0, 4, 6, 4, 11, 4, 17, 1, 0, 1, 19, 1, 3, 2, 37, 3, 3, 3, 13, 6, 0, 4, 10, 7, 1, 0, 0, 0, 0, 0, 1, 0, 0, 0, 0, 0, 0, 0, 1, 0, 0, 0, 0, 0, 0, 0, 2, 0, 0, 0, 1, 0, 0, 0, 2, 0, 0, 0, 1, 0, 0, 0, 
89, 2, 3, 4, 1, 0, 0, 0, 0, 0, 1, 0, 0, 0, 0, 1, 0, 2, 0, 0, 1, 0, 0, 0, 0, 19, 5, 8, 8, 69, 1, 1, 0, 8, 1, 2, 2, 35, 4, 5, 1, 1, 1, 2, 0, 10, 8, 5, 4, 63, 1, 1, 1, 16, 3, 10, 9, 19, 1, 1, 2, 15, 4, 0, 0, 24, 8, 6, 3, 5, 3, 8, 1, 2, 2, 2, 3, 1, 0, 0, 0, 0, 0, 0, 0, 0, 0, 0, 0, 1, 0, 0, 0, 1, 0, 0, 0, 1, 0, 0, 0, 2, 0, 0, 0, 0, 0, 0, 0, 1, 0, 0, 0, 
90, 0, 0, 0, 0, 0, 0, 0, 0, 0, 0, 1, 1, 1, 0, 1, 2, 0, 0, 2, 0, 1, 0, 1, 0, 20, 10, 9, 4, 65, 1, 2, 1, 21, 0, 0, 0, 18, 5, 6, 5, 3, 2, 2, 6, 20, 4, 2, 6, 52, 1, 0, 0, 26, 3, 4, 5, 25, 1, 0, 0, 9, 0, 1, 0, 19, 3, 3, 6, 11, 1, 2, 1, 2, 3, 1, 2, 1, 0, 0, 0, 0, 0, 0, 0, 1, 0, 0, 0, 0, 0, 0, 0, 0, 0, 0, 0, 1, 0, 0, 0, 2, 0, 0, 0, 1, 0, 0, 0, 0, 0, 0, 0, 
91, 1, 2, 1, 0, 0, 1, 2, 1, 1, 1, 2, 3, 0, 0, 1, 0, 1, 0, 0, 0, 0, 0, 0, 0, 24, 11, 8, 3, 53, 3, 2, 2, 22, 2, 0, 0, 19, 4, 7, 3, 3, 2, 1, 1, 21, 5, 1, 3, 48, 0, 0, 0, 27, 2, 4, 3, 18, 0, 1, 1, 18, 1, 0, 1, 18, 4, 0, 2, 1, 0, 1, 0, 5, 4, 2, 3, 1, 0, 0, 0, 2, 0, 0, 0, 0, 0, 0, 0, 2, 0, 0, 0, 1, 0, 0, 0, 2, 0, 0, 0, 0, 0, 0, 0, 1, 0, 0, 0, 0, 0, 0, 0, 
92, 2, 1, 1, 0, 0, 0, 0, 0, 4, 1, 0, 1, 1, 0, 1, 0, 1, 0, 0, 0, 0, 0, 1, 0, 33, 8, 5, 5, 66, 2, 1, 0, 25, 0, 0, 1, 18, 7, 2, 4, 0, 0, 0, 0, 33, 4, 3, 6, 41, 2, 3, 2, 23, 10, 3, 6, 10, 1, 1, 0, 15, 4, 1, 1, 11, 3, 3, 3, 0, 0, 1, 1, 1, 2, 2, 1, 2, 0, 0, 0, 0, 0, 0, 0, 0, 0, 0, 0, 1, 0, 0, 0, 0, 0, 0, 0, 1, 0, 0, 0, 4, 0, 0, 0, 1, 0, 0, 0, 0, 0, 0, 0, 
93, 1, 1, 1, 1, 1, 0, 1, 0, 1, 1, 0, 1, 0, 0, 0, 0, 0, 1, 0, 0, 2, 0, 1, 0, 30, 5, 6, 9, 56, 5, 1, 2, 17, 2, 0, 0, 21, 7, 3, 3, 2, 0, 0, 0, 30, 3, 6, 2, 52, 1, 0, 1, 22, 4, 6, 4, 8, 2, 0, 0, 17, 0, 1, 1, 4, 1, 2, 0, 5, 2, 1, 0, 1, 4, 2, 2, 1, 0, 0, 0, 1, 0, 0, 0, 2, 0, 0, 0, 0, 0, 0, 0, 0, 0, 0, 0, 0, 0, 0, 0, 0, 0, 0, 0, 3, 0, 0, 0, 1, 0, 0, 0, 
94, 0, 1, 0, 0, 0, 3, 0, 1, 2, 1, 0, 0, 0, 1, 0, 0, 0, 0, 1, 0, 1, 0, 0, 0, 38, 10, 6, 10, 57, 3, 2, 0, 6, 4, 0, 0, 17, 0, 4, 5, 0, 0, 0, 0, 39, 8, 2, 5, 61, 4, 0, 1, 24, 7, 8, 3, 15, 1, 0, 0, 19, 1, 2, 1, 5, 5, 6, 6, 2, 0, 0, 0, 12, 3, 2, 1, 1, 0, 0, 0, 1, 0, 0, 0, 2, 0, 0, 0, 0, 0, 0, 0, 2, 0, 0, 0, 0, 0, 0, 0, 1, 0, 0, 0, 2, 0, 0, 0, 0, 0, 0, 0, 
95, 0, 0, 0, 0, 1, 0, 0, 2, 0, 0, 1, 2, 0, 0, 1, 0, 0, 0, 0, 1, 0, 0, 0, 0, 34, 5, 9, 7, 59, 5, 3, 1, 16, 2, 1, 1, 10, 11, 9, 6, 1, 0, 0, 0, 44, 4, 4, 1, 72, 1, 0, 1, 41, 7, 11, 3, 21, 2, 2, 3, 37, 3, 4, 0, 7, 4, 3, 6, 4, 2, 1, 0, 11, 4, 1, 2, 0, 0, 0, 0, 0, 0, 0, 0, 0, 0, 0, 0, 1, 0, 0, 0, 1, 0, 0, 0, 1, 0, 0, 0, 1, 0, 0, 0, 0, 0, 0, 0, 1, 0, 0, 0, 
96, 1, 1, 5, 1, 0, 1, 1, 0, 1, 0, 0, 0, 0, 2, 0, 0, 4, 1, 0, 0, 1, 0, 1, 0, 47, 12, 7, 4, 51, 1, 2, 2, 23, 0, 1, 1, 6, 7, 12, 11, 0, 0, 1, 0, 44, 2, 6, 3, 74, 2, 0, 1, 28, 7, 6, 5, 20, 0, 1, 1, 40, 0, 3, 3, 13, 5, 4, 5, 4, 2, 1, 2, 9, 1, 3, 0, 0, 0, 0, 0, 1, 0, 0, 0, 0, 0, 0, 0, 1, 0, 0, 0, 0, 0, 0, 0, 0, 0, 0, 0, 1, 0, 0, 0, 2, 0, 0, 0, 0, 0, 0, 0, 
97, 0, 0, 0, 0, 1, 0, 3, 3, 0, 0, 0, 0, 1, 0, 1, 1, 0, 0, 0, 0, 1, 0, 2, 1, 48, 4, 10, 8, 50, 1, 1, 0, 30, 3, 1, 1, 6, 9, 10, 9, 1, 4, 0, 0, 42, 7, 4, 7, 77, 0, 0, 0, 29, 12, 2, 6, 21, 1, 0, 1, 28, 1, 1, 0, 26, 6, 6, 4, 6, 3, 4, 8, 2, 3, 1, 2, 4, 0, 0, 0, 0, 0, 0, 0, 0, 0, 0, 0, 0, 0, 0, 0, 1, 0, 0, 0, 1, 0, 0, 0, 0, 0, 0, 0, 1, 0, 0, 0, 0, 0, 0, 0, 
98, 1, 1, 0, 0, 0, 0, 1, 0, 1, 0, 0, 0, 0, 0, 0, 0, 0, 1, 0, 0, 0, 0, 0, 0, 55, 8, 2, 7, 36, 8, 3, 0, 31, 0, 1, 0, 11, 7, 7, 8, 1, 1, 2, 0, 47, 3, 3, 9, 72, 4, 1, 2, 32, 5, 6, 4, 11, 1, 1, 0, 21, 0, 0, 1, 23, 3, 2, 9, 4, 5, 6, 6, 7, 1, 1, 2, 2, 0, 0, 0, 1, 0, 0, 0, 0, 0, 0, 0, 0, 0, 0, 0, 1, 0, 0, 0, 1, 0, 0, 0, 0, 0, 0, 0, 0, 0, 0, 0, 0, 0, 0, 0, 
99, 0, 0, 0, 0, 2, 0, 0, 0, 0, 4, 3, 1, 0, 1, 2, 0, 1, 0, 0, 0, 1, 0, 1, 0, 46, 7, 6, 10, 54, 1, 2, 1, 38, 0, 0, 1, 8, 5, 5, 11, 0, 0, 0, 0, 58, 1, 6, 3, 71, 0, 0, 0, 27, 7, 3, 4, 8, 2, 3, 1, 11, 3, 3, 1, 17, 10, 7, 4, 3, 3, 3, 4, 13, 2, 5, 1, 0, 0, 0, 0, 1, 0, 0, 0, 0, 0, 0, 0, 1, 0, 0, 0, 1, 0, 0, 0, 1, 0, 0, 0, 2, 0, 0, 0, 1, 0, 0, 0, 1, 0, 0, 0, 