0, 3, 0, 1, 1, 1, 0, 1, 0, 1, 0, 0, 0, 1, 0, 0, 0, 0, 0, 1, 0, 0, 0, 0, 0, 0, 1, 0, 0, 2, 0, 0, 1, 0, 4, 0, 1, 0, 1, 0, 0, 0, 1, 1, 0, 0, 0, 1, 1, 5, 1, 2, 2, 2, 0, 0, 1, 1, 1, 2, 3, 1, 4, 1, 0, 2, 1, 0, 0, 5, 4, 3, 3, 0, 0, 1, 0, 0, 0, 0, 0, 1, 0, 0, 0, 1, 0, 0, 0, 2, 0, 0, 0, 0, 0, 0, 0, 1, 0, 0, 0, 0, 0, 0, 0, 1, 0, 0, 0, 0, 0, 0, 0, 
1, 0, 0, 0, 0, 0, 1, 2, 2, 1, 1, 0, 0, 0, 0, 0, 0, 0, 0, 0, 0, 0, 0, 1, 0, 6, 3, 2, 3, 1, 0, 1, 0, 3, 0, 0, 0, 0, 0, 0, 0, 2, 3, 5, 4, 2, 1, 2, 1, 5, 3, 1, 3, 3, 2, 2, 1, 0, 0, 0, 0, 0, 1, 0, 0, 1, 0, 0, 1, 5, 3, 3, 1, 4, 4, 4, 9, 0, 0, 0, 0, 1, 0, 0, 0, 1, 0, 0, 0, 1, 0, 0, 0, 2, 0, 0, 0, 0, 0, 0, 0, 0, 0, 0, 0, 1, 0, 0, 0, 0, 0, 0, 0, 
2, 1, 1, 1, 1, 0, 1, 1, 1, 0, 0, 0, 0, 2, 0, 2, 1, 0, 1, 0, 0, 1, 0, 0, 1, 1, 3, 3, 1, 3, 3, 4, 2, 0, 3, 1, 2, 0, 0, 0, 0, 0, 0, 0, 0, 1, 1, 2, 1, 2, 2, 1, 3, 4, 5, 8, 6, 0, 0, 0, 0, 7, 2, 0, 2, 0, 1, 1, 1, 12, 5, 3, 6, 19, 0, 1, 1, 0, 0, 0, 0, 0, 0, 0, 0, 0, 0, 0, 0, 0, 0, 0, 0, 1, 0, 0, 0, 1, 0, 0, 0, 0, 0, 0, 0, 0, 0, 0, 0, 0, 0, 0, 0, 
3, 0, 0, 0, 1, 3, 1, 1, 0, 1, 0, 1, 0, 1, 0, 0, 0, 0, 2, 1, 0, 1, 0, 2, 0, 0, 0, 0, 0, 3, 1, 5, 1, 1, 2, 1, 1, 1, 0, 3, 1, 0, 1, 0, 0, 1, 0, 0, 0, 1, 4, 1, 4, 15, 5, 4, 5, 2, 4, 4, 1, 1, 0, 2, 0, 1, 1, 0, 4, 23, 3, 6, 3, 7, 4, 2, 0, 1, 0, 0, 0, 0, 0, 0, 0, 3, 0, 0, 0, 0, 0, 0, 0, 2, 0, 0, 0, 0, 0, 0, 0, 0, 0, 0, 0, 1, 0, 0, 0, 1, 0, 0, 0, 
4, 0, 0, 0, 1, 0, 0, 0, 0, 0, 0, 0, 0, 0, 0, 1, 0, 2, 0, 0, 0, 0, 1, 0, 0, 4, 2, 0, 1, 1, 2, 1, 1, 1, 1, 0, 1, 0, 2, 3, 4, 5, 3, 1, 2, 1, 1, 3, 2, 0, 0, 1, 1, 15, 7, 3, 4, 0, 0, 0, 1, 1, 3, 2, 2, 0, 0, 0, 1, 7, 6, 2, 3, 8, 0, 4, 0, 1, 0, 0, 0, 1, 0, 0, 0, 2, 0, 0, 0, 2, 0, 0, 0, 0, 0, 0, 0, 1, 0, 0, 0, 1, 0, 0, 0, 0, 0, 0, 0, 0, 0, 0, 0, 
5, 1, 0, 0, 0, 0, 1, 0, 0, 0, 0, 2, 0, 0, 2, 2, 0, 1, 1, 0, 1, 1, 1, 3, 1, 3, 3, 0, 2, 0, 3, 1, 1, 2, 1, 0, 1, 10, 4, 6, 2, 5, 1, 0, 2, 2, 3, 3, 2, 1, 2, 1, 0, 15, 1, 3, 6, 0, 0, 1, 0, 4, 4, 2, 2, 1, 1, 1, 2, 16, 3, 4, 2, 4, 1, 2, 2, 2, 0, 0, 0, 1, 0, 0, 0, 1, 0, 0, 0, 0, 0, 0, 0, 0, 0, 0, 0, 0, 0, 0, 0, 0, 0, 0, 0, 0, 0, 0, 0, 0, 0, 0, 0, 
6, 1, 3, 3, 1, 0, 1, 0, 0, 0, 0, 0, 0, 0, 1, 0, 1, 1, 0, 1, 0, 1, 1, 1, 0, 0, 1, 0, 1, 2, 1, 0, 2, 8, 1, 1, 0, 21, 6, 5, 6, 1, 0, 2, 1, 5, 6, 9, 11, 1, 5, 0, 0, 24, 9, 6, 1, 0, 3, 1, 1, 0, 2, 0, 1, 2, 4, 6, 2, 6, 1, 2, 1, 2, 1, 2, 1, 0, 0, 0, 0, 0, 0, 0, 0, 0, 0, 0, 0, 1, 0, 0, 0, 4, 0, 0, 0, 1, 0, 0, 0, 0, 0, 0, 0, 0, 0, 0, 0, 0, 0, 0, 0, 
7, 1, 0, 1, 0, 1, 1, 0, 0, 0, 0, 1, 0, 0, 1, 0, 0, 0, 0, 0, 0, 1, 0, 0, 0, 1, 0, 0, 0, 0, 1, 2, 0, 10, 1, 2, 1, 12, 5, 3, 3, 2, 2, 1, 0, 14, 8, 10, 2, 1, 0, 0, 1, 38, 6, 7, 3, 1, 3, 0, 4, 0, 1, 1, 0, 0, 0, 0, 2, 5, 2, 2, 2, 0, 1, 0, 1, 1, 0, 0, 0, 1, 0, 0, 0, 1, 0, 0, 0, 1, 0, 0, 0, 0, 0, 0, 0, 0, 0, 0, 0, 1, 0, 0, 0, 0, 0, 0, 0, 3, 0, 0, 0, 
8, 1, 0, 1, 0, 0, 0, 0, 1, 0, 0, 0, 0, 2, 2, 0, 0, 0, 0, 0, 1, 1, 0, 0, 0, 5, 5, 1, 0, 0, 0, 0, 1, 18, 1, 0, 0, 8, 2, 2, 6, 1, 1, 1, 0, 6, 7, 11, 4, 4, 2, 2, 0, 53, 4, 6, 6, 1, 0, 1, 0, 1, 0, 0, 0, 0, 0, 1, 1, 3, 1, 0, 0, 0, 0, 0, 3, 0, 0, 0, 0, 0, 0, 0, 0, 0, 0, 0, 0, 0, 0, 0, 0, 1, 0, 0, 0, 1, 0, 0, 0, 0, 0, 0, 0, 1, 0, 0, 0, 1, 0, 0, 0, 
9, 0, 0, 1, 0, 0, 1, 1, 2, 1, 0, 2, 1, 0, 0, 0, 0, 0, 0, 0, 0, 0, 0, 0, 0, 4, 1, 3, 2, 0, 3, 1, 2, 12, 0, 2, 0, 9, 7, 4, 6, 0, 0, 1, 0, 6, 11, 12, 5, 1, 1, 2, 0, 68, 4, 5, 5, 0, 0, 1, 2, 8, 1, 3, 2, 0, 0, 1, 1, 5, 1, 2, 2, 1, 1, 2, 0, 0, 0, 0, 0, 0, 0, 0, 0, 0, 0, 0, 0, 2, 0, 0, 0, 1, 0, 0, 0, 1, 0, 0, 0, 1, 0, 0, 0, 0, 0, 0, 0, 1, 0, 0, 0, 
10, 0, 0, 0, 0, 1, 0, 0, 2, 1, 3, 0, 0, 3, 0, 2, 1, 0, 0, 0, 0, 0, 1, 0, 0, 8, 2, 4, 1, 4, 1, 4, 3, 5, 2, 0, 0, 7, 3, 4, 7, 5, 2, 1, 3, 7, 6, 5, 3, 8, 2, 0, 1, 69, 5, 6, 1, 2, 2, 1, 6, 6, 1, 2, 4, 0, 0, 0, 0, 3, 2, 2, 2, 0, 0, 0, 0, 0, 0, 0, 0, 1, 0, 0, 0, 1, 0, 0, 0, 1, 0, 0, 0, 3, 0, 0, 0, 0, 0, 0, 0, 2, 0, 0, 0, 0, 0, 0, 0, 0, 0, 0, 0, 
11, 1, 0, 0, 0, 0, 0, 1, 0, 0, 0, 0, 0, 0, 0, 0, 0, 2, 0, 0, 0, 0, 0, 2, 0, 5, 1, 3, 1, 4, 2, 3, 0, 8, 0, 0, 1, 3, 6, 6, 5, 3, 2, 1, 3, 1, 1, 1, 1, 15, 0, 0, 0, 59, 5, 9, 4, 10, 3, 1, 1, 11, 5, 2, 1, 4, 1, 2, 0, 16, 4, 1, 3, 0, 0, 2, 2, 1, 0, 0, 0, 2, 0, 0, 0, 1, 0, 0, 0, 1, 0, 0, 0, 2, 0, 0, 0, 1, 0, 0, 0, 1, 0, 0, 0, 2, 0, 0, 0, 2, 0, 0, 0, 
12, 0, 1, 0, 0, 1, 0, 1, 0, 3, 2, 4, 1, 0, 0, 0, 0, 0, 1, 0, 0, 1, 1, 0, 0, 6, 1, 2, 2, 1, 1, 2, 3, 5, 4, 1, 1, 2, 3, 3, 3, 1, 1, 1, 0, 3, 4, 1, 2, 20, 4, 1, 0, 68, 4, 7, 5, 6, 3, 3, 2, 13, 1, 2, 0, 0, 1, 0, 0, 15, 4, 5, 4, 0, 1, 0, 0, 0, 0, 0, 0, 0, 0, 0, 0, 1, 0, 0, 0, 1, 0, 0, 0, 0, 0, 0, 0, 1, 0, 0, 0, 2, 0, 0, 0, 0, 0, 0, 0, 2, 0, 0, 0, 
13, 1, 2, 3, 2, 1, 0, 0, 1, 0, 0, 0, 0, 0, 1, 0, 0, 0, 0, 0, 0, 4, 3, 1, 4, 5, 3, 4, 4, 3, 0, 1, 1, 6, 0, 0, 0, 3, 1, 2, 3, 0, 3, 4, 2, 3, 5, 4, 3, 10, 0, 0, 1, 71, 5, 5, 2, 11, 2, 0, 1, 4, 2, 0, 1, 1, 1, 2, 1, 17, 3, 3, 4, 1, 2, 3, 3, 0, 0, 0, 0, 0, 0, 0, 0, 1, 0, 0, 0, 0, 0, 0, 0, 3, 0, 0, 0, 1, 0, 0, 0, 0, 0, 0, 0, 0, 0, 0, 0, 0, 0, 0, 0, 
14, 0, 0, 0, 0, 1, 1, 0, 1, 0, 0, 0, 1, 0, 0, 0, 0, 1, 1, 1, 0, 0, 1, 0, 0, 4, 4, 4, 4, 1, 1, 4, 1, 11, 1, 1, 2, 8, 6, 3, 3, 4, 3, 0, 1, 6, 9, 4, 2, 10, 0, 1, 0, 77, 3, 6, 3, 0, 0, 1, 0, 0, 1, 0, 0, 13, 4, 3, 1, 15, 4, 0, 2, 1, 4, 1, 1, 0, 0, 0, 0, 1, 0, 0, 0, 2, 0, 0, 0, 0, 0, 0, 0, 1, 0, 0, 0, 3, 0, 0, 0, 1, 0, 0, 0, 1, 0, 0, 0, 2, 0, 0, 0, 
15, 0, 0, 1, 1, 1, 0, 0, 0, 1, 0, 2, 0, 0, 0, 0, 0, 1, 1, 1, 1, 0, 0, 0, 1, 4, 5, 10, 7, 1, 0, 2, 0, 7, 0, 1, 1, 27, 10, 2, 3, 7, 1, 0, 0, 6, 12, 3, 6, 15, 5, 1, 1, 75, 5, 2, 6, 2, 1, 5, 1, 5, 0, 0, 0, 27, 2, 2, 1, 3, 3, 1, 1, 0, 0, 0, 0, 1, 0, 0, 0, 0, 0, 0, 0, 2, 0, 0, 0, 0, 0, 0, 0, 0, 0, 0, 0, 0, 0, 0, 0, 0, 0, 0, 0, 0, 0, 0, 0, 3, 0, 0, 0, 
16, 1, 0, 0, 1, 0, 0, 0, 0, 1, 1, 0, 0, 0, 0, 0, 0, 2, 0, 0, 0, 0, 0, 0, 0, 5, 5, 11, 7, 15, 1, 3, 1, 16, 1, 0, 1, 50, 6, 5, 5, 1, 1, 0, 1, 5, 5, 10, 1, 15, 1, 1, 0, 58, 7, 8, 7, 1, 2, 6, 2, 9, 0, 1, 1, 23, 2, 2, 2, 8, 1, 4, 0, 3, 2, 2, 0, 0, 0, 0, 0, 4, 0, 0, 0, 0, 0, 0, 0, 1, 0, 0, 0, 1, 0, 0, 0, 0, 0, 0, 0, 1, 0, 0, 0, 1, 0, 0, 0, 0, 0, 0, 0, 
17, 1, 1, 1, 1, 0, 0, 0, 1, 1, 2, 0, 0, 0, 1, 0, 1, 1, 0, 0, 1, 1, 0, 0, 1, 8, 6, 5, 7, 9, 1, 0, 2, 13, 1, 0, 1, 55, 3, 6, 1, 1, 0, 2, 1, 5, 2, 0, 1, 19, 0, 0, 0, 50, 3, 4, 5, 0, 0, 2, 2, 9, 2, 0, 1, 20, 1, 1, 2, 20, 1, 2, 2, 1, 0, 2, 1, 1, 0, 0, 0, 1, 0, 0, 0, 0, 0, 0, 0, 0, 0, 0, 0, 0, 0, 0, 0, 1, 0, 0, 0, 0, 0, 0, 0, 2, 0, 0, 0, 1, 0, 0, 0, 
18, 1, 0, 1, 2, 0, 1, 0, 0, 0, 0, 0, 0, 1, 1, 0, 1, 1, 0, 1, 0, 0, 0, 0, 0, 15, 4, 8, 5, 1, 1, 0, 1, 13, 1, 0, 3, 68, 6, 4, 3, 1, 0, 2, 2, 5, 3, 1, 3, 24, 2, 0, 1, 47, 2, 4, 10, 2, 6, 1, 4, 1, 1, 2, 0, 10, 3, 2, 1, 26, 1, 1, 0, 4, 2, 1, 1, 0, 0, 0, 0, 0, 0, 0, 0, 0, 0, 0, 0, 1, 0, 0, 0, 0, 0, 0, 0, 1, 0, 0, 0, 1, 0, 0, 0, 1, 0, 0, 0, 0, 0, 0, 0, 
19, 1, 0, 2, 1, 2, 3, 2, 3, 3, 0, 0, 0, 0, 1, 0, 1, 0, 0, 1, 0, 1, 0, 0, 0, 9, 9, 6, 10, 9, 2, 3, 1, 2, 0, 1, 2, 70, 3, 2, 2, 3, 0, 0, 0, 5, 4, 0, 5, 31, 0, 1, 0, 43, 6, 3, 5, 1, 3, 4, 1, 5, 0, 4, 1, 10, 0, 2, 0, 32, 1, 2, 1, 4, 2, 2, 3, 0, 0, 0, 0, 0, 0, 0, 0, 1, 0, 0, 0, 0, 0, 0, 0, 0, 0, 0, 0, 0, 0, 0, 0, 1, 0, 0, 0, 0, 0, 0, 0, 0, 0, 0, 0, 
20, 0, 1, 2, 0, 4, 5, 0, 1, 1, 1, 0, 0, 0, 0, 0, 0, 1, 0, 0, 1, 0, 0, 0, 0, 8, 10, 13, 6, 2, 2, 1, 0, 2, 3, 1, 0, 69, 5, 3, 4, 0, 2, 2, 1, 7, 4, 6, 8, 38, 0, 0, 0, 48, 11, 7, 5, 1, 1, 7, 0, 5, 1, 2, 0, 7, 1, 2, 1, 42, 0, 0, 4, 2, 0, 1, 0, 0, 0, 0, 0, 0, 0, 0, 0, 0, 0, 0, 0, 2, 0, 0, 0, 1, 0, 0, 0, 0, 0, 0, 0, 0, 0, 0, 0, 0, 0, 0, 0, 3, 0, 0, 0, 
21, 1, 0, 0, 0, 0, 1, 0, 0, 0, 0, 0, 0, 0, 0, 0, 0, 0, 0, 0, 1, 1, 1, 0, 1, 4, 7, 7, 5, 2, 0, 0, 0, 4, 1, 2, 2, 58, 5, 2, 2, 1, 2, 0, 1, 5, 7, 8, 8, 33, 1, 0, 0, 58, 0, 8, 8, 2, 5, 3, 2, 2, 3, 2, 1, 9, 2, 4, 1, 50, 1, 1, 0, 0, 1, 1, 0, 1, 0, 0, 0, 4, 0, 0, 0, 0, 0, 0, 0, 0, 0, 0, 0, 0, 0, 0, 0, 0, 0, 0, 0, 1, 0, 0, 0, 0, 0, 0, 0, 0, 0, 0, 0, 
22, 0, 1, 0, 1, 2, 0, 0, 1, 2, 0, 0, 0, 0, 0, 1, 0, 3, 1, 1, 2, 0, 0, 1, 1, 4, 8, 6, 5, 0, 1, 0, 0, 1, 4, 1, 2, 58, 2, 2, 3, 5, 1, 2, 0, 3, 2, 3, 5, 43, 1, 0, 1, 58, 6, 7, 6, 3, 2, 2, 1, 6, 3, 3, 2, 4, 2, 1, 4, 28, 0, 1, 1, 1, 1, 1, 1, 1, 0, 0, 0, 0, 0, 0, 0, 3, 0, 0, 0, 0, 0, 0, 0, 1, 0, 0, 0, 1, 0, 0, 0, 0, 0, 0, 0, 1, 0, 0, 0, 0, 0, 0, 0, 
23, 2, 1, 0, 0, 0, 1, 0, 0, 0, 1, 1, 2, 0, 0, 0, 0, 1, 0, 1, 0, 3, 0, 1, 0, 6, 6, 7, 6, 3, 2, 2, 3, 3, 1, 4, 1, 55, 2, 6, 2, 4, 4, 4, 5, 4, 3, 4, 4, 41, 1, 2, 0, 70, 6, 3, 6, 0, 2, 0, 0, 4, 2, 1, 1, 4, 0, 0, 1, 27, 0, 1, 1, 4, 5, 1, 2, 1, 0, 0, 0, 0, 0, 0, 0, 2, 0, 0, 0, 0, 0, 0, 0, 0, 0, 0, 0, 1, 0, 0, 0, 1, 0, 0, 0, 1, 0, 0, 0, 3, 0, 0, 0, 
24, 0, 0, 2, 1, 0, 0, 0, 0, 0, 0, 0, 0, 0, 0, 0, 0, 3, 1, 1, 1, 1, 0, 1, 0, 7, 4, 4, 6, 18, 1, 1, 3, 10, 2, 2, 4, 42, 1, 0, 3, 8, 4, 4, 4, 7, 6, 8, 4, 47, 1, 2, 1, 73, 6, 7, 5, 0, 1, 0, 0, 6, 0, 0, 0, 3, 0, 1, 1, 38, 1, 0, 0, 5, 2, 0, 2, 2, 0, 0, 0, 1, 0, 0, 0, 0, 0, 0, 0, 0, 0, 0, 0, 2, 0, 0, 0, 4, 0, 0, 0, 1, 0, 0, 0, 0, 0, 0, 0, 1, 0, 0, 0, 
25, 0, 0, 0, 0, 0, 0, 0, 0, 0, 0, 0, 0, 1, 0, 0, 0, 0, 0, 0, 1, 0, 0, 1, 1, 0, 7, 6, 2, 16, 1, 2, 3, 3, 3, 2, 1, 39, 2, 0, 2, 7, 7, 4, 8, 6, 4, 13, 3, 35, 1, 1, 0, 66, 6, 5, 7, 3, 2, 2, 2, 10, 2, 0, 0, 0, 2, 1, 1, 37, 0, 0, 2, 0, 2, 1, 3, 2, 0, 0, 0, 2, 0, 0, 0, 0, 0, 0, 0, 2, 0, 0, 0, 2, 0, 0, 0, 1, 0, 0, 0, 0, 0, 0, 0, 0, 0, 0, 0, 1, 0, 0, 0, 
26, 0, 0, 1, 0, 1, 0, 0, 0, 1, 0, 0, 0, 0, 0, 0, 1, 0, 0, 1, 0, 0, 0, 1, 0, 13, 4, 4, 5, 8, 1, 0, 2, 14, 2, 2, 5, 28, 6, 6, 1, 6, 3, 6, 7, 5, 7, 5, 1, 27, 0, 0, 0, 62, 7, 3, 6, 2, 1, 2, 0, 16, 3, 1, 0, 9, 9, 3, 2, 22, 2, 0, 1, 11, 4, 3, 4, 1, 0, 0, 0, 1, 0, 0, 0, 0, 0, 0, 0, 0, 0, 0, 0, 2, 0, 0, 0, 3, 0, 0, 0, 1, 0, 0, 0, 1, 0, 0, 0, 3, 0, 0, 0, 
27, 2, 2, 0, 0, 4, 5, 2, 0, 0, 0, 1, 0, 2, 3, 1, 0, 0, 0, 0, 0, 0, 1, 0, 1, 1, 2, 4, 4, 3, 1, 1, 0, 2, 5, 6, 3, 30, 2, 1, 0, 6, 3, 4, 4, 2, 1, 2, 1, 36, 1, 3, 0, 73, 7, 4, 6, 0, 0, 1, 0, 22, 1, 1, 0, 22, 3, 1, 1, 16, 1, 1, 2, 6, 1, 5, 3, 1, 0, 0, 0, 0, 0, 0, 0, 0, 0, 0, 0, 0, 0, 0, 0, 0, 0, 0, 0, 1, 0, 0, 0, 0, 0, 0, 0, 2, 0, 0, 0, 1, 0, 0, 0, 
28, 1, 0, 0, 0, 0, 0, 1, 0, 1, 2, 2, 0, 2, 0, 1, 0, 0, 1, 0, 0, 0, 0, 0, 0, 1, 2, 3, 1, 5, 5, 1, 0, 7, 6, 9, 8, 26, 2, 3, 1, 3, 0, 0, 1, 1, 2, 1, 1, 23, 1, 1, 1, 84, 6, 5, 3, 5, 0, 1, 1, 23, 1, 3, 1, 14, 2, 4, 2, 3, 6, 2, 1, 0, 5, 6, 2, 1, 0, 0, 0, 0, 0, 0, 0, 0, 0, 0, 0, 2, 0, 0, 0, 1, 0, 0, 0, 0, 0, 0, 0, 0, 0, 0, 0, 0, 0, 0, 0, 1, 0, 0, 0, 
29, 7, 3, 0, 3, 2, 1, 1, 1, 0, 0, 0, 0, 0, 0, 0, 0, 1, 0, 0, 0, 0, 0, 0, 0, 0, 0, 0, 0, 7, 1, 1, 0, 12, 8, 12, 5, 16, 2, 0, 1, 2, 1, 1, 0, 0, 2, 2, 3, 23, 1, 0, 1, 77, 9, 6, 5, 3, 1, 1, 2, 32, 1, 2, 3, 16, 2, 3, 1, 6, 4, 3, 0, 3, 2, 3, 2, 0, 0, 0, 0, 0, 0, 0, 0, 0, 0, 0, 0, 0, 0, 0, 0, 2, 0, 0, 0, 3, 0, 0, 0, 0, 0, 0, 0, 1, 0, 0, 0, 2, 0, 0, 0, 
30, 0, 0, 0, 0, 0, 0, 0, 0, 2, 4, 3, 2, 1, 0, 0, 0, 0, 0, 0, 0, 1, 1, 0, 0, 2, 0, 0, 1, 0, 0, 3, 0, 10, 6, 6, 13, 9, 4, 5, 4, 0, 1, 0, 0, 3, 0, 0, 3, 17, 1, 2, 0, 88, 2, 4, 3, 3, 2, 1, 0, 35, 1, 1, 0, 10, 1, 3, 3, 25, 16, 1, 0, 9, 7, 5, 4, 0, 0, 0, 0, 1, 0, 0, 0, 3, 0, 0, 0, 0, 0, 0, 0, 0, 0, 0, 0, 0, 0, 0, 0, 1, 0, 0, 0, 3, 0, 0, 0, 2, 0, 0, 0, 
31, 3, 0, 0, 0, 0, 3, 1, 1, 0, 0, 0, 1, 0, 0, 0, 0, 2, 0, 0, 0, 0, 0, 0, 0, 3, 3, 2, 2, 0, 1, 0, 0, 7, 14, 8, 7, 23, 2, 3, 0, 3, 0, 3, 4, 1, 1, 2, 0, 7, 3, 1, 0, 85, 2, 3, 4, 1, 0, 0, 0, 41, 0, 0, 0, 2, 5, 5, 2, 42, 3, 2, 1, 26, 3, 2, 4, 0, 0, 0, 0, 1, 0, 0, 0, 2, 0, 0, 0, 0, 0, 0, 0, 0, 0, 0, 0, 1, 0, 0, 0, 1, 0, 0, 0, 3, 0, 0, 0, 0, 0, 0, 0, 
32, 1, 0, 0, 1, 1, 0, 0, 0, 0, 0, 0, 0, 0, 1, 1, 0, 0, 0, 0, 0, 0, 2, 1, 0, 1, 2, 0, 1, 5, 3, 2, 8, 7, 10, 11, 4, 16, 4, 2, 0, 12, 5, 5, 2, 4, 0, 0, 1, 17, 0, 0, 1, 66, 3, 3, 6, 0, 1, 1, 1, 44, 0, 0, 0, 2, 2, 2, 1, 68, 4, 2, 1, 23, 1, 5, 5, 0, 0, 0, 0, 1, 0, 0, 0, 1, 0, 0, 0, 0, 0, 0, 0, 1, 0, 0, 0, 0, 0, 0, 0, 2, 0, 0, 0, 0, 0, 0, 0, 2, 0, 0, 0, 
33, 1, 0, 0, 1, 0, 1, 0, 0, 1, 1, 0, 1, 0, 1, 0, 0, 1, 0, 0, 0, 0, 1, 0, 0, 8, 4, 5, 2, 1, 4, 2, 3, 8, 2, 5, 4, 22, 5, 2, 2, 5, 2, 3, 4, 0, 0, 2, 2, 14, 1, 0, 1, 47, 4, 3, 3, 6, 1, 4, 0, 39, 0, 1, 0, 2, 2, 6, 2, 70, 3, 1, 1, 28, 8, 7, 4, 0, 0, 0, 0, 3, 0, 0, 0, 0, 0, 0, 0, 2, 0, 0, 0, 0, 0, 0, 0, 1, 0, 0, 0, 2, 0, 0, 0, 0, 0, 0, 0, 0, 0, 0, 0, 
34, 0, 1, 0, 0, 0, 1, 1, 0, 0, 0, 1, 0, 3, 1, 1, 4, 3, 1, 0, 0, 0, 0, 0, 0, 12, 2, 9, 4, 1, 1, 2, 1, 0, 1, 2, 0, 12, 4, 0, 2, 3, 0, 2, 3, 4, 0, 0, 0, 16, 0, 0, 1, 36, 3, 6, 6, 0, 2, 0, 0, 48, 1, 1, 1, 1, 9, 2, 3, 53, 1, 0, 0, 19, 8, 5, 5, 2, 0, 0, 0, 0, 0, 0, 0, 0, 0, 0, 0, 0, 0, 0, 0, 0, 0, 0, 0, 0, 0, 0, 0, 1, 0, 0, 0, 0, 0, 0, 0, 3, 0, 0, 0, 
35, 0, 1, 1, 0, 3, 4, 2, 2, 1, 1, 0, 0, 0, 0, 0, 0, 1, 3, 0, 1, 4, 4, 1, 4, 6, 6, 9, 2, 3, 0, 4, 4, 2, 1, 2, 2, 15, 2, 1, 4, 0, 3, 3, 2, 2, 0, 2, 1, 5, 1, 0, 0, 48, 5, 2, 5, 0, 2, 0, 0, 51, 1, 2, 0, 5, 6, 9, 5, 54, 0, 1, 0, 32, 3, 1, 4, 0, 0, 0, 0, 0, 0, 0, 0, 0, 0, 0, 0, 0, 0, 0, 0, 0, 0, 0, 0, 1, 0, 0, 0, 1, 0, 0, 0, 0, 0, 0, 0, 2, 0, 0, 0, 
36, 0, 0, 0, 1, 0, 0, 0, 0, 1, 0, 0, 0, 0, 0, 0, 0, 0, 0, 0, 0, 1, 0, 0, 1, 5, 3, 5, 6, 7, 6, 6, 4, 3, 0, 1, 0, 13, 3, 4, 2, 0, 0, 3, 1, 2, 1, 1, 0, 15, 1, 0, 1, 55, 10, 6, 6, 1, 1, 3, 1, 48, 0, 0, 1, 3, 4, 3, 5, 52, 0, 0, 3, 35, 1, 5, 6, 2, 0, 0, 0, 1, 0, 0, 0, 2, 0, 0, 0, 1, 0, 0, 0, 1, 0, 0, 0, 1, 0, 0, 0, 3, 0, 0, 0, 1, 0, 0, 0, 1, 0, 0, 0, 
37, 0, 0, 0, 1, 1, 0, 0, 1, 0, 0, 1, 0, 0, 2, 1, 0, 0, 2, 0, 0, 1, 0, 0, 0, 5, 3, 10, 3, 8, 5, 9, 6, 2, 5, 3, 2, 28, 10, 2, 4, 0, 2, 1, 0, 0, 1, 4, 0, 1, 2, 0, 0, 60, 9, 7, 3, 0, 1, 1, 0, 51, 1, 0, 0, 11, 2, 7, 3, 58, 4, 2, 0, 36, 2, 5, 3, 1, 0, 0, 0, 1, 0, 0, 0, 1, 0, 0, 0, 1, 0, 0, 0, 0, 0, 0, 0, 1, 0, 0, 0, 2, 0, 0, 0, 0, 0, 0, 0, 1, 0, 0, 0, 
38, 0, 1, 0, 0, 1, 0, 0, 0, 1, 1, 1, 1, 0, 0, 0, 0, 0, 1, 2, 2, 0, 0, 0, 0, 10, 8, 2, 9, 4, 4, 4, 6, 1, 3, 1, 3, 36, 4, 1, 2, 9, 6, 2, 3, 1, 2, 1, 1, 4, 1, 2, 2, 72, 7, 4, 4, 1, 1, 0, 0, 46, 0, 0, 0, 1, 7, 2, 5, 62, 2, 2, 3, 36, 5, 2, 3, 1, 0, 0, 0, 1, 0, 0, 0, 3, 0, 0, 0, 2, 0, 0, 0, 1, 0, 0, 0, 0, 0, 0, 0, 0, 0, 0, 0, 0, 0, 0, 0, 1, 0, 0, 0, 
39, 0, 0, 2, 1, 1, 0, 0, 2, 0, 0, 0, 1, 0, 0, 0, 0, 1, 0, 1, 0, 1, 0, 0, 0, 5, 11, 12, 6, 6, 5, 5, 10, 3, 0, 1, 1, 25, 1, 3, 1, 23, 2, 4, 1, 0, 4, 1, 0, 8, 1, 1, 2, 61, 3, 7, 6, 13, 5, 1, 2, 48, 1, 0, 1, 4, 3, 5, 6, 54, 4, 1, 3, 23, 5, 4, 4, 2, 0, 0, 0, 2, 0, 0, 0, 1, 0, 0, 0, 3, 0, 0, 0, 3, 0, 0, 0, 1, 0, 0, 0, 1, 0, 0, 0, 0, 0, 0, 0, 0, 0, 0, 0, 
40, 0, 0, 1, 0, 0, 0, 0, 0, 1, 1, 1, 2, 3, 1, 1, 1, 2, 0, 1, 0, 0, 0, 1, 0, 12, 18, 2, 10, 8, 6, 7, 10, 1, 2, 1, 4, 18, 3, 2, 6, 14, 4, 3, 1, 3, 1, 1, 0, 3, 0, 0, 1, 65, 5, 3, 0, 15, 5, 3, 2, 55, 0, 0, 0, 10, 6, 5, 1, 57, 1, 2, 1, 11, 12, 2, 3, 1, 0, 0, 0, 4, 0, 0, 0, 0, 0, 0, 0, 0, 0, 0, 0, 1, 0, 0, 0, 1, 0, 0, 0, 1, 0, 0, 0, 0, 0, 0, 0, 0, 0, 0, 0, 
41, 0, 0, 0, 0, 1, 1, 1, 0, 0, 0, 1, 0, 0, 1, 1, 0, 0, 1, 0, 0, 2, 0, 2, 1, 11, 12, 13, 5, 9, 11, 11, 17, 0, 2, 0, 1, 32, 1, 2, 1, 31, 4, 2, 3, 9, 0, 2, 1, 5, 5, 2, 1, 62, 6, 0, 8, 28, 2, 1, 0, 44, 0, 1, 1, 6, 3, 3, 2, 49, 3, 3, 1, 24, 7, 6, 1, 2, 0, 0, 0, 2, 0, 0, 0, 0, 0, 0, 0, 2, 0, 0, 0, 0, 0, 0, 0, 1, 0, 0, 0, 3, 0, 0, 0, 0, 0, 0, 0, 0, 0, 0, 0, 
42, 0, 0, 0, 0, 0, 0, 2, 0, 0, 0, 1, 0, 0, 0, 0, 0, 0, 0, 0, 0, 0, 0, 1, 1, 9, 11, 11, 7, 4, 6, 3, 6, 1, 3, 1, 2, 22, 2, 2, 3, 34, 3, 1, 1, 6, 1, 0, 1, 5, 3, 6, 3, 60, 4, 9, 2, 27, 2, 2, 1, 32, 2, 0, 3, 6, 4, 6, 2, 48, 1, 0, 2, 29, 6, 7, 6, 1, 0, 0, 0, 0, 0, 0, 0, 0, 0, 0, 0, 1, 0, 0, 0, 2, 0, 0, 0, 0, 0, 0, 0, 1, 0, 0, 0, 0, 0, 0, 0, 2, 0, 0, 0, 
43, 6, 0, 1, 0, 0, 0, 0, 0, 0, 1, 0, 0, 0, 1, 0, 2, 1, 1, 0, 0, 0, 0, 0, 0, 8, 8, 7, 2, 8, 2, 4, 4, 2, 6, 1, 0, 20, 4, 4, 2, 35, 1, 2, 1, 0, 0, 2, 1, 6, 5, 7, 5, 68, 8, 4, 3, 36, 0, 0, 3, 32, 3, 1, 0, 4, 5, 6, 5, 36, 5, 3, 4, 30, 4, 4, 3, 0, 0, 0, 0, 0, 0, 0, 0, 0, 0, 0, 0, 0, 0, 0, 0, 0, 0, 0, 0, 2, 0, 0, 0, 2, 0, 0, 0, 0, 0, 0, 0, 0, 0, 0, 0, 
44, 1, 1, 0, 2, 0, 1, 0, 0, 3, 1, 2, 1, 0, 0, 0, 1, 1, 0, 0, 0, 0, 0, 2, 0, 9, 4, 13, 4, 0, 2, 1, 1, 2, 1, 1, 1, 28, 5, 1, 2, 40, 5, 2, 1, 0, 0, 3, 3, 9, 7, 5, 8, 74, 4, 4, 4, 25, 1, 5, 1, 43, 1, 1, 1, 10, 8, 5, 10, 53, 0, 1, 2, 35, 3, 5, 5, 0, 0, 0, 0, 0, 0, 0, 0, 1, 0, 0, 0, 0, 0, 0, 0, 1, 0, 0, 0, 0, 0, 0, 0, 1, 0, 0, 0, 0, 0, 0, 0, 1, 0, 0, 0, 
45, 2, 1, 3, 1, 1, 0, 1, 0, 1, 0, 0, 1, 0, 0, 0, 0, 0, 0, 0, 0, 0, 0, 0, 0, 4, 4, 6, 14, 0, 0, 2, 2, 0, 1, 2, 0, 35, 3, 3, 0, 39, 1, 4, 3, 0, 1, 1, 0, 7, 5, 10, 10, 80, 6, 5, 7, 22, 3, 0, 1, 37, 2, 0, 0, 10, 10, 16, 14, 54, 0, 0, 1, 31, 2, 8, 3, 1, 0, 0, 0, 0, 0, 0, 0, 0, 0, 0, 0, 0, 0, 0, 0, 0, 0, 0, 0, 1, 0, 0, 0, 1, 0, 0, 0, 1, 0, 0, 0, 1, 0, 0, 0, 
46, 1, 0, 1, 0, 1, 0, 2, 1, 1, 1, 0, 0, 2, 0, 0, 0, 1, 0, 3, 0, 0, 0, 0, 0, 16, 4, 7, 10, 0, 2, 2, 2, 4, 1, 4, 3, 38, 3, 3, 1, 51, 5, 0, 2, 0, 0, 0, 0, 7, 9, 9, 6, 77, 4, 11, 7, 19, 1, 3, 1, 36, 0, 2, 2, 9, 12, 12, 12, 49, 0, 4, 3, 33, 7, 7, 8, 0, 0, 0, 0, 6, 0, 0, 0, 0, 0, 0, 0, 1, 0, 0, 0, 0, 0, 0, 0, 0, 0, 0, 0, 1, 0, 0, 0, 0, 0, 0, 0, 0, 0, 0, 0, 
47, 5, 1, 1, 2, 2, 1, 0, 0, 1, 1, 0, 1, 0, 0, 0, 1, 0, 2, 0, 2, 0, 2, 0, 0, 22, 8, 12, 1, 0, 0, 3, 0, 1, 5, 2, 2, 29, 4, 0, 6, 43, 3, 2, 1, 2, 0, 2, 1, 12, 10, 7, 5, 82, 1, 6, 1, 20, 1, 3, 1, 45, 4, 1, 0, 16, 13, 13, 8, 60, 3, 1, 1, 42, 8, 4, 4, 0, 0, 0, 0, 1, 0, 0, 0, 0, 0, 0, 0, 3, 0, 0, 0, 0, 0, 0, 0, 0, 0, 0, 0, 1, 0, 0, 0, 1, 0, 0, 0, 0, 0, 0, 0, 
48, 1, 0, 1, 0, 2, 0, 0, 0, 0, 0, 0, 1, 0, 0, 0, 0, 0, 0, 0, 0, 1, 0, 2, 1, 22, 15, 4, 11, 0, 3, 0, 0, 0, 0, 2, 0, 30, 4, 3, 2, 32, 2, 1, 6, 2, 3, 2, 1, 8, 8, 10, 10, 66, 2, 8, 5, 20, 1, 2, 1, 35, 1, 0, 0, 10, 16, 13, 10, 59, 0, 2, 1, 49, 5, 1, 3, 0, 0, 0, 0, 0, 0, 0, 0, 0, 0, 0, 0, 0, 0, 0, 0, 2, 0, 0, 0, 0, 0, 0, 0, 2, 0, 0, 0, 1, 0, 0, 0, 0, 0, 0, 0, 
49, 1, 1, 2, 0, 0, 1, 0, 0, 1, 0, 1, 2, 0, 0, 0, 0, 3, 3, 0, 0, 1, 1, 0, 0, 34, 5, 8, 4, 0, 1, 2, 0, 0, 1, 1, 0, 19, 4, 4, 4, 35, 1, 3, 2, 0, 1, 1, 2, 7, 10, 6, 8, 57, 4, 10, 2, 19, 0, 2, 1, 51, 2, 1, 0, 15, 14, 11, 14, 48, 2, 0, 3, 50, 4, 3, 4, 1, 0, 0, 0, 0, 0, 0, 0, 0, 0, 0, 0, 3, 0, 0, 0, 0, 0, 0, 0, 0, 0, 0, 0, 0, 0, 0, 0, 2, 0, 0, 0, 0, 0, 0, 0, 
50, 0, 0, 1, 1, 0, 1, 1, 1, 0, 1, 1, 2, 2, 0, 0, 2, 0, 0, 0, 0, 1, 0, 1, 1, 16, 7, 13, 2, 8, 3, 2, 2, 1, 0, 3, 1, 30, 8, 1, 2, 40, 2, 3, 1, 4, 1, 0, 0, 4, 2, 10, 9, 55, 6, 4, 3, 27, 2, 1, 0, 51, 1, 0, 0, 13, 12, 10, 10, 50, 3, 4, 0, 49, 4, 3, 6, 0, 0, 0, 0, 0, 0, 0, 0, 0, 0, 0, 0, 1, 0, 0, 0, 0, 0, 0, 0, 2, 0, 0, 0, 1, 0, 0, 0, 1, 0, 0, 0, 0, 0, 0, 0, 
51, 1, 0, 1, 0, 0, 0, 1, 0, 0, 0, 0, 0, 0, 0, 0, 0, 4, 1, 3, 2, 1, 0, 0, 1, 5, 8, 7, 4, 15, 0, 4, 4, 1, 3, 4, 0, 29, 3, 5, 2, 36, 7, 2, 0, 2, 0, 3, 1, 4, 9, 5, 6, 54, 1, 3, 7, 35, 0, 0, 0, 49, 1, 1, 0, 17, 11, 10, 11, 65, 1, 1, 2, 35, 4, 8, 4, 0, 0, 0, 0, 0, 0, 0, 0, 2, 0, 0, 0, 1, 0, 0, 0, 1, 0, 0, 0, 1, 0, 0, 0, 3, 0, 0, 0, 0, 0, 0, 0, 0, 0, 0, 0, 
52, 0, 0, 0, 0, 0, 1, 0, 0, 2, 1, 0, 0, 0, 1, 2, 0, 0, 0, 0, 0, 0, 0, 1, 0, 3, 5, 2, 1, 28, 4, 2, 2, 2, 0, 0, 1, 26, 3, 2, 0, 52, 6, 2, 0, 0, 1, 0, 0, 4, 5, 3, 5, 61, 7, 3, 8, 33, 3, 2, 0, 47, 0, 3, 3, 16, 13, 8, 8, 72, 1, 1, 1, 36, 3, 4, 8, 0, 0, 0, 0, 1, 0, 0, 0, 1, 0, 0, 0, 2, 0, 0, 0, 1, 0, 0, 0, 0, 0, 0, 0, 1, 0, 0, 0, 3, 0, 0, 0, 1, 0, 0, 0, 
53, 0, 0, 0, 1, 2, 2, 1, 2, 0, 0, 1, 0, 0, 0, 0, 0, 0, 1, 0, 0, 1, 0, 0, 0, 5, 5, 0, 4, 22, 2, 2, 2, 6, 5, 3, 5, 21, 4, 4, 6, 48, 1, 2, 2, 4, 0, 4, 4, 2, 3, 3, 2, 67, 6, 1, 3, 30, 1, 3, 2, 53, 1, 2, 0, 32, 7, 12, 12, 83, 2, 0, 2, 47, 6, 5, 4, 0, 0, 0, 0, 3, 0, 0, 0, 0, 0, 0, 0, 1, 0, 0, 0, 0, 0, 0, 0, 2, 0, 0, 0, 1, 0, 0, 0, 1, 0, 0, 0, 2, 0, 0, 0, 
54, 1, 0, 0, 0, 2, 1, 2, 0, 0, 1, 2, 0, 0, 0, 0, 0, 0, 0, 0, 0, 0, 0, 1, 0, 6, 3, 8, 8, 8, 2, 4, 2, 3, 7, 3, 5, 20, 1, 7, 3, 44, 2, 1, 5, 1, 0, 0, 0, 4, 1, 4, 3, 64, 4, 3, 5, 30, 0, 2, 1, 39, 1, 1, 1, 46, 7, 9, 9, 87, 1, 3, 1, 37, 3, 5, 1, 1, 0, 0, 0, 1, 0, 0, 0, 0, 0, 0, 0, 0, 0, 0, 0, 1, 0, 0, 0, 0, 0, 0, 0, 2, 0, 0, 0, 0, 0, 0, 0, 0, 0, 0, 0, 
55, 2, 2, 0, 0, 0, 0, 1, 1, 0, 0, 2, 0, 1, 0, 0, 0, 1, 0, 0, 1, 0, 1, 1, 1, 3, 2, 3, 5, 7, 4, 1, 2, 5, 4, 5, 4, 17, 3, 4, 3, 43, 4, 2, 2, 5, 4, 1, 0, 0, 0, 0, 1, 58, 6, 1, 7, 26, 2, 1, 0, 39, 1, 0, 0, 59, 10, 10, 7, 81, 0, 2, 1, 21, 1, 6, 4, 0, 0, 0, 0, 1, 0, 0, 0, 1, 0, 0, 0, 4, 0, 0, 0, 3, 0, 0, 0, 1, 0, 0, 0, 0, 0, 0, 0, 1, 0, 0, 0, 4, 0, 0, 0, 
56, 0, 0, 0, 0, 1, 0, 0, 1, 1, 0, 0, 0, 0, 0, 0, 0, 0, 1, 1, 0, 1, 0, 0, 1, 6, 1, 3, 3, 4, 4, 3, 1, 1, 2, 2, 0, 34, 0, 1, 2, 49, 1, 1, 3, 5, 4, 1, 4, 2, 1, 0, 1, 51, 6, 10, 5, 24, 2, 1, 1, 18, 1, 0, 0, 58, 19, 13, 6, 77, 0, 2, 2, 13, 4, 5, 1, 0, 0, 0, 0, 2, 0, 0, 0, 0, 0, 0, 0, 0, 0, 0, 0, 4, 0, 0, 0, 0, 0, 0, 0, 0, 0, 0, 0, 2, 0, 0, 0, 0, 0, 0, 0, 
57, 3, 1, 2, 3, 1, 0, 1, 1, 1, 1, 1, 1, 0, 0, 0, 0, 0, 1, 0, 0, 2, 0, 0, 0, 1, 2, 1, 3, 1, 3, 3, 1, 4, 1, 5, 2, 27, 2, 3, 3, 41, 3, 0, 2, 4, 3, 2, 5, 2, 1, 2, 1, 58, 4, 1, 2, 20, 3, 0, 1, 31, 1, 0, 0, 77, 5, 8, 8, 83, 5, 1, 1, 9, 11, 3, 4, 1, 0, 0, 0, 2, 0, 0, 0, 0, 0, 0, 0, 1, 0, 0, 0, 0, 0, 0, 0, 0, 0, 0, 0, 0, 0, 0, 0, 0, 0, 0, 0, 1, 0, 0, 0, 
58, 2, 0, 4, 1, 0, 0, 1, 0, 0, 1, 2, 1, 2, 1, 2, 0, 0, 0, 0, 0, 0, 0, 1, 0, 1, 0, 2, 1, 0, 1, 2, 1, 3, 4, 4, 2, 24, 6, 3, 1, 41, 0, 3, 0, 0, 0, 0, 1, 1, 0, 1, 0, 43, 6, 1, 5, 26, 1, 2, 0, 21, 1, 0, 1, 69, 9, 13, 9, 85, 2, 3, 0, 25, 0, 3, 4, 1, 0, 0, 0, 2, 0, 0, 0, 0, 0, 0, 0, 0, 0, 0, 0, 4, 0, 0, 0, 1, 0, 0, 0, 1, 0, 0, 0, 0, 0, 0, 0, 0, 0, 0, 0, 
59, 1, 1, 0, 2, 0, 0, 0, 0, 0, 0, 0, 0, 0, 0, 0, 0, 0, 0, 0, 0, 5, 3, 0, 0, 3, 5, 2, 3, 4, 2, 4, 2, 0, 1, 0, 0, 15, 3, 2, 1, 35, 1, 2, 3, 1, 1, 0, 2, 2, 2, 2, 3, 29, 6, 4, 3, 19, 0, 1, 4, 25, 1, 0, 1, 61, 10, 17, 12, 93, 3, 3, 1, 18, 3, 6, 4, 0, 0, 0, 0, 2, 0, 0, 0, 0, 0, 0, 0, 0, 0, 0, 0, 1, 0, 0, 0, 0, 0, 0, 0, 1, 0, 0, 0, 0, 0, 0, 0, 0, 0, 0, 0, 
60, 0, 0, 1, 0, 0, 0, 2, 0, 0, 0, 0, 0, 0, 0, 0, 0, 0, 0, 0, 0, 0, 1, 0, 0, 10, 12, 5, 4, 6, 5, 6, 2, 1, 1, 0, 0, 15, 3, 2, 4, 50, 3, 1, 1, 1, 2, 4, 0, 5, 6, 2, 4, 29, 2, 2, 2, 12, 1, 2, 2, 16, 0, 1, 0, 74, 9, 7, 13, 100, 1, 0, 2, 10, 6, 3, 5, 0, 0, 0, 0, 1, 0, 0, 0, 2, 0, 0, 0, 0, 0, 0, 0, 0, 0, 0, 0, 1, 0, 0, 0, 3, 0, 0, 0, 0, 0, 0, 0, 0, 0, 0, 0, 
61, 0, 1, 0, 0, 0, 0, 1, 0, 1, 2, 0, 0, 0, 0, 1, 0, 0, 0, 0, 0, 0, 0, 0, 0, 15, 5, 5, 6, 13, 2, 4, 2, 4, 2, 3, 0, 9, 7, 4, 1, 48, 3, 2, 2, 1, 0, 0, 1, 8, 2, 5, 3, 22, 8, 6, 8, 5, 2, 2, 1, 21, 1, 0, 0, 74, 5, 7, 11, 100, 2, 2, 4, 7, 5, 5, 3, 0, 0, 0, 0, 4, 0, 0, 0, 1, 0, 0, 0, 2, 0, 0, 0, 1, 0, 0, 0, 0, 0, 0, 0, 1, 0, 0, 0, 0, 0, 0, 0, 1, 0, 0, 0, 
62, 0, 0, 0, 0, 1, 0, 1, 1, 0, 1, 1, 0, 0, 0, 1, 0, 0, 0, 1, 0, 1, 1, 0, 0, 16, 5, 4, 3, 8, 7, 6, 4, 5, 2, 5, 5, 3, 3, 2, 4, 59, 2, 1, 1, 10, 4, 3, 2, 12, 6, 3, 1, 23, 7, 4, 1, 4, 0, 2, 1, 13, 0, 0, 0, 60, 10, 9, 8, 100, 1, 0, 0, 3, 2, 2, 5, 0, 0, 0, 0, 1, 0, 0, 0, 1, 0, 0, 0, 0, 0, 0, 0, 1, 0, 0, 0, 1, 0, 0, 0, 1, 0, 0, 0, 1, 0, 0, 0, 4, 0, 0, 0, 
63, 2, 1, 0, 1, 0, 1, 0, 1, 1, 0, 1, 0, 0, 0, 2, 0, 0, 0, 0, 0, 0, 0, 0, 0, 31, 7, 4, 1, 5, 9, 6, 7, 4, 6, 3, 1, 2, 0, 3, 1, 66, 0, 2, 2, 3, 4, 2, 6, 11, 7, 4, 3, 37, 9, 4, 8, 0, 2, 1, 4, 8, 0, 0, 0, 66, 9, 11, 8, 100, 3, 4, 1, 1, 4, 2, 4, 1, 0, 0, 0, 0, 0, 0, 0, 1, 0, 0, 0, 1, 0, 0, 0, 1, 0, 0, 0, 1, 0, 0, 0, 0, 0, 0, 0, 1, 0, 0, 0, 1, 0, 0, 0, 
64, 0, 1, 3, 0, 0, 0, 0, 0, 1, 0, 0, 0, 1, 0, 0, 0, 0, 0, 1, 0, 0, 0, 1, 1, 35, 4, 5, 6, 3, 2, 0, 0, 2, 2, 5, 6, 6, 1, 2, 0, 69, 4, 3, 0, 6, 6, 8, 7, 9, 6, 3, 5, 51, 4, 1, 11, 2, 2, 2, 2, 13, 0, 0, 0, 68, 12, 8, 6, 100, 7, 4, 2, 6, 3, 3, 1, 0, 0, 0, 0, 0, 0, 0, 0, 2, 0, 0, 0, 0, 0, 0, 0, 0, 0, 0, 0, 0, 0, 0, 0, 2, 0, 0, 0, 1, 0, 0, 0, 0, 0, 0, 0, 
65, 0, 0, 0, 2, 1, 1, 0, 0, 0, 0, 0, 0, 2, 0, 1, 0, 0, 0, 1, 0, 1, 0, 0, 0, 42, 5, 8, 2, 1, 0, 0, 0, 4, 3, 2, 1, 2, 5, 2, 2, 67, 6, 5, 0, 6, 7, 4, 8, 4, 4, 2, 3, 48, 9, 5, 3, 0, 1, 0, 0, 2, 0, 3, 0, 67, 9, 11, 11, 100, 2, 1, 3, 1, 6, 1, 2, 1, 0, 0, 0, 1, 0, 0, 0, 1, 0, 0, 0, 0, 0, 0, 0, 2, 0, 0, 0, 2, 0, 0, 0, 0, 0, 0, 0, 2, 0, 0, 0, 0, 0, 0, 0, 
66, 0, 0, 0, 0, 0, 0, 0, 0, 1, 2, 2, 2, 0, 0, 0, 0, 0, 0, 0, 0, 1, 1, 0, 1, 43, 5, 2, 3, 1, 4, 3, 4, 1, 0, 0, 2, 5, 1, 1, 1, 58, 3, 0, 1, 1, 1, 1, 6, 3, 2, 0, 1, 53, 7, 5, 2, 6, 1, 0, 1, 3, 2, 2, 0, 61, 4, 7, 10, 100, 13, 2, 3, 8, 4, 5, 7, 0, 0, 0, 0, 0, 0, 0, 0, 0, 0, 0, 0, 0, 0, 0, 0, 1, 0, 0, 0, 2, 0, 0, 0, 0, 0, 0, 0, 1, 0, 0, 0, 4, 0, 0, 0, 
67, 0, 1, 2, 3, 0, 0, 0, 1, 0, 0, 0, 0, 0, 1, 1, 0, 0, 0, 1, 1, 0, 0, 0, 2, 38, 6, 3, 0, 0, 1, 2, 3, 0, 2, 2, 1, 2, 2, 1, 0, 54, 3, 2, 3, 12, 2, 4, 2, 6, 4, 1, 3, 50, 3, 1, 5, 9, 1, 0, 1, 4, 1, 2, 0, 45, 7, 9, 11, 100, 2, 1, 1, 8, 4, 3, 8, 0, 0, 0, 0, 0, 0, 0, 0, 2, 0, 0, 0, 2, 0, 0, 0, 2, 0, 0, 0, 1, 0, 0, 0, 2, 0, 0, 0, 0, 0, 0, 0, 1, 0, 0, 0, 
68, 6, 0, 0, 1, 1, 0, 0, 0, 1, 0, 0, 3, 5, 1, 2, 2, 0, 2, 1, 1, 0, 1, 0, 0, 36, 6, 6, 1, 1, 4, 1, 3, 2, 3, 1, 1, 5, 3, 7, 4, 66, 1, 2, 0, 19, 5, 2, 1, 15, 3, 2, 3, 46, 4, 4, 2, 2, 2, 2, 4, 0, 1, 1, 1, 39, 10, 7, 6, 100, 1, 1, 0, 3, 1, 3, 3, 0, 0, 0, 0, 1, 0, 0, 0, 1, 0, 0, 0, 0, 0, 0, 0, 2, 0, 0, 0, 0, 0, 0, 0, 0, 0, 0, 0, 0, 0, 0, 0, 0, 0, 0, 0, 
69, 2, 0, 2, 0, 1, 0, 1, 0, 0, 1, 1, 0, 0, 0, 1, 0, 0, 0, 0, 0, 0, 1, 1, 1, 35, 7, 7, 4, 1, 0, 3, 0, 1, 1, 0, 0, 2, 6, 5, 7, 61, 4, 2, 3, 12, 4, 1, 2, 12, 2, 3, 1, 28, 7, 6, 5, 1, 3, 5, 1, 4, 2, 2, 2, 29, 6, 11, 5, 100, 4, 2, 1, 0, 0, 0, 0, 2, 0, 0, 0, 1, 0, 0, 0, 0, 0, 0, 0, 0, 0, 0, 0, 1, 0, 0, 0, 1, 0, 0, 0, 1, 0, 0, 0, 1, 0, 0, 0, 0, 0, 0, 0, 
70, 0, 1, 0, 0, 1, 1, 1, 0, 1, 0, 2, 2, 2, 2, 0, 1, 0, 1, 0, 0, 2, 1, 0, 0, 19, 6, 8, 5, 0, 0, 0, 0, 2, 1, 1, 0, 8, 5, 5, 3, 74, 4, 1, 5, 11, 0, 1, 2, 11, 2, 4, 2, 24, 6, 5, 5, 6, 3, 1, 1, 2, 2, 4, 1, 27, 15, 12, 5, 100, 0, 0, 0, 0, 2, 0, 0, 0, 0, 0, 0, 0, 0, 0, 0, 0, 0, 0, 0, 1, 0, 0, 0, 1, 0, 0, 0, 1, 0, 0, 0, 0, 0, 0, 0, 0, 0, 0, 0, 0, 0, 0, 0, 
71, 0, 0, 0, 0, 0, 0, 0, 0, 1, 1, 1, 1, 0, 0, 0, 0, 0, 0, 0, 1, 0, 0, 0, 0, 20, 2, 7, 6, 1, 1, 0, 0, 2, 3, 2, 2, 6, 5, 4, 4, 78, 5, 1, 2, 5, 2, 5, 3, 16, 2, 3, 4, 27, 7, 6, 6, 11, 2, 1, 1, 3, 5, 4, 4, 26, 12, 5, 11, 100, 2, 0, 3, 0, 3, 2, 1, 1, 0, 0, 0, 0, 0, 0, 0, 2, 0, 0, 0, 2, 0, 0, 0, 1, 0, 0, 0, 0, 0, 0, 0, 0, 0, 0, 0, 1, 0, 0, 0, 0, 0, 0, 0, 
72, 0, 1, 2, 2, 0, 1, 0, 0, 1, 1, 0, 1, 1, 0, 0, 0, 0, 0, 0, 0, 0, 0, 0, 1, 22, 3, 3, 5, 5, 1, 2, 1, 2, 4, 0, 1, 5, 10, 3, 4, 62, 2, 2, 2, 15, 3, 1, 2, 8, 2, 0, 2, 30, 5, 6, 4, 14, 1, 0, 0, 8, 4, 10, 6, 31, 12, 13, 4, 100, 4, 5, 2, 2, 0, 3, 2, 0, 0, 0, 0, 0, 0, 0, 0, 0, 0, 0, 0, 1, 0, 0, 0, 0, 0, 0, 0, 2, 0, 0, 0, 1, 0, 0, 0, 1, 0, 0, 0, 2, 0, 0, 0, 
73, 1, 1, 1, 1, 0, 0, 0, 1, 0, 0, 0, 0, 0, 0, 0, 0, 0, 0, 0, 0, 1, 1, 0, 0, 26, 9, 5, 5, 0, 0, 1, 0, 0, 0, 1, 0, 3, 1, 1, 0, 53, 2, 3, 0, 8, 2, 1, 1, 3, 1, 4, 1, 30, 1, 4, 5, 22, 1, 0, 0, 1, 3, 7, 2, 28, 19, 9, 3, 100, 1, 1, 2, 6, 2, 1, 4, 1, 0, 0, 0, 1, 0, 0, 0, 2, 0, 0, 0, 1, 0, 0, 0, 1, 0, 0, 0, 0, 0, 0, 0, 1, 0, 0, 0, 2, 0, 0, 0, 1, 0, 0, 0, 
74, 2, 1, 2, 0, 2, 0, 1, 1, 2, 1, 2, 0, 0, 1, 0, 0, 1, 0, 0, 1, 1, 0, 0, 0, 42, 9, 4, 2, 2, 1, 0, 0, 8, 2, 2, 1, 1, 2, 2, 3, 49, 3, 2, 0, 4, 7, 3, 2, 4, 3, 3, 3, 12, 3, 5, 3, 27, 1, 0, 2, 3, 4, 6, 3, 31, 9, 5, 8, 100, 2, 3, 0, 8, 0, 3, 2, 1, 0, 0, 0, 1, 0, 0, 0, 2, 0, 0, 0, 0, 0, 0, 0, 1, 0, 0, 0, 0, 0, 0, 0, 0, 0, 0, 0, 1, 0, 0, 0, 0, 0, 0, 0, 
75, 1, 0, 1, 0, 0, 0, 0, 0, 0, 0, 0, 1, 0, 0, 0, 1, 0, 0, 0, 1, 0, 1, 1, 0, 39, 5, 9, 6, 3, 1, 0, 0, 9, 6, 5, 6, 2, 2, 1, 1, 42, 3, 1, 0, 2, 0, 0, 0, 6, 2, 4, 5, 11, 8, 4, 12, 29, 1, 0, 1, 2, 2, 2, 0, 23, 14, 6, 6, 100, 2, 0, 1, 17, 1, 2, 0, 1, 0, 0, 0, 1, 0, 0, 0, 0, 0, 0, 0, 3, 0, 0, 0, 0, 0, 0, 0, 1, 0, 0, 0, 2, 0, 0, 0, 0, 0, 0, 0, 1, 0, 0, 0, 
76, 0, 0, 0, 0, 0, 1, 1, 1, 0, 2, 1, 2, 1, 0, 0, 0, 0, 0, 0, 1, 0, 0, 0, 0, 31, 3, 1, 9, 2, 3, 5, 1, 3, 6, 5, 2, 6, 1, 3, 1, 33, 2, 0, 2, 0, 2, 3, 2, 2, 3, 1, 2, 19, 3, 6, 8, 17, 1, 2, 0, 5, 2, 1, 1, 6, 11, 8, 7, 100, 7, 2, 2, 5, 1, 0, 0, 2, 0, 0, 0, 0, 0, 0, 0, 1, 0, 0, 0, 2, 0, 0, 0, 1, 0, 0, 0, 1, 0, 0, 0, 0, 0, 0, 0, 0, 0, 0, 0, 3, 0, 0, 0, 
77, 2, 0, 0, 0, 0, 0, 2, 0, 1, 0, 0, 2, 1, 0, 2, 0, 1, 0, 0, 2, 0, 0, 0, 0, 24, 1, 7, 2, 1, 2, 1, 3, 3, 4, 4, 4, 9, 3, 2, 2, 16, 4, 1, 4, 0, 1, 0, 1, 9, 3, 0, 0, 12, 11, 3, 6, 22, 1, 1, 2, 3, 0, 0, 1, 10, 5, 12, 3, 100, 1, 1, 1, 4, 3, 1, 1, 3, 0, 0, 0, 2, 0, 0, 0, 2, 0, 0, 0, 0, 0, 0, 0, 2, 0, 0, 0, 1, 0, 0, 0, 0, 0, 0, 0, 1, 0, 0, 0, 1, 0, 0, 0, 
78, 0, 0, 0, 1, 0, 0, 0, 0, 0, 0, 1, 0, 0, 0, 1, 1, 0, 0, 1, 2, 3, 0, 0, 0, 8, 6, 6, 7, 0, 0, 2, 1, 6, 1, 0, 1, 2, 0, 0, 1, 29, 2, 0, 2, 0, 0, 0, 0, 3, 1, 0, 0, 3, 7, 3, 9, 16, 1, 1, 0, 2, 0, 0, 0, 5, 4, 5, 7, 100, 2, 1, 0, 5, 2, 2, 0, 1, 0, 0, 0, 1, 0, 0, 0, 0, 0, 0, 0, 1, 0, 0, 0, 1, 0, 0, 0, 1, 0, 0, 0, 1, 0, 0, 0, 0, 0, 0, 0, 4, 0, 0, 0, 
79, 0, 0, 0, 0, 1, 0, 3, 1, 0, 0, 0, 0, 0, 0, 0, 0, 0, 1, 1, 0, 1, 0, 0, 0, 25, 7, 7, 5, 7, 2, 1, 0, 3, 0, 1, 9, 0, 1, 0, 1, 30, 1, 3, 3, 8, 3, 4, 1, 0, 1, 0, 0, 2, 4, 2, 6, 15, 0, 1, 1, 0, 0, 0, 0, 4, 5, 5, 5, 100, 1, 0, 2, 1, 0, 2, 0, 0, 0, 0, 0, 0, 0, 0, 0, 0, 0, 0, 0, 0, 0, 0, 0, 0, 0, 0, 0, 0, 0, 0, 0, 5, 0, 0, 0, 2, 0, 0, 0, 2, 0, 0, 0, 
80, 3, 1, 0, 3, 0, 0, 1, 0, 0, 1, 0, 0, 0, 2, 0, 0, 0, 0, 1, 0, 0, 0, 1, 0, 23, 4, 4, 7, 3, 1, 2, 0, 3, 9, 3, 8, 4, 2, 4, 2, 39, 7, 0, 0, 2, 1, 4, 1, 1, 2, 0, 0, 4, 2, 0, 0, 3, 1, 0, 1, 2, 2, 1, 1, 12, 8, 5, 6, 100, 1, 1, 0, 0, 0, 0, 0, 0, 0, 0, 0, 1, 0, 0, 0, 1, 0, 0, 0, 2, 0, 0, 0, 0, 0, 0, 0, 0, 0, 0, 0, 1, 0, 0, 0, 3, 0, 0, 0, 0, 0, 0, 0, 
81, 0, 0, 0, 0, 0, 0, 0, 0, 1, 1, 3, 1, 0, 0, 0, 0, 0, 0, 0, 0, 0, 0, 0, 1, 25, 5, 5, 1, 0, 2, 0, 0, 6, 10, 7, 1, 7, 3, 1, 0, 43, 5, 3, 2, 0, 1, 0, 0, 0, 0, 0, 0, 3, 2, 5, 0, 1, 0, 4, 4, 14, 0, 6, 2, 8, 4, 5, 3, 100, 1, 0, 3, 1, 1, 3, 0, 0, 0, 0, 0, 1, 0, 0, 0, 1, 0, 0, 0, 0, 0, 0, 0, 1, 0, 0, 0, 1, 0, 0, 0, 0, 0, 0, 0, 2, 0, 0, 0, 0, 0, 0, 0, 
82, 0, 1, 1, 0, 1, 0, 0, 0, 2, 0, 0, 1, 1, 0, 0, 0, 0, 1, 0, 0, 0, 0, 0, 1, 34, 3, 2, 6, 0, 1, 1, 0, 7, 9, 3, 6, 3, 3, 2, 3, 51, 2, 3, 3, 19, 2, 1, 1, 10, 1, 0, 0, 4, 9, 2, 0, 1, 2, 0, 1, 6, 1, 1, 0, 3, 4, 1, 1, 100, 8, 1, 2, 5, 2, 0, 0, 2, 0, 0, 0, 0, 0, 0, 0, 2, 0, 0, 0, 1, 0, 0, 0, 1, 0, 0, 0, 0, 0, 0, 0, 1, 0, 0, 0, 0, 0, 0, 0, 0, 0, 0, 0, 
83, 3, 2, 0, 0, 2, 3, 1, 1, 1, 0, 1, 2, 0, 0, 0, 0, 0, 2, 0, 0, 1, 0, 0, 0, 22, 5, 3, 3, 0, 1, 2, 0, 8, 4, 3, 4, 20, 5, 4, 1, 43, 2, 3, 0, 8, 0, 0, 2, 1, 1, 0, 2, 0, 0, 0, 4, 0, 0, 0, 0, 14, 2, 0, 1, 0, 3, 0, 1, 100, 3, 5, 1, 2, 1, 2, 2, 0, 0, 0, 0, 0, 0, 0, 0, 2, 0, 0, 0, 0, 0, 0, 0, 0, 0, 0, 0, 0, 0, 0, 0, 2, 0, 0, 0, 1, 0, 0, 0, 2, 0, 0, 0, 
84, 1, 1, 0, 0, 0, 0, 0, 0, 0, 1, 2, 0, 0, 0, 0, 0, 1, 0, 0, 1, 0, 1, 0, 0, 11, 6, 7, 5, 1, 1, 0, 0, 8, 6, 6, 3, 27, 0, 2, 1, 34, 0, 3, 5, 3, 0, 0, 0, 1, 0, 0, 1, 2, 1, 1, 2, 0, 1, 0, 0, 6, 3, 1, 2, 1, 0, 0, 0, 100, 5, 1, 1, 0, 1, 0, 0, 1, 0, 0, 0, 0, 0, 0, 0, 1, 0, 0, 0, 1, 0, 0, 0, 0, 0, 0, 0, 0, 0, 0, 0, 1, 0, 0, 0, 2, 0, 0, 0, 1, 0, 0, 0, 
85, 0, 0, 1, 0, 2, 0, 0, 1, 1, 1, 0, 1, 0, 0, 0, 0, 0, 0, 1, 0, 0, 0, 1, 0, 18, 5, 6, 3, 7, 7, 0, 4, 12, 5, 5, 4, 9, 1, 1, 2, 33, 2, 2, 1, 1, 3, 2, 2, 3, 3, 3, 2, 1, 0, 0, 0, 0, 0, 0, 0, 4, 1, 1, 0, 2, 0, 2, 1, 100, 2, 1, 1, 2, 0, 2, 1, 1, 0, 0, 0, 2, 0, 0, 0, 2, 0, 0, 0, 2, 0, 0, 0, 3, 0, 0, 0, 0, 0, 0, 0, 4, 0, 0, 0, 2, 0, 0, 0, 2, 0, 0, 0, 
86, 12, 4, 0, 1, 0, 1, 0, 0, 1, 0, 1, 1, 0, 0, 0, 1, 4, 3, 2, 2, 1, 1, 0, 0, 28, 6, 4, 9, 7, 3, 3, 4, 17, 7, 6, 3, 0, 0, 2, 0, 27, 1, 4, 4, 0, 1, 1, 0, 0, 2, 0, 0, 2, 1, 2, 1, 1, 0, 1, 2, 4, 4, 2, 2, 0, 1, 2, 0, 100, 1, 2, 3, 2, 0, 0, 1, 0, 0, 0, 0, 0, 0, 0, 0, 0, 0, 0, 0, 1, 0, 0, 0, 0, 0, 0, 0, 0, 0, 0, 0, 1, 0, 0, 0, 1, 0, 0, 0, 0, 0, 0, 0, 
87, 13, 0, 1, 0, 0, 0, 0, 0, 0, 0, 2, 0, 0, 2, 2, 1, 0, 0, 0, 0, 0, 0, 1, 0, 36, 6, 3, 3, 5, 4, 6, 4, 29, 7, 4, 6, 9, 7, 4, 2, 14, 4, 4, 1, 3, 0, 2, 0, 0, 2, 1, 1, 3, 4, 6, 4, 0, 1, 0, 0, 11, 4, 6, 5, 0, 0, 1, 0, 91, 2, 2, 5, 1, 1, 3, 0, 1, 0, 0, 0, 0, 0, 0, 0, 2, 0, 0, 0, 1, 0, 0, 0, 0, 0, 0, 0, 1, 0, 0, 0, 1, 0, 0, 0, 0, 0, 0, 0, 0, 0, 0, 0, 
88, 1, 0, 2, 0, 1, 0, 0, 1, 0, 0, 0, 0, 0, 0, 0, 0, 0, 0, 1, 0, 0, 0, 0, 0, 30, 5, 4, 8, 4, 3, 3, 2, 34, 4, 6, 6, 34, 1, 5, 2, 36, 1, 0, 3, 1, 0, 0, 1, 0, 0, 1, 1, 5, 7, 1, 4, 4, 4, 6, 1, 22, 9, 10, 2, 1, 5, 0, 5, 93, 5, 4, 4, 1, 1, 0, 0, 0, 0, 0, 0, 1, 0, 0, 0, 2, 0, 0, 0, 0, 0, 0, 0, 1, 0, 0, 0, 0, 0, 0, 0, 0, 0, 0, 0, 2, 0, 0, 0, 1, 0, 0, 0, 
89, 0, 2, 1, 1, 0, 0, 1, 0, 0, 0, 1, 0, 0, 0, 1, 0, 0, 0, 0, 0, 2, 1, 1, 2, 34, 8, 6, 3, 15, 0, 2, 7, 18, 1, 5, 2, 26, 4, 2, 3, 31, 2, 0, 3, 1, 1, 0, 0, 3, 2, 1, 0, 3, 0, 7, 3, 6, 1, 4, 6, 35, 8, 5, 2, 8, 7, 2, 3, 91, 1, 2, 1, 2, 3, 4, 1, 0, 0, 0, 0, 0, 0, 0, 0, 2, 0, 0, 0, 1, 0, 0, 0, 1, 0, 0, 0, 1, 0, 0, 0, 1, 0, 0, 0, 0, 0, 0, 0, 1, 0, 0, 0, 
90, 0, 0, 1, 0, 1, 0, 2, 0, 2, 2, 0, 0, 0, 2, 2, 2, 2, 0, 0, 0, 0, 0, 0, 2, 25, 2, 3, 2, 14, 3, 5, 6, 8, 6, 6, 5, 12, 2, 2, 4, 16, 3, 1, 4, 0, 0, 0, 1, 2, 0, 0, 1, 8, 2, 3, 2, 2, 2, 1, 2, 46, 3, 4, 3, 20, 6, 2, 4, 83, 3, 1, 1, 4, 8, 4, 7, 4, 0, 0, 0, 1, 0, 0, 0, 0, 0, 0, 0, 1, 0, 0, 0, 1, 0, 0, 0, 0, 0, 0, 0, 0, 0, 0, 0, 0, 0, 0, 0, 1, 0, 0, 0, 
91, 0, 0, 0, 0, 1, 2, 2, 0, 0, 0, 1, 0, 0, 1, 0, 0, 0, 0, 0, 0, 0, 1, 1, 0, 18, 3, 2, 4, 18, 1, 1, 3, 8, 5, 3, 6, 19, 7, 3, 2, 8, 2, 2, 3, 12, 1, 1, 0, 0, 1, 0, 0, 2, 1, 5, 4, 1, 0, 3, 0, 43, 4, 9, 5, 38, 1, 2, 1, 58, 2, 1, 0, 6, 13, 5, 4, 1, 0, 0, 0, 1, 0, 0, 0, 0, 0, 0, 0, 1, 0, 0, 0, 0, 0, 0, 0, 0, 0, 0, 0, 3, 0, 0, 0, 3, 0, 0, 0, 1, 0, 0, 0, 
92, 0, 0, 0, 0, 4, 1, 1, 1, 0, 0, 0, 1, 0, 0, 0, 1, 0, 0, 0, 0, 0, 2, 0, 0, 20, 3, 8, 5, 16, 2, 1, 8, 8, 6, 3, 3, 32, 4, 3, 2, 0, 2, 0, 3, 0, 0, 0, 1, 3, 4, 3, 6, 4, 4, 6, 4, 2, 5, 2, 2, 51, 2, 7, 5, 45, 3, 3, 0, 58, 2, 0, 1, 5, 10, 7, 2, 1, 0, 0, 0, 1, 0, 0, 0, 0, 0, 0, 0, 1, 0, 0, 0, 1, 0, 0, 0, 0, 0, 0, 0, 1, 0, 0, 0, 0, 0, 0, 0, 0, 0, 0, 0, 
93, 0, 0, 2, 0, 1, 1, 0, 1, 2, 2, 1, 1, 1, 0, 0, 1, 0, 0, 0, 0, 0, 2, 0, 0, 15, 1, 6, 3, 17, 2, 5, 3, 9, 6, 7, 5, 40, 0, 2, 2, 1, 0, 1, 0, 18, 1, 1, 1, 3, 8, 3, 4, 4, 7, 7, 6, 3, 3, 4, 3, 53, 7, 6, 3, 48, 0, 2, 0, 52, 0, 2, 1, 4, 1, 3, 4, 0, 0, 0, 0, 1, 0, 0, 0, 0, 0, 0, 0, 1, 0, 0, 0, 0, 0, 0, 0, 0, 0, 0, 0, 0, 0, 0, 0, 1, 0, 0, 0, 0, 0, 0, 0, 
94, 0, 0, 0, 1, 1, 0, 0, 1, 0, 0, 1, 0, 1, 0, 0, 1, 0, 1, 0, 0, 0, 0, 0, 1, 15, 3, 7, 1, 13, 3, 3, 1, 12, 8, 7, 5, 32, 5, 8, 3, 2, 1, 0, 3, 32, 2, 0, 0, 1, 4, 7, 2, 8, 7, 5, 7, 7, 10, 3, 4, 54, 8, 6, 3, 36, 3, 2, 0, 46, 3, 0, 2, 5, 5, 1, 3, 0, 0, 0, 0, 0, 0, 0, 0, 2, 0, 0, 0, 0, 0, 0, 0, 0, 0, 0, 0, 0, 0, 0, 0, 0, 0, 0, 0, 0, 0, 0, 0, 1, 0, 0, 0, 
95, 0, 1, 0, 0, 1, 0, 0, 0, 2, 1, 0, 0, 0, 2, 1, 1, 0, 0, 2, 0, 0, 0, 1, 0, 15, 9, 3, 4, 7, 3, 3, 1, 13, 7, 7, 4, 42, 1, 3, 0, 2, 1, 2, 0, 24, 4, 1, 0, 1, 6, 1, 3, 6, 4, 6, 5, 12, 5, 7, 2, 53, 4, 5, 4, 26, 3, 2, 1, 48, 6, 2, 3, 4, 1, 2, 1, 1, 0, 0, 0, 0, 0, 0, 0, 0, 0, 0, 0, 0, 0, 0, 0, 2, 0, 0, 0, 1, 0, 0, 0, 3, 0, 0, 0, 1, 0, 0, 0, 0, 0, 0, 0, 
96, 0, 0, 0, 2, 0, 0, 1, 0, 2, 1, 0, 0, 0, 0, 0, 1, 0, 0, 1, 0, 0, 0, 1, 0, 35, 2, 4, 1, 6, 2, 3, 0, 9, 5, 4, 6, 43, 2, 3, 2, 2, 3, 2, 6, 22, 0, 0, 1, 1, 1, 3, 0, 2, 1, 5, 4, 7, 3, 3, 4, 56, 7, 5, 5, 21, 1, 3, 2, 60, 7, 2, 2, 17, 3, 2, 4, 1, 0, 0, 0, 0, 0, 0, 0, 0, 0, 0, 0, 1, 0, 0, 0, 4, 0, 0, 0, 1, 0, 0, 0, 0, 0, 0, 0, 0, 0, 0, 0, 1, 0, 0, 0, 
97, 3, 0, 0, 0, 0, 1, 0, 1, 1, 1, 0, 1, 1, 1, 0, 1, 0, 0, 1, 0, 0, 1, 0, 0, 34, 7, 6, 3, 1, 0, 1, 0, 6, 8, 6, 8, 40, 6, 5, 2, 0, 6, 2, 0, 40, 5, 3, 0, 14, 2, 1, 0, 4, 2, 5, 7, 4, 1, 1, 1, 40, 4, 2, 2, 18, 2, 3, 0, 54, 1, 1, 1, 24, 5, 1, 2, 0, 0, 0, 0, 0, 0, 0, 0, 1, 0, 0, 0, 0, 0, 0, 0, 0, 0, 0, 0, 1, 0, 0, 0, 0, 0, 0, 0, 0, 0, 0, 0, 0, 0, 0, 0, 
98, 0, 0, 0, 0, 1, 0, 2, 0, 0, 1, 2, 0, 0, 0, 0, 0, 1, 0, 0, 0, 0, 0, 0, 0, 51, 4, 6, 8, 3, 1, 0, 1, 8, 11, 4, 14, 46, 4, 3, 2, 9, 2, 0, 0, 46, 2, 0, 1, 23, 1, 0, 0, 7, 4, 9, 7, 3, 4, 5, 0, 25, 7, 4, 7, 21, 5, 2, 0, 40, 0, 0, 3, 10, 1, 2, 2, 2, 0, 0, 0, 2, 0, 0, 0, 0, 0, 0, 0, 0, 0, 0, 0, 0, 0, 0, 0, 0, 0, 0, 0, 4, 0, 0, 0, 1, 0, 0, 0, 0, 0, 0, 0, 
99, 0, 2, 0, 2, 0, 0, 0, 0, 0, 0, 1, 2, 1, 0, 0, 1, 0, 0, 0, 0, 0, 0, 0, 0, 51, 13, 2, 2, 3, 2, 1, 3, 6, 6, 14, 8, 46, 2, 1, 0, 2, 3, 2, 0, 55, 2, 2, 0, 20, 1, 1, 1, 9, 5, 3, 4, 2, 3, 1, 2, 27, 5, 4, 6, 22, 2, 1, 0, 40, 2, 0, 0, 15, 6, 2, 3, 0, 0, 0, 0, 0, 0, 0, 0, 1, 0, 0, 0, 0, 0, 0, 0, 0, 0, 0, 0, 0, 0, 0, 0, 0, 0, 0, 0, 0, 0, 0, 0, 1, 0, 0, 0, 