0, 1, 1, 5, 0, 1, 0, 1, 0, 0, 0, 0, 0, 0, 0, 0, 0, 2, 4, 0, 0, 1, 0, 1, 0, 2, 2, 1, 0, 1, 0, 2, 1, 1, 0, 1, 2, 0, 1, 0, 0, 0, 0, 0, 2, 5, 2, 0, 0, 1, 0, 0, 0, 2, 4, 1, 2, 7, 1, 2, 0, 3, 0, 0, 1, 3, 3, 4, 4, 3, 0, 0, 1, 1, 2, 3, 2, 0, 0, 0, 0, 1, 0, 0, 0, 2, 0, 0, 0, 0, 0, 0, 0, 2, 0, 0, 0, 1, 0, 0, 0, 1, 0, 0, 0, 1, 0, 0, 0, 0, 0, 0, 0, 
1, 0, 0, 0, 0, 1, 0, 0, 2, 0, 0, 1, 0, 0, 0, 2, 0, 0, 0, 1, 1, 1, 0, 0, 1, 6, 3, 5, 4, 1, 0, 1, 0, 0, 2, 1, 1, 0, 1, 0, 2, 4, 1, 3, 1, 11, 2, 0, 1, 1, 3, 2, 1, 0, 1, 0, 0, 1, 1, 1, 3, 4, 5, 2, 5, 0, 4, 3, 3, 2, 1, 1, 3, 3, 2, 4, 1, 0, 0, 0, 0, 1, 0, 0, 0, 2, 0, 0, 0, 1, 0, 0, 0, 3, 0, 0, 0, 1, 0, 0, 0, 0, 0, 0, 0, 0, 0, 0, 0, 1, 0, 0, 0, 
2, 1, 1, 2, 2, 3, 1, 2, 0, 0, 1, 0, 1, 0, 0, 1, 0, 0, 1, 1, 0, 0, 1, 0, 0, 3, 2, 4, 2, 9, 2, 1, 1, 0, 1, 1, 1, 1, 1, 0, 2, 1, 0, 2, 0, 0, 1, 1, 0, 9, 3, 1, 2, 0, 3, 3, 0, 0, 1, 0, 1, 2, 1, 2, 2, 5, 0, 2, 4, 0, 0, 0, 0, 1, 0, 0, 0, 2, 0, 0, 0, 1, 0, 0, 0, 2, 0, 0, 0, 0, 0, 0, 0, 0, 0, 0, 0, 1, 0, 0, 0, 0, 0, 0, 0, 0, 0, 0, 0, 3, 0, 0, 0, 
3, 0, 1, 0, 0, 0, 2, 2, 1, 0, 0, 1, 0, 0, 1, 0, 1, 0, 0, 0, 0, 0, 2, 0, 1, 0, 0, 1, 2, 14, 4, 1, 0, 6, 0, 0, 1, 0, 0, 0, 0, 0, 0, 0, 0, 3, 1, 3, 3, 11, 6, 5, 2, 1, 3, 3, 0, 1, 1, 1, 2, 2, 2, 2, 1, 0, 0, 0, 0, 0, 1, 3, 1, 1, 0, 0, 0, 1, 0, 0, 0, 1, 0, 0, 0, 0, 0, 0, 0, 2, 0, 0, 0, 0, 0, 0, 0, 0, 0, 0, 0, 1, 0, 0, 0, 2, 0, 0, 0, 0, 0, 0, 0, 
4, 1, 0, 0, 0, 0, 0, 0, 0, 0, 1, 0, 2, 0, 0, 0, 0, 0, 1, 0, 0, 0, 0, 1, 1, 1, 1, 0, 0, 20, 1, 0, 0, 3, 0, 0, 0, 4, 1, 4, 1, 8, 0, 1, 0, 2, 1, 0, 0, 7, 4, 2, 1, 2, 1, 1, 4, 1, 0, 2, 0, 0, 0, 0, 0, 4, 1, 0, 0, 3, 2, 0, 0, 3, 2, 1, 0, 1, 0, 0, 0, 0, 0, 0, 0, 0, 0, 0, 0, 0, 0, 0, 0, 1, 0, 0, 0, 0, 0, 0, 0, 1, 0, 0, 0, 1, 0, 0, 0, 1, 0, 0, 0, 
5, 3, 1, 0, 2, 1, 0, 0, 0, 0, 0, 1, 0, 0, 0, 1, 1, 0, 2, 1, 1, 5, 2, 2, 1, 0, 2, 2, 3, 13, 0, 1, 0, 3, 5, 4, 0, 4, 2, 2, 6, 4, 0, 1, 0, 1, 0, 1, 0, 2, 2, 3, 2, 5, 1, 3, 0, 4, 2, 7, 5, 2, 3, 0, 0, 0, 0, 0, 0, 2, 2, 0, 0, 3, 3, 2, 3, 1, 0, 0, 0, 0, 0, 0, 0, 2, 0, 0, 0, 0, 0, 0, 0, 1, 0, 0, 0, 4, 0, 0, 0, 0, 0, 0, 0, 0, 0, 0, 0, 1, 0, 0, 0, 
6, 0, 0, 1, 1, 4, 5, 5, 3, 0, 2, 0, 2, 0, 1, 0, 0, 0, 0, 1, 2, 0, 0, 1, 1, 0, 5, 2, 2, 8, 7, 0, 1, 3, 5, 1, 1, 7, 4, 3, 4, 3, 2, 1, 1, 4, 1, 0, 0, 14, 2, 0, 0, 7, 5, 0, 0, 11, 8, 2, 3, 2, 0, 2, 0, 1, 4, 0, 2, 0, 1, 0, 1, 1, 0, 0, 0, 0, 0, 0, 0, 0, 0, 0, 0, 3, 0, 0, 0, 1, 0, 0, 0, 0, 0, 0, 0, 0, 0, 0, 0, 1, 0, 0, 0, 0, 0, 0, 0, 2, 0, 0, 0, 
7, 0, 0, 1, 1, 0, 1, 1, 0, 1, 0, 0, 1, 3, 2, 1, 0, 1, 0, 0, 0, 0, 0, 1, 2, 4, 3, 6, 7, 19, 2, 2, 0, 0, 1, 0, 2, 4, 4, 5, 5, 3, 0, 0, 0, 1, 4, 5, 3, 19, 0, 0, 0, 0, 3, 0, 0, 2, 4, 2, 6, 1, 1, 2, 1, 8, 5, 0, 1, 2, 4, 3, 2, 2, 1, 1, 5, 2, 0, 0, 0, 0, 0, 0, 0, 1, 0, 0, 0, 2, 0, 0, 0, 0, 0, 0, 0, 0, 0, 0, 0, 0, 0, 0, 0, 1, 0, 0, 0, 0, 0, 0, 0, 
8, 1, 0, 3, 0, 2, 1, 0, 0, 0, 0, 1, 1, 0, 0, 0, 0, 1, 0, 0, 0, 1, 0, 1, 1, 7, 5, 5, 6, 14, 0, 0, 3, 2, 1, 0, 6, 2, 9, 5, 5, 2, 0, 1, 0, 7, 5, 1, 2, 11, 5, 0, 0, 0, 0, 2, 0, 4, 6, 7, 5, 7, 1, 1, 1, 8, 3, 3, 2, 0, 3, 1, 1, 2, 2, 4, 3, 0, 0, 0, 0, 0, 0, 0, 0, 1, 0, 0, 0, 1, 0, 0, 0, 0, 0, 0, 0, 0, 0, 0, 0, 1, 0, 0, 0, 0, 0, 0, 0, 1, 0, 0, 0, 
9, 0, 5, 0, 0, 0, 3, 1, 2, 3, 1, 0, 2, 0, 0, 0, 0, 0, 0, 0, 0, 0, 0, 2, 1, 9, 6, 3, 3, 20, 2, 1, 1, 8, 1, 0, 4, 3, 3, 1, 0, 5, 6, 1, 2, 8, 3, 4, 5, 9, 0, 0, 1, 3, 0, 0, 0, 10, 10, 16, 5, 1, 0, 1, 0, 16, 1, 2, 1, 2, 0, 1, 1, 0, 0, 2, 2, 0, 0, 0, 0, 1, 0, 0, 0, 3, 0, 0, 0, 0, 0, 0, 0, 3, 0, 0, 0, 1, 0, 0, 0, 1, 0, 0, 0, 0, 0, 0, 0, 1, 0, 0, 0, 
10, 1, 1, 1, 0, 0, 0, 0, 0, 0, 0, 0, 1, 1, 0, 3, 1, 0, 1, 0, 0, 1, 0, 1, 0, 6, 5, 7, 3, 32, 2, 0, 0, 4, 0, 0, 0, 2, 1, 3, 1, 4, 4, 2, 5, 9, 4, 3, 6, 9, 0, 0, 0, 4, 1, 0, 1, 14, 10, 12, 10, 2, 0, 2, 0, 4, 5, 4, 2, 1, 3, 2, 2, 0, 1, 0, 1, 0, 0, 0, 0, 1, 0, 0, 0, 0, 0, 0, 0, 1, 0, 0, 0, 2, 0, 0, 0, 1, 0, 0, 0, 2, 0, 0, 0, 1, 0, 0, 0, 0, 0, 0, 0, 
11, 3, 1, 0, 1, 0, 2, 2, 1, 0, 0, 0, 0, 2, 2, 0, 0, 0, 0, 1, 2, 0, 0, 0, 1, 2, 4, 5, 4, 31, 2, 0, 0, 2, 2, 2, 3, 2, 1, 3, 3, 4, 4, 4, 2, 7, 10, 3, 2, 1, 3, 4, 2, 0, 0, 2, 1, 14, 8, 8, 8, 5, 3, 6, 2, 0, 1, 0, 0, 1, 1, 1, 1, 2, 4, 3, 0, 1, 0, 0, 0, 1, 0, 0, 0, 0, 0, 0, 0, 0, 0, 0, 0, 0, 0, 0, 0, 0, 0, 0, 0, 1, 0, 0, 0, 2, 0, 0, 0, 1, 0, 0, 0, 
12, 0, 1, 1, 0, 0, 0, 1, 0, 2, 2, 0, 0, 6, 2, 1, 0, 0, 1, 1, 0, 2, 0, 0, 1, 8, 2, 5, 5, 16, 0, 0, 0, 5, 4, 6, 5, 2, 2, 0, 1, 7, 3, 2, 4, 15, 8, 6, 4, 2, 4, 4, 5, 0, 0, 0, 0, 10, 14, 7, 9, 11, 5, 0, 2, 3, 2, 1, 6, 6, 2, 0, 2, 1, 0, 1, 1, 1, 0, 0, 0, 1, 0, 0, 0, 1, 0, 0, 0, 0, 0, 0, 0, 0, 0, 0, 0, 0, 0, 0, 0, 2, 0, 0, 0, 0, 0, 0, 0, 0, 0, 0, 0, 
13, 0, 0, 1, 0, 1, 1, 5, 2, 1, 0, 1, 0, 0, 0, 0, 2, 2, 1, 1, 0, 0, 0, 1, 0, 5, 5, 5, 3, 10, 1, 0, 0, 7, 4, 6, 5, 4, 1, 1, 2, 2, 2, 3, 3, 9, 4, 11, 1, 23, 2, 4, 6, 2, 0, 4, 1, 8, 16, 12, 12, 11, 1, 4, 4, 1, 3, 4, 1, 11, 2, 0, 3, 1, 1, 0, 0, 0, 0, 0, 0, 0, 0, 0, 0, 0, 0, 0, 0, 0, 0, 0, 0, 0, 0, 0, 0, 2, 0, 0, 0, 2, 0, 0, 0, 1, 0, 0, 0, 0, 0, 0, 0, 
14, 1, 1, 2, 0, 1, 1, 0, 2, 0, 1, 0, 1, 1, 1, 0, 0, 0, 0, 0, 1, 0, 1, 0, 1, 11, 9, 9, 11, 0, 0, 0, 0, 6, 3, 3, 2, 1, 1, 0, 0, 1, 0, 0, 0, 17, 5, 2, 5, 9, 6, 2, 2, 9, 2, 4, 2, 10, 15, 7, 2, 10, 2, 1, 2, 2, 2, 2, 5, 20, 1, 0, 0, 0, 2, 0, 1, 0, 0, 0, 0, 1, 0, 0, 0, 1, 0, 0, 0, 3, 0, 0, 0, 0, 0, 0, 0, 1, 0, 0, 0, 3, 0, 0, 0, 2, 0, 0, 0, 1, 0, 0, 0, 
15, 1, 0, 0, 1, 3, 0, 0, 2, 0, 1, 3, 2, 1, 1, 0, 0, 0, 2, 0, 0, 0, 0, 0, 0, 15, 5, 7, 4, 1, 1, 2, 1, 2, 0, 0, 0, 5, 2, 2, 4, 2, 3, 1, 1, 12, 7, 7, 3, 5, 2, 6, 3, 15, 2, 0, 1, 8, 10, 7, 4, 1, 1, 0, 0, 4, 6, 7, 1, 34, 4, 1, 1, 1, 3, 3, 0, 0, 0, 0, 0, 0, 0, 0, 0, 2, 0, 0, 0, 0, 0, 0, 0, 2, 0, 0, 0, 1, 0, 0, 0, 0, 0, 0, 0, 1, 0, 0, 0, 1, 0, 0, 0, 
16, 3, 0, 0, 3, 1, 2, 1, 0, 4, 1, 0, 0, 0, 1, 0, 0, 2, 6, 0, 0, 0, 1, 0, 1, 15, 8, 5, 6, 3, 0, 1, 2, 0, 0, 0, 0, 23, 6, 2, 0, 4, 2, 0, 2, 8, 7, 2, 5, 4, 1, 1, 4, 8, 3, 2, 1, 5, 9, 9, 3, 1, 1, 0, 0, 1, 4, 2, 3, 32, 0, 0, 1, 1, 1, 1, 0, 1, 0, 0, 0, 2, 0, 0, 0, 1, 0, 0, 0, 2, 0, 0, 0, 0, 0, 0, 0, 3, 0, 0, 0, 0, 0, 0, 0, 2, 0, 0, 0, 2, 0, 0, 0, 
17, 0, 1, 0, 0, 1, 2, 0, 0, 6, 2, 1, 0, 0, 0, 0, 0, 1, 0, 0, 1, 0, 0, 1, 1, 17, 7, 5, 4, 3, 2, 1, 3, 2, 0, 1, 1, 28, 6, 4, 1, 5, 5, 1, 3, 5, 2, 3, 1, 0, 0, 1, 0, 17, 3, 3, 1, 2, 6, 6, 3, 0, 0, 1, 1, 18, 4, 0, 3, 34, 0, 0, 1, 1, 1, 2, 2, 0, 0, 0, 0, 0, 0, 0, 0, 0, 0, 0, 0, 0, 0, 0, 0, 0, 0, 0, 0, 0, 0, 0, 0, 2, 0, 0, 0, 0, 0, 0, 0, 1, 0, 0, 0, 
18, 0, 0, 1, 2, 3, 0, 3, 0, 1, 2, 1, 3, 1, 1, 0, 1, 2, 0, 0, 0, 0, 0, 0, 0, 11, 6, 7, 10, 4, 2, 3, 5, 8, 0, 1, 1, 29, 0, 1, 0, 2, 2, 1, 2, 0, 1, 0, 0, 9, 0, 1, 1, 38, 1, 1, 2, 10, 9, 8, 5, 1, 2, 1, 2, 1, 1, 3, 3, 23, 4, 1, 0, 2, 2, 0, 1, 0, 0, 0, 0, 0, 0, 0, 0, 0, 0, 0, 0, 3, 0, 0, 0, 2, 0, 0, 0, 0, 0, 0, 0, 1, 0, 0, 0, 0, 0, 0, 0, 2, 0, 0, 0, 
19, 0, 3, 2, 2, 2, 1, 1, 0, 0, 0, 0, 0, 0, 0, 0, 0, 0, 2, 2, 2, 0, 0, 0, 2, 10, 9, 7, 8, 4, 2, 1, 1, 0, 2, 1, 1, 14, 1, 0, 0, 1, 0, 0, 0, 0, 1, 3, 1, 4, 0, 0, 0, 34, 1, 1, 0, 15, 13, 13, 9, 3, 3, 1, 3, 0, 2, 1, 2, 27, 0, 0, 0, 0, 0, 0, 1, 0, 0, 0, 0, 0, 0, 0, 0, 3, 0, 0, 0, 0, 0, 0, 0, 0, 0, 0, 0, 3, 0, 0, 0, 0, 0, 0, 0, 1, 0, 0, 0, 1, 0, 0, 0, 
20, 1, 1, 3, 0, 1, 1, 0, 2, 1, 1, 1, 2, 1, 1, 1, 1, 1, 2, 1, 0, 0, 1, 0, 0, 15, 6, 6, 5, 0, 1, 2, 1, 1, 1, 2, 1, 4, 2, 2, 2, 2, 0, 1, 0, 1, 0, 1, 0, 10, 2, 0, 2, 29, 1, 3, 0, 37, 11, 11, 7, 11, 0, 3, 0, 3, 3, 5, 5, 17, 0, 0, 0, 12, 4, 1, 0, 1, 0, 0, 0, 1, 0, 0, 0, 0, 0, 0, 0, 0, 0, 0, 0, 0, 0, 0, 0, 1, 0, 0, 0, 1, 0, 0, 0, 0, 0, 0, 0, 0, 0, 0, 0, 
21, 3, 4, 1, 3, 2, 0, 1, 1, 0, 0, 0, 0, 1, 1, 0, 0, 1, 0, 2, 0, 1, 0, 0, 1, 18, 7, 8, 8, 1, 2, 1, 2, 0, 1, 0, 0, 7, 3, 2, 1, 0, 1, 2, 0, 3, 0, 1, 2, 8, 0, 1, 1, 29, 2, 4, 1, 56, 9, 10, 6, 9, 1, 0, 0, 4, 2, 4, 3, 11, 1, 0, 1, 26, 0, 1, 0, 1, 0, 0, 0, 1, 0, 0, 0, 2, 0, 0, 0, 1, 0, 0, 0, 0, 0, 0, 0, 0, 0, 0, 0, 1, 0, 0, 0, 0, 0, 0, 0, 0, 0, 0, 0, 
22, 1, 3, 1, 2, 2, 0, 1, 0, 3, 2, 1, 3, 1, 1, 0, 2, 1, 0, 1, 1, 0, 1, 0, 3, 7, 10, 3, 1, 1, 8, 2, 1, 4, 2, 1, 3, 8, 4, 1, 2, 18, 4, 3, 3, 0, 0, 1, 0, 4, 3, 0, 2, 30, 0, 0, 2, 56, 11, 10, 7, 0, 1, 1, 0, 3, 3, 4, 4, 3, 0, 2, 1, 20, 0, 0, 3, 0, 0, 0, 0, 0, 0, 0, 0, 1, 0, 0, 0, 0, 0, 0, 0, 1, 0, 0, 0, 0, 0, 0, 0, 0, 0, 0, 0, 1, 0, 0, 0, 1, 0, 0, 0, 
23, 0, 5, 1, 2, 1, 1, 0, 0, 1, 0, 0, 0, 0, 1, 0, 1, 0, 0, 0, 1, 0, 0, 2, 0, 7, 7, 4, 1, 0, 0, 0, 2, 2, 4, 2, 3, 21, 2, 1, 1, 21, 3, 1, 2, 1, 2, 0, 1, 7, 1, 0, 1, 19, 1, 2, 2, 41, 7, 10, 10, 2, 0, 0, 0, 4, 4, 1, 4, 1, 2, 1, 0, 28, 2, 1, 1, 1, 0, 0, 0, 1, 0, 0, 0, 0, 0, 0, 0, 0, 0, 0, 0, 0, 0, 0, 0, 0, 0, 0, 0, 2, 0, 0, 0, 4, 0, 0, 0, 0, 0, 0, 0, 
24, 0, 1, 0, 1, 6, 1, 0, 0, 0, 2, 1, 0, 0, 0, 0, 0, 1, 2, 1, 0, 0, 0, 0, 0, 3, 2, 2, 4, 5, 1, 1, 2, 3, 8, 1, 2, 25, 3, 1, 4, 22, 6, 1, 5, 3, 1, 1, 2, 1, 2, 1, 1, 12, 4, 0, 2, 43, 9, 7, 4, 0, 1, 2, 1, 4, 6, 2, 6, 7, 1, 1, 0, 23, 1, 1, 0, 1, 0, 0, 0, 1, 0, 0, 0, 2, 0, 0, 0, 2, 0, 0, 0, 1, 0, 0, 0, 0, 0, 0, 0, 0, 0, 0, 0, 0, 0, 0, 0, 0, 0, 0, 0, 
25, 0, 2, 2, 2, 3, 0, 1, 0, 0, 2, 1, 0, 1, 1, 0, 0, 1, 0, 0, 0, 0, 0, 0, 0, 0, 0, 0, 0, 1, 1, 3, 3, 8, 8, 5, 6, 17, 2, 3, 0, 33, 5, 4, 1, 1, 0, 0, 0, 3, 3, 1, 1, 0, 2, 0, 3, 30, 5, 4, 5, 6, 2, 4, 3, 8, 2, 1, 0, 2, 2, 3, 1, 36, 0, 0, 0, 1, 0, 0, 0, 2, 0, 0, 0, 1, 0, 0, 0, 0, 0, 0, 0, 0, 0, 0, 0, 1, 0, 0, 0, 2, 0, 0, 0, 1, 0, 0, 0, 0, 0, 0, 0, 
26, 1, 0, 0, 0, 0, 0, 0, 1, 0, 0, 0, 0, 0, 0, 0, 0, 0, 1, 0, 1, 0, 2, 0, 0, 0, 1, 1, 1, 1, 2, 0, 1, 2, 6, 4, 6, 23, 1, 2, 2, 35, 2, 6, 0, 1, 1, 0, 0, 1, 7, 5, 0, 2, 0, 0, 2, 17, 12, 9, 8, 9, 7, 8, 4, 5, 0, 4, 4, 4, 1, 0, 0, 38, 1, 1, 2, 2, 0, 0, 0, 0, 0, 0, 0, 0, 0, 0, 0, 1, 0, 0, 0, 1, 0, 0, 0, 1, 0, 0, 0, 0, 0, 0, 0, 0, 0, 0, 0, 0, 0, 0, 0, 
27, 5, 0, 0, 1, 1, 0, 0, 1, 0, 0, 0, 0, 0, 0, 0, 0, 0, 0, 1, 2, 0, 0, 1, 0, 0, 1, 0, 1, 0, 0, 0, 0, 2, 8, 7, 3, 21, 0, 2, 3, 39, 8, 1, 3, 0, 1, 2, 0, 7, 6, 11, 3, 1, 1, 0, 1, 14, 1, 6, 6, 11, 6, 8, 7, 4, 1, 3, 3, 3, 2, 4, 1, 35, 1, 0, 0, 1, 0, 0, 0, 1, 0, 0, 0, 4, 0, 0, 0, 0, 0, 0, 0, 2, 0, 0, 0, 0, 0, 0, 0, 0, 0, 0, 0, 0, 0, 0, 0, 3, 0, 0, 0, 
28, 1, 3, 1, 2, 2, 0, 0, 1, 1, 1, 0, 0, 0, 0, 0, 0, 0, 0, 0, 0, 0, 0, 0, 1, 2, 5, 1, 4, 3, 2, 0, 3, 2, 4, 2, 4, 17, 2, 2, 0, 56, 7, 4, 2, 0, 5, 2, 2, 2, 2, 5, 4, 3, 0, 0, 0, 9, 4, 9, 7, 10, 8, 5, 10, 3, 6, 5, 6, 3, 4, 5, 3, 22, 1, 2, 0, 0, 0, 0, 0, 0, 0, 0, 0, 0, 0, 0, 0, 1, 0, 0, 0, 1, 0, 0, 0, 0, 0, 0, 0, 0, 0, 0, 0, 0, 0, 0, 0, 1, 0, 0, 0, 
29, 1, 0, 0, 0, 3, 5, 3, 2, 0, 0, 0, 1, 0, 0, 0, 0, 1, 2, 1, 2, 1, 0, 1, 1, 2, 11, 4, 7, 5, 1, 4, 2, 3, 5, 3, 1, 15, 2, 1, 1, 65, 7, 5, 4, 0, 0, 0, 0, 1, 3, 1, 2, 4, 6, 1, 6, 15, 9, 9, 7, 6, 4, 3, 4, 3, 3, 3, 6, 4, 3, 3, 0, 25, 1, 2, 1, 1, 0, 0, 0, 1, 0, 0, 0, 1, 0, 0, 0, 1, 0, 0, 0, 1, 0, 0, 0, 0, 0, 0, 0, 0, 0, 0, 0, 0, 0, 0, 0, 1, 0, 0, 0, 
30, 1, 1, 2, 2, 3, 0, 1, 0, 0, 0, 0, 0, 0, 1, 0, 0, 0, 0, 1, 0, 1, 1, 0, 0, 7, 5, 3, 2, 4, 0, 1, 0, 10, 0, 2, 3, 27, 2, 2, 1, 62, 6, 3, 3, 8, 7, 3, 2, 4, 6, 1, 0, 2, 2, 5, 1, 28, 9, 3, 7, 5, 1, 0, 0, 5, 8, 3, 0, 3, 5, 0, 2, 22, 2, 2, 0, 0, 0, 0, 0, 1, 0, 0, 0, 2, 0, 0, 0, 0, 0, 0, 0, 0, 0, 0, 0, 1, 0, 0, 0, 0, 0, 0, 0, 1, 0, 0, 0, 0, 0, 0, 0, 
31, 2, 0, 0, 0, 0, 0, 0, 0, 0, 0, 0, 0, 0, 0, 0, 0, 1, 0, 0, 0, 0, 0, 0, 0, 2, 2, 4, 1, 6, 3, 4, 6, 15, 4, 2, 1, 32, 1, 3, 0, 64, 1, 4, 3, 3, 1, 4, 2, 5, 4, 3, 1, 1, 1, 1, 3, 31, 7, 4, 7, 0, 2, 0, 0, 0, 2, 4, 4, 1, 1, 2, 3, 23, 1, 1, 0, 0, 0, 0, 0, 2, 0, 0, 0, 1, 0, 0, 0, 0, 0, 0, 0, 0, 0, 0, 0, 0, 0, 0, 0, 1, 0, 0, 0, 1, 0, 0, 0, 0, 0, 0, 0, 
32, 1, 1, 3, 1, 0, 0, 1, 0, 0, 0, 0, 1, 0, 0, 0, 0, 0, 1, 0, 1, 0, 3, 1, 2, 3, 2, 2, 4, 6, 4, 8, 6, 24, 3, 0, 1, 43, 2, 1, 0, 75, 10, 4, 2, 3, 1, 4, 3, 18, 9, 2, 2, 0, 0, 1, 0, 22, 9, 6, 4, 12, 0, 1, 0, 3, 5, 4, 1, 2, 2, 2, 0, 7, 0, 0, 0, 1, 0, 0, 0, 1, 0, 0, 0, 1, 0, 0, 0, 1, 0, 0, 0, 1, 0, 0, 0, 1, 0, 0, 0, 1, 0, 0, 0, 0, 0, 0, 0, 0, 0, 0, 0, 
33, 0, 1, 1, 0, 10, 3, 2, 2, 1, 0, 1, 1, 5, 1, 0, 0, 0, 1, 0, 0, 1, 1, 2, 1, 2, 3, 2, 5, 3, 6, 2, 1, 20, 1, 2, 0, 41, 1, 0, 1, 88, 2, 4, 2, 5, 1, 1, 3, 25, 1, 1, 6, 0, 2, 1, 1, 21, 7, 12, 4, 1, 0, 0, 0, 5, 4, 4, 5, 2, 1, 4, 3, 0, 1, 3, 0, 2, 0, 0, 0, 0, 0, 0, 0, 1, 0, 0, 0, 1, 0, 0, 0, 0, 0, 0, 0, 0, 0, 0, 0, 1, 0, 0, 0, 0, 0, 0, 0, 0, 0, 0, 0, 
34, 1, 0, 0, 1, 0, 0, 0, 0, 1, 0, 0, 1, 7, 1, 0, 1, 0, 1, 2, 1, 1, 1, 0, 0, 3, 4, 3, 1, 2, 5, 10, 5, 17, 3, 1, 2, 52, 2, 0, 2, 91, 4, 2, 4, 0, 2, 2, 1, 18, 3, 3, 0, 14, 2, 2, 2, 12, 9, 5, 8, 0, 0, 3, 2, 5, 5, 6, 5, 7, 3, 3, 3, 1, 0, 0, 0, 1, 0, 0, 0, 1, 0, 0, 0, 1, 0, 0, 0, 1, 0, 0, 0, 3, 0, 0, 0, 0, 0, 0, 0, 0, 0, 0, 0, 0, 0, 0, 0, 1, 0, 0, 0, 
35, 0, 0, 1, 0, 0, 0, 2, 0, 2, 1, 1, 0, 1, 1, 0, 0, 2, 1, 2, 2, 1, 2, 1, 2, 1, 6, 5, 2, 1, 2, 0, 1, 17, 1, 2, 1, 51, 1, 1, 1, 91, 5, 2, 1, 3, 5, 1, 6, 8, 1, 2, 2, 16, 1, 1, 1, 34, 8, 7, 5, 0, 1, 1, 1, 6, 6, 8, 4, 14, 5, 3, 2, 0, 0, 0, 0, 0, 0, 0, 0, 2, 0, 0, 0, 1, 0, 0, 0, 0, 0, 0, 0, 0, 0, 0, 0, 0, 0, 0, 0, 4, 0, 0, 0, 2, 0, 0, 0, 1, 0, 0, 0, 
36, 1, 0, 0, 1, 2, 0, 1, 2, 0, 0, 0, 0, 1, 1, 0, 1, 0, 0, 0, 2, 0, 0, 1, 0, 4, 3, 4, 1, 0, 0, 0, 1, 2, 2, 6, 2, 45, 0, 1, 1, 91, 6, 2, 0, 3, 9, 3, 4, 1, 0, 2, 0, 33, 3, 2, 2, 27, 6, 8, 5, 2, 1, 1, 4, 2, 6, 5, 4, 4, 4, 1, 5, 1, 1, 0, 2, 1, 0, 0, 0, 1, 0, 0, 0, 3, 0, 0, 0, 0, 0, 0, 0, 1, 0, 0, 0, 6, 0, 0, 0, 1, 0, 0, 0, 1, 0, 0, 0, 0, 0, 0, 0, 
37, 1, 0, 1, 2, 2, 0, 2, 0, 0, 2, 0, 0, 0, 0, 2, 0, 0, 1, 1, 0, 0, 0, 0, 0, 3, 2, 2, 2, 7, 3, 0, 3, 1, 1, 5, 4, 37, 0, 2, 0, 95, 9, 3, 4, 3, 9, 8, 2, 25, 1, 2, 1, 28, 1, 4, 2, 24, 7, 6, 5, 4, 6, 5, 1, 1, 0, 3, 1, 8, 3, 2, 7, 5, 7, 6, 6, 1, 0, 0, 0, 0, 0, 0, 0, 1, 0, 0, 0, 1, 0, 0, 0, 1, 0, 0, 0, 0, 0, 0, 0, 2, 0, 0, 0, 0, 0, 0, 0, 2, 0, 0, 0, 
38, 2, 1, 1, 1, 0, 1, 0, 1, 1, 0, 0, 0, 0, 0, 0, 2, 0, 0, 1, 0, 1, 0, 2, 0, 0, 0, 0, 1, 0, 2, 1, 4, 3, 2, 2, 5, 43, 3, 2, 1, 100, 4, 2, 1, 4, 6, 3, 9, 21, 1, 1, 0, 42, 2, 4, 2, 18, 8, 7, 9, 4, 5, 6, 5, 1, 2, 3, 0, 8, 4, 3, 7, 17, 5, 5, 8, 0, 0, 0, 0, 1, 0, 0, 0, 0, 0, 0, 0, 0, 0, 0, 0, 0, 0, 0, 0, 0, 0, 0, 0, 1, 0, 0, 0, 1, 0, 0, 0, 0, 0, 0, 0, 
39, 3, 1, 2, 0, 0, 2, 2, 1, 1, 0, 0, 0, 0, 0, 0, 2, 0, 0, 0, 0, 2, 0, 1, 0, 0, 1, 1, 0, 1, 0, 2, 3, 1, 3, 1, 1, 28, 3, 0, 2, 100, 1, 1, 4, 5, 10, 3, 3, 3, 2, 3, 2, 54, 5, 1, 1, 19, 8, 6, 4, 9, 6, 9, 4, 0, 3, 2, 2, 10, 4, 6, 4, 21, 10, 9, 7, 0, 0, 0, 0, 1, 0, 0, 0, 2, 0, 0, 0, 1, 0, 0, 0, 0, 0, 0, 0, 0, 0, 0, 0, 1, 0, 0, 0, 0, 0, 0, 0, 0, 0, 0, 0, 
40, 0, 0, 1, 0, 0, 0, 0, 0, 0, 1, 0, 0, 2, 1, 3, 0, 0, 0, 0, 1, 0, 2, 5, 3, 3, 2, 1, 2, 8, 2, 3, 1, 1, 2, 3, 3, 49, 2, 4, 1, 87, 4, 1, 6, 2, 4, 0, 3, 4, 1, 1, 3, 67, 4, 4, 0, 20, 6, 2, 7, 10, 4, 10, 7, 0, 0, 4, 0, 6, 3, 3, 8, 24, 8, 9, 5, 0, 0, 0, 0, 0, 0, 0, 0, 0, 0, 0, 0, 0, 0, 0, 0, 2, 0, 0, 0, 0, 0, 0, 0, 1, 0, 0, 0, 0, 0, 0, 0, 2, 0, 0, 0, 
41, 0, 0, 1, 0, 0, 1, 0, 1, 1, 0, 0, 0, 1, 0, 0, 1, 0, 0, 0, 0, 7, 3, 1, 3, 6, 3, 3, 1, 4, 2, 6, 3, 0, 1, 1, 2, 51, 7, 3, 1, 81, 2, 4, 4, 3, 2, 1, 1, 2, 1, 4, 2, 60, 2, 1, 2, 15, 5, 10, 2, 9, 2, 2, 4, 1, 1, 0, 1, 7, 8, 3, 5, 8, 7, 8, 5, 0, 0, 0, 0, 0, 0, 0, 0, 1, 0, 0, 0, 3, 0, 0, 0, 2, 0, 0, 0, 1, 0, 0, 0, 0, 0, 0, 0, 2, 0, 0, 0, 2, 0, 0, 0, 
42, 1, 1, 0, 1, 0, 0, 0, 0, 1, 0, 0, 0, 1, 1, 1, 0, 0, 0, 0, 0, 0, 0, 0, 0, 0, 2, 1, 1, 6, 0, 4, 2, 3, 3, 4, 3, 49, 2, 3, 1, 82, 3, 1, 1, 1, 0, 2, 1, 1, 4, 1, 1, 54, 0, 3, 0, 22, 4, 6, 9, 3, 1, 2, 2, 2, 1, 2, 0, 5, 2, 6, 6, 5, 3, 5, 9, 2, 0, 0, 0, 2, 0, 0, 0, 2, 0, 0, 0, 1, 0, 0, 0, 0, 0, 0, 0, 0, 0, 0, 0, 0, 0, 0, 0, 2, 0, 0, 0, 1, 0, 0, 0, 
43, 1, 0, 0, 1, 1, 0, 0, 1, 2, 0, 2, 1, 2, 4, 0, 2, 1, 0, 2, 0, 0, 0, 0, 0, 6, 0, 2, 1, 8, 7, 6, 6, 3, 0, 3, 1, 32, 3, 1, 3, 77, 3, 1, 3, 2, 0, 1, 0, 5, 6, 7, 5, 55, 1, 2, 1, 30, 5, 8, 2, 0, 0, 0, 0, 4, 0, 1, 2, 1, 0, 1, 1, 4, 3, 3, 3, 2, 0, 0, 0, 2, 0, 0, 0, 0, 0, 0, 0, 2, 0, 0, 0, 2, 0, 0, 0, 1, 0, 0, 0, 0, 0, 0, 0, 2, 0, 0, 0, 0, 0, 0, 0, 
44, 0, 0, 2, 2, 2, 1, 2, 5, 1, 1, 1, 1, 1, 0, 0, 1, 0, 0, 0, 1, 1, 1, 3, 3, 0, 2, 1, 1, 14, 1, 4, 6, 0, 0, 2, 0, 26, 0, 2, 1, 64, 3, 4, 5, 0, 1, 0, 1, 3, 7, 4, 9, 40, 0, 1, 1, 23, 13, 5, 5, 1, 2, 2, 4, 5, 3, 1, 2, 2, 0, 1, 1, 0, 2, 3, 5, 3, 0, 0, 0, 0, 0, 0, 0, 2, 0, 0, 0, 2, 0, 0, 0, 0, 0, 0, 0, 0, 0, 0, 0, 0, 0, 0, 0, 0, 0, 0, 0, 1, 0, 0, 0, 
45, 0, 1, 2, 1, 0, 1, 0, 0, 1, 0, 0, 0, 0, 0, 0, 0, 2, 1, 0, 0, 0, 2, 0, 1, 0, 0, 1, 0, 17, 5, 2, 5, 3, 2, 3, 0, 25, 2, 2, 2, 78, 3, 3, 0, 2, 0, 1, 1, 2, 7, 3, 2, 48, 2, 0, 0, 23, 7, 7, 7, 8, 10, 8, 6, 8, 3, 2, 2, 1, 2, 1, 0, 2, 6, 8, 4, 0, 0, 0, 0, 0, 0, 0, 0, 0, 0, 0, 0, 0, 0, 0, 0, 3, 0, 0, 0, 0, 0, 0, 0, 0, 0, 0, 0, 2, 0, 0, 0, 0, 0, 0, 0, 
46, 5, 0, 1, 1, 1, 2, 1, 4, 1, 0, 2, 0, 0, 0, 0, 1, 0, 1, 0, 0, 1, 0, 0, 0, 1, 1, 2, 0, 22, 6, 3, 4, 4, 5, 0, 5, 29, 3, 1, 0, 71, 6, 2, 2, 3, 4, 1, 0, 0, 1, 0, 4, 32, 1, 0, 1, 24, 9, 1, 5, 15, 6, 7, 5, 13, 4, 0, 4, 2, 3, 2, 0, 2, 4, 7, 2, 4, 0, 0, 0, 0, 0, 0, 0, 3, 0, 0, 0, 0, 0, 0, 0, 0, 0, 0, 0, 0, 0, 0, 0, 0, 0, 0, 0, 3, 0, 0, 0, 1, 0, 0, 0, 
47, 0, 1, 1, 0, 2, 1, 1, 1, 0, 4, 1, 0, 1, 0, 1, 1, 0, 0, 0, 0, 2, 3, 0, 0, 5, 5, 8, 2, 23, 8, 1, 3, 6, 8, 6, 1, 32, 1, 2, 2, 75, 3, 2, 2, 0, 3, 1, 0, 4, 2, 4, 2, 24, 5, 2, 1, 23, 8, 5, 3, 26, 11, 7, 5, 7, 6, 4, 4, 14, 8, 4, 4, 5, 2, 4, 3, 0, 0, 0, 0, 0, 0, 0, 0, 1, 0, 0, 0, 0, 0, 0, 0, 1, 0, 0, 0, 0, 0, 0, 0, 1, 0, 0, 0, 0, 0, 0, 0, 0, 0, 0, 0, 
48, 2, 1, 2, 0, 1, 4, 2, 2, 1, 0, 1, 0, 0, 1, 0, 0, 0, 2, 0, 0, 0, 0, 1, 0, 5, 6, 7, 2, 20, 4, 3, 4, 4, 5, 4, 5, 39, 1, 0, 2, 75, 6, 1, 3, 0, 0, 1, 0, 19, 3, 2, 1, 17, 1, 1, 1, 30, 4, 6, 6, 24, 11, 4, 6, 11, 10, 6, 6, 26, 1, 2, 3, 7, 1, 7, 6, 1, 0, 0, 0, 0, 0, 0, 0, 0, 0, 0, 0, 3, 0, 0, 0, 1, 0, 0, 0, 1, 0, 0, 0, 0, 0, 0, 0, 0, 0, 0, 0, 0, 0, 0, 0, 
49, 0, 0, 0, 0, 0, 2, 1, 0, 0, 0, 0, 0, 5, 1, 0, 1, 1, 1, 0, 0, 0, 1, 0, 0, 4, 5, 3, 8, 11, 7, 6, 9, 4, 0, 4, 2, 33, 2, 0, 1, 81, 6, 3, 4, 0, 1, 1, 0, 4, 1, 3, 0, 8, 1, 0, 2, 43, 5, 5, 5, 21, 3, 5, 3, 7, 3, 3, 8, 23, 1, 4, 5, 2, 7, 4, 2, 1, 0, 0, 0, 2, 0, 0, 0, 0, 0, 0, 0, 0, 0, 0, 0, 1, 0, 0, 0, 1, 0, 0, 0, 1, 0, 0, 0, 1, 0, 0, 0, 1, 0, 0, 0, 
50, 1, 4, 0, 1, 0, 0, 0, 0, 2, 1, 1, 1, 1, 0, 1, 0, 0, 0, 0, 0, 0, 0, 0, 0, 2, 3, 5, 2, 20, 2, 5, 5, 6, 4, 1, 2, 34, 1, 0, 1, 82, 4, 4, 4, 0, 0, 2, 1, 0, 1, 0, 0, 13, 1, 2, 0, 33, 10, 7, 5, 8, 10, 7, 6, 19, 4, 5, 3, 14, 1, 5, 4, 13, 4, 3, 4, 1, 0, 0, 0, 0, 0, 0, 0, 0, 0, 0, 0, 1, 0, 0, 0, 1, 0, 0, 0, 1, 0, 0, 0, 2, 0, 0, 0, 2, 0, 0, 0, 1, 0, 0, 0, 
51, 0, 1, 0, 1, 0, 1, 2, 1, 0, 0, 0, 0, 1, 2, 1, 1, 1, 1, 1, 0, 1, 1, 1, 2, 13, 4, 4, 4, 19, 6, 9, 5, 1, 0, 3, 0, 28, 1, 1, 0, 84, 6, 1, 2, 6, 2, 3, 0, 2, 1, 2, 1, 10, 6, 4, 2, 17, 7, 1, 4, 8, 8, 8, 7, 11, 6, 8, 3, 16, 1, 2, 2, 0, 0, 1, 1, 0, 0, 0, 0, 1, 0, 0, 0, 1, 0, 0, 0, 1, 0, 0, 0, 0, 0, 0, 0, 0, 0, 0, 0, 1, 0, 0, 0, 0, 0, 0, 0, 0, 0, 0, 0, 
52, 1, 2, 1, 2, 1, 1, 1, 1, 0, 1, 1, 0, 0, 0, 0, 0, 0, 4, 0, 3, 1, 0, 0, 0, 5, 4, 4, 5, 27, 8, 6, 4, 1, 0, 2, 3, 22, 5, 1, 2, 98, 0, 4, 2, 3, 2, 2, 3, 3, 3, 3, 2, 12, 1, 2, 0, 6, 5, 6, 6, 1, 2, 3, 6, 9, 6, 4, 6, 15, 2, 2, 2, 0, 0, 0, 1, 1, 0, 0, 0, 0, 0, 0, 0, 0, 0, 0, 0, 1, 0, 0, 0, 0, 0, 0, 0, 0, 0, 0, 0, 2, 0, 0, 0, 0, 0, 0, 0, 0, 0, 0, 0, 
53, 7, 3, 4, 3, 0, 0, 1, 0, 1, 1, 0, 0, 0, 0, 0, 0, 0, 0, 0, 0, 0, 1, 2, 0, 2, 3, 2, 5, 25, 4, 6, 5, 0, 0, 3, 0, 22, 2, 2, 0, 85, 6, 4, 3, 1, 0, 0, 1, 5, 5, 4, 2, 3, 1, 0, 0, 16, 8, 5, 5, 5, 3, 3, 3, 13, 7, 13, 10, 17, 1, 2, 2, 4, 1, 0, 1, 0, 0, 0, 0, 1, 0, 0, 0, 1, 0, 0, 0, 3, 0, 0, 0, 0, 0, 0, 0, 1, 0, 0, 0, 0, 0, 0, 0, 2, 0, 0, 0, 1, 0, 0, 0, 
54, 7, 3, 4, 8, 0, 3, 1, 0, 0, 0, 0, 2, 0, 0, 0, 0, 0, 2, 0, 0, 1, 0, 0, 0, 15, 4, 4, 2, 36, 8, 1, 2, 8, 0, 0, 3, 15, 0, 1, 1, 82, 1, 0, 5, 4, 2, 2, 1, 7, 1, 2, 2, 0, 0, 0, 1, 2, 6, 8, 8, 2, 1, 1, 1, 9, 10, 9, 9, 29, 3, 2, 1, 6, 0, 1, 0, 0, 0, 0, 0, 1, 0, 0, 0, 1, 0, 0, 0, 0, 0, 0, 0, 2, 0, 0, 0, 1, 0, 0, 0, 1, 0, 0, 0, 3, 0, 0, 0, 1, 0, 0, 0, 
55, 1, 2, 4, 1, 3, 2, 1, 1, 1, 1, 0, 0, 0, 2, 0, 0, 0, 5, 0, 1, 3, 3, 0, 1, 25, 1, 2, 2, 30, 4, 4, 3, 20, 2, 1, 1, 1, 2, 0, 1, 75, 4, 0, 0, 0, 3, 0, 0, 1, 1, 0, 1, 2, 2, 1, 2, 9, 6, 6, 5, 2, 3, 2, 0, 3, 9, 10, 2, 17, 4, 2, 3, 2, 0, 1, 1, 0, 0, 0, 0, 0, 0, 0, 0, 0, 0, 0, 0, 2, 0, 0, 0, 2, 0, 0, 0, 0, 0, 0, 0, 0, 0, 0, 0, 3, 0, 0, 0, 2, 0, 0, 0, 
56, 2, 0, 1, 0, 0, 0, 0, 1, 1, 0, 0, 1, 0, 2, 0, 1, 0, 1, 0, 0, 3, 0, 1, 1, 11, 4, 2, 4, 34, 6, 2, 2, 25, 2, 1, 1, 5, 4, 3, 8, 56, 0, 3, 1, 7, 5, 0, 0, 1, 1, 1, 1, 0, 1, 0, 0, 7, 8, 4, 5, 10, 0, 1, 1, 1, 3, 1, 1, 23, 5, 0, 2, 2, 0, 2, 1, 2, 0, 0, 0, 0, 0, 0, 0, 1, 0, 0, 0, 0, 0, 0, 0, 1, 0, 0, 0, 1, 0, 0, 0, 1, 0, 0, 0, 1, 0, 0, 0, 1, 0, 0, 0, 
57, 0, 0, 1, 0, 1, 0, 0, 2, 0, 1, 0, 0, 0, 2, 0, 1, 0, 2, 0, 1, 1, 0, 0, 1, 22, 4, 1, 5, 43, 4, 5, 3, 35, 1, 3, 2, 9, 3, 7, 4, 35, 3, 1, 0, 8, 2, 0, 1, 1, 0, 0, 0, 0, 1, 0, 1, 1, 3, 5, 7, 18, 1, 3, 0, 1, 0, 0, 0, 19, 1, 4, 0, 8, 2, 4, 4, 4, 0, 0, 0, 0, 0, 0, 0, 1, 0, 0, 0, 0, 0, 0, 0, 1, 0, 0, 0, 3, 0, 0, 0, 0, 0, 0, 0, 1, 0, 0, 0, 0, 0, 0, 0, 
58, 1, 1, 0, 0, 0, 0, 1, 1, 1, 0, 1, 0, 0, 0, 1, 0, 0, 1, 0, 2, 0, 1, 0, 0, 26, 2, 1, 1, 46, 2, 3, 10, 42, 2, 1, 1, 15, 6, 3, 7, 31, 5, 6, 2, 6, 1, 0, 0, 5, 3, 2, 2, 0, 1, 1, 1, 7, 1, 3, 2, 16, 4, 5, 0, 0, 1, 1, 1, 22, 6, 3, 2, 4, 3, 2, 3, 0, 0, 0, 0, 1, 0, 0, 0, 2, 0, 0, 0, 1, 0, 0, 0, 0, 0, 0, 0, 2, 0, 0, 0, 0, 0, 0, 0, 0, 0, 0, 0, 0, 0, 0, 0, 
59, 0, 0, 1, 0, 1, 0, 1, 1, 0, 0, 0, 0, 0, 0, 1, 1, 0, 0, 1, 0, 0, 0, 0, 1, 28, 4, 1, 2, 65, 1, 7, 7, 41, 1, 0, 1, 5, 2, 4, 0, 40, 0, 3, 6, 11, 1, 0, 2, 1, 0, 1, 0, 0, 1, 0, 0, 17, 1, 3, 4, 19, 0, 2, 1, 0, 0, 1, 0, 36, 2, 0, 1, 1, 1, 4, 2, 0, 0, 0, 0, 2, 0, 0, 0, 0, 0, 0, 0, 0, 0, 0, 0, 0, 0, 0, 0, 0, 0, 0, 0, 0, 0, 0, 0, 2, 0, 0, 0, 0, 0, 0, 0, 
60, 0, 2, 3, 0, 1, 0, 0, 1, 2, 2, 1, 1, 0, 0, 0, 0, 0, 0, 0, 0, 0, 0, 0, 1, 15, 2, 1, 3, 65, 6, 6, 3, 36, 1, 2, 2, 5, 4, 5, 6, 36, 4, 1, 3, 19, 3, 0, 3, 2, 1, 1, 4, 3, 0, 1, 0, 30, 1, 2, 1, 26, 1, 1, 1, 2, 1, 1, 2, 28, 3, 6, 1, 5, 0, 1, 1, 0, 0, 0, 0, 0, 0, 0, 0, 1, 0, 0, 0, 1, 0, 0, 0, 0, 0, 0, 0, 1, 0, 0, 0, 0, 0, 0, 0, 1, 0, 0, 0, 1, 0, 0, 0, 
61, 0, 0, 0, 0, 0, 0, 0, 0, 1, 0, 1, 0, 2, 0, 1, 0, 1, 2, 0, 3, 2, 1, 1, 2, 11, 5, 2, 3, 52, 17, 8, 0, 32, 0, 1, 2, 11, 7, 10, 6, 33, 1, 2, 3, 44, 4, 0, 0, 0, 0, 0, 0, 5, 0, 2, 2, 20, 1, 4, 0, 24, 1, 1, 1, 0, 0, 0, 1, 31, 2, 1, 3, 0, 0, 0, 0, 1, 0, 0, 0, 1, 0, 0, 0, 0, 0, 0, 0, 0, 0, 0, 0, 0, 0, 0, 0, 4, 0, 0, 0, 0, 0, 0, 0, 2, 0, 0, 0, 0, 0, 0, 0, 
62, 1, 0, 0, 1, 0, 0, 1, 0, 0, 0, 0, 0, 0, 0, 1, 0, 0, 0, 0, 0, 0, 1, 0, 0, 28, 3, 3, 3, 68, 2, 7, 5, 42, 3, 1, 3, 13, 4, 10, 9, 33, 4, 1, 0, 63, 1, 1, 0, 1, 0, 1, 0, 1, 1, 2, 1, 5, 4, 3, 2, 26, 0, 0, 0, 5, 3, 5, 2, 21, 2, 4, 3, 1, 0, 0, 1, 1, 0, 0, 0, 1, 0, 0, 0, 1, 0, 0, 0, 0, 0, 0, 0, 0, 0, 0, 0, 0, 0, 0, 0, 0, 0, 0, 0, 2, 0, 0, 0, 1, 0, 0, 0, 
63, 2, 0, 0, 1, 3, 0, 2, 0, 0, 2, 0, 3, 0, 2, 1, 0, 0, 1, 1, 0, 2, 0, 1, 1, 38, 2, 5, 0, 81, 4, 7, 2, 43, 9, 1, 0, 12, 10, 7, 5, 20, 1, 0, 1, 54, 0, 0, 0, 3, 1, 4, 2, 1, 2, 2, 8, 2, 2, 2, 1, 35, 0, 0, 3, 0, 0, 0, 2, 16, 2, 2, 0, 2, 1, 0, 3, 2, 0, 0, 0, 0, 0, 0, 0, 0, 0, 0, 0, 2, 0, 0, 0, 0, 0, 0, 0, 0, 0, 0, 0, 2, 0, 0, 0, 3, 0, 0, 0, 0, 0, 0, 0, 
64, 4, 2, 3, 3, 0, 1, 1, 2, 1, 1, 1, 0, 0, 0, 1, 0, 0, 2, 1, 0, 0, 0, 0, 1, 51, 2, 3, 0, 91, 7, 4, 5, 55, 0, 1, 1, 19, 6, 7, 4, 11, 3, 4, 3, 51, 5, 2, 0, 3, 3, 1, 2, 3, 4, 3, 4, 1, 0, 0, 1, 35, 3, 1, 3, 1, 0, 0, 0, 2, 0, 2, 1, 0, 1, 1, 1, 0, 0, 0, 0, 1, 0, 0, 0, 0, 0, 0, 0, 0, 0, 0, 0, 1, 0, 0, 0, 1, 0, 0, 0, 0, 0, 0, 0, 0, 0, 0, 0, 0, 0, 0, 0, 
65, 2, 1, 2, 3, 0, 0, 1, 0, 4, 4, 2, 0, 0, 0, 0, 0, 0, 0, 0, 1, 0, 0, 0, 0, 47, 6, 3, 1, 100, 3, 2, 5, 57, 10, 1, 2, 31, 11, 8, 3, 14, 2, 0, 6, 51, 1, 0, 0, 2, 5, 0, 5, 1, 2, 1, 2, 7, 0, 2, 0, 30, 0, 2, 1, 1, 2, 1, 1, 7, 8, 2, 4, 0, 0, 0, 0, 0, 0, 0, 0, 3, 0, 0, 0, 0, 0, 0, 0, 0, 0, 0, 0, 3, 0, 0, 0, 0, 0, 0, 0, 0, 0, 0, 0, 1, 0, 0, 0, 0, 0, 0, 0, 
66, 0, 3, 1, 2, 0, 1, 1, 1, 6, 0, 0, 0, 0, 1, 1, 0, 1, 0, 1, 1, 2, 1, 3, 2, 54, 0, 3, 1, 100, 1, 5, 8, 50, 1, 2, 2, 24, 6, 7, 4, 7, 4, 4, 0, 41, 0, 0, 2, 2, 1, 5, 7, 0, 2, 2, 1, 1, 0, 1, 1, 33, 2, 1, 1, 1, 0, 0, 0, 4, 4, 4, 1, 2, 0, 1, 1, 0, 0, 0, 0, 2, 0, 0, 0, 1, 0, 0, 0, 1, 0, 0, 0, 0, 0, 0, 0, 1, 0, 0, 0, 1, 0, 0, 0, 0, 0, 0, 0, 1, 0, 0, 0, 
67, 1, 0, 0, 1, 2, 0, 0, 1, 0, 2, 1, 0, 2, 1, 0, 0, 0, 0, 1, 0, 1, 4, 4, 3, 37, 3, 0, 2, 100, 5, 4, 3, 67, 2, 1, 5, 21, 13, 6, 7, 10, 2, 1, 3, 34, 0, 0, 0, 2, 0, 0, 1, 11, 5, 1, 1, 0, 0, 0, 1, 47, 1, 1, 2, 0, 0, 1, 0, 4, 1, 7, 4, 2, 1, 2, 3, 0, 0, 0, 0, 1, 0, 0, 0, 1, 0, 0, 0, 0, 0, 0, 0, 2, 0, 0, 0, 1, 0, 0, 0, 2, 0, 0, 0, 0, 0, 0, 0, 1, 0, 0, 0, 
68, 0, 0, 0, 0, 4, 0, 0, 0, 1, 1, 0, 1, 0, 1, 0, 0, 0, 4, 1, 0, 2, 2, 1, 0, 38, 3, 0, 3, 100, 5, 5, 3, 82, 5, 2, 1, 34, 5, 5, 6, 16, 3, 3, 2, 26, 1, 1, 1, 0, 0, 2, 0, 19, 2, 0, 0, 1, 1, 2, 0, 33, 1, 2, 0, 1, 0, 0, 0, 1, 0, 0, 0, 4, 4, 5, 1, 3, 0, 0, 0, 1, 0, 0, 0, 1, 0, 0, 0, 0, 0, 0, 0, 5, 0, 0, 0, 0, 0, 0, 0, 2, 0, 0, 0, 0, 0, 0, 0, 0, 0, 0, 0, 
69, 1, 1, 1, 1, 5, 4, 1, 4, 1, 0, 0, 1, 1, 0, 1, 0, 0, 1, 0, 0, 0, 1, 2, 0, 31, 5, 3, 0, 100, 2, 4, 5, 100, 0, 4, 1, 27, 4, 4, 3, 11, 2, 2, 1, 30, 3, 3, 1, 1, 2, 3, 1, 6, 1, 0, 0, 2, 3, 2, 3, 18, 0, 1, 0, 4, 1, 5, 0, 5, 4, 1, 1, 2, 3, 3, 1, 1, 0, 0, 0, 1, 0, 0, 0, 0, 0, 0, 0, 0, 0, 0, 0, 0, 0, 0, 0, 4, 0, 0, 0, 1, 0, 0, 0, 0, 0, 0, 0, 0, 0, 0, 0, 
70, 4, 0, 1, 0, 0, 2, 0, 0, 1, 0, 3, 0, 0, 2, 0, 0, 1, 0, 0, 0, 1, 0, 0, 0, 32, 2, 1, 0, 100, 3, 5, 1, 100, 1, 0, 1, 18, 9, 6, 4, 24, 5, 2, 2, 49, 0, 0, 4, 3, 2, 5, 4, 2, 0, 0, 0, 2, 0, 0, 0, 9, 0, 1, 0, 7, 4, 1, 2, 0, 0, 0, 1, 2, 2, 2, 0, 3, 0, 0, 0, 2, 0, 0, 0, 2, 0, 0, 0, 1, 0, 0, 0, 0, 0, 0, 0, 1, 0, 0, 0, 3, 0, 0, 0, 0, 0, 0, 0, 3, 0, 0, 0, 
71, 1, 7, 5, 2, 4, 5, 3, 2, 2, 1, 0, 0, 0, 0, 1, 0, 0, 1, 1, 0, 2, 1, 1, 0, 31, 4, 1, 4, 100, 9, 6, 3, 100, 4, 2, 1, 12, 7, 4, 6, 41, 2, 3, 3, 42, 0, 2, 1, 4, 6, 4, 5, 1, 0, 1, 0, 1, 1, 0, 1, 0, 0, 0, 0, 17, 3, 0, 3, 3, 4, 1, 2, 0, 0, 3, 1, 0, 0, 0, 0, 2, 0, 0, 0, 0, 0, 0, 0, 0, 0, 0, 0, 0, 0, 0, 0, 0, 0, 0, 0, 2, 0, 0, 0, 1, 0, 0, 0, 0, 0, 0, 0, 
72, 1, 1, 0, 2, 1, 1, 4, 1, 1, 2, 1, 1, 0, 0, 1, 0, 0, 0, 0, 0, 0, 0, 0, 0, 21, 0, 5, 3, 100, 4, 2, 3, 100, 1, 2, 1, 5, 4, 7, 4, 36, 1, 1, 2, 30, 1, 3, 1, 7, 6, 6, 12, 1, 2, 1, 0, 4, 6, 4, 3, 2, 2, 2, 0, 5, 1, 3, 1, 0, 0, 1, 0, 4, 2, 3, 2, 0, 0, 0, 0, 2, 0, 0, 0, 0, 0, 0, 0, 1, 0, 0, 0, 1, 0, 0, 0, 1, 0, 0, 0, 0, 0, 0, 0, 0, 0, 0, 0, 1, 0, 0, 0, 
73, 3, 0, 1, 3, 1, 1, 0, 0, 1, 1, 1, 1, 1, 0, 0, 1, 0, 1, 1, 1, 1, 0, 0, 0, 28, 3, 4, 1, 100, 2, 3, 6, 100, 1, 0, 0, 1, 1, 3, 2, 42, 3, 1, 2, 23, 3, 1, 4, 5, 6, 2, 6, 3, 1, 0, 0, 6, 3, 3, 4, 10, 7, 1, 1, 0, 0, 1, 1, 3, 0, 0, 1, 1, 2, 0, 1, 0, 0, 0, 0, 1, 0, 0, 0, 2, 0, 0, 0, 0, 0, 0, 0, 1, 0, 0, 0, 1, 0, 0, 0, 0, 0, 0, 0, 3, 0, 0, 0, 0, 0, 0, 0, 
74, 0, 1, 1, 0, 1, 0, 1, 1, 3, 1, 3, 1, 0, 2, 0, 0, 1, 2, 1, 2, 0, 1, 0, 0, 31, 2, 1, 0, 100, 8, 9, 3, 100, 1, 3, 0, 0, 0, 0, 0, 24, 2, 2, 5, 3, 0, 1, 0, 6, 5, 6, 3, 1, 2, 2, 0, 3, 2, 5, 3, 13, 0, 0, 2, 5, 3, 7, 2, 4, 1, 6, 4, 4, 1, 1, 2, 0, 0, 0, 0, 1, 0, 0, 0, 3, 0, 0, 0, 0, 0, 0, 0, 0, 0, 0, 0, 0, 0, 0, 0, 0, 0, 0, 0, 0, 0, 0, 0, 2, 0, 0, 0, 
75, 2, 1, 1, 2, 0, 0, 0, 0, 3, 0, 1, 1, 0, 0, 0, 0, 3, 1, 2, 1, 0, 0, 0, 0, 19, 6, 1, 3, 100, 3, 5, 5, 100, 1, 2, 1, 1, 3, 0, 1, 28, 3, 5, 2, 3, 2, 0, 0, 5, 7, 7, 7, 3, 1, 2, 2, 2, 3, 3, 3, 9, 4, 1, 0, 4, 9, 5, 4, 1, 5, 1, 3, 1, 2, 2, 2, 0, 0, 0, 0, 0, 0, 0, 0, 0, 0, 0, 0, 0, 0, 0, 0, 1, 0, 0, 0, 1, 0, 0, 0, 2, 0, 0, 0, 3, 0, 0, 0, 0, 0, 0, 0, 
76, 4, 3, 2, 2, 1, 2, 0, 1, 1, 2, 0, 1, 0, 0, 0, 0, 0, 0, 0, 2, 0, 0, 0, 2, 7, 5, 2, 2, 100, 7, 5, 3, 100, 4, 2, 2, 1, 1, 0, 0, 43, 0, 3, 3, 1, 0, 2, 0, 5, 7, 5, 7, 7, 1, 0, 3, 2, 1, 0, 1, 23, 1, 2, 1, 8, 8, 2, 7, 7, 5, 4, 5, 3, 2, 1, 1, 1, 0, 0, 0, 1, 0, 0, 0, 1, 0, 0, 0, 2, 0, 0, 0, 0, 0, 0, 0, 0, 0, 0, 0, 0, 0, 0, 0, 0, 0, 0, 0, 0, 0, 0, 0, 
77, 3, 2, 0, 1, 0, 0, 1, 0, 1, 1, 1, 1, 2, 2, 0, 2, 0, 0, 0, 0, 0, 0, 1, 0, 0, 0, 0, 0, 100, 4, 5, 3, 100, 5, 0, 0, 3, 1, 1, 0, 45, 0, 4, 1, 2, 0, 3, 3, 0, 2, 0, 1, 3, 2, 6, 2, 1, 2, 2, 0, 38, 2, 0, 0, 5, 5, 2, 2, 14, 0, 4, 3, 2, 1, 0, 1, 0, 0, 0, 0, 0, 0, 0, 0, 1, 0, 0, 0, 1, 0, 0, 0, 1, 0, 0, 0, 1, 0, 0, 0, 2, 0, 0, 0, 0, 0, 0, 0, 2, 0, 0, 0, 
78, 2, 0, 2, 1, 0, 0, 0, 0, 0, 1, 0, 1, 0, 1, 1, 0, 1, 1, 3, 3, 0, 0, 0, 0, 4, 0, 2, 2, 100, 8, 8, 2, 100, 1, 0, 2, 1, 2, 2, 1, 36, 3, 0, 1, 7, 8, 6, 8, 0, 1, 1, 0, 2, 0, 1, 0, 5, 2, 1, 0, 35, 1, 0, 1, 1, 3, 1, 1, 23, 4, 7, 3, 1, 3, 2, 0, 0, 0, 0, 0, 0, 0, 0, 0, 0, 0, 0, 0, 3, 0, 0, 0, 0, 0, 0, 0, 1, 0, 0, 0, 0, 0, 0, 0, 1, 0, 0, 0, 0, 0, 0, 0, 
79, 2, 0, 0, 2, 1, 1, 0, 2, 0, 0, 0, 1, 1, 0, 1, 1, 1, 0, 0, 0, 1, 0, 0, 0, 0, 3, 4, 4, 98, 2, 5, 3, 100, 2, 2, 1, 16, 0, 1, 2, 30, 2, 5, 1, 8, 3, 3, 4, 0, 0, 0, 0, 7, 1, 1, 1, 17, 3, 1, 1, 40, 4, 4, 4, 1, 5, 1, 0, 45, 6, 4, 2, 2, 1, 1, 0, 0, 0, 0, 0, 2, 0, 0, 0, 1, 0, 0, 0, 2, 0, 0, 0, 1, 0, 0, 0, 0, 0, 0, 0, 0, 0, 0, 0, 1, 0, 0, 0, 2, 0, 0, 0, 
80, 0, 0, 1, 1, 0, 0, 0, 1, 1, 0, 0, 0, 3, 2, 1, 1, 0, 1, 1, 2, 0, 2, 0, 1, 7, 3, 0, 2, 100, 4, 9, 6, 98, 0, 2, 2, 8, 4, 4, 1, 15, 2, 3, 1, 12, 6, 3, 2, 1, 3, 2, 0, 1, 1, 1, 0, 24, 3, 1, 2, 52, 1, 1, 0, 1, 4, 1, 2, 36, 5, 3, 4, 2, 2, 3, 2, 0, 0, 0, 0, 0, 0, 0, 0, 0, 0, 0, 0, 0, 0, 0, 0, 0, 0, 0, 0, 0, 0, 0, 0, 1, 0, 0, 0, 0, 0, 0, 0, 1, 0, 0, 0, 
81, 1, 0, 0, 0, 0, 0, 0, 0, 0, 0, 0, 0, 1, 1, 1, 1, 0, 1, 0, 0, 0, 0, 0, 0, 14, 3, 6, 3, 100, 5, 2, 6, 90, 2, 5, 0, 11, 1, 1, 1, 24, 4, 3, 1, 3, 3, 4, 3, 6, 1, 0, 0, 7, 1, 1, 0, 17, 0, 1, 1, 41, 1, 3, 1, 2, 4, 4, 2, 32, 5, 4, 3, 3, 3, 6, 2, 0, 0, 0, 0, 1, 0, 0, 0, 0, 0, 0, 0, 0, 0, 0, 0, 1, 0, 0, 0, 0, 0, 0, 0, 4, 0, 0, 0, 1, 0, 0, 0, 0, 0, 0, 0, 
82, 0, 3, 3, 0, 3, 0, 4, 0, 3, 0, 1, 0, 0, 0, 0, 0, 0, 0, 0, 0, 1, 0, 0, 0, 27, 1, 7, 1, 100, 6, 5, 6, 98, 2, 2, 2, 2, 1, 3, 1, 11, 3, 1, 3, 1, 1, 2, 0, 1, 1, 2, 0, 2, 1, 1, 0, 9, 1, 1, 1, 30, 4, 2, 3, 4, 7, 7, 7, 29, 3, 3, 1, 15, 3, 3, 3, 0, 0, 0, 0, 1, 0, 0, 0, 0, 0, 0, 0, 0, 0, 0, 0, 0, 0, 0, 0, 2, 0, 0, 0, 2, 0, 0, 0, 1, 0, 0, 0, 0, 0, 0, 0, 
83, 0, 0, 0, 1, 0, 1, 0, 0, 1, 0, 0, 0, 2, 1, 1, 1, 1, 0, 1, 1, 0, 0, 0, 3, 13, 1, 3, 0, 100, 2, 3, 6, 90, 2, 2, 1, 7, 2, 1, 1, 3, 1, 3, 1, 0, 1, 0, 2, 1, 1, 1, 1, 7, 0, 1, 1, 22, 10, 0, 0, 46, 4, 0, 0, 16, 4, 10, 8, 20, 5, 4, 4, 13, 7, 6, 1, 1, 0, 0, 0, 2, 0, 0, 0, 0, 0, 0, 0, 1, 0, 0, 0, 0, 0, 0, 0, 0, 0, 0, 0, 0, 0, 0, 0, 2, 0, 0, 0, 0, 0, 0, 0, 
84, 1, 1, 4, 0, 1, 0, 0, 0, 1, 0, 2, 0, 0, 0, 1, 0, 2, 0, 1, 0, 0, 1, 0, 0, 21, 3, 0, 0, 100, 2, 4, 2, 97, 3, 1, 1, 13, 4, 2, 5, 1, 0, 0, 0, 2, 0, 0, 1, 5, 3, 2, 1, 1, 1, 1, 1, 45, 7, 2, 0, 43, 3, 2, 4, 8, 3, 1, 5, 3, 1, 3, 3, 3, 0, 1, 8, 2, 0, 0, 0, 1, 0, 0, 0, 1, 0, 0, 0, 0, 0, 0, 0, 0, 0, 0, 0, 1, 0, 0, 0, 0, 0, 0, 0, 2, 0, 0, 0, 0, 0, 0, 0, 
85, 4, 0, 1, 2, 0, 1, 0, 0, 1, 0, 0, 2, 0, 0, 0, 0, 0, 0, 0, 0, 1, 1, 0, 1, 6, 8, 2, 1, 100, 5, 7, 4, 99, 1, 2, 0, 12, 5, 4, 1, 2, 2, 3, 0, 2, 0, 0, 3, 16, 3, 4, 3, 1, 0, 0, 3, 45, 0, 0, 0, 48, 2, 1, 0, 9, 6, 7, 8, 14, 1, 0, 1, 11, 3, 7, 0, 0, 0, 0, 0, 0, 0, 0, 0, 0, 0, 0, 0, 0, 0, 0, 0, 2, 0, 0, 0, 2, 0, 0, 0, 1, 0, 0, 0, 0, 0, 0, 0, 2, 0, 0, 0, 
86, 0, 0, 0, 0, 1, 2, 0, 0, 0, 0, 2, 1, 1, 3, 0, 2, 0, 1, 1, 0, 0, 0, 1, 0, 0, 4, 0, 2, 100, 9, 6, 3, 86, 4, 0, 0, 6, 3, 1, 2, 10, 6, 4, 4, 3, 2, 2, 1, 22, 1, 2, 0, 6, 4, 1, 1, 41, 0, 0, 0, 45, 0, 4, 3, 9, 8, 9, 10, 0, 1, 0, 0, 10, 9, 4, 4, 0, 0, 0, 0, 0, 0, 0, 0, 0, 0, 0, 0, 1, 0, 0, 0, 3, 0, 0, 0, 0, 0, 0, 0, 2, 0, 0, 0, 0, 0, 0, 0, 1, 0, 0, 0, 
87, 0, 0, 0, 1, 1, 0, 0, 0, 1, 1, 1, 2, 0, 3, 3, 2, 0, 0, 1, 0, 0, 1, 0, 1, 1, 2, 4, 2, 100, 6, 2, 5, 90, 4, 3, 0, 8, 5, 3, 4, 17, 6, 2, 1, 1, 1, 2, 2, 18, 2, 2, 0, 21, 1, 1, 1, 31, 1, 1, 0, 38, 2, 0, 0, 14, 7, 16, 13, 0, 1, 1, 0, 16, 5, 2, 5, 0, 0, 0, 0, 2, 0, 0, 0, 0, 0, 0, 0, 0, 0, 0, 0, 3, 0, 0, 0, 0, 0, 0, 0, 2, 0, 0, 0, 0, 0, 0, 0, 2, 0, 0, 0, 
88, 1, 2, 0, 0, 0, 1, 1, 0, 0, 0, 1, 2, 1, 0, 0, 0, 0, 1, 0, 1, 0, 1, 0, 1, 1, 0, 1, 0, 100, 10, 4, 3, 87, 0, 0, 1, 10, 4, 5, 4, 22, 2, 1, 5, 3, 0, 4, 3, 18, 8, 3, 2, 21, 0, 1, 0, 28, 0, 1, 0, 38, 3, 1, 2, 10, 7, 2, 5, 6, 6, 5, 3, 17, 0, 4, 1, 3, 0, 0, 0, 1, 0, 0, 0, 1, 0, 0, 0, 0, 0, 0, 0, 1, 0, 0, 0, 0, 0, 0, 0, 0, 0, 0, 0, 0, 0, 0, 0, 2, 0, 0, 0, 
89, 0, 0, 0, 1, 0, 1, 1, 0, 2, 1, 0, 0, 1, 1, 0, 0, 0, 1, 0, 1, 2, 0, 1, 0, 0, 0, 0, 0, 100, 7, 7, 7, 77, 1, 2, 2, 5, 3, 1, 3, 15, 5, 2, 1, 2, 3, 3, 2, 24, 3, 4, 0, 18, 0, 1, 1, 33, 5, 2, 0, 46, 1, 1, 0, 10, 13, 10, 4, 21, 6, 3, 4, 8, 5, 5, 5, 3, 0, 0, 0, 0, 0, 0, 0, 0, 0, 0, 0, 0, 0, 0, 0, 0, 0, 0, 0, 0, 0, 0, 0, 0, 0, 0, 0, 0, 0, 0, 0, 2, 0, 0, 0, 
90, 2, 0, 3, 1, 0, 1, 0, 0, 1, 1, 0, 0, 0, 0, 0, 2, 0, 0, 0, 0, 1, 0, 1, 0, 0, 0, 0, 0, 100, 3, 4, 8, 89, 1, 2, 1, 2, 0, 2, 1, 18, 2, 6, 2, 8, 2, 0, 8, 18, 1, 1, 0, 4, 1, 2, 3, 48, 2, 0, 0, 33, 2, 3, 1, 20, 10, 6, 5, 30, 2, 3, 3, 10, 3, 6, 3, 0, 0, 0, 0, 0, 0, 0, 0, 1, 0, 0, 0, 0, 0, 0, 0, 1, 0, 0, 0, 2, 0, 0, 0, 2, 0, 0, 0, 1, 0, 0, 0, 0, 0, 0, 0, 
91, 0, 0, 0, 0, 0, 1, 1, 0, 1, 1, 1, 0, 0, 1, 0, 0, 1, 1, 0, 0, 1, 0, 0, 0, 5, 6, 1, 0, 100, 9, 3, 4, 93, 1, 0, 2, 12, 4, 3, 2, 20, 4, 5, 1, 13, 8, 3, 4, 1, 2, 1, 4, 4, 3, 1, 1, 36, 1, 0, 1, 36, 4, 0, 0, 17, 8, 10, 5, 28, 4, 5, 1, 8, 9, 7, 6, 0, 0, 0, 0, 0, 0, 0, 0, 0, 0, 0, 0, 0, 0, 0, 0, 0, 0, 0, 0, 1, 0, 0, 0, 1, 0, 0, 0, 0, 0, 0, 0, 0, 0, 0, 0, 
92, 0, 1, 0, 3, 0, 0, 0, 0, 1, 0, 1, 3, 0, 0, 0, 0, 0, 0, 0, 1, 0, 1, 0, 4, 14, 1, 0, 0, 100, 11, 8, 4, 89, 2, 0, 2, 17, 4, 4, 4, 27, 1, 3, 5, 17, 1, 1, 4, 3, 2, 4, 0, 25, 5, 1, 0, 43, 0, 2, 0, 37, 2, 1, 3, 15, 5, 6, 6, 29, 2, 2, 2, 1, 0, 4, 4, 0, 0, 0, 0, 0, 0, 0, 0, 0, 0, 0, 0, 2, 0, 0, 0, 2, 0, 0, 0, 1, 0, 0, 0, 1, 0, 0, 0, 1, 0, 0, 0, 2, 0, 0, 0, 
93, 0, 0, 0, 0, 0, 0, 0, 0, 1, 2, 1, 1, 0, 0, 1, 0, 1, 1, 0, 0, 0, 0, 0, 0, 19, 2, 3, 2, 100, 7, 3, 3, 69, 1, 1, 3, 27, 3, 3, 1, 35, 4, 2, 1, 6, 4, 2, 2, 0, 0, 0, 0, 26, 2, 1, 0, 36, 3, 0, 0, 46, 1, 1, 1, 5, 8, 6, 5, 33, 5, 6, 4, 5, 7, 6, 5, 0, 0, 0, 0, 0, 0, 0, 0, 0, 0, 0, 0, 0, 0, 0, 0, 2, 0, 0, 0, 0, 0, 0, 0, 1, 0, 0, 0, 1, 0, 0, 0, 4, 0, 0, 0, 
94, 0, 1, 3, 1, 1, 0, 0, 1, 0, 0, 0, 0, 2, 0, 1, 1, 0, 2, 1, 1, 0, 0, 1, 0, 24, 1, 1, 1, 100, 1, 4, 6, 65, 1, 2, 1, 25, 3, 3, 1, 28, 6, 3, 3, 0, 2, 2, 0, 7, 1, 1, 2, 29, 1, 0, 1, 32, 3, 1, 0, 49, 1, 7, 0, 8, 9, 7, 13, 40, 3, 4, 0, 15, 6, 3, 5, 0, 0, 0, 0, 1, 0, 0, 0, 1, 0, 0, 0, 0, 0, 0, 0, 0, 0, 0, 0, 0, 0, 0, 0, 0, 0, 0, 0, 0, 0, 0, 0, 2, 0, 0, 0, 
95, 5, 4, 3, 1, 1, 0, 0, 0, 1, 0, 1, 1, 0, 1, 0, 0, 0, 0, 0, 0, 0, 1, 2, 2, 23, 1, 2, 0, 100, 5, 2, 3, 79, 0, 1, 2, 17, 3, 0, 1, 8, 1, 6, 4, 2, 2, 1, 1, 4, 2, 0, 2, 34, 0, 1, 1, 47, 0, 1, 0, 59, 2, 2, 1, 22, 10, 13, 14, 37, 4, 1, 4, 9, 1, 4, 4, 2, 0, 0, 0, 1, 0, 0, 0, 0, 0, 0, 0, 0, 0, 0, 0, 0, 0, 0, 0, 1, 0, 0, 0, 2, 0, 0, 0, 0, 0, 0, 0, 0, 0, 0, 0, 
96, 0, 1, 0, 0, 1, 0, 0, 0, 1, 0, 0, 0, 0, 0, 1, 0, 2, 0, 0, 1, 0, 1, 1, 2, 20, 3, 0, 0, 100, 5, 9, 6, 80, 3, 3, 0, 4, 3, 10, 4, 7, 9, 5, 12, 3, 1, 2, 1, 17, 4, 2, 0, 29, 1, 0, 0, 35, 0, 1, 0, 53, 2, 1, 1, 30, 7, 9, 6, 32, 7, 2, 5, 6, 5, 4, 5, 0, 0, 0, 0, 0, 0, 0, 0, 1, 0, 0, 0, 1, 0, 0, 0, 0, 0, 0, 0, 1, 0, 0, 0, 0, 0, 0, 0, 1, 0, 0, 0, 1, 0, 0, 0, 
97, 2, 0, 0, 1, 2, 1, 0, 1, 0, 0, 1, 0, 2, 3, 0, 0, 0, 1, 0, 0, 1, 0, 2, 0, 19, 0, 2, 0, 100, 8, 3, 8, 87, 1, 1, 0, 8, 9, 6, 5, 24, 9, 8, 3, 3, 4, 3, 3, 25, 1, 0, 0, 30, 3, 1, 1, 36, 1, 0, 0, 60, 2, 1, 6, 22, 5, 9, 7, 40, 7, 4, 2, 0, 5, 4, 4, 1, 0, 0, 0, 0, 0, 0, 0, 1, 0, 0, 0, 0, 0, 0, 0, 1, 0, 0, 0, 1, 0, 0, 0, 0, 0, 0, 0, 1, 0, 0, 0, 0, 0, 0, 0, 
98, 0, 0, 2, 1, 2, 2, 1, 0, 0, 1, 0, 0, 0, 2, 0, 0, 0, 1, 3, 2, 0, 0, 0, 0, 18, 3, 2, 1, 100, 10, 8, 8, 83, 1, 1, 2, 5, 1, 3, 5, 34, 11, 6, 5, 4, 2, 5, 3, 15, 0, 1, 0, 35, 2, 3, 0, 42, 0, 1, 1, 64, 1, 0, 1, 10, 6, 5, 8, 37, 2, 5, 4, 9, 7, 1, 2, 0, 0, 0, 0, 1, 0, 0, 0, 0, 0, 0, 0, 2, 0, 0, 0, 1, 0, 0, 0, 0, 0, 0, 0, 0, 0, 0, 0, 0, 0, 0, 0, 0, 0, 0, 0, 
99, 3, 0, 1, 1, 1, 0, 1, 0, 0, 0, 1, 0, 2, 2, 0, 1, 0, 0, 1, 0, 0, 1, 1, 0, 22, 2, 0, 0, 100, 5, 5, 1, 78, 1, 0, 3, 3, 4, 2, 4, 57, 6, 2, 9, 4, 4, 5, 4, 28, 0, 0, 0, 27, 3, 4, 1, 40, 3, 0, 1, 65, 0, 4, 2, 3, 3, 2, 5, 23, 0, 1, 7, 6, 3, 1, 2, 2, 0, 0, 0, 0, 0, 0, 0, 1, 0, 0, 0, 1, 0, 0, 0, 0, 0, 0, 0, 1, 0, 0, 0, 1, 0, 0, 0, 0, 0, 0, 0, 0, 0, 0, 0, 