0, 1, 0, 0, 0, 0, 0, 0, 0, 1, 0, 1, 0, 1, 1, 1, 0, 0, 0, 0, 0, 0, 0, 0, 0, 4, 3, 1, 3, 1, 0, 0, 0, 12, 3, 0, 0, 2, 1, 1, 3, 20, 3, 2, 2, 1, 2, 1, 0, 2, 1, 0, 3, 4, 0, 1, 0, 0, 0, 1, 1, 0, 1, 2, 1, 1, 0, 0, 0, 0, 1, 2, 2, 0, 0, 0, 1, 2, 0, 0, 0, 1, 0, 0, 0, 1, 0, 0, 0, 1, 0, 0, 0, 1, 0, 0, 0, 0, 0, 0, 0, 1, 0, 0, 0, 0, 0, 0, 0, 0, 0, 0, 0, 
1, 1, 3, 0, 0, 2, 1, 3, 2, 1, 3, 1, 0, 1, 1, 0, 0, 0, 0, 0, 0, 0, 0, 0, 0, 0, 0, 0, 0, 0, 1, 1, 0, 2, 3, 0, 0, 2, 0, 1, 1, 20, 3, 2, 1, 2, 0, 1, 1, 8, 4, 1, 0, 4, 1, 2, 3, 1, 1, 1, 2, 0, 1, 0, 0, 0, 2, 3, 1, 0, 1, 3, 2, 1, 1, 0, 3, 0, 0, 0, 0, 2, 0, 0, 0, 1, 0, 0, 0, 2, 0, 0, 0, 1, 0, 0, 0, 0, 0, 0, 0, 0, 0, 0, 0, 1, 0, 0, 0, 0, 0, 0, 0, 
2, 0, 0, 0, 1, 0, 2, 1, 1, 0, 0, 1, 0, 0, 0, 1, 0, 1, 0, 1, 0, 0, 1, 0, 0, 1, 0, 1, 0, 0, 1, 0, 0, 1, 0, 3, 1, 2, 0, 1, 0, 20, 3, 1, 2, 5, 2, 0, 1, 1, 1, 1, 0, 6, 4, 3, 2, 0, 0, 1, 1, 0, 1, 0, 0, 3, 4, 1, 6, 2, 2, 1, 2, 1, 2, 0, 0, 0, 0, 0, 0, 1, 0, 0, 0, 2, 0, 0, 0, 1, 0, 0, 0, 1, 0, 0, 0, 0, 0, 0, 0, 1, 0, 0, 0, 0, 0, 0, 0, 0, 0, 0, 0, 
3, 1, 3, 2, 1, 1, 0, 1, 0, 0, 0, 0, 0, 0, 0, 0, 0, 1, 0, 0, 1, 0, 1, 0, 1, 0, 1, 3, 2, 2, 2, 3, 3, 2, 1, 4, 3, 2, 0, 4, 2, 5, 4, 3, 1, 5, 4, 1, 2, 0, 1, 0, 0, 2, 2, 1, 0, 5, 1, 0, 0, 3, 1, 0, 0, 4, 4, 4, 1, 0, 0, 2, 0, 0, 0, 2, 0, 0, 0, 0, 0, 1, 0, 0, 0, 0, 0, 0, 0, 2, 0, 0, 0, 0, 0, 0, 0, 1, 0, 0, 0, 0, 0, 0, 0, 0, 0, 0, 0, 0, 0, 0, 0, 
4, 0, 0, 1, 0, 2, 1, 0, 1, 0, 1, 0, 0, 1, 0, 0, 1, 3, 0, 0, 1, 0, 1, 0, 0, 4, 3, 1, 6, 0, 3, 2, 0, 4, 3, 3, 2, 0, 0, 3, 0, 0, 0, 0, 0, 9, 4, 2, 5, 2, 1, 3, 2, 0, 1, 2, 1, 1, 1, 3, 2, 1, 1, 0, 0, 1, 1, 3, 0, 4, 1, 2, 3, 7, 4, 3, 2, 1, 0, 0, 0, 1, 0, 0, 0, 1, 0, 0, 0, 0, 0, 0, 0, 0, 0, 0, 0, 0, 0, 0, 0, 0, 0, 0, 0, 1, 0, 0, 0, 3, 0, 0, 0, 
5, 2, 0, 1, 0, 2, 0, 1, 0, 0, 0, 0, 1, 1, 0, 0, 0, 0, 2, 1, 0, 1, 0, 2, 0, 4, 4, 4, 2, 0, 1, 3, 1, 1, 0, 1, 1, 0, 1, 0, 0, 3, 1, 4, 3, 5, 2, 3, 0, 0, 0, 3, 0, 3, 2, 2, 2, 0, 0, 2, 0, 1, 2, 3, 3, 1, 0, 0, 0, 3, 2, 1, 1, 9, 1, 2, 2, 1, 0, 0, 0, 3, 0, 0, 0, 0, 0, 0, 0, 4, 0, 0, 0, 1, 0, 0, 0, 0, 0, 0, 0, 1, 0, 0, 0, 0, 0, 0, 0, 0, 0, 0, 0, 
6, 0, 1, 1, 1, 2, 1, 1, 1, 0, 0, 0, 1, 1, 0, 0, 1, 0, 2, 0, 0, 1, 0, 0, 0, 3, 2, 5, 3, 0, 0, 0, 2, 0, 1, 0, 1, 7, 1, 0, 2, 0, 2, 1, 0, 0, 0, 1, 0, 1, 2, 2, 1, 2, 1, 0, 3, 10, 1, 1, 0, 3, 2, 0, 2, 1, 3, 2, 2, 4, 4, 2, 2, 24, 4, 4, 1, 0, 0, 0, 0, 0, 0, 0, 0, 0, 0, 0, 0, 1, 0, 0, 0, 0, 0, 0, 0, 1, 0, 0, 0, 1, 0, 0, 0, 0, 0, 0, 0, 0, 0, 0, 0, 
7, 1, 1, 1, 0, 2, 0, 0, 1, 0, 2, 0, 0, 0, 0, 1, 1, 0, 0, 0, 0, 0, 1, 0, 0, 6, 3, 0, 3, 2, 4, 0, 2, 0, 0, 1, 0, 22, 3, 2, 0, 1, 2, 2, 1, 9, 1, 1, 0, 4, 4, 5, 2, 2, 1, 0, 3, 4, 0, 0, 1, 0, 0, 0, 0, 2, 8, 5, 3, 5, 7, 5, 5, 36, 4, 3, 2, 1, 0, 0, 0, 1, 0, 0, 0, 0, 0, 0, 0, 3, 0, 0, 0, 1, 0, 0, 0, 0, 0, 0, 0, 0, 0, 0, 0, 1, 0, 0, 0, 1, 0, 0, 0, 
8, 0, 0, 0, 0, 1, 0, 0, 1, 2, 0, 0, 0, 0, 0, 0, 1, 0, 2, 0, 0, 1, 0, 0, 1, 3, 1, 0, 2, 3, 3, 2, 1, 7, 7, 3, 0, 29, 0, 0, 0, 2, 3, 2, 3, 17, 2, 1, 0, 9, 6, 2, 5, 0, 0, 2, 0, 1, 1, 1, 0, 1, 2, 3, 3, 2, 1, 2, 1, 3, 6, 2, 2, 35, 2, 3, 2, 1, 0, 0, 0, 0, 0, 0, 0, 1, 0, 0, 0, 1, 0, 0, 0, 0, 0, 0, 0, 1, 0, 0, 0, 0, 0, 0, 0, 0, 0, 0, 0, 1, 0, 0, 0, 
9, 1, 0, 0, 0, 3, 1, 2, 0, 0, 0, 0, 0, 1, 2, 0, 2, 1, 1, 1, 0, 2, 2, 5, 0, 2, 0, 2, 1, 2, 1, 1, 0, 1, 0, 0, 0, 18, 0, 2, 1, 3, 2, 1, 1, 6, 4, 0, 1, 2, 5, 6, 4, 7, 4, 2, 4, 1, 3, 1, 5, 2, 4, 1, 2, 1, 3, 3, 2, 9, 9, 8, 5, 28, 2, 3, 0, 0, 0, 0, 0, 1, 0, 0, 0, 0, 0, 0, 0, 0, 0, 0, 0, 1, 0, 0, 0, 0, 0, 0, 0, 0, 0, 0, 0, 1, 0, 0, 0, 1, 0, 0, 0, 
10, 3, 5, 3, 2, 1, 1, 0, 0, 0, 0, 0, 0, 0, 0, 0, 0, 0, 2, 4, 0, 1, 0, 0, 1, 1, 2, 0, 1, 0, 0, 0, 0, 1, 1, 0, 1, 31, 4, 1, 3, 2, 0, 1, 0, 16, 2, 0, 0, 6, 3, 2, 4, 0, 1, 0, 1, 4, 4, 2, 5, 14, 1, 0, 0, 2, 1, 4, 1, 3, 2, 1, 6, 27, 5, 0, 0, 1, 0, 0, 0, 0, 0, 0, 0, 3, 0, 0, 0, 0, 0, 0, 0, 3, 0, 0, 0, 4, 0, 0, 0, 3, 0, 0, 0, 0, 0, 0, 0, 1, 0, 0, 0, 
11, 0, 0, 0, 1, 1, 0, 0, 0, 0, 0, 0, 1, 0, 0, 0, 0, 0, 0, 0, 0, 1, 3, 1, 0, 0, 1, 0, 0, 0, 0, 0, 0, 8, 3, 2, 2, 38, 0, 1, 0, 3, 1, 5, 0, 23, 3, 1, 2, 14, 1, 1, 2, 1, 0, 0, 1, 2, 2, 4, 0, 0, 0, 1, 0, 4, 2, 0, 1, 6, 4, 8, 2, 6, 6, 2, 5, 2, 0, 0, 0, 0, 0, 0, 0, 1, 0, 0, 0, 0, 0, 0, 0, 1, 0, 0, 0, 2, 0, 0, 0, 3, 0, 0, 0, 0, 0, 0, 0, 0, 0, 0, 0, 
12, 1, 2, 1, 0, 1, 1, 0, 0, 1, 2, 0, 1, 0, 1, 0, 0, 1, 0, 0, 1, 0, 0, 0, 0, 0, 1, 0, 1, 2, 2, 2, 3, 4, 2, 0, 0, 19, 1, 2, 0, 1, 4, 2, 2, 25, 2, 3, 0, 4, 2, 1, 2, 2, 0, 1, 1, 3, 2, 1, 4, 2, 2, 2, 3, 0, 0, 2, 0, 17, 4, 5, 3, 4, 4, 4, 3, 0, 0, 0, 0, 3, 0, 0, 0, 1, 0, 0, 0, 1, 0, 0, 0, 0, 0, 0, 0, 0, 0, 0, 0, 2, 0, 0, 0, 0, 0, 0, 0, 2, 0, 0, 0, 
13, 0, 0, 1, 1, 1, 0, 1, 1, 0, 2, 0, 0, 1, 1, 3, 1, 1, 1, 1, 0, 0, 0, 0, 0, 0, 1, 2, 1, 0, 0, 0, 1, 13, 4, 2, 1, 22, 2, 1, 0, 0, 0, 0, 0, 35, 2, 1, 0, 4, 2, 4, 2, 1, 1, 2, 3, 4, 1, 2, 1, 0, 2, 0, 1, 4, 2, 0, 1, 9, 7, 7, 2, 11, 9, 2, 10, 1, 0, 0, 0, 1, 0, 0, 0, 0, 0, 0, 0, 0, 0, 0, 0, 0, 0, 0, 0, 1, 0, 0, 0, 0, 0, 0, 0, 0, 0, 0, 0, 0, 0, 0, 0, 
14, 2, 2, 1, 2, 0, 0, 1, 0, 0, 0, 1, 2, 1, 0, 1, 0, 0, 0, 0, 1, 1, 3, 1, 0, 3, 2, 1, 0, 5, 5, 1, 1, 22, 1, 0, 0, 21, 1, 0, 0, 6, 2, 2, 0, 28, 1, 4, 2, 5, 0, 4, 3, 3, 3, 2, 2, 3, 0, 5, 1, 1, 0, 1, 1, 1, 2, 0, 0, 11, 5, 5, 3, 14, 3, 3, 2, 1, 0, 0, 0, 1, 0, 0, 0, 1, 0, 0, 0, 0, 0, 0, 0, 1, 0, 0, 0, 2, 0, 0, 0, 1, 0, 0, 0, 1, 0, 0, 0, 0, 0, 0, 0, 
15, 1, 0, 2, 2, 0, 0, 0, 1, 3, 0, 0, 1, 0, 1, 1, 0, 1, 0, 1, 1, 0, 0, 0, 2, 1, 2, 1, 2, 6, 0, 1, 0, 32, 4, 1, 0, 11, 0, 1, 1, 0, 0, 0, 2, 34, 1, 1, 0, 0, 0, 1, 0, 0, 0, 0, 0, 6, 2, 2, 4, 1, 3, 2, 0, 0, 0, 2, 1, 16, 4, 5, 5, 9, 5, 1, 4, 0, 0, 0, 0, 0, 0, 0, 0, 4, 0, 0, 0, 0, 0, 0, 0, 1, 0, 0, 0, 0, 0, 0, 0, 1, 0, 0, 0, 1, 0, 0, 0, 0, 0, 0, 0, 
16, 0, 0, 0, 0, 0, 1, 1, 0, 0, 1, 0, 0, 0, 0, 0, 0, 0, 1, 0, 0, 1, 0, 1, 1, 2, 1, 3, 2, 1, 0, 1, 0, 33, 0, 1, 0, 8, 4, 0, 1, 3, 4, 2, 1, 23, 2, 0, 1, 2, 0, 0, 0, 5, 0, 2, 1, 3, 2, 2, 1, 0, 0, 0, 1, 0, 2, 1, 5, 21, 5, 3, 2, 7, 4, 8, 5, 0, 0, 0, 0, 0, 0, 0, 0, 1, 0, 0, 0, 0, 0, 0, 0, 0, 0, 0, 0, 2, 0, 0, 0, 1, 0, 0, 0, 1, 0, 0, 0, 1, 0, 0, 0, 
17, 0, 1, 1, 1, 0, 0, 0, 0, 1, 0, 0, 2, 0, 0, 0, 0, 1, 1, 0, 1, 3, 3, 0, 0, 3, 3, 6, 6, 7, 4, 0, 5, 7, 3, 2, 0, 22, 1, 0, 1, 2, 0, 5, 4, 26, 3, 0, 0, 0, 0, 1, 0, 5, 1, 1, 0, 13, 4, 2, 5, 1, 0, 0, 1, 2, 1, 0, 1, 5, 4, 1, 3, 4, 1, 4, 2, 0, 0, 0, 0, 0, 0, 0, 0, 0, 0, 0, 0, 1, 0, 0, 0, 1, 0, 0, 0, 0, 0, 0, 0, 0, 0, 0, 0, 0, 0, 0, 0, 0, 0, 0, 0, 
18, 1, 0, 0, 3, 0, 0, 1, 0, 0, 1, 0, 0, 1, 1, 1, 0, 1, 1, 1, 0, 1, 1, 0, 0, 5, 14, 5, 5, 9, 4, 2, 2, 0, 1, 0, 3, 10, 0, 1, 1, 5, 7, 1, 1, 31, 3, 1, 1, 0, 2, 1, 1, 0, 0, 0, 1, 14, 4, 2, 4, 0, 0, 0, 1, 11, 4, 0, 1, 2, 6, 4, 4, 3, 3, 4, 0, 1, 0, 0, 0, 1, 0, 0, 0, 0, 0, 0, 0, 0, 0, 0, 0, 1, 0, 0, 0, 0, 0, 0, 0, 1, 0, 0, 0, 0, 0, 0, 0, 1, 0, 0, 0, 
19, 0, 1, 1, 0, 1, 0, 0, 1, 1, 1, 0, 0, 2, 0, 0, 0, 0, 0, 0, 0, 0, 0, 0, 0, 6, 3, 5, 3, 4, 6, 6, 7, 0, 5, 2, 3, 14, 3, 2, 1, 0, 0, 2, 0, 40, 0, 0, 0, 0, 4, 1, 6, 5, 0, 1, 1, 27, 2, 2, 3, 2, 3, 4, 1, 2, 1, 0, 1, 4, 7, 5, 7, 0, 1, 2, 1, 1, 0, 0, 0, 2, 0, 0, 0, 1, 0, 0, 0, 0, 0, 0, 0, 1, 0, 0, 0, 0, 0, 0, 0, 0, 0, 0, 0, 1, 0, 0, 0, 0, 0, 0, 0, 
20, 1, 1, 0, 0, 0, 0, 0, 3, 2, 1, 0, 1, 1, 1, 0, 0, 0, 0, 0, 0, 1, 1, 0, 1, 5, 2, 0, 3, 6, 10, 6, 2, 0, 1, 0, 2, 10, 3, 1, 0, 0, 1, 1, 0, 34, 2, 2, 0, 3, 2, 2, 3, 3, 6, 7, 2, 22, 3, 5, 0, 2, 0, 2, 0, 2, 2, 4, 3, 2, 3, 3, 2, 3, 4, 1, 1, 1, 0, 0, 0, 0, 0, 0, 0, 0, 0, 0, 0, 0, 0, 0, 0, 1, 0, 0, 0, 2, 0, 0, 0, 0, 0, 0, 0, 2, 0, 0, 0, 2, 0, 0, 0, 
21, 0, 1, 0, 0, 0, 0, 0, 0, 0, 0, 0, 1, 0, 1, 0, 0, 0, 1, 1, 0, 1, 1, 0, 1, 4, 0, 2, 2, 8, 8, 11, 3, 1, 4, 0, 2, 4, 0, 1, 0, 5, 2, 5, 1, 39, 1, 3, 1, 0, 3, 2, 1, 11, 3, 9, 4, 33, 9, 1, 2, 0, 1, 3, 2, 6, 0, 1, 1, 5, 5, 3, 1, 0, 0, 0, 0, 1, 0, 0, 0, 0, 0, 0, 0, 0, 0, 0, 0, 1, 0, 0, 0, 0, 0, 0, 0, 0, 0, 0, 0, 0, 0, 0, 0, 0, 0, 0, 0, 0, 0, 0, 0, 
22, 1, 0, 0, 2, 0, 3, 2, 0, 0, 1, 0, 0, 1, 1, 0, 0, 0, 1, 1, 0, 2, 0, 2, 0, 0, 0, 2, 1, 4, 7, 2, 2, 1, 0, 1, 1, 3, 1, 3, 3, 2, 1, 3, 3, 54, 0, 0, 0, 0, 1, 1, 0, 1, 5, 3, 1, 34, 6, 5, 3, 10, 0, 2, 1, 1, 1, 4, 0, 1, 4, 5, 5, 2, 0, 2, 1, 0, 0, 0, 0, 0, 0, 0, 0, 2, 0, 0, 0, 1, 0, 0, 0, 1, 0, 0, 0, 0, 0, 0, 0, 1, 0, 0, 0, 2, 0, 0, 0, 0, 0, 0, 0, 
23, 0, 0, 0, 0, 0, 0, 0, 0, 0, 0, 1, 0, 0, 0, 0, 0, 2, 1, 2, 0, 0, 0, 0, 0, 10, 3, 0, 0, 2, 2, 2, 4, 3, 2, 7, 2, 5, 3, 2, 2, 3, 3, 1, 0, 56, 1, 5, 0, 0, 0, 0, 0, 1, 3, 2, 0, 28, 1, 4, 2, 10, 3, 1, 1, 14, 0, 1, 0, 3, 4, 11, 6, 0, 1, 1, 0, 2, 0, 0, 0, 0, 0, 0, 0, 0, 0, 0, 0, 1, 0, 0, 0, 0, 0, 0, 0, 1, 0, 0, 0, 0, 0, 0, 0, 2, 0, 0, 0, 0, 0, 0, 0, 
24, 0, 0, 0, 0, 0, 1, 0, 0, 0, 0, 0, 0, 0, 0, 0, 0, 0, 1, 1, 0, 1, 3, 1, 3, 9, 1, 0, 0, 5, 4, 1, 2, 0, 1, 0, 0, 1, 4, 4, 3, 3, 4, 0, 0, 58, 0, 0, 0, 2, 1, 3, 5, 1, 3, 5, 4, 6, 2, 1, 6, 7, 2, 2, 1, 23, 0, 0, 0, 6, 10, 5, 8, 4, 1, 0, 1, 0, 0, 0, 0, 0, 0, 0, 0, 0, 0, 0, 0, 1, 0, 0, 0, 2, 0, 0, 0, 1, 0, 0, 0, 2, 0, 0, 0, 0, 0, 0, 0, 0, 0, 0, 0, 
25, 1, 2, 1, 2, 2, 1, 1, 0, 1, 0, 1, 1, 0, 0, 0, 0, 0, 0, 2, 0, 0, 0, 0, 0, 22, 2, 0, 2, 7, 7, 7, 5, 0, 0, 0, 0, 7, 2, 2, 3, 3, 0, 1, 1, 47, 1, 3, 1, 5, 3, 3, 3, 1, 4, 3, 4, 2, 4, 3, 1, 4, 2, 4, 1, 14, 0, 0, 1, 5, 5, 4, 5, 5, 0, 2, 1, 1, 0, 0, 0, 0, 0, 0, 0, 0, 0, 0, 0, 0, 0, 0, 0, 1, 0, 0, 0, 1, 0, 0, 0, 1, 0, 0, 0, 0, 0, 0, 0, 0, 0, 0, 0, 
26, 1, 0, 1, 1, 1, 1, 0, 0, 0, 0, 0, 0, 0, 2, 0, 0, 0, 0, 1, 0, 0, 1, 0, 0, 24, 0, 0, 0, 14, 8, 4, 4, 1, 0, 1, 0, 3, 4, 6, 1, 2, 3, 1, 2, 34, 4, 0, 1, 9, 6, 3, 1, 4, 6, 9, 4, 6, 2, 1, 4, 2, 3, 3, 2, 8, 2, 1, 0, 5, 5, 6, 1, 6, 0, 0, 0, 0, 0, 0, 0, 1, 0, 0, 0, 0, 0, 0, 0, 1, 0, 0, 0, 0, 0, 0, 0, 0, 0, 0, 0, 0, 0, 0, 0, 3, 0, 0, 0, 1, 0, 0, 0, 
27, 0, 1, 0, 1, 0, 1, 0, 1, 0, 0, 0, 0, 2, 2, 0, 1, 0, 0, 0, 0, 1, 1, 1, 0, 12, 1, 0, 0, 19, 2, 7, 5, 1, 0, 0, 0, 3, 3, 4, 2, 2, 2, 1, 3, 55, 0, 0, 2, 18, 3, 2, 1, 6, 2, 2, 7, 9, 7, 5, 4, 1, 0, 0, 0, 2, 1, 0, 0, 6, 6, 3, 8, 3, 4, 4, 0, 0, 0, 0, 0, 1, 0, 0, 0, 3, 0, 0, 0, 0, 0, 0, 0, 0, 0, 0, 0, 1, 0, 0, 0, 0, 0, 0, 0, 3, 0, 0, 0, 0, 0, 0, 0, 
28, 0, 1, 2, 0, 0, 0, 1, 1, 0, 1, 1, 0, 0, 1, 0, 0, 0, 1, 1, 0, 0, 0, 0, 1, 16, 1, 0, 1, 16, 6, 3, 4, 1, 1, 0, 0, 8, 6, 6, 8, 2, 2, 1, 6, 63, 4, 0, 1, 14, 1, 1, 0, 16, 8, 7, 5, 2, 3, 3, 4, 1, 1, 0, 0, 8, 3, 4, 3, 4, 0, 7, 4, 1, 0, 0, 0, 0, 0, 0, 0, 0, 0, 0, 0, 0, 0, 0, 0, 0, 0, 0, 0, 1, 0, 0, 0, 1, 0, 0, 0, 1, 0, 0, 0, 2, 0, 0, 0, 0, 0, 0, 0, 
29, 0, 0, 0, 0, 0, 0, 1, 0, 1, 2, 0, 0, 2, 0, 1, 1, 0, 0, 0, 0, 2, 0, 1, 0, 18, 4, 0, 0, 10, 3, 4, 3, 1, 2, 2, 2, 11, 9, 6, 3, 2, 1, 6, 2, 60, 4, 0, 2, 11, 2, 0, 2, 21, 2, 2, 5, 2, 0, 0, 1, 2, 1, 1, 0, 16, 8, 0, 3, 2, 4, 0, 0, 1, 2, 3, 3, 0, 0, 0, 0, 1, 0, 0, 0, 0, 0, 0, 0, 1, 0, 0, 0, 0, 0, 0, 0, 0, 0, 0, 0, 1, 0, 0, 0, 2, 0, 0, 0, 1, 0, 0, 0, 
30, 0, 0, 1, 0, 1, 2, 1, 0, 0, 0, 0, 0, 0, 0, 0, 0, 0, 0, 0, 0, 1, 0, 2, 2, 32, 0, 1, 0, 8, 6, 4, 3, 1, 2, 0, 2, 16, 3, 3, 6, 11, 9, 9, 3, 49, 2, 4, 1, 12, 2, 2, 3, 12, 2, 0, 3, 1, 2, 2, 3, 11, 2, 0, 0, 30, 4, 2, 3, 5, 2, 0, 2, 2, 2, 1, 5, 2, 0, 0, 0, 0, 0, 0, 0, 1, 0, 0, 0, 2, 0, 0, 0, 0, 0, 0, 0, 0, 0, 0, 0, 2, 0, 0, 0, 0, 0, 0, 0, 0, 0, 0, 0, 
31, 0, 0, 1, 0, 0, 0, 0, 0, 0, 1, 0, 0, 0, 0, 1, 0, 6, 0, 1, 2, 1, 0, 1, 0, 25, 3, 1, 3, 8, 2, 1, 5, 1, 0, 1, 0, 17, 3, 4, 4, 8, 4, 9, 2, 55, 4, 0, 1, 12, 2, 1, 2, 0, 0, 4, 1, 0, 2, 1, 2, 6, 3, 0, 1, 28, 3, 2, 2, 16, 0, 3, 2, 6, 10, 3, 4, 2, 0, 0, 0, 0, 0, 0, 0, 1, 0, 0, 0, 1, 0, 0, 0, 0, 0, 0, 0, 1, 0, 0, 0, 1, 0, 0, 0, 0, 0, 0, 0, 0, 0, 0, 0, 
32, 3, 2, 2, 1, 1, 0, 1, 0, 1, 0, 0, 1, 0, 1, 1, 0, 2, 0, 1, 0, 0, 1, 0, 0, 35, 3, 0, 0, 1, 5, 4, 2, 6, 0, 1, 1, 10, 3, 2, 3, 8, 5, 5, 5, 64, 1, 1, 0, 1, 1, 2, 2, 0, 2, 1, 0, 3, 4, 1, 1, 1, 1, 1, 1, 28, 7, 4, 0, 28, 2, 0, 2, 15, 3, 4, 2, 1, 0, 0, 0, 0, 0, 0, 0, 0, 0, 0, 0, 0, 0, 0, 0, 0, 0, 0, 0, 1, 0, 0, 0, 1, 0, 0, 0, 0, 0, 0, 0, 0, 0, 0, 0, 
33, 4, 2, 0, 3, 0, 0, 0, 0, 0, 1, 1, 0, 1, 0, 0, 2, 0, 1, 1, 0, 2, 0, 1, 1, 36, 1, 0, 1, 4, 5, 3, 1, 7, 1, 0, 1, 2, 5, 5, 3, 11, 6, 8, 2, 58, 1, 1, 1, 2, 2, 0, 1, 8, 2, 0, 3, 2, 1, 1, 0, 0, 1, 0, 1, 32, 6, 3, 1, 33, 3, 1, 3, 6, 0, 2, 3, 1, 0, 0, 0, 3, 0, 0, 0, 0, 0, 0, 0, 0, 0, 0, 0, 1, 0, 0, 0, 0, 0, 0, 0, 0, 0, 0, 0, 0, 0, 0, 0, 0, 0, 0, 0, 
34, 5, 3, 5, 1, 1, 0, 0, 0, 0, 0, 0, 1, 2, 1, 2, 0, 0, 0, 0, 0, 0, 0, 0, 0, 36, 0, 0, 0, 3, 2, 5, 6, 6, 1, 1, 0, 2, 3, 3, 1, 6, 4, 1, 4, 67, 1, 1, 0, 0, 1, 2, 1, 5, 0, 1, 0, 0, 1, 1, 0, 2, 1, 1, 1, 25, 3, 4, 3, 33, 5, 2, 2, 4, 2, 2, 5, 0, 0, 0, 0, 0, 0, 0, 0, 0, 0, 0, 0, 2, 0, 0, 0, 1, 0, 0, 0, 1, 0, 0, 0, 0, 0, 0, 0, 2, 0, 0, 0, 2, 0, 0, 0, 
35, 1, 1, 0, 1, 1, 0, 1, 0, 0, 1, 0, 0, 1, 2, 0, 1, 1, 1, 2, 0, 0, 0, 0, 0, 28, 0, 0, 0, 7, 6, 5, 3, 5, 2, 1, 1, 18, 2, 2, 2, 6, 7, 3, 1, 67, 0, 0, 0, 1, 0, 0, 1, 7, 1, 0, 0, 1, 3, 0, 0, 1, 0, 0, 5, 17, 8, 7, 1, 43, 2, 2, 1, 7, 9, 3, 4, 2, 0, 0, 0, 1, 0, 0, 0, 4, 0, 0, 0, 1, 0, 0, 0, 0, 0, 0, 0, 0, 0, 0, 0, 1, 0, 0, 0, 0, 0, 0, 0, 0, 0, 0, 0, 
36, 3, 2, 1, 1, 0, 0, 2, 0, 0, 0, 0, 0, 2, 0, 0, 2, 0, 2, 1, 0, 0, 1, 0, 2, 23, 1, 0, 0, 17, 8, 0, 3, 0, 0, 0, 0, 4, 6, 4, 8, 9, 7, 9, 5, 46, 1, 0, 3, 2, 3, 0, 0, 2, 2, 0, 0, 0, 1, 1, 1, 4, 6, 0, 2, 23, 6, 1, 4, 51, 5, 2, 0, 6, 8, 3, 6, 1, 0, 0, 0, 0, 0, 0, 0, 1, 0, 0, 0, 0, 0, 0, 0, 3, 0, 0, 0, 0, 0, 0, 0, 1, 0, 0, 0, 0, 0, 0, 0, 1, 0, 0, 0, 
37, 0, 0, 0, 0, 0, 0, 1, 0, 0, 0, 3, 0, 1, 1, 0, 1, 0, 1, 1, 1, 0, 0, 0, 1, 12, 3, 0, 1, 13, 3, 9, 0, 3, 1, 1, 1, 8, 8, 6, 4, 7, 9, 5, 10, 43, 1, 1, 2, 0, 0, 0, 0, 5, 2, 3, 5, 11, 0, 1, 2, 17, 2, 0, 1, 27, 7, 7, 1, 38, 4, 0, 2, 4, 6, 4, 3, 0, 0, 0, 0, 1, 0, 0, 0, 1, 0, 0, 0, 0, 0, 0, 0, 0, 0, 0, 0, 3, 0, 0, 0, 0, 0, 0, 0, 0, 0, 0, 0, 0, 0, 0, 0, 
38, 2, 1, 2, 3, 1, 0, 0, 0, 1, 0, 0, 0, 0, 0, 1, 0, 0, 0, 0, 0, 1, 0, 0, 0, 14, 4, 0, 1, 3, 6, 6, 6, 0, 1, 0, 1, 5, 1, 3, 7, 10, 9, 11, 8, 36, 0, 3, 0, 0, 0, 0, 1, 5, 4, 0, 2, 20, 2, 2, 2, 0, 3, 3, 2, 34, 3, 4, 4, 35, 4, 1, 2, 1, 1, 3, 2, 1, 0, 0, 0, 1, 0, 0, 0, 0, 0, 0, 0, 0, 0, 0, 0, 1, 0, 0, 0, 3, 0, 0, 0, 0, 0, 0, 0, 4, 0, 0, 0, 0, 0, 0, 0, 
39, 2, 1, 1, 1, 0, 3, 1, 0, 0, 1, 0, 2, 0, 0, 0, 1, 0, 0, 1, 0, 0, 0, 0, 0, 18, 2, 0, 0, 2, 4, 4, 6, 1, 1, 1, 0, 2, 3, 2, 0, 14, 12, 12, 15, 32, 2, 2, 0, 0, 0, 1, 2, 2, 0, 1, 2, 21, 3, 1, 1, 1, 1, 3, 0, 27, 2, 1, 3, 34, 2, 2, 1, 2, 1, 0, 4, 0, 0, 0, 0, 1, 0, 0, 0, 1, 0, 0, 0, 0, 0, 0, 0, 1, 0, 0, 0, 0, 0, 0, 0, 0, 0, 0, 0, 0, 0, 0, 0, 1, 0, 0, 0, 
40, 0, 0, 1, 0, 0, 0, 0, 0, 1, 0, 0, 0, 1, 1, 0, 0, 1, 0, 1, 2, 0, 0, 0, 0, 12, 0, 1, 1, 4, 5, 5, 0, 2, 2, 2, 1, 15, 0, 4, 3, 17, 8, 9, 5, 23, 1, 0, 2, 1, 1, 1, 1, 3, 4, 1, 2, 31, 1, 1, 0, 12, 3, 0, 3, 13, 6, 0, 2, 34, 0, 0, 1, 0, 1, 1, 0, 3, 0, 0, 0, 0, 0, 0, 0, 0, 0, 0, 0, 0, 0, 0, 0, 2, 0, 0, 0, 0, 0, 0, 0, 0, 0, 0, 0, 2, 0, 0, 0, 3, 0, 0, 0, 
41, 2, 1, 1, 1, 0, 0, 0, 0, 0, 1, 0, 1, 1, 0, 0, 0, 0, 0, 0, 0, 2, 0, 0, 0, 7, 1, 2, 0, 13, 3, 5, 3, 0, 1, 1, 2, 6, 1, 5, 2, 5, 12, 13, 9, 26, 3, 1, 1, 3, 0, 0, 0, 0, 0, 0, 0, 26, 0, 1, 1, 21, 0, 0, 0, 13, 5, 2, 2, 29, 1, 4, 1, 0, 0, 0, 0, 2, 0, 0, 0, 2, 0, 0, 0, 0, 0, 0, 0, 1, 0, 0, 0, 2, 0, 0, 0, 1, 0, 0, 0, 2, 0, 0, 0, 0, 0, 0, 0, 0, 0, 0, 0, 
42, 0, 0, 3, 1, 0, 0, 0, 1, 0, 0, 0, 0, 0, 1, 0, 1, 0, 1, 0, 0, 0, 0, 0, 0, 11, 3, 2, 0, 4, 2, 4, 2, 5, 2, 3, 5, 8, 0, 2, 0, 20, 6, 5, 8, 33, 1, 0, 1, 3, 1, 0, 0, 2, 5, 3, 1, 18, 5, 1, 1, 29, 2, 1, 0, 3, 3, 1, 3, 26, 0, 4, 2, 3, 4, 4, 0, 2, 0, 0, 0, 0, 0, 0, 0, 0, 0, 0, 0, 2, 0, 0, 0, 1, 0, 0, 0, 0, 0, 0, 0, 1, 0, 0, 0, 3, 0, 0, 0, 0, 0, 0, 0, 
43, 1, 0, 1, 0, 5, 3, 0, 1, 1, 0, 0, 0, 0, 1, 0, 0, 0, 0, 0, 1, 0, 0, 1, 0, 5, 1, 0, 0, 1, 2, 0, 1, 4, 8, 4, 5, 20, 2, 2, 0, 16, 16, 10, 4, 27, 2, 1, 0, 3, 2, 3, 1, 6, 4, 2, 3, 11, 7, 3, 0, 9, 1, 0, 1, 3, 2, 1, 0, 31, 7, 3, 0, 1, 5, 2, 1, 0, 0, 0, 0, 0, 0, 0, 0, 0, 0, 0, 0, 1, 0, 0, 0, 1, 0, 0, 0, 0, 0, 0, 0, 1, 0, 0, 0, 0, 0, 0, 0, 0, 0, 0, 0, 
44, 0, 0, 2, 1, 2, 0, 1, 3, 1, 0, 0, 2, 1, 0, 1, 0, 1, 0, 1, 0, 0, 0, 1, 0, 6, 1, 1, 1, 1, 0, 1, 0, 4, 4, 5, 5, 38, 3, 0, 0, 14, 7, 2, 9, 27, 0, 1, 1, 7, 5, 5, 5, 1, 3, 2, 2, 18, 2, 0, 0, 0, 0, 0, 0, 1, 0, 0, 3, 38, 2, 2, 2, 4, 5, 3, 3, 1, 0, 0, 0, 1, 0, 0, 0, 0, 0, 0, 0, 0, 0, 0, 0, 1, 0, 0, 0, 0, 0, 0, 0, 0, 0, 0, 0, 1, 0, 0, 0, 2, 0, 0, 0, 
45, 1, 1, 0, 0, 2, 1, 1, 1, 0, 0, 0, 0, 0, 1, 0, 3, 1, 0, 0, 1, 1, 1, 0, 0, 1, 0, 0, 0, 0, 0, 0, 0, 6, 4, 4, 4, 42, 0, 1, 0, 4, 4, 5, 7, 35, 1, 2, 1, 7, 7, 5, 6, 0, 0, 1, 0, 18, 1, 0, 1, 1, 2, 0, 1, 12, 3, 3, 3, 34, 3, 6, 2, 0, 2, 0, 2, 0, 0, 0, 0, 0, 0, 0, 0, 0, 0, 0, 0, 1, 0, 0, 0, 1, 0, 0, 0, 0, 0, 0, 0, 0, 0, 0, 0, 3, 0, 0, 0, 0, 0, 0, 0, 
46, 1, 0, 0, 0, 2, 3, 2, 1, 0, 0, 0, 0, 1, 0, 0, 0, 0, 0, 0, 0, 0, 1, 0, 0, 3, 1, 0, 1, 2, 3, 1, 0, 2, 2, 2, 3, 28, 1, 1, 0, 16, 5, 4, 1, 41, 3, 2, 0, 16, 10, 5, 8, 5, 3, 3, 3, 6, 1, 3, 1, 0, 0, 3, 0, 2, 4, 4, 1, 40, 4, 2, 1, 8, 3, 1, 1, 0, 0, 0, 0, 0, 0, 0, 0, 0, 0, 0, 0, 0, 0, 0, 0, 1, 0, 0, 0, 0, 0, 0, 0, 0, 0, 0, 0, 0, 0, 0, 0, 0, 0, 0, 0, 
47, 2, 1, 4, 0, 7, 1, 0, 1, 0, 1, 0, 0, 1, 0, 1, 0, 0, 1, 0, 0, 1, 1, 1, 0, 2, 1, 0, 1, 3, 3, 2, 0, 0, 1, 0, 0, 18, 1, 0, 2, 11, 7, 8, 6, 59, 6, 3, 2, 20, 3, 2, 4, 2, 2, 4, 1, 4, 4, 3, 6, 1, 0, 0, 1, 1, 1, 2, 1, 48, 1, 0, 2, 0, 0, 0, 0, 0, 0, 0, 0, 0, 0, 0, 0, 0, 0, 0, 0, 2, 0, 0, 0, 0, 0, 0, 0, 0, 0, 0, 0, 1, 0, 0, 0, 0, 0, 0, 0, 0, 0, 0, 0, 
48, 0, 0, 0, 0, 1, 0, 0, 0, 0, 0, 1, 2, 1, 0, 0, 0, 0, 0, 1, 1, 1, 1, 1, 2, 1, 2, 2, 3, 0, 1, 1, 1, 1, 2, 0, 1, 18, 1, 1, 0, 24, 5, 7, 5, 71, 2, 0, 3, 6, 2, 6, 3, 2, 1, 2, 1, 2, 0, 6, 5, 16, 2, 4, 1, 12, 2, 2, 2, 57, 1, 2, 3, 2, 0, 0, 1, 1, 0, 0, 0, 0, 0, 0, 0, 2, 0, 0, 0, 1, 0, 0, 0, 0, 0, 0, 0, 1, 0, 0, 0, 0, 0, 0, 0, 0, 0, 0, 0, 1, 0, 0, 0, 
49, 0, 0, 0, 0, 0, 0, 0, 1, 0, 1, 1, 0, 1, 0, 0, 0, 1, 0, 0, 0, 0, 0, 1, 0, 6, 5, 1, 7, 1, 6, 8, 2, 1, 2, 0, 1, 16, 0, 0, 0, 28, 6, 4, 4, 69, 0, 2, 1, 5, 1, 5, 4, 2, 0, 0, 0, 7, 0, 1, 3, 27, 6, 3, 0, 10, 2, 2, 1, 54, 1, 5, 1, 0, 0, 0, 0, 1, 0, 0, 0, 2, 0, 0, 0, 0, 0, 0, 0, 1, 0, 0, 0, 1, 0, 0, 0, 1, 0, 0, 0, 0, 0, 0, 0, 0, 0, 0, 0, 0, 0, 0, 0, 
50, 0, 0, 0, 0, 2, 0, 0, 0, 1, 0, 1, 2, 0, 1, 0, 0, 0, 1, 1, 0, 0, 1, 1, 1, 12, 7, 2, 4, 5, 4, 4, 2, 22, 11, 2, 0, 14, 1, 2, 1, 30, 5, 7, 4, 76, 4, 3, 0, 3, 6, 4, 5, 3, 3, 1, 1, 2, 1, 2, 0, 14, 1, 2, 5, 9, 3, 1, 1, 53, 3, 2, 7, 1, 2, 1, 1, 1, 0, 0, 0, 0, 0, 0, 0, 0, 0, 0, 0, 2, 0, 0, 0, 0, 0, 0, 0, 0, 0, 0, 0, 0, 0, 0, 0, 1, 0, 0, 0, 0, 0, 0, 0, 
51, 3, 1, 1, 1, 0, 1, 0, 0, 1, 0, 0, 0, 0, 1, 2, 0, 0, 0, 1, 0, 0, 1, 0, 0, 7, 11, 11, 8, 5, 9, 4, 5, 29, 0, 1, 0, 10, 0, 0, 0, 28, 2, 7, 2, 65, 4, 0, 2, 2, 1, 4, 2, 4, 4, 4, 4, 0, 0, 1, 0, 15, 5, 3, 2, 7, 1, 0, 1, 54, 1, 1, 3, 2, 1, 1, 1, 0, 0, 0, 0, 2, 0, 0, 0, 1, 0, 0, 0, 1, 0, 0, 0, 0, 0, 0, 0, 0, 0, 0, 0, 1, 0, 0, 0, 2, 0, 0, 0, 0, 0, 0, 0, 
52, 0, 1, 1, 0, 0, 1, 0, 1, 1, 2, 0, 1, 0, 1, 0, 2, 0, 1, 0, 0, 0, 1, 0, 0, 16, 6, 9, 8, 6, 8, 4, 9, 28, 0, 0, 0, 20, 7, 0, 1, 36, 1, 6, 7, 55, 0, 0, 1, 5, 3, 2, 0, 4, 7, 9, 8, 2, 4, 0, 4, 9, 1, 1, 1, 6, 2, 1, 0, 46, 1, 1, 3, 5, 3, 3, 4, 1, 0, 0, 0, 1, 0, 0, 0, 0, 0, 0, 0, 0, 0, 0, 0, 1, 0, 0, 0, 0, 0, 0, 0, 0, 0, 0, 0, 1, 0, 0, 0, 0, 0, 0, 0, 
53, 0, 1, 0, 1, 1, 1, 0, 1, 0, 1, 0, 0, 0, 0, 0, 0, 0, 0, 1, 1, 1, 0, 0, 0, 9, 2, 6, 6, 9, 10, 4, 1, 18, 3, 1, 0, 49, 6, 0, 0, 45, 5, 3, 3, 64, 8, 0, 2, 1, 0, 1, 1, 12, 7, 5, 9, 3, 0, 1, 1, 1, 1, 0, 1, 7, 2, 2, 2, 30, 3, 1, 3, 3, 2, 2, 2, 1, 0, 0, 0, 1, 0, 0, 0, 0, 0, 0, 0, 1, 0, 0, 0, 0, 0, 0, 0, 0, 0, 0, 0, 1, 0, 0, 0, 0, 0, 0, 0, 3, 0, 0, 0, 
54, 0, 0, 0, 0, 1, 1, 1, 0, 1, 1, 0, 0, 0, 0, 0, 0, 2, 1, 4, 0, 0, 1, 2, 0, 18, 4, 3, 4, 1, 4, 2, 3, 8, 0, 1, 0, 61, 0, 1, 0, 30, 6, 6, 9, 72, 3, 1, 0, 5, 2, 1, 3, 10, 8, 15, 8, 1, 1, 0, 1, 0, 0, 0, 0, 10, 2, 2, 1, 17, 0, 1, 0, 2, 0, 0, 2, 0, 0, 0, 0, 2, 0, 0, 0, 2, 0, 0, 0, 1, 0, 0, 0, 2, 0, 0, 0, 1, 0, 0, 0, 0, 0, 0, 0, 0, 0, 0, 0, 3, 0, 0, 0, 
55, 2, 0, 1, 0, 1, 1, 0, 1, 0, 0, 1, 2, 0, 0, 0, 1, 0, 1, 0, 1, 0, 0, 1, 0, 17, 3, 2, 2, 6, 1, 1, 7, 5, 1, 1, 0, 59, 2, 0, 0, 31, 2, 5, 4, 62, 5, 0, 1, 7, 1, 0, 2, 8, 12, 8, 9, 6, 6, 4, 0, 1, 1, 4, 1, 4, 2, 1, 2, 1, 0, 0, 2, 0, 2, 2, 2, 3, 0, 0, 0, 0, 0, 0, 0, 1, 0, 0, 0, 2, 0, 0, 0, 0, 0, 0, 0, 0, 0, 0, 0, 1, 0, 0, 0, 1, 0, 0, 0, 0, 0, 0, 0, 
56, 2, 0, 2, 1, 0, 3, 0, 2, 1, 0, 0, 3, 0, 0, 0, 1, 0, 1, 0, 0, 0, 0, 0, 0, 1, 2, 2, 1, 0, 0, 0, 1, 4, 0, 2, 2, 56, 0, 2, 1, 30, 7, 8, 5, 67, 1, 0, 1, 6, 0, 1, 0, 5, 10, 11, 3, 30, 2, 2, 1, 2, 3, 5, 0, 4, 5, 6, 3, 5, 2, 3, 2, 5, 3, 5, 0, 1, 0, 0, 0, 0, 0, 0, 0, 0, 0, 0, 0, 0, 0, 0, 0, 3, 0, 0, 0, 0, 0, 0, 0, 0, 0, 0, 0, 0, 0, 0, 0, 1, 0, 0, 0, 
57, 4, 3, 3, 1, 1, 0, 1, 0, 1, 0, 0, 0, 0, 1, 0, 1, 1, 0, 0, 1, 0, 0, 1, 0, 0, 0, 0, 0, 2, 1, 2, 2, 9, 2, 1, 0, 46, 1, 2, 2, 38, 5, 5, 2, 73, 1, 1, 1, 2, 2, 1, 0, 4, 15, 10, 4, 34, 3, 3, 2, 1, 2, 0, 0, 9, 6, 3, 3, 0, 1, 4, 0, 7, 2, 3, 5, 0, 0, 0, 0, 1, 0, 0, 0, 1, 0, 0, 0, 0, 0, 0, 0, 0, 0, 0, 0, 0, 0, 0, 0, 0, 0, 0, 0, 0, 0, 0, 0, 0, 0, 0, 0, 
58, 0, 2, 0, 0, 4, 2, 2, 1, 2, 0, 0, 0, 0, 0, 0, 0, 0, 0, 0, 0, 0, 1, 0, 1, 0, 2, 4, 3, 1, 4, 1, 3, 19, 1, 1, 0, 33, 0, 1, 1, 43, 3, 4, 7, 71, 0, 4, 1, 2, 6, 3, 3, 7, 9, 8, 6, 37, 3, 2, 0, 0, 0, 1, 1, 5, 2, 6, 3, 3, 0, 0, 1, 7, 7, 8, 5, 3, 0, 0, 0, 0, 0, 0, 0, 0, 0, 0, 0, 0, 0, 0, 0, 0, 0, 0, 0, 0, 0, 0, 0, 2, 0, 0, 0, 0, 0, 0, 0, 1, 0, 0, 0, 
59, 2, 3, 1, 4, 0, 2, 2, 2, 0, 0, 1, 0, 0, 0, 0, 0, 1, 0, 0, 0, 0, 1, 0, 1, 0, 0, 0, 0, 5, 1, 1, 1, 18, 0, 1, 1, 42, 1, 0, 0, 33, 3, 8, 7, 73, 1, 0, 0, 3, 4, 7, 3, 8, 5, 4, 8, 33, 4, 1, 0, 6, 3, 0, 2, 11, 8, 11, 4, 3, 4, 4, 3, 6, 8, 3, 2, 1, 0, 0, 0, 1, 0, 0, 0, 0, 0, 0, 0, 0, 0, 0, 0, 0, 0, 0, 0, 1, 0, 0, 0, 0, 0, 0, 0, 0, 0, 0, 0, 0, 0, 0, 0, 
60, 1, 0, 1, 1, 0, 0, 1, 0, 0, 0, 3, 0, 1, 1, 0, 0, 0, 0, 1, 0, 1, 0, 1, 0, 2, 1, 5, 1, 7, 4, 6, 2, 19, 2, 0, 1, 55, 1, 2, 0, 31, 7, 8, 3, 70, 0, 0, 0, 6, 5, 2, 4, 11, 4, 10, 6, 30, 2, 4, 0, 1, 2, 3, 1, 10, 2, 10, 4, 2, 2, 4, 4, 9, 5, 4, 2, 0, 0, 0, 0, 3, 0, 0, 0, 1, 0, 0, 0, 3, 0, 0, 0, 0, 0, 0, 0, 0, 0, 0, 0, 1, 0, 0, 0, 0, 0, 0, 0, 1, 0, 0, 0, 
61, 0, 1, 0, 0, 5, 2, 0, 0, 1, 2, 1, 0, 0, 0, 0, 0, 0, 0, 0, 0, 0, 0, 0, 0, 12, 5, 7, 4, 8, 6, 12, 7, 13, 0, 0, 2, 57, 2, 0, 0, 27, 1, 7, 2, 62, 0, 1, 0, 8, 9, 6, 2, 3, 10, 9, 6, 33, 3, 2, 1, 0, 0, 1, 0, 6, 9, 12, 4, 14, 0, 1, 3, 5, 1, 1, 2, 3, 0, 0, 0, 0, 0, 0, 0, 2, 0, 0, 0, 0, 0, 0, 0, 1, 0, 0, 0, 0, 0, 0, 0, 1, 0, 0, 0, 1, 0, 0, 0, 1, 0, 0, 0, 
62, 1, 1, 0, 0, 0, 1, 0, 0, 1, 0, 0, 0, 0, 0, 0, 0, 1, 0, 0, 0, 0, 0, 0, 0, 11, 1, 6, 0, 11, 10, 10, 8, 0, 0, 3, 0, 44, 1, 0, 0, 23, 6, 6, 4, 52, 3, 1, 0, 17, 7, 3, 3, 8, 7, 1, 2, 37, 2, 1, 3, 1, 2, 4, 1, 16, 2, 2, 6, 23, 7, 3, 6, 5, 1, 5, 2, 1, 0, 0, 0, 0, 0, 0, 0, 0, 0, 0, 0, 2, 0, 0, 0, 2, 0, 0, 0, 0, 0, 0, 0, 2, 0, 0, 0, 0, 0, 0, 0, 2, 0, 0, 0, 
63, 0, 0, 0, 0, 0, 3, 0, 0, 0, 1, 0, 0, 0, 0, 1, 0, 0, 0, 1, 0, 0, 1, 2, 1, 3, 1, 1, 1, 15, 7, 10, 7, 1, 0, 2, 0, 53, 0, 0, 2, 23, 6, 5, 3, 64, 3, 0, 0, 30, 10, 4, 5, 7, 1, 3, 4, 23, 7, 3, 0, 2, 2, 0, 1, 20, 8, 0, 3, 34, 4, 2, 3, 3, 6, 5, 7, 0, 0, 0, 0, 0, 0, 0, 0, 0, 0, 0, 0, 5, 0, 0, 0, 0, 0, 0, 0, 2, 0, 0, 0, 0, 0, 0, 0, 0, 0, 0, 0, 0, 0, 0, 0, 
64, 1, 3, 4, 2, 0, 1, 0, 0, 0, 1, 0, 0, 2, 1, 0, 0, 1, 0, 0, 0, 3, 2, 2, 0, 1, 2, 2, 4, 8, 13, 6, 10, 7, 2, 0, 1, 39, 0, 0, 0, 22, 11, 2, 2, 71, 5, 2, 0, 25, 3, 2, 3, 4, 7, 5, 5, 31, 2, 0, 1, 1, 1, 1, 0, 22, 8, 4, 5, 35, 3, 1, 2, 3, 7, 5, 4, 0, 0, 0, 0, 0, 0, 0, 0, 0, 0, 0, 0, 2, 0, 0, 0, 1, 0, 0, 0, 0, 0, 0, 0, 1, 0, 0, 0, 0, 0, 0, 0, 1, 0, 0, 0, 
65, 4, 1, 2, 0, 1, 0, 0, 0, 0, 1, 0, 1, 0, 2, 0, 0, 0, 0, 0, 0, 0, 0, 1, 1, 1, 5, 3, 3, 7, 5, 16, 8, 0, 1, 0, 0, 30, 3, 0, 2, 40, 3, 2, 5, 85, 0, 2, 0, 31, 10, 4, 3, 5, 14, 14, 10, 23, 6, 1, 3, 1, 2, 1, 1, 8, 10, 3, 5, 22, 5, 2, 4, 3, 4, 3, 1, 0, 0, 0, 0, 1, 0, 0, 0, 1, 0, 0, 0, 0, 0, 0, 0, 1, 0, 0, 0, 2, 0, 0, 0, 2, 0, 0, 0, 0, 0, 0, 0, 0, 0, 0, 0, 
66, 0, 1, 3, 0, 0, 0, 1, 0, 0, 1, 0, 0, 1, 2, 1, 0, 0, 2, 0, 0, 2, 2, 1, 2, 6, 1, 12, 6, 9, 6, 5, 8, 4, 0, 0, 1, 31, 1, 0, 1, 39, 3, 9, 4, 77, 3, 2, 1, 36, 4, 6, 7, 10, 12, 8, 8, 29, 2, 0, 2, 1, 2, 0, 2, 6, 7, 8, 7, 25, 2, 2, 2, 2, 2, 1, 1, 0, 0, 0, 0, 0, 0, 0, 0, 2, 0, 0, 0, 0, 0, 0, 0, 0, 0, 0, 0, 0, 0, 0, 0, 1, 0, 0, 0, 0, 0, 0, 0, 0, 0, 0, 0, 
67, 3, 2, 2, 0, 1, 0, 0, 0, 0, 0, 0, 0, 0, 0, 1, 0, 1, 1, 0, 2, 0, 0, 0, 0, 3, 5, 5, 2, 3, 3, 11, 9, 0, 0, 0, 1, 21, 0, 2, 2, 43, 5, 3, 7, 92, 1, 0, 1, 31, 5, 2, 8, 10, 11, 6, 8, 21, 2, 2, 3, 4, 1, 5, 2, 7, 10, 8, 9, 22, 5, 7, 2, 8, 1, 0, 1, 1, 0, 0, 0, 0, 0, 0, 0, 2, 0, 0, 0, 1, 0, 0, 0, 0, 0, 0, 0, 1, 0, 0, 0, 2, 0, 0, 0, 0, 0, 0, 0, 0, 0, 0, 0, 
68, 1, 4, 3, 1, 0, 0, 2, 0, 1, 0, 2, 0, 1, 0, 1, 0, 0, 2, 0, 0, 0, 0, 0, 0, 9, 4, 3, 5, 8, 11, 10, 5, 0, 6, 2, 0, 24, 0, 0, 0, 49, 4, 5, 3, 84, 1, 2, 0, 29, 7, 8, 5, 16, 14, 10, 6, 22, 5, 0, 2, 4, 3, 0, 3, 4, 8, 9, 4, 21, 2, 3, 3, 11, 3, 1, 1, 1, 0, 0, 0, 1, 0, 0, 0, 1, 0, 0, 0, 1, 0, 0, 0, 1, 0, 0, 0, 1, 0, 0, 0, 0, 0, 0, 0, 0, 0, 0, 0, 0, 0, 0, 0, 
69, 0, 0, 0, 1, 2, 0, 0, 1, 0, 0, 0, 0, 0, 0, 0, 0, 0, 0, 0, 0, 0, 0, 1, 1, 5, 2, 3, 0, 10, 11, 5, 8, 1, 2, 4, 2, 13, 1, 2, 2, 42, 5, 2, 7, 96, 0, 2, 1, 40, 7, 3, 3, 6, 4, 9, 7, 15, 3, 2, 3, 3, 2, 3, 3, 5, 1, 6, 2, 20, 8, 3, 3, 15, 0, 0, 1, 0, 0, 0, 0, 0, 0, 0, 0, 2, 0, 0, 0, 1, 0, 0, 0, 0, 0, 0, 0, 1, 0, 0, 0, 0, 0, 0, 0, 0, 0, 0, 0, 1, 0, 0, 0, 
70, 2, 0, 0, 1, 1, 0, 0, 1, 1, 0, 0, 0, 1, 0, 0, 2, 2, 0, 0, 1, 0, 0, 0, 0, 2, 2, 3, 3, 6, 10, 7, 6, 3, 2, 3, 1, 8, 0, 0, 0, 42, 3, 2, 2, 92, 1, 3, 1, 25, 3, 6, 5, 3, 5, 3, 4, 26, 2, 3, 3, 4, 6, 4, 6, 3, 3, 1, 1, 21, 3, 1, 4, 23, 0, 0, 2, 0, 0, 0, 0, 2, 0, 0, 0, 1, 0, 0, 0, 1, 0, 0, 0, 1, 0, 0, 0, 0, 0, 0, 0, 1, 0, 0, 0, 0, 0, 0, 0, 1, 0, 0, 0, 
71, 2, 0, 0, 1, 0, 1, 0, 0, 0, 0, 0, 0, 1, 0, 0, 1, 0, 1, 2, 1, 0, 1, 1, 1, 0, 0, 1, 2, 6, 3, 2, 8, 3, 3, 2, 0, 8, 0, 0, 0, 24, 5, 2, 5, 92, 4, 3, 0, 22, 2, 6, 3, 2, 2, 0, 0, 32, 2, 1, 1, 4, 3, 2, 1, 3, 4, 2, 2, 31, 3, 4, 2, 42, 1, 1, 1, 0, 0, 0, 0, 0, 0, 0, 0, 0, 0, 0, 0, 1, 0, 0, 0, 3, 0, 0, 0, 0, 0, 0, 0, 1, 0, 0, 0, 0, 0, 0, 0, 3, 0, 0, 0, 
72, 0, 0, 0, 0, 1, 2, 0, 0, 0, 0, 1, 0, 2, 3, 0, 1, 0, 3, 2, 0, 0, 0, 0, 0, 4, 3, 4, 1, 1, 3, 4, 1, 1, 1, 0, 0, 2, 1, 2, 2, 24, 5, 4, 4, 100, 2, 0, 1, 8, 4, 2, 4, 1, 2, 0, 2, 37, 5, 1, 3, 1, 1, 1, 0, 3, 4, 3, 3, 34, 1, 6, 3, 56, 1, 0, 0, 1, 0, 0, 0, 1, 0, 0, 0, 0, 0, 0, 0, 1, 0, 0, 0, 1, 0, 0, 0, 0, 0, 0, 0, 0, 0, 0, 0, 0, 0, 0, 0, 0, 0, 0, 0, 
73, 0, 0, 0, 0, 2, 0, 0, 1, 0, 0, 0, 0, 0, 0, 0, 0, 2, 1, 0, 1, 0, 0, 0, 1, 11, 7, 6, 8, 1, 1, 0, 0, 2, 2, 5, 5, 2, 4, 1, 1, 22, 11, 6, 4, 100, 4, 1, 0, 3, 6, 6, 3, 3, 3, 4, 4, 28, 6, 3, 2, 0, 1, 0, 0, 1, 0, 0, 1, 37, 6, 1, 1, 57, 0, 1, 2, 1, 0, 0, 0, 3, 0, 0, 0, 1, 0, 0, 0, 2, 0, 0, 0, 0, 0, 0, 0, 0, 0, 0, 0, 3, 0, 0, 0, 0, 0, 0, 0, 0, 0, 0, 0, 
74, 0, 0, 0, 1, 0, 0, 3, 0, 1, 0, 1, 0, 1, 1, 0, 0, 3, 1, 0, 0, 0, 1, 0, 0, 9, 10, 4, 6, 6, 1, 2, 0, 3, 0, 1, 4, 2, 4, 5, 5, 43, 6, 1, 8, 100, 1, 1, 1, 14, 11, 7, 7, 3, 7, 0, 2, 33, 2, 4, 0, 0, 0, 0, 0, 0, 1, 1, 0, 35, 2, 1, 2, 51, 1, 1, 0, 1, 0, 0, 0, 2, 0, 0, 0, 3, 0, 0, 0, 1, 0, 0, 0, 0, 0, 0, 0, 1, 0, 0, 0, 0, 0, 0, 0, 0, 0, 0, 0, 0, 0, 0, 0, 
75, 1, 0, 2, 2, 0, 0, 1, 0, 1, 0, 0, 0, 0, 0, 1, 0, 3, 0, 0, 0, 0, 0, 0, 0, 10, 6, 9, 12, 1, 1, 1, 0, 2, 0, 1, 2, 15, 13, 5, 8, 38, 6, 4, 3, 100, 1, 0, 0, 9, 11, 6, 10, 6, 3, 3, 3, 34, 1, 2, 3, 0, 1, 0, 0, 1, 0, 0, 2, 28, 3, 3, 6, 57, 1, 1, 2, 1, 0, 0, 0, 0, 0, 0, 0, 2, 0, 0, 0, 0, 0, 0, 0, 1, 0, 0, 0, 1, 0, 0, 0, 1, 0, 0, 0, 0, 0, 0, 0, 0, 0, 0, 0, 
76, 2, 2, 4, 5, 0, 0, 0, 1, 0, 2, 0, 0, 0, 0, 1, 0, 0, 0, 1, 0, 0, 0, 0, 1, 9, 3, 8, 4, 2, 1, 0, 0, 1, 0, 1, 0, 23, 4, 6, 6, 28, 5, 5, 4, 95, 5, 1, 0, 9, 5, 6, 3, 5, 5, 3, 3, 23, 2, 2, 4, 0, 2, 0, 2, 5, 3, 1, 2, 38, 2, 1, 4, 60, 3, 3, 2, 2, 0, 0, 0, 0, 0, 0, 0, 1, 0, 0, 0, 0, 0, 0, 0, 0, 0, 0, 0, 0, 0, 0, 0, 0, 0, 0, 0, 0, 0, 0, 0, 1, 0, 0, 0, 
77, 0, 3, 2, 1, 7, 2, 1, 1, 0, 0, 0, 0, 1, 0, 0, 0, 0, 0, 1, 1, 0, 2, 1, 0, 4, 4, 11, 7, 3, 3, 1, 0, 10, 1, 0, 0, 10, 5, 12, 8, 22, 2, 6, 5, 90, 2, 1, 1, 6, 8, 6, 8, 4, 3, 2, 1, 19, 2, 1, 1, 0, 1, 0, 2, 13, 6, 4, 4, 36, 3, 5, 1, 67, 0, 1, 1, 0, 0, 0, 0, 0, 0, 0, 0, 0, 0, 0, 0, 3, 0, 0, 0, 1, 0, 0, 0, 0, 0, 0, 0, 0, 0, 0, 0, 1, 0, 0, 0, 1, 0, 0, 0, 
78, 0, 0, 0, 0, 3, 0, 0, 0, 0, 0, 0, 0, 0, 0, 0, 1, 0, 0, 0, 0, 0, 2, 0, 0, 4, 5, 4, 3, 3, 2, 5, 5, 1, 1, 4, 0, 8, 5, 10, 5, 11, 3, 4, 6, 100, 1, 0, 0, 5, 5, 7, 10, 2, 1, 2, 4, 15, 2, 1, 1, 3, 6, 1, 1, 32, 2, 2, 6, 24, 2, 1, 0, 59, 1, 1, 2, 4, 0, 0, 0, 1, 0, 0, 0, 0, 0, 0, 0, 1, 0, 0, 0, 1, 0, 0, 0, 1, 0, 0, 0, 1, 0, 0, 0, 3, 0, 0, 0, 0, 0, 0, 0, 
79, 1, 3, 2, 2, 0, 1, 1, 1, 0, 1, 0, 0, 0, 2, 1, 1, 1, 0, 1, 0, 1, 0, 0, 0, 5, 3, 6, 2, 5, 8, 5, 4, 0, 0, 0, 1, 3, 2, 7, 3, 10, 6, 4, 7, 89, 2, 2, 1, 10, 9, 6, 3, 7, 5, 4, 4, 14, 1, 3, 2, 6, 4, 8, 6, 19, 5, 2, 2, 5, 5, 1, 2, 63, 2, 1, 0, 0, 0, 0, 0, 1, 0, 0, 0, 0, 0, 0, 0, 1, 0, 0, 0, 0, 0, 0, 0, 0, 0, 0, 0, 1, 0, 0, 0, 0, 0, 0, 0, 0, 0, 0, 0, 
80, 0, 0, 0, 0, 1, 3, 1, 1, 0, 0, 0, 1, 0, 0, 0, 1, 0, 2, 1, 0, 1, 0, 0, 0, 10, 3, 3, 3, 13, 10, 7, 6, 2, 0, 0, 0, 6, 6, 3, 4, 7, 10, 14, 7, 89, 4, 1, 1, 10, 7, 11, 9, 5, 1, 2, 3, 23, 4, 5, 2, 7, 6, 8, 6, 3, 4, 9, 2, 0, 0, 0, 0, 57, 0, 0, 2, 1, 0, 0, 0, 0, 0, 0, 0, 0, 0, 0, 0, 0, 0, 0, 0, 0, 0, 0, 0, 1, 0, 0, 0, 2, 0, 0, 0, 2, 0, 0, 0, 1, 0, 0, 0, 
81, 2, 0, 1, 0, 0, 0, 0, 0, 0, 0, 1, 0, 0, 0, 1, 0, 0, 0, 0, 1, 0, 0, 2, 0, 12, 2, 8, 5, 9, 5, 3, 6, 2, 2, 1, 0, 16, 3, 2, 1, 9, 11, 6, 10, 85, 0, 0, 1, 4, 6, 6, 2, 3, 2, 3, 3, 19, 4, 1, 2, 9, 11, 6, 12, 6, 5, 6, 1, 2, 3, 2, 2, 61, 1, 0, 1, 0, 0, 0, 0, 0, 0, 0, 0, 1, 0, 0, 0, 1, 0, 0, 0, 3, 0, 0, 0, 0, 0, 0, 0, 2, 0, 0, 0, 0, 0, 0, 0, 1, 0, 0, 0, 
82, 0, 0, 1, 3, 0, 0, 2, 0, 0, 0, 0, 0, 0, 1, 1, 0, 1, 0, 0, 1, 1, 0, 0, 0, 19, 6, 3, 4, 17, 3, 7, 5, 7, 0, 2, 3, 8, 0, 3, 1, 14, 4, 9, 9, 77, 1, 1, 1, 2, 4, 10, 2, 5, 2, 4, 2, 11, 3, 4, 3, 13, 12, 5, 3, 5, 3, 2, 9, 5, 3, 3, 6, 60, 2, 1, 1, 3, 0, 0, 0, 2, 0, 0, 0, 0, 0, 0, 0, 1, 0, 0, 0, 0, 0, 0, 0, 0, 0, 0, 0, 2, 0, 0, 0, 0, 0, 0, 0, 3, 0, 0, 0, 
83, 1, 3, 6, 2, 0, 0, 1, 0, 0, 0, 0, 0, 1, 1, 0, 0, 0, 1, 0, 1, 1, 1, 1, 1, 23, 4, 5, 8, 7, 1, 3, 3, 6, 4, 5, 4, 1, 2, 2, 2, 6, 6, 9, 8, 64, 0, 1, 0, 3, 1, 0, 1, 8, 2, 0, 1, 17, 3, 2, 1, 10, 7, 15, 6, 12, 10, 5, 8, 11, 0, 2, 1, 52, 1, 0, 1, 1, 0, 0, 0, 4, 0, 0, 0, 1, 0, 0, 0, 1, 0, 0, 0, 0, 0, 0, 0, 0, 0, 0, 0, 0, 0, 0, 0, 0, 0, 0, 0, 1, 0, 0, 0, 
84, 2, 0, 1, 0, 2, 0, 1, 2, 1, 0, 1, 0, 0, 0, 0, 1, 0, 0, 0, 0, 2, 1, 1, 0, 20, 6, 3, 5, 4, 2, 6, 1, 5, 6, 6, 8, 18, 2, 2, 2, 11, 8, 7, 4, 54, 0, 1, 0, 5, 0, 0, 1, 0, 1, 0, 0, 18, 1, 3, 3, 12, 7, 11, 11, 6, 7, 7, 2, 10, 8, 3, 1, 44, 0, 1, 1, 0, 0, 0, 0, 0, 0, 0, 0, 2, 0, 0, 0, 1, 0, 0, 0, 1, 0, 0, 0, 1, 0, 0, 0, 0, 0, 0, 0, 0, 0, 0, 0, 2, 0, 0, 0, 
85, 4, 1, 2, 0, 3, 3, 2, 1, 0, 0, 0, 1, 0, 0, 0, 0, 1, 1, 0, 1, 1, 0, 1, 0, 13, 0, 4, 5, 1, 3, 0, 4, 6, 2, 7, 3, 21, 1, 2, 0, 9, 7, 9, 5, 49, 1, 4, 1, 0, 0, 0, 1, 5, 1, 1, 1, 17, 3, 3, 2, 11, 11, 6, 7, 2, 6, 7, 6, 2, 2, 6, 2, 23, 5, 0, 0, 1, 0, 0, 0, 0, 0, 0, 0, 0, 0, 0, 0, 1, 0, 0, 0, 0, 0, 0, 0, 0, 0, 0, 0, 1, 0, 0, 0, 0, 0, 0, 0, 2, 0, 0, 0, 
86, 0, 1, 2, 0, 1, 1, 0, 1, 0, 0, 0, 0, 2, 0, 0, 0, 3, 0, 0, 1, 0, 2, 0, 0, 14, 2, 0, 3, 0, 1, 1, 0, 2, 0, 1, 0, 25, 4, 4, 3, 6, 8, 11, 5, 54, 2, 0, 0, 2, 0, 1, 2, 1, 1, 2, 0, 18, 4, 1, 5, 12, 13, 8, 4, 4, 6, 8, 5, 0, 1, 1, 2, 36, 5, 1, 0, 1, 0, 0, 0, 0, 0, 0, 0, 0, 0, 0, 0, 0, 0, 0, 0, 1, 0, 0, 0, 1, 0, 0, 0, 1, 0, 0, 0, 0, 0, 0, 0, 1, 0, 0, 0, 
87, 1, 0, 2, 1, 2, 0, 4, 1, 2, 0, 0, 0, 1, 1, 1, 0, 0, 0, 0, 0, 0, 0, 0, 1, 19, 8, 4, 4, 1, 2, 3, 0, 4, 7, 2, 1, 22, 6, 1, 2, 10, 12, 7, 7, 38, 2, 3, 0, 0, 1, 2, 0, 7, 4, 1, 3, 21, 0, 1, 0, 6, 12, 6, 7, 9, 7, 3, 8, 1, 0, 1, 2, 30, 4, 0, 1, 1, 0, 0, 0, 1, 0, 0, 0, 0, 0, 0, 0, 0, 0, 0, 0, 0, 0, 0, 0, 0, 0, 0, 0, 1, 0, 0, 0, 0, 0, 0, 0, 1, 0, 0, 0, 
88, 0, 1, 0, 2, 0, 1, 0, 0, 0, 0, 0, 1, 0, 0, 1, 1, 0, 1, 1, 0, 1, 1, 4, 0, 27, 4, 2, 3, 1, 1, 0, 0, 3, 4, 1, 1, 27, 0, 1, 0, 13, 7, 7, 13, 45, 2, 1, 1, 0, 2, 1, 2, 12, 10, 7, 2, 12, 5, 1, 4, 5, 6, 3, 5, 10, 5, 5, 5, 0, 1, 0, 1, 17, 1, 2, 1, 1, 0, 0, 0, 0, 0, 0, 0, 0, 0, 0, 0, 0, 0, 0, 0, 1, 0, 0, 0, 1, 0, 0, 0, 2, 0, 0, 0, 0, 0, 0, 0, 0, 0, 0, 0, 
89, 2, 4, 1, 1, 0, 0, 1, 0, 0, 1, 0, 0, 1, 0, 0, 0, 0, 0, 0, 0, 0, 2, 2, 1, 25, 7, 1, 0, 0, 2, 0, 1, 4, 3, 2, 3, 12, 2, 1, 3, 11, 17, 13, 9, 43, 3, 1, 1, 1, 1, 2, 1, 19, 5, 4, 1, 7, 5, 5, 4, 4, 2, 0, 3, 4, 12, 2, 1, 6, 7, 3, 2, 12, 0, 0, 2, 0, 0, 0, 0, 1, 0, 0, 0, 0, 0, 0, 0, 0, 0, 0, 0, 0, 0, 0, 0, 2, 0, 0, 0, 0, 0, 0, 0, 0, 0, 0, 0, 1, 0, 0, 0, 
90, 5, 2, 4, 3, 0, 0, 0, 0, 0, 0, 0, 1, 1, 1, 0, 3, 0, 0, 3, 1, 0, 0, 0, 0, 15, 10, 3, 5, 5, 2, 5, 1, 1, 5, 4, 7, 3, 1, 1, 1, 13, 10, 12, 13, 54, 6, 0, 0, 3, 1, 3, 2, 15, 1, 4, 5, 15, 4, 1, 0, 0, 0, 0, 2, 3, 5, 3, 4, 4, 1, 3, 2, 9, 0, 0, 0, 1, 0, 0, 0, 1, 0, 0, 0, 0, 0, 0, 0, 2, 0, 0, 0, 1, 0, 0, 0, 0, 0, 0, 0, 0, 0, 0, 0, 0, 0, 0, 0, 0, 0, 0, 0, 
91, 3, 3, 1, 2, 1, 1, 1, 1, 0, 0, 0, 0, 3, 0, 1, 0, 1, 0, 0, 0, 0, 1, 2, 1, 26, 2, 2, 2, 6, 3, 5, 1, 7, 5, 5, 5, 3, 0, 0, 3, 23, 12, 7, 4, 63, 2, 0, 0, 4, 6, 11, 4, 9, 0, 1, 0, 5, 2, 4, 3, 4, 3, 1, 1, 2, 10, 5, 0, 3, 4, 5, 6, 11, 5, 0, 0, 2, 0, 0, 0, 0, 0, 0, 0, 1, 0, 0, 0, 4, 0, 0, 0, 4, 0, 0, 0, 3, 0, 0, 0, 0, 0, 0, 0, 1, 0, 0, 0, 0, 0, 0, 0, 
92, 1, 2, 4, 0, 0, 1, 1, 1, 0, 1, 0, 0, 1, 0, 0, 0, 3, 0, 0, 0, 0, 0, 0, 0, 14, 4, 6, 5, 4, 3, 4, 4, 4, 6, 4, 11, 1, 0, 0, 1, 24, 13, 6, 12, 66, 0, 4, 0, 1, 7, 3, 8, 3, 0, 3, 2, 4, 4, 2, 0, 2, 2, 1, 0, 2, 4, 3, 0, 5, 5, 6, 1, 16, 1, 3, 2, 1, 0, 0, 0, 2, 0, 0, 0, 0, 0, 0, 0, 0, 0, 0, 0, 0, 0, 0, 0, 0, 0, 0, 0, 0, 0, 0, 0, 0, 0, 0, 0, 0, 0, 0, 0, 
93, 0, 0, 0, 0, 3, 2, 1, 1, 1, 0, 1, 0, 0, 0, 0, 1, 0, 1, 0, 0, 0, 0, 1, 0, 17, 5, 8, 3, 2, 5, 1, 2, 5, 3, 2, 6, 1, 5, 1, 2, 33, 14, 10, 11, 64, 8, 0, 1, 6, 4, 2, 3, 4, 1, 1, 0, 10, 1, 4, 2, 1, 1, 0, 2, 3, 2, 0, 5, 6, 1, 3, 7, 8, 0, 2, 0, 1, 0, 0, 0, 1, 0, 0, 0, 1, 0, 0, 0, 4, 0, 0, 0, 0, 0, 0, 0, 1, 0, 0, 0, 2, 0, 0, 0, 0, 0, 0, 0, 1, 0, 0, 0, 
94, 3, 2, 0, 1, 0, 1, 0, 2, 0, 0, 0, 1, 0, 0, 1, 0, 1, 0, 0, 1, 1, 0, 0, 1, 23, 8, 4, 5, 4, 1, 1, 0, 5, 2, 4, 3, 5, 3, 6, 3, 44, 11, 14, 12, 71, 0, 0, 1, 1, 0, 0, 0, 4, 3, 3, 2, 13, 2, 0, 1, 4, 3, 5, 8, 1, 0, 0, 0, 2, 2, 4, 1, 17, 5, 1, 0, 0, 0, 0, 0, 1, 0, 0, 0, 2, 0, 0, 0, 0, 0, 0, 0, 2, 0, 0, 0, 0, 0, 0, 0, 0, 0, 0, 0, 1, 0, 0, 0, 1, 0, 0, 0, 
95, 1, 0, 2, 0, 1, 0, 1, 1, 1, 0, 0, 0, 0, 0, 0, 0, 0, 1, 0, 0, 0, 0, 0, 0, 19, 4, 3, 3, 2, 1, 1, 0, 3, 2, 2, 2, 4, 1, 4, 3, 55, 14, 13, 16, 85, 2, 0, 0, 7, 0, 1, 0, 2, 6, 0, 0, 18, 2, 1, 0, 2, 5, 3, 2, 1, 1, 1, 0, 1, 2, 5, 3, 19, 1, 0, 1, 2, 0, 0, 0, 0, 0, 0, 0, 0, 0, 0, 0, 1, 0, 0, 0, 2, 0, 0, 0, 0, 0, 0, 0, 0, 0, 0, 0, 0, 0, 0, 0, 1, 0, 0, 0, 
96, 1, 0, 0, 0, 1, 2, 0, 0, 0, 1, 0, 2, 0, 0, 0, 0, 0, 0, 0, 1, 0, 1, 1, 0, 13, 4, 5, 2, 3, 1, 4, 1, 3, 2, 1, 3, 1, 3, 2, 1, 71, 10, 5, 9, 77, 1, 1, 0, 8, 0, 0, 0, 5, 2, 3, 4, 1, 0, 3, 1, 3, 3, 4, 4, 17, 0, 2, 0, 3, 2, 0, 4, 24, 1, 0, 0, 0, 0, 0, 0, 1, 0, 0, 0, 1, 0, 0, 0, 0, 0, 0, 0, 1, 0, 0, 0, 0, 0, 0, 0, 1, 0, 0, 0, 2, 0, 0, 0, 1, 0, 0, 0, 
97, 4, 2, 0, 0, 0, 1, 0, 3, 0, 1, 0, 2, 0, 0, 0, 0, 0, 0, 0, 1, 0, 0, 1, 0, 19, 3, 2, 1, 4, 0, 1, 0, 0, 2, 0, 4, 0, 2, 5, 4, 64, 13, 7, 6, 63, 2, 1, 1, 13, 0, 0, 1, 10, 6, 4, 2, 2, 2, 1, 0, 4, 7, 6, 1, 16, 1, 0, 0, 3, 1, 3, 2, 20, 2, 2, 0, 0, 0, 0, 0, 1, 0, 0, 0, 1, 0, 0, 0, 1, 0, 0, 0, 0, 0, 0, 0, 1, 0, 0, 0, 2, 0, 0, 0, 2, 0, 0, 0, 0, 0, 0, 0, 
98, 0, 0, 0, 1, 0, 3, 1, 1, 0, 0, 2, 0, 0, 0, 0, 0, 0, 0, 0, 1, 0, 0, 0, 0, 3, 2, 2, 3, 7, 1, 1, 1, 14, 3, 1, 1, 5, 6, 5, 6, 57, 8, 8, 13, 58, 0, 1, 1, 2, 0, 0, 0, 15, 4, 0, 4, 0, 0, 3, 1, 2, 4, 2, 3, 14, 0, 2, 0, 1, 0, 2, 0, 20, 0, 0, 0, 0, 0, 0, 0, 0, 0, 0, 0, 0, 0, 0, 0, 1, 0, 0, 0, 1, 0, 0, 0, 1, 0, 0, 0, 2, 0, 0, 0, 1, 0, 0, 0, 0, 0, 0, 0, 
99, 1, 0, 2, 1, 2, 0, 0, 2, 0, 1, 0, 1, 0, 0, 0, 0, 0, 1, 0, 0, 0, 1, 1, 0, 10, 5, 1, 0, 3, 0, 1, 1, 4, 1, 0, 2, 4, 2, 0, 4, 53, 11, 11, 6, 43, 0, 2, 0, 0, 0, 0, 1, 17, 4, 1, 5, 9, 10, 7, 8, 1, 0, 1, 0, 7, 1, 0, 0, 1, 1, 0, 2, 24, 1, 1, 1, 1, 0, 0, 0, 0, 0, 0, 0, 1, 0, 0, 0, 0, 0, 0, 0, 2, 0, 0, 0, 0, 0, 0, 0, 1, 0, 0, 0, 2, 0, 0, 0, 2, 0, 0, 0, 