0, 0, 0, 0, 0, 1, 0, 0, 1, 0, 0, 1, 0, 1, 0, 0, 1, 0, 0, 0, 0, 0, 1, 0, 1, 0, 0, 0, 1, 0, 0, 0, 0, 2, 2, 1, 1, 0, 1, 3, 1, 0, 2, 0, 0, 0, 0, 0, 0, 1, 4, 1, 1, 10, 2, 1, 0, 5, 1, 1, 0, 3, 3, 1, 2, 4, 1, 0, 5, 1, 1, 0, 0, 3, 3, 5, 2, 1, 0, 0, 0, 0, 0, 0, 0, 0, 0, 0, 0, 1, 0, 0, 0, 0, 0, 0, 0, 0, 0, 0, 0, 0, 0, 0, 0, 0, 0, 0, 0, 1, 0, 0, 0, 
1, 3, 2, 0, 0, 0, 0, 0, 0, 0, 0, 0, 0, 1, 1, 0, 1, 1, 1, 0, 0, 0, 0, 0, 0, 0, 0, 0, 0, 1, 1, 1, 4, 14, 3, 2, 2, 1, 0, 0, 1, 1, 1, 0, 1, 1, 0, 1, 0, 4, 4, 2, 1, 0, 0, 0, 0, 0, 1, 0, 1, 4, 3, 0, 0, 5, 6, 1, 1, 2, 1, 1, 1, 4, 8, 1, 1, 0, 0, 0, 0, 0, 0, 0, 0, 2, 0, 0, 0, 0, 0, 0, 0, 1, 0, 0, 0, 0, 0, 0, 0, 1, 0, 0, 0, 1, 0, 0, 0, 1, 0, 0, 0, 
2, 2, 1, 1, 0, 3, 0, 3, 1, 0, 0, 0, 0, 1, 0, 1, 2, 2, 0, 1, 1, 0, 0, 0, 0, 0, 0, 0, 0, 5, 6, 2, 2, 15, 1, 1, 3, 0, 1, 0, 0, 1, 2, 1, 1, 0, 0, 0, 3, 3, 3, 1, 1, 1, 0, 0, 1, 1, 1, 4, 0, 0, 1, 0, 0, 7, 2, 0, 1, 1, 1, 0, 0, 2, 2, 1, 5, 3, 0, 0, 0, 0, 0, 0, 0, 0, 0, 0, 0, 0, 0, 0, 0, 1, 0, 0, 0, 2, 0, 0, 0, 0, 0, 0, 0, 1, 0, 0, 0, 1, 0, 0, 0, 
3, 2, 1, 0, 1, 2, 1, 1, 0, 0, 0, 0, 1, 0, 2, 0, 0, 0, 0, 0, 0, 0, 0, 1, 0, 3, 6, 4, 0, 2, 4, 6, 0, 9, 1, 2, 2, 0, 0, 0, 0, 15, 0, 0, 1, 2, 3, 4, 2, 0, 1, 1, 0, 2, 2, 1, 0, 1, 1, 0, 0, 5, 10, 4, 3, 4, 0, 2, 1, 0, 2, 0, 0, 1, 1, 0, 1, 0, 0, 0, 0, 1, 0, 0, 0, 0, 0, 0, 0, 0, 0, 0, 0, 0, 0, 0, 0, 0, 0, 0, 0, 1, 0, 0, 0, 1, 0, 0, 0, 0, 0, 0, 0, 
4, 1, 1, 0, 0, 0, 2, 0, 1, 0, 0, 1, 1, 0, 1, 0, 0, 0, 0, 0, 0, 0, 0, 0, 1, 0, 2, 1, 0, 3, 2, 1, 2, 3, 3, 2, 1, 3, 0, 0, 0, 10, 2, 2, 1, 2, 0, 0, 1, 0, 5, 2, 1, 5, 3, 1, 0, 4, 0, 1, 0, 10, 8, 5, 6, 3, 3, 0, 0, 1, 4, 1, 0, 0, 0, 0, 0, 0, 0, 0, 0, 1, 0, 0, 0, 1, 0, 0, 0, 1, 0, 0, 0, 0, 0, 0, 0, 2, 0, 0, 0, 2, 0, 0, 0, 1, 0, 0, 0, 1, 0, 0, 0, 
5, 0, 0, 1, 0, 0, 0, 1, 0, 0, 1, 0, 0, 1, 0, 0, 0, 0, 0, 0, 0, 0, 0, 0, 0, 1, 2, 1, 1, 9, 3, 1, 1, 0, 0, 0, 1, 1, 1, 3, 2, 10, 2, 0, 2, 0, 1, 0, 3, 4, 3, 3, 4, 4, 3, 4, 2, 1, 3, 0, 3, 6, 3, 7, 6, 3, 3, 1, 2, 2, 2, 4, 3, 4, 1, 2, 1, 2, 0, 0, 0, 0, 0, 0, 0, 2, 0, 0, 0, 0, 0, 0, 0, 0, 0, 0, 0, 0, 0, 0, 0, 1, 0, 0, 0, 0, 0, 0, 0, 1, 0, 0, 0, 
6, 0, 0, 1, 1, 1, 0, 1, 0, 1, 0, 2, 1, 0, 0, 0, 0, 1, 2, 0, 0, 0, 0, 0, 0, 3, 2, 0, 1, 1, 0, 0, 1, 0, 0, 0, 1, 8, 2, 0, 1, 12, 2, 0, 0, 2, 2, 1, 1, 3, 2, 2, 3, 1, 2, 1, 2, 4, 7, 2, 3, 8, 11, 7, 6, 0, 3, 2, 0, 8, 4, 1, 3, 2, 1, 1, 1, 1, 0, 0, 0, 2, 0, 0, 0, 1, 0, 0, 0, 1, 0, 0, 0, 1, 0, 0, 0, 0, 0, 0, 0, 0, 0, 0, 0, 0, 0, 0, 0, 0, 0, 0, 0, 
7, 0, 1, 0, 1, 0, 1, 1, 0, 2, 0, 1, 1, 0, 1, 1, 0, 2, 1, 0, 0, 0, 0, 4, 1, 3, 1, 3, 2, 6, 4, 2, 4, 10, 5, 0, 3, 6, 1, 0, 0, 14, 1, 0, 1, 3, 3, 0, 2, 1, 0, 0, 1, 3, 5, 2, 2, 18, 1, 1, 1, 5, 9, 11, 8, 2, 1, 1, 1, 0, 0, 0, 0, 3, 4, 3, 0, 0, 0, 0, 0, 0, 0, 0, 0, 0, 0, 0, 0, 0, 0, 0, 0, 0, 0, 0, 0, 1, 0, 0, 0, 0, 0, 0, 0, 0, 0, 0, 0, 1, 0, 0, 0, 
8, 1, 1, 0, 0, 0, 2, 0, 2, 1, 1, 0, 0, 1, 2, 0, 0, 1, 1, 1, 0, 0, 0, 0, 1, 2, 5, 4, 2, 10, 1, 3, 0, 18, 0, 0, 0, 4, 1, 6, 2, 11, 0, 0, 0, 3, 2, 2, 2, 2, 3, 1, 3, 3, 2, 4, 3, 15, 0, 3, 3, 6, 6, 4, 0, 3, 0, 2, 1, 3, 5, 6, 1, 0, 3, 1, 2, 2, 0, 0, 0, 1, 0, 0, 0, 1, 0, 0, 0, 0, 0, 0, 0, 0, 0, 0, 0, 0, 0, 0, 0, 0, 0, 0, 0, 0, 0, 0, 0, 1, 0, 0, 0, 
9, 0, 0, 0, 1, 0, 1, 0, 0, 1, 0, 1, 0, 0, 0, 0, 0, 0, 0, 0, 0, 0, 1, 0, 0, 7, 6, 10, 4, 5, 4, 2, 2, 18, 0, 1, 1, 2, 3, 5, 3, 2, 1, 0, 0, 0, 0, 0, 0, 10, 5, 1, 1, 2, 6, 4, 6, 12, 3, 2, 1, 6, 5, 2, 0, 0, 0, 1, 6, 1, 0, 0, 1, 0, 8, 3, 0, 0, 0, 0, 0, 1, 0, 0, 0, 2, 0, 0, 0, 0, 0, 0, 0, 0, 0, 0, 0, 0, 0, 0, 0, 0, 0, 0, 0, 0, 0, 0, 0, 0, 0, 0, 0, 
10, 0, 0, 2, 0, 0, 1, 1, 1, 1, 0, 0, 1, 0, 0, 0, 0, 0, 0, 0, 0, 0, 0, 0, 0, 4, 5, 5, 2, 2, 4, 2, 6, 17, 5, 2, 0, 6, 2, 11, 4, 5, 2, 4, 5, 1, 0, 1, 0, 13, 5, 3, 4, 6, 3, 3, 7, 8, 0, 2, 2, 0, 0, 0, 0, 1, 1, 0, 0, 1, 4, 2, 2, 3, 3, 6, 1, 1, 0, 0, 0, 0, 0, 0, 0, 1, 0, 0, 0, 2, 0, 0, 0, 1, 0, 0, 0, 1, 0, 0, 0, 0, 0, 0, 0, 1, 0, 0, 0, 0, 0, 0, 0, 
11, 0, 0, 0, 0, 0, 0, 1, 0, 0, 1, 0, 0, 0, 0, 0, 0, 0, 0, 2, 1, 0, 1, 0, 1, 6, 2, 5, 6, 4, 3, 2, 5, 28, 1, 2, 4, 11, 4, 4, 6, 1, 1, 2, 3, 2, 1, 0, 1, 13, 3, 2, 6, 11, 1, 2, 5, 21, 4, 2, 1, 1, 0, 0, 0, 0, 2, 3, 3, 1, 0, 2, 0, 3, 1, 4, 4, 0, 0, 0, 0, 0, 0, 0, 0, 0, 0, 0, 0, 0, 0, 0, 0, 0, 0, 0, 0, 0, 0, 0, 0, 3, 0, 0, 0, 0, 0, 0, 0, 0, 0, 0, 0, 
12, 1, 0, 0, 0, 0, 0, 0, 1, 0, 0, 1, 0, 0, 0, 1, 2, 1, 1, 0, 0, 0, 0, 0, 0, 9, 8, 5, 4, 4, 5, 3, 5, 26, 2, 2, 0, 14, 10, 5, 2, 0, 2, 1, 1, 2, 6, 4, 2, 2, 1, 2, 1, 8, 4, 2, 3, 18, 6, 0, 3, 2, 3, 0, 0, 4, 2, 5, 3, 0, 0, 1, 1, 4, 1, 2, 1, 1, 0, 0, 0, 0, 0, 0, 0, 1, 0, 0, 0, 1, 0, 0, 0, 0, 0, 0, 0, 2, 0, 0, 0, 0, 0, 0, 0, 0, 0, 0, 0, 0, 0, 0, 0, 
13, 1, 0, 1, 0, 4, 1, 1, 0, 2, 0, 1, 0, 1, 1, 0, 0, 0, 0, 0, 0, 0, 0, 0, 0, 6, 4, 13, 3, 5, 4, 3, 3, 11, 2, 1, 1, 8, 10, 9, 4, 4, 1, 1, 2, 8, 5, 3, 1, 7, 5, 0, 1, 7, 3, 4, 2, 21, 1, 1, 1, 0, 0, 0, 1, 8, 4, 3, 4, 1, 0, 2, 2, 4, 6, 2, 1, 1, 0, 0, 0, 0, 0, 0, 0, 1, 0, 0, 0, 2, 0, 0, 0, 1, 0, 0, 0, 2, 0, 0, 0, 1, 0, 0, 0, 2, 0, 0, 0, 0, 0, 0, 0, 
14, 0, 0, 0, 0, 1, 0, 0, 0, 0, 0, 0, 1, 0, 0, 0, 1, 0, 0, 0, 0, 0, 1, 1, 1, 6, 7, 4, 7, 1, 2, 0, 5, 30, 9, 2, 0, 6, 6, 4, 3, 5, 5, 2, 5, 15, 3, 2, 4, 0, 4, 0, 1, 0, 0, 0, 0, 16, 5, 3, 1, 2, 0, 1, 1, 8, 4, 6, 1, 2, 3, 1, 4, 6, 6, 3, 6, 0, 0, 0, 0, 0, 0, 0, 0, 0, 0, 0, 0, 0, 0, 0, 0, 1, 0, 0, 0, 0, 0, 0, 0, 5, 0, 0, 0, 0, 0, 0, 0, 0, 0, 0, 0, 
15, 0, 1, 0, 0, 1, 0, 1, 0, 2, 1, 0, 0, 1, 0, 0, 0, 0, 0, 0, 0, 1, 0, 0, 1, 4, 3, 2, 7, 0, 1, 0, 0, 53, 1, 2, 4, 2, 3, 0, 4, 3, 4, 4, 3, 3, 4, 4, 5, 1, 6, 4, 2, 1, 1, 2, 1, 11, 1, 1, 2, 17, 4, 1, 2, 4, 4, 3, 2, 2, 0, 1, 1, 4, 7, 1, 4, 1, 0, 0, 0, 1, 0, 0, 0, 0, 0, 0, 0, 0, 0, 0, 0, 0, 0, 0, 0, 1, 0, 0, 0, 1, 0, 0, 0, 1, 0, 0, 0, 5, 0, 0, 0, 
16, 2, 0, 0, 0, 1, 1, 0, 0, 2, 1, 0, 0, 1, 4, 0, 4, 0, 0, 0, 0, 0, 0, 1, 1, 0, 3, 2, 0, 3, 7, 6, 6, 45, 1, 2, 1, 3, 1, 1, 2, 2, 1, 1, 2, 2, 7, 5, 3, 3, 4, 2, 7, 1, 4, 1, 2, 0, 2, 3, 0, 33, 1, 4, 0, 1, 1, 0, 0, 4, 3, 1, 0, 8, 2, 1, 6, 1, 0, 0, 0, 0, 0, 0, 0, 2, 0, 0, 0, 0, 0, 0, 0, 1, 0, 0, 0, 2, 0, 0, 0, 0, 0, 0, 0, 0, 0, 0, 0, 0, 0, 0, 0, 
17, 0, 0, 0, 0, 3, 3, 1, 0, 0, 0, 2, 0, 0, 1, 0, 0, 0, 0, 1, 0, 1, 4, 2, 4, 1, 2, 3, 0, 8, 6, 5, 7, 46, 1, 0, 2, 9, 4, 3, 2, 6, 2, 1, 0, 3, 2, 3, 2, 11, 2, 7, 7, 2, 1, 0, 3, 1, 1, 3, 4, 30, 3, 2, 1, 8, 2, 4, 1, 1, 3, 1, 1, 3, 2, 4, 3, 0, 0, 0, 0, 0, 0, 0, 0, 1, 0, 0, 0, 2, 0, 0, 0, 0, 0, 0, 0, 0, 0, 0, 0, 0, 0, 0, 0, 0, 0, 0, 0, 0, 0, 0, 0, 
18, 0, 0, 0, 0, 0, 0, 0, 1, 1, 2, 1, 0, 0, 1, 0, 0, 0, 0, 0, 0, 0, 0, 0, 1, 2, 0, 0, 1, 5, 5, 3, 7, 31, 8, 0, 0, 7, 5, 1, 1, 7, 2, 2, 0, 4, 5, 2, 4, 4, 7, 9, 9, 0, 0, 0, 0, 17, 4, 6, 0, 37, 1, 0, 1, 16, 8, 5, 2, 4, 1, 3, 4, 4, 3, 3, 0, 0, 0, 0, 0, 2, 0, 0, 0, 0, 0, 0, 0, 2, 0, 0, 0, 1, 0, 0, 0, 0, 0, 0, 0, 0, 0, 0, 0, 1, 0, 0, 0, 1, 0, 0, 0, 
19, 1, 1, 2, 0, 1, 1, 1, 1, 0, 0, 0, 0, 1, 2, 2, 0, 0, 0, 0, 0, 1, 0, 1, 0, 3, 7, 2, 1, 7, 2, 4, 4, 29, 0, 1, 1, 9, 2, 1, 1, 7, 2, 0, 1, 4, 5, 5, 5, 10, 8, 6, 5, 0, 0, 1, 0, 14, 3, 2, 5, 28, 3, 4, 0, 8, 1, 0, 2, 8, 1, 2, 0, 0, 2, 3, 3, 0, 0, 0, 0, 0, 0, 0, 0, 1, 0, 0, 0, 0, 0, 0, 0, 3, 0, 0, 0, 1, 0, 0, 0, 1, 0, 0, 0, 0, 0, 0, 0, 2, 0, 0, 0, 
20, 0, 0, 0, 0, 0, 0, 0, 0, 0, 0, 0, 0, 0, 1, 0, 0, 1, 0, 0, 0, 0, 0, 0, 0, 10, 6, 4, 6, 8, 8, 3, 4, 12, 1, 2, 3, 22, 1, 1, 0, 2, 0, 0, 1, 3, 2, 1, 1, 7, 13, 9, 6, 0, 0, 0, 0, 23, 4, 1, 6, 30, 2, 0, 1, 3, 6, 9, 3, 14, 0, 2, 1, 0, 1, 1, 0, 1, 0, 0, 0, 1, 0, 0, 0, 4, 0, 0, 0, 1, 0, 0, 0, 0, 0, 0, 0, 2, 0, 0, 0, 0, 0, 0, 0, 3, 0, 0, 0, 0, 0, 0, 0, 
21, 0, 0, 1, 0, 2, 2, 1, 0, 0, 2, 0, 2, 1, 0, 1, 0, 0, 1, 0, 0, 0, 0, 1, 1, 8, 6, 1, 4, 8, 4, 5, 7, 10, 1, 2, 1, 7, 1, 1, 4, 2, 1, 3, 1, 2, 1, 0, 0, 8, 6, 8, 8, 0, 1, 0, 0, 25, 2, 0, 2, 25, 1, 1, 0, 11, 2, 5, 2, 14, 3, 6, 0, 3, 3, 5, 6, 1, 0, 0, 0, 0, 0, 0, 0, 0, 0, 0, 0, 0, 0, 0, 0, 0, 0, 0, 0, 1, 0, 0, 0, 1, 0, 0, 0, 1, 0, 0, 0, 1, 0, 0, 0, 
22, 0, 0, 0, 0, 1, 0, 0, 0, 0, 0, 1, 1, 0, 0, 0, 1, 0, 2, 1, 0, 0, 0, 0, 0, 5, 3, 5, 5, 12, 5, 11, 7, 15, 0, 1, 0, 0, 1, 4, 1, 3, 3, 2, 2, 5, 4, 9, 2, 18, 7, 7, 6, 0, 1, 1, 0, 31, 4, 2, 2, 26, 2, 3, 0, 6, 2, 2, 4, 26, 2, 1, 2, 11, 5, 6, 2, 0, 0, 0, 0, 0, 0, 0, 0, 1, 0, 0, 0, 1, 0, 0, 0, 0, 0, 0, 0, 1, 0, 0, 0, 2, 0, 0, 0, 1, 0, 0, 0, 0, 0, 0, 0, 
23, 8, 2, 2, 0, 1, 0, 0, 0, 0, 1, 0, 2, 0, 0, 0, 0, 0, 0, 0, 0, 0, 1, 1, 3, 2, 8, 4, 2, 16, 1, 1, 4, 7, 3, 1, 0, 5, 0, 1, 0, 6, 5, 2, 3, 12, 3, 6, 2, 7, 4, 8, 5, 11, 0, 0, 0, 33, 1, 1, 1, 24, 0, 2, 1, 1, 2, 6, 0, 19, 3, 0, 4, 3, 1, 4, 3, 1, 0, 0, 0, 0, 0, 0, 0, 1, 0, 0, 0, 1, 0, 0, 0, 0, 0, 0, 0, 1, 0, 0, 0, 1, 0, 0, 0, 0, 0, 0, 0, 0, 0, 0, 0, 
24, 0, 2, 0, 0, 0, 1, 0, 0, 0, 0, 0, 0, 0, 0, 0, 1, 1, 0, 1, 0, 1, 2, 0, 0, 2, 3, 2, 1, 10, 5, 7, 1, 1, 3, 3, 3, 1, 3, 0, 1, 8, 10, 14, 5, 6, 6, 4, 3, 9, 4, 9, 1, 12, 0, 1, 1, 25, 2, 3, 2, 38, 6, 1, 2, 2, 1, 2, 1, 8, 3, 0, 2, 0, 0, 0, 0, 1, 0, 0, 0, 1, 0, 0, 0, 3, 0, 0, 0, 2, 0, 0, 0, 0, 0, 0, 0, 1, 0, 0, 0, 0, 0, 0, 0, 3, 0, 0, 0, 0, 0, 0, 0, 
25, 0, 1, 1, 0, 0, 2, 0, 2, 1, 1, 0, 0, 1, 1, 1, 0, 1, 0, 0, 0, 0, 1, 0, 1, 3, 2, 1, 3, 11, 3, 4, 4, 7, 4, 4, 2, 2, 0, 2, 3, 7, 5, 9, 7, 5, 4, 7, 2, 2, 6, 3, 4, 0, 1, 0, 1, 17, 5, 1, 2, 40, 0, 1, 0, 13, 2, 7, 5, 15, 6, 1, 2, 0, 2, 0, 1, 0, 0, 0, 0, 0, 0, 0, 0, 0, 0, 0, 0, 1, 0, 0, 0, 2, 0, 0, 0, 2, 0, 0, 0, 2, 0, 0, 0, 0, 0, 0, 0, 0, 0, 0, 0, 
26, 0, 3, 2, 0, 0, 0, 0, 0, 0, 1, 1, 1, 0, 0, 0, 0, 0, 0, 0, 0, 0, 0, 0, 0, 4, 1, 4, 3, 4, 3, 4, 2, 0, 5, 0, 2, 4, 4, 3, 1, 6, 6, 7, 6, 2, 5, 2, 1, 13, 1, 3, 2, 5, 1, 2, 2, 0, 2, 2, 3, 34, 1, 4, 0, 14, 1, 6, 3, 20, 2, 2, 0, 4, 4, 4, 0, 1, 0, 0, 0, 0, 0, 0, 0, 0, 0, 0, 0, 1, 0, 0, 0, 0, 0, 0, 0, 1, 0, 0, 0, 0, 0, 0, 0, 0, 0, 0, 0, 0, 0, 0, 0, 
27, 0, 1, 0, 2, 0, 0, 1, 1, 1, 1, 1, 0, 1, 1, 1, 1, 1, 0, 0, 0, 2, 0, 2, 1, 2, 0, 1, 2, 3, 3, 5, 1, 0, 0, 0, 1, 2, 1, 1, 2, 4, 3, 4, 2, 10, 0, 2, 0, 9, 0, 1, 2, 11, 2, 4, 5, 4, 3, 8, 6, 20, 0, 0, 2, 10, 3, 5, 6, 14, 5, 1, 1, 3, 1, 1, 3, 0, 0, 0, 0, 0, 0, 0, 0, 3, 0, 0, 0, 1, 0, 0, 0, 2, 0, 0, 0, 0, 0, 0, 0, 1, 0, 0, 0, 0, 0, 0, 0, 0, 0, 0, 0, 
28, 1, 0, 1, 0, 1, 0, 0, 0, 0, 0, 1, 1, 0, 0, 0, 0, 0, 0, 0, 0, 0, 0, 0, 0, 4, 3, 4, 1, 6, 1, 0, 4, 2, 1, 3, 0, 1, 2, 3, 1, 7, 3, 3, 4, 0, 2, 1, 0, 8, 2, 0, 1, 8, 2, 3, 4, 4, 11, 9, 4, 12, 5, 2, 1, 14, 11, 4, 2, 17, 4, 1, 0, 1, 0, 0, 1, 1, 0, 0, 0, 0, 0, 0, 0, 0, 0, 0, 0, 0, 0, 0, 0, 0, 0, 0, 0, 1, 0, 0, 0, 0, 0, 0, 0, 4, 0, 0, 0, 0, 0, 0, 0, 
29, 1, 1, 1, 1, 0, 0, 1, 0, 0, 0, 0, 0, 1, 1, 2, 0, 0, 0, 0, 0, 0, 0, 2, 3, 10, 3, 4, 7, 3, 1, 2, 1, 6, 1, 1, 2, 1, 0, 1, 1, 10, 2, 2, 2, 3, 3, 2, 2, 1, 0, 2, 2, 19, 2, 2, 3, 5, 3, 4, 1, 10, 0, 1, 1, 13, 3, 6, 2, 14, 3, 2, 0, 1, 0, 3, 1, 0, 0, 0, 0, 2, 0, 0, 0, 0, 0, 0, 0, 1, 0, 0, 0, 1, 0, 0, 0, 1, 0, 0, 0, 0, 0, 0, 0, 0, 0, 0, 0, 0, 0, 0, 0, 
30, 0, 1, 0, 1, 0, 2, 0, 0, 2, 0, 1, 0, 0, 0, 0, 1, 1, 0, 0, 1, 1, 0, 1, 0, 6, 9, 6, 2, 2, 1, 0, 0, 8, 3, 4, 2, 5, 2, 0, 1, 1, 3, 1, 2, 4, 1, 5, 0, 2, 2, 1, 2, 18, 2, 2, 3, 2, 0, 1, 0, 14, 3, 1, 2, 24, 3, 1, 1, 26, 2, 2, 4, 1, 1, 1, 0, 1, 0, 0, 0, 0, 0, 0, 0, 2, 0, 0, 0, 0, 0, 0, 0, 0, 0, 0, 0, 0, 0, 0, 0, 0, 0, 0, 0, 2, 0, 0, 0, 0, 0, 0, 0, 
31, 0, 0, 1, 0, 1, 0, 0, 0, 0, 0, 0, 0, 0, 0, 0, 1, 0, 0, 0, 0, 0, 0, 0, 0, 3, 5, 7, 4, 2, 3, 2, 0, 4, 4, 9, 7, 2, 1, 0, 0, 0, 0, 0, 1, 0, 0, 0, 0, 17, 1, 5, 2, 9, 0, 3, 2, 11, 3, 3, 2, 20, 1, 0, 3, 24, 3, 4, 3, 21, 1, 2, 2, 12, 4, 2, 3, 0, 0, 0, 0, 2, 0, 0, 0, 2, 0, 0, 0, 1, 0, 0, 0, 0, 0, 0, 0, 0, 0, 0, 0, 2, 0, 0, 0, 2, 0, 0, 0, 0, 0, 0, 0, 
32, 1, 0, 0, 0, 0, 0, 0, 0, 2, 0, 1, 1, 0, 1, 0, 1, 0, 0, 0, 0, 1, 0, 0, 0, 8, 6, 4, 2, 3, 1, 1, 3, 6, 9, 11, 5, 1, 2, 3, 1, 4, 6, 0, 2, 9, 4, 2, 2, 7, 1, 1, 3, 9, 4, 3, 1, 26, 1, 2, 0, 15, 1, 0, 1, 24, 4, 4, 4, 17, 6, 1, 0, 24, 1, 4, 1, 0, 0, 0, 0, 0, 0, 0, 0, 4, 0, 0, 0, 0, 0, 0, 0, 0, 0, 0, 0, 0, 0, 0, 0, 0, 0, 0, 0, 1, 0, 0, 0, 1, 0, 0, 0, 
33, 0, 2, 0, 1, 2, 0, 0, 1, 0, 1, 0, 2, 2, 0, 0, 1, 2, 0, 2, 0, 0, 1, 1, 1, 21, 4, 3, 7, 6, 3, 3, 2, 3, 9, 7, 3, 0, 0, 1, 3, 0, 3, 0, 1, 7, 1, 2, 1, 7, 2, 2, 1, 11, 6, 4, 3, 25, 0, 1, 3, 16, 4, 3, 1, 15, 1, 6, 0, 4, 3, 2, 2, 23, 1, 3, 1, 0, 0, 0, 0, 0, 0, 0, 0, 0, 0, 0, 0, 1, 0, 0, 0, 1, 0, 0, 0, 2, 0, 0, 0, 1, 0, 0, 0, 0, 0, 0, 0, 2, 0, 0, 0, 
34, 2, 1, 0, 0, 0, 1, 0, 0, 1, 2, 0, 0, 0, 1, 0, 2, 0, 0, 0, 0, 0, 1, 0, 1, 32, 6, 4, 3, 11, 11, 0, 5, 2, 2, 2, 1, 1, 3, 0, 2, 1, 3, 1, 1, 4, 3, 1, 2, 1, 0, 1, 2, 18, 6, 2, 4, 34, 5, 3, 2, 19, 0, 3, 1, 22, 15, 2, 4, 22, 1, 2, 0, 24, 6, 2, 1, 0, 0, 0, 0, 0, 0, 0, 0, 0, 0, 0, 0, 2, 0, 0, 0, 1, 0, 0, 0, 0, 0, 0, 0, 0, 0, 0, 0, 1, 0, 0, 0, 0, 0, 0, 0, 
35, 2, 0, 0, 1, 0, 0, 0, 0, 0, 0, 0, 0, 0, 1, 0, 0, 0, 1, 0, 0, 0, 0, 2, 1, 43, 7, 6, 5, 4, 3, 4, 3, 8, 4, 2, 2, 3, 0, 3, 0, 0, 1, 1, 1, 4, 0, 1, 2, 3, 3, 3, 3, 10, 1, 5, 3, 37, 1, 2, 4, 15, 3, 0, 0, 35, 6, 5, 3, 29, 0, 2, 1, 23, 4, 0, 1, 0, 0, 0, 0, 0, 0, 0, 0, 1, 0, 0, 0, 1, 0, 0, 0, 0, 0, 0, 0, 0, 0, 0, 0, 2, 0, 0, 0, 1, 0, 0, 0, 0, 0, 0, 0, 
36, 0, 1, 0, 2, 2, 0, 0, 1, 0, 0, 0, 1, 1, 0, 0, 0, 0, 0, 0, 0, 0, 0, 1, 0, 43, 8, 4, 5, 8, 4, 5, 5, 3, 3, 2, 1, 1, 1, 0, 0, 2, 0, 0, 1, 10, 1, 1, 2, 7, 6, 7, 3, 12, 3, 2, 2, 27, 3, 4, 1, 0, 0, 1, 0, 32, 3, 5, 5, 17, 2, 1, 3, 28, 1, 2, 2, 0, 0, 0, 0, 1, 0, 0, 0, 0, 0, 0, 0, 0, 0, 0, 0, 1, 0, 0, 0, 0, 0, 0, 0, 1, 0, 0, 0, 2, 0, 0, 0, 1, 0, 0, 0, 
37, 1, 0, 0, 0, 0, 1, 0, 1, 0, 0, 1, 0, 2, 1, 2, 1, 0, 0, 0, 0, 0, 0, 0, 0, 49, 5, 8, 3, 9, 3, 4, 6, 1, 2, 0, 1, 1, 0, 0, 0, 1, 0, 1, 0, 15, 1, 1, 1, 2, 0, 0, 0, 14, 5, 0, 7, 26, 3, 6, 2, 16, 2, 2, 0, 24, 6, 3, 3, 19, 4, 0, 2, 9, 1, 0, 1, 1, 0, 0, 0, 4, 0, 0, 0, 1, 0, 0, 0, 5, 0, 0, 0, 2, 0, 0, 0, 1, 0, 0, 0, 0, 0, 0, 0, 0, 0, 0, 0, 0, 0, 0, 0, 
38, 1, 0, 0, 0, 1, 0, 0, 0, 1, 2, 0, 0, 0, 2, 1, 0, 0, 1, 0, 0, 1, 0, 0, 0, 52, 6, 5, 4, 5, 11, 10, 4, 0, 2, 0, 2, 0, 0, 1, 1, 0, 0, 0, 1, 0, 0, 0, 1, 5, 6, 5, 2, 25, 4, 6, 3, 28, 3, 5, 0, 9, 1, 0, 0, 28, 4, 4, 4, 21, 1, 0, 1, 0, 0, 3, 0, 0, 0, 0, 0, 2, 0, 0, 0, 1, 0, 0, 0, 1, 0, 0, 0, 0, 0, 0, 0, 0, 0, 0, 0, 0, 0, 0, 0, 0, 0, 0, 0, 0, 0, 0, 0, 
39, 1, 0, 0, 0, 0, 0, 0, 0, 0, 1, 0, 0, 0, 0, 0, 1, 0, 1, 0, 0, 0, 0, 0, 0, 46, 7, 3, 9, 28, 13, 1, 3, 6, 8, 3, 5, 4, 7, 3, 5, 5, 2, 2, 1, 2, 0, 2, 0, 7, 4, 4, 6, 32, 3, 6, 4, 30, 3, 2, 1, 5, 3, 1, 0, 24, 5, 5, 3, 0, 0, 1, 0, 0, 1, 3, 0, 1, 0, 0, 0, 0, 0, 0, 0, 1, 0, 0, 0, 5, 0, 0, 0, 1, 0, 0, 0, 2, 0, 0, 0, 0, 0, 0, 0, 0, 0, 0, 0, 0, 0, 0, 0, 
40, 0, 1, 0, 0, 0, 0, 0, 0, 2, 0, 0, 0, 1, 0, 1, 0, 0, 0, 0, 1, 1, 0, 0, 2, 41, 1, 5, 4, 20, 5, 11, 4, 18, 4, 9, 5, 8, 8, 17, 4, 2, 1, 0, 0, 4, 2, 2, 1, 16, 3, 4, 4, 32, 4, 1, 2, 27, 6, 0, 3, 20, 1, 3, 0, 9, 4, 2, 4, 1, 2, 0, 2, 6, 1, 3, 2, 1, 0, 0, 0, 1, 0, 0, 0, 3, 0, 0, 0, 1, 0, 0, 0, 1, 0, 0, 0, 2, 0, 0, 0, 0, 0, 0, 0, 0, 0, 0, 0, 0, 0, 0, 0, 
41, 0, 1, 0, 0, 0, 0, 1, 0, 1, 0, 0, 0, 2, 1, 3, 0, 0, 0, 0, 0, 0, 0, 0, 1, 42, 3, 5, 4, 22, 6, 8, 5, 20, 4, 8, 4, 9, 9, 5, 6, 0, 0, 2, 1, 0, 0, 0, 1, 11, 0, 6, 4, 38, 3, 3, 1, 27, 2, 3, 1, 8, 0, 1, 1, 2, 1, 1, 8, 7, 4, 4, 2, 9, 1, 5, 0, 1, 0, 0, 0, 1, 0, 0, 0, 1, 0, 0, 0, 1, 0, 0, 0, 0, 0, 0, 0, 1, 0, 0, 0, 0, 0, 0, 0, 0, 0, 0, 0, 0, 0, 0, 0, 
42, 1, 2, 0, 1, 1, 0, 0, 1, 1, 1, 2, 4, 0, 1, 2, 0, 0, 0, 0, 0, 0, 0, 1, 0, 46, 4, 2, 2, 41, 3, 10, 8, 9, 4, 5, 3, 11, 7, 5, 3, 6, 4, 2, 0, 4, 1, 3, 5, 4, 9, 9, 4, 41, 2, 1, 1, 23, 0, 0, 2, 0, 0, 0, 0, 4, 5, 7, 3, 5, 3, 7, 5, 1, 2, 2, 2, 0, 0, 0, 0, 3, 0, 0, 0, 1, 0, 0, 0, 1, 0, 0, 0, 0, 0, 0, 0, 0, 0, 0, 0, 2, 0, 0, 0, 3, 0, 0, 0, 0, 0, 0, 0, 
43, 2, 2, 4, 0, 1, 2, 5, 1, 1, 0, 2, 1, 0, 0, 0, 0, 1, 0, 0, 1, 0, 1, 2, 0, 38, 3, 1, 2, 37, 2, 6, 5, 5, 5, 7, 4, 18, 9, 2, 3, 13, 1, 1, 0, 3, 5, 1, 2, 1, 1, 1, 1, 39, 2, 3, 0, 27, 4, 2, 0, 9, 11, 3, 1, 1, 2, 0, 1, 3, 6, 4, 5, 0, 0, 0, 0, 0, 0, 0, 0, 0, 0, 0, 0, 1, 0, 0, 0, 0, 0, 0, 0, 2, 0, 0, 0, 0, 0, 0, 0, 1, 0, 0, 0, 0, 0, 0, 0, 1, 0, 0, 0, 
44, 0, 1, 2, 0, 1, 0, 0, 0, 0, 1, 0, 1, 0, 0, 0, 0, 1, 0, 0, 0, 0, 0, 2, 0, 32, 4, 3, 4, 29, 6, 12, 5, 2, 8, 11, 2, 13, 6, 8, 6, 14, 0, 1, 1, 3, 3, 1, 2, 3, 1, 1, 0, 42, 4, 3, 1, 23, 3, 3, 0, 25, 4, 5, 2, 1, 0, 0, 0, 1, 1, 0, 2, 3, 2, 1, 5, 2, 0, 0, 0, 1, 0, 0, 0, 0, 0, 0, 0, 1, 0, 0, 0, 0, 0, 0, 0, 0, 0, 0, 0, 1, 0, 0, 0, 3, 0, 0, 0, 0, 0, 0, 0, 
45, 0, 0, 0, 0, 0, 0, 0, 0, 1, 3, 0, 2, 1, 0, 0, 1, 0, 1, 0, 1, 0, 0, 0, 0, 16, 7, 8, 4, 32, 4, 9, 8, 2, 2, 4, 9, 28, 3, 5, 3, 19, 1, 0, 2, 0, 1, 3, 0, 3, 2, 0, 0, 46, 3, 1, 2, 28, 2, 0, 4, 31, 2, 5, 3, 0, 5, 0, 1, 0, 0, 0, 0, 3, 5, 5, 5, 2, 0, 0, 0, 1, 0, 0, 0, 0, 0, 0, 0, 0, 0, 0, 0, 2, 0, 0, 0, 1, 0, 0, 0, 0, 0, 0, 0, 0, 0, 0, 0, 0, 0, 0, 0, 
46, 0, 1, 0, 0, 0, 0, 0, 0, 0, 0, 0, 0, 0, 0, 0, 0, 0, 0, 1, 0, 0, 0, 0, 0, 28, 7, 4, 9, 36, 6, 5, 6, 10, 8, 4, 4, 13, 8, 8, 5, 23, 2, 0, 2, 3, 2, 3, 3, 3, 2, 1, 0, 39, 7, 4, 3, 29, 2, 6, 3, 25, 2, 3, 0, 2, 2, 3, 3, 0, 0, 2, 0, 7, 5, 13, 3, 1, 0, 0, 0, 2, 0, 0, 0, 2, 0, 0, 0, 0, 0, 0, 0, 2, 0, 0, 0, 0, 0, 0, 0, 0, 0, 0, 0, 0, 0, 0, 0, 2, 0, 0, 0, 
47, 0, 0, 0, 0, 0, 0, 0, 0, 0, 0, 0, 0, 0, 0, 2, 0, 3, 2, 0, 0, 1, 0, 0, 0, 47, 4, 4, 5, 35, 5, 3, 4, 18, 7, 5, 0, 14, 9, 6, 4, 31, 4, 0, 1, 2, 4, 0, 2, 4, 1, 2, 2, 36, 5, 1, 1, 30, 4, 2, 1, 28, 3, 4, 2, 21, 10, 2, 3, 4, 1, 2, 3, 7, 8, 5, 3, 1, 0, 0, 0, 0, 0, 0, 0, 2, 0, 0, 0, 1, 0, 0, 0, 1, 0, 0, 0, 1, 0, 0, 0, 0, 0, 0, 0, 3, 0, 0, 0, 1, 0, 0, 0, 
48, 1, 1, 3, 1, 0, 1, 3, 2, 0, 1, 0, 1, 2, 0, 1, 0, 0, 0, 0, 0, 1, 0, 0, 1, 42, 1, 9, 3, 34, 3, 2, 5, 19, 4, 6, 3, 18, 6, 4, 3, 23, 0, 0, 2, 15, 3, 4, 0, 4, 7, 8, 3, 30, 1, 3, 4, 15, 1, 0, 0, 28, 3, 2, 5, 27, 1, 3, 0, 7, 6, 4, 4, 1, 1, 0, 0, 0, 0, 0, 0, 0, 0, 0, 0, 0, 0, 0, 0, 0, 0, 0, 0, 1, 0, 0, 0, 0, 0, 0, 0, 4, 0, 0, 0, 2, 0, 0, 0, 0, 0, 0, 0, 
49, 0, 0, 2, 0, 0, 0, 1, 1, 1, 0, 0, 0, 1, 0, 0, 0, 0, 2, 1, 0, 2, 1, 0, 1, 46, 4, 9, 6, 27, 5, 2, 2, 7, 4, 5, 4, 22, 3, 8, 3, 22, 2, 1, 2, 13, 2, 1, 1, 1, 1, 2, 4, 27, 2, 4, 2, 8, 1, 2, 1, 24, 4, 2, 1, 17, 1, 2, 1, 6, 4, 5, 4, 2, 1, 3, 2, 0, 0, 0, 0, 0, 0, 0, 0, 1, 0, 0, 0, 1, 0, 0, 0, 2, 0, 0, 0, 0, 0, 0, 0, 0, 0, 0, 0, 2, 0, 0, 0, 0, 0, 0, 0, 
50, 1, 0, 1, 0, 6, 2, 1, 0, 1, 1, 0, 2, 0, 0, 1, 0, 0, 0, 0, 0, 1, 1, 0, 3, 52, 11, 6, 4, 32, 5, 3, 3, 6, 9, 8, 4, 12, 8, 6, 4, 25, 4, 0, 0, 22, 1, 2, 0, 2, 0, 1, 2, 25, 3, 2, 1, 3, 4, 1, 0, 29, 6, 2, 5, 3, 2, 3, 0, 7, 3, 7, 1, 1, 3, 6, 4, 1, 0, 0, 0, 1, 0, 0, 0, 3, 0, 0, 0, 2, 0, 0, 0, 1, 0, 0, 0, 0, 0, 0, 0, 1, 0, 0, 0, 1, 0, 0, 0, 1, 0, 0, 0, 
51, 1, 0, 0, 0, 1, 0, 1, 2, 0, 0, 0, 0, 0, 0, 0, 1, 1, 1, 0, 0, 4, 2, 0, 1, 55, 7, 5, 6, 28, 3, 4, 9, 13, 8, 10, 5, 14, 4, 7, 8, 35, 2, 1, 2, 18, 5, 3, 1, 0, 0, 0, 0, 14, 1, 2, 3, 4, 3, 1, 2, 29, 6, 0, 2, 6, 3, 3, 2, 3, 3, 2, 3, 1, 0, 2, 0, 0, 0, 0, 0, 1, 0, 0, 0, 2, 0, 0, 0, 1, 0, 0, 0, 1, 0, 0, 0, 0, 0, 0, 0, 2, 0, 0, 0, 1, 0, 0, 0, 0, 0, 0, 0, 
52, 0, 0, 1, 0, 0, 0, 0, 1, 1, 0, 1, 0, 0, 1, 1, 2, 0, 0, 0, 1, 1, 0, 2, 0, 59, 8, 5, 4, 18, 12, 4, 4, 7, 9, 9, 11, 13, 7, 2, 4, 20, 1, 2, 1, 32, 5, 2, 1, 2, 0, 4, 2, 10, 3, 1, 2, 9, 2, 4, 3, 46, 3, 4, 3, 7, 1, 3, 2, 3, 1, 5, 3, 2, 0, 1, 0, 0, 0, 0, 0, 0, 0, 0, 0, 1, 0, 0, 0, 1, 0, 0, 0, 1, 0, 0, 0, 0, 0, 0, 0, 0, 0, 0, 0, 1, 0, 0, 0, 2, 0, 0, 0, 
53, 1, 0, 0, 0, 0, 0, 0, 0, 1, 2, 0, 0, 0, 0, 1, 0, 0, 0, 0, 0, 0, 1, 0, 1, 71, 7, 6, 1, 22, 9, 3, 6, 4, 11, 12, 6, 17, 10, 9, 5, 6, 4, 3, 3, 28, 1, 0, 2, 0, 3, 5, 4, 4, 4, 2, 1, 21, 2, 1, 1, 39, 6, 0, 3, 8, 4, 2, 3, 3, 2, 3, 1, 0, 1, 0, 0, 0, 0, 0, 0, 3, 0, 0, 0, 0, 0, 0, 0, 0, 0, 0, 0, 1, 0, 0, 0, 0, 0, 0, 0, 1, 0, 0, 0, 1, 0, 0, 0, 0, 0, 0, 0, 
54, 0, 1, 1, 0, 1, 0, 0, 2, 0, 3, 0, 0, 0, 0, 0, 2, 0, 0, 0, 0, 0, 0, 1, 0, 71, 4, 8, 4, 21, 5, 3, 6, 6, 12, 8, 15, 32, 8, 8, 2, 8, 2, 1, 0, 26, 2, 4, 2, 1, 0, 1, 0, 5, 2, 1, 6, 3, 3, 2, 1, 26, 1, 3, 1, 9, 9, 7, 5, 13, 1, 1, 1, 1, 4, 0, 0, 4, 0, 0, 0, 1, 0, 0, 0, 2, 0, 0, 0, 1, 0, 0, 0, 1, 0, 0, 0, 1, 0, 0, 0, 1, 0, 0, 0, 0, 0, 0, 0, 0, 0, 0, 0, 
55, 1, 1, 0, 1, 0, 1, 0, 2, 0, 0, 1, 1, 0, 0, 1, 1, 0, 0, 0, 0, 0, 0, 0, 0, 59, 8, 2, 3, 16, 11, 3, 7, 15, 6, 12, 6, 35, 4, 2, 2, 11, 8, 1, 2, 29, 2, 3, 2, 0, 2, 1, 1, 4, 6, 3, 2, 2, 5, 3, 2, 30, 10, 1, 1, 9, 12, 6, 8, 8, 7, 2, 2, 3, 0, 3, 4, 1, 0, 0, 0, 0, 0, 0, 0, 1, 0, 0, 0, 1, 0, 0, 0, 1, 0, 0, 0, 0, 0, 0, 0, 2, 0, 0, 0, 1, 0, 0, 0, 1, 0, 0, 0, 
56, 1, 0, 0, 0, 0, 1, 0, 0, 0, 0, 1, 0, 0, 0, 0, 1, 1, 0, 0, 1, 0, 0, 0, 0, 61, 7, 5, 3, 26, 7, 5, 5, 11, 15, 10, 9, 21, 9, 5, 5, 14, 3, 2, 2, 25, 3, 2, 1, 1, 3, 1, 0, 4, 3, 6, 3, 6, 8, 2, 2, 42, 2, 2, 3, 6, 6, 9, 7, 4, 1, 2, 2, 4, 2, 2, 4, 1, 0, 0, 0, 0, 0, 0, 0, 0, 0, 0, 0, 0, 0, 0, 0, 2, 0, 0, 0, 0, 0, 0, 0, 0, 0, 0, 0, 0, 0, 0, 0, 0, 0, 0, 0, 
57, 2, 0, 1, 1, 2, 1, 1, 1, 0, 0, 0, 0, 1, 0, 0, 0, 1, 1, 0, 1, 0, 0, 0, 0, 61, 14, 3, 3, 20, 7, 8, 3, 13, 14, 5, 6, 28, 10, 7, 3, 38, 1, 3, 0, 19, 2, 1, 5, 5, 5, 3, 2, 6, 4, 3, 3, 4, 1, 7, 2, 26, 3, 0, 0, 9, 6, 8, 2, 2, 0, 1, 1, 1, 3, 2, 3, 2, 0, 0, 0, 1, 0, 0, 0, 0, 0, 0, 0, 0, 0, 0, 0, 0, 0, 0, 0, 0, 0, 0, 0, 0, 0, 0, 0, 0, 0, 0, 0, 1, 0, 0, 0, 
58, 0, 1, 1, 0, 0, 0, 0, 0, 1, 0, 1, 1, 0, 1, 0, 3, 0, 0, 0, 1, 0, 0, 0, 0, 57, 12, 3, 6, 16, 4, 5, 11, 14, 11, 14, 12, 37, 11, 5, 2, 51, 2, 0, 1, 17, 4, 3, 2, 3, 5, 3, 5, 2, 2, 6, 2, 11, 3, 3, 0, 24, 4, 4, 2, 10, 6, 1, 4, 1, 2, 0, 1, 0, 2, 1, 1, 0, 0, 0, 0, 0, 0, 0, 0, 0, 0, 0, 0, 2, 0, 0, 0, 0, 0, 0, 0, 0, 0, 0, 0, 1, 0, 0, 0, 0, 0, 0, 0, 2, 0, 0, 0, 
59, 1, 1, 1, 0, 1, 0, 0, 0, 0, 0, 1, 1, 1, 1, 0, 0, 0, 0, 1, 0, 1, 2, 2, 0, 71, 6, 9, 6, 23, 8, 2, 7, 17, 7, 8, 15, 42, 9, 3, 3, 48, 3, 0, 0, 18, 6, 3, 3, 0, 1, 0, 0, 1, 0, 2, 1, 18, 3, 1, 0, 16, 3, 4, 3, 19, 4, 4, 1, 0, 0, 0, 0, 3, 2, 3, 3, 0, 0, 0, 0, 3, 0, 0, 0, 0, 0, 0, 0, 1, 0, 0, 0, 0, 0, 0, 0, 1, 0, 0, 0, 0, 0, 0, 0, 2, 0, 0, 0, 2, 0, 0, 0, 
60, 1, 0, 1, 0, 3, 0, 0, 0, 0, 0, 0, 1, 2, 1, 2, 0, 0, 0, 0, 0, 0, 0, 0, 0, 67, 5, 5, 3, 29, 8, 5, 3, 17, 7, 6, 13, 37, 5, 4, 7, 53, 2, 1, 0, 38, 3, 2, 1, 1, 0, 2, 1, 5, 2, 3, 4, 18, 0, 2, 3, 23, 5, 3, 2, 1, 2, 4, 1, 7, 7, 6, 4, 0, 7, 2, 3, 2, 0, 0, 0, 2, 0, 0, 0, 2, 0, 0, 0, 0, 0, 0, 0, 0, 0, 0, 0, 1, 0, 0, 0, 0, 0, 0, 0, 0, 0, 0, 0, 1, 0, 0, 0, 
61, 0, 0, 0, 0, 2, 2, 2, 0, 1, 1, 0, 0, 0, 2, 0, 0, 1, 0, 1, 1, 0, 1, 1, 0, 61, 1, 4, 4, 6, 1, 2, 8, 10, 10, 13, 11, 35, 6, 5, 5, 50, 3, 1, 2, 43, 3, 2, 1, 0, 0, 0, 0, 3, 3, 4, 3, 13, 1, 1, 1, 38, 3, 3, 1, 8, 11, 7, 6, 14, 10, 4, 5, 4, 8, 4, 2, 1, 0, 0, 0, 2, 0, 0, 0, 1, 0, 0, 0, 0, 0, 0, 0, 0, 0, 0, 0, 0, 0, 0, 0, 1, 0, 0, 0, 1, 0, 0, 0, 1, 0, 0, 0, 
62, 0, 0, 0, 0, 1, 1, 0, 0, 1, 0, 0, 0, 2, 2, 0, 0, 1, 0, 0, 0, 1, 0, 0, 1, 47, 5, 3, 1, 7, 7, 9, 3, 13, 11, 12, 7, 29, 8, 5, 1, 55, 3, 5, 1, 44, 2, 2, 1, 4, 4, 5, 2, 1, 0, 0, 1, 2, 4, 3, 2, 35, 2, 3, 1, 9, 6, 4, 5, 24, 8, 3, 3, 8, 5, 6, 6, 2, 0, 0, 0, 0, 0, 0, 0, 1, 0, 0, 0, 1, 0, 0, 0, 1, 0, 0, 0, 0, 0, 0, 0, 2, 0, 0, 0, 1, 0, 0, 0, 3, 0, 0, 0, 
63, 1, 0, 0, 1, 0, 0, 0, 0, 0, 0, 1, 0, 1, 1, 1, 1, 0, 0, 1, 0, 2, 0, 0, 1, 45, 3, 9, 3, 5, 6, 2, 5, 8, 7, 10, 13, 35, 7, 1, 8, 76, 1, 6, 1, 45, 4, 1, 2, 2, 4, 1, 0, 0, 0, 2, 0, 1, 0, 3, 1, 29, 3, 1, 3, 13, 6, 6, 4, 21, 5, 9, 4, 6, 5, 6, 5, 0, 0, 0, 0, 0, 0, 0, 0, 1, 0, 0, 0, 1, 0, 0, 0, 0, 0, 0, 0, 1, 0, 0, 0, 3, 0, 0, 0, 1, 0, 0, 0, 0, 0, 0, 0, 
64, 1, 0, 0, 0, 0, 0, 0, 0, 0, 2, 0, 0, 0, 0, 0, 0, 0, 0, 0, 0, 1, 0, 1, 0, 29, 4, 3, 7, 1, 3, 4, 4, 12, 10, 12, 8, 37, 4, 2, 2, 77, 3, 3, 4, 60, 4, 3, 1, 2, 4, 0, 3, 3, 1, 2, 0, 0, 0, 0, 1, 21, 2, 3, 3, 5, 6, 4, 4, 17, 12, 4, 3, 5, 6, 7, 6, 0, 0, 0, 0, 0, 0, 0, 0, 0, 0, 0, 0, 1, 0, 0, 0, 0, 0, 0, 0, 2, 0, 0, 0, 1, 0, 0, 0, 0, 0, 0, 0, 1, 0, 0, 0, 
65, 0, 1, 0, 0, 0, 0, 0, 0, 1, 0, 0, 0, 0, 0, 0, 0, 0, 0, 0, 0, 2, 1, 1, 0, 17, 4, 6, 3, 0, 1, 2, 3, 23, 11, 10, 5, 21, 9, 3, 8, 77, 2, 3, 1, 72, 3, 2, 3, 2, 1, 0, 1, 2, 3, 4, 1, 4, 0, 1, 2, 22, 1, 2, 1, 1, 7, 4, 1, 23, 5, 8, 7, 6, 4, 4, 4, 2, 0, 0, 0, 1, 0, 0, 0, 1, 0, 0, 0, 0, 0, 0, 0, 2, 0, 0, 0, 0, 0, 0, 0, 0, 0, 0, 0, 2, 0, 0, 0, 1, 0, 0, 0, 
66, 1, 1, 0, 0, 1, 0, 0, 1, 0, 0, 0, 0, 1, 0, 1, 0, 0, 0, 0, 0, 1, 0, 1, 0, 26, 4, 4, 4, 13, 6, 0, 4, 20, 9, 3, 1, 27, 5, 7, 5, 79, 1, 1, 2, 78, 3, 2, 1, 1, 0, 1, 1, 4, 8, 3, 4, 1, 1, 0, 2, 21, 5, 0, 1, 5, 7, 7, 4, 22, 5, 8, 1, 4, 5, 6, 7, 0, 0, 0, 0, 1, 0, 0, 0, 3, 0, 0, 0, 1, 0, 0, 0, 0, 0, 0, 0, 0, 0, 0, 0, 4, 0, 0, 0, 2, 0, 0, 0, 0, 0, 0, 0, 
67, 1, 0, 1, 0, 0, 0, 0, 0, 2, 0, 0, 0, 1, 0, 1, 2, 6, 1, 1, 2, 1, 0, 0, 0, 29, 6, 8, 3, 12, 2, 1, 1, 8, 5, 10, 3, 27, 8, 4, 3, 84, 3, 1, 1, 80, 1, 2, 2, 1, 0, 0, 0, 6, 2, 5, 2, 1, 0, 2, 1, 23, 1, 3, 0, 0, 2, 2, 3, 9, 5, 6, 6, 14, 4, 6, 6, 0, 0, 0, 0, 0, 0, 0, 0, 0, 0, 0, 0, 0, 0, 0, 0, 1, 0, 0, 0, 3, 0, 0, 0, 0, 0, 0, 0, 1, 0, 0, 0, 0, 0, 0, 0, 
68, 0, 0, 0, 0, 0, 2, 0, 0, 0, 0, 1, 0, 0, 0, 0, 3, 1, 2, 2, 1, 1, 1, 0, 0, 21, 3, 4, 3, 15, 3, 5, 2, 20, 7, 9, 4, 31, 4, 8, 5, 79, 1, 1, 1, 84, 2, 2, 2, 2, 0, 4, 2, 3, 1, 2, 2, 1, 2, 2, 1, 16, 2, 1, 3, 1, 1, 2, 2, 12, 5, 6, 3, 13, 5, 3, 5, 1, 0, 0, 0, 1, 0, 0, 0, 0, 0, 0, 0, 1, 0, 0, 0, 0, 0, 0, 0, 1, 0, 0, 0, 2, 0, 0, 0, 0, 0, 0, 0, 0, 0, 0, 0, 
69, 1, 0, 0, 0, 0, 0, 0, 0, 0, 0, 1, 2, 0, 0, 0, 0, 0, 0, 0, 0, 0, 0, 0, 0, 3, 5, 4, 6, 27, 4, 2, 4, 21, 4, 6, 5, 37, 5, 6, 5, 84, 1, 4, 1, 72, 3, 3, 1, 5, 2, 4, 3, 9, 7, 4, 4, 4, 0, 2, 3, 5, 2, 1, 3, 18, 1, 1, 2, 9, 2, 6, 4, 7, 3, 2, 5, 0, 0, 0, 0, 0, 0, 0, 0, 1, 0, 0, 0, 1, 0, 0, 0, 1, 0, 0, 0, 1, 0, 0, 0, 0, 0, 0, 0, 3, 0, 0, 0, 0, 0, 0, 0, 
70, 0, 0, 2, 1, 2, 0, 1, 0, 0, 0, 0, 1, 1, 0, 0, 1, 1, 1, 2, 0, 0, 1, 1, 0, 4, 1, 1, 3, 23, 5, 1, 2, 9, 8, 6, 3, 50, 6, 3, 3, 78, 3, 0, 2, 77, 2, 3, 1, 8, 7, 7, 6, 21, 5, 6, 3, 1, 2, 0, 2, 0, 0, 1, 1, 24, 0, 1, 1, 7, 2, 8, 4, 8, 1, 4, 1, 0, 0, 0, 0, 2, 0, 0, 0, 1, 0, 0, 0, 0, 0, 0, 0, 1, 0, 0, 0, 0, 0, 0, 0, 0, 0, 0, 0, 0, 0, 0, 0, 2, 0, 0, 0, 
71, 1, 0, 0, 1, 0, 0, 0, 0, 0, 0, 1, 1, 1, 0, 2, 0, 0, 0, 2, 0, 0, 0, 1, 1, 2, 3, 1, 0, 22, 2, 0, 2, 6, 4, 4, 9, 47, 8, 4, 7, 78, 1, 3, 1, 74, 4, 3, 2, 13, 1, 7, 2, 9, 5, 2, 2, 14, 0, 0, 0, 5, 6, 6, 6, 15, 2, 0, 2, 11, 4, 11, 7, 1, 3, 4, 2, 1, 0, 0, 0, 0, 0, 0, 0, 0, 0, 0, 0, 1, 0, 0, 0, 0, 0, 0, 0, 1, 0, 0, 0, 1, 0, 0, 0, 2, 0, 0, 0, 1, 0, 0, 0, 
72, 1, 0, 2, 1, 1, 0, 0, 0, 3, 3, 2, 2, 0, 0, 0, 1, 1, 0, 0, 0, 3, 1, 1, 1, 8, 3, 4, 2, 22, 4, 1, 1, 7, 11, 9, 9, 48, 8, 4, 6, 64, 2, 0, 0, 84, 2, 2, 1, 7, 2, 3, 3, 0, 0, 1, 0, 2, 0, 1, 2, 2, 0, 3, 6, 34, 3, 1, 0, 5, 5, 5, 5, 9, 0, 4, 2, 0, 0, 0, 0, 0, 0, 0, 0, 1, 0, 0, 0, 0, 0, 0, 0, 1, 0, 0, 0, 2, 0, 0, 0, 2, 0, 0, 0, 1, 0, 0, 0, 0, 0, 0, 0, 
73, 0, 2, 2, 0, 1, 0, 0, 1, 1, 1, 0, 0, 0, 0, 0, 0, 0, 0, 1, 0, 0, 1, 1, 2, 1, 1, 3, 4, 5, 3, 3, 2, 7, 6, 7, 2, 46, 2, 8, 3, 58, 1, 5, 2, 76, 4, 4, 2, 3, 0, 5, 2, 7, 3, 1, 2, 9, 7, 10, 4, 1, 1, 0, 1, 38, 0, 0, 0, 5, 3, 3, 4, 3, 5, 3, 5, 1, 0, 0, 0, 2, 0, 0, 0, 0, 0, 0, 0, 0, 0, 0, 0, 1, 0, 0, 0, 0, 0, 0, 0, 2, 0, 0, 0, 2, 0, 0, 0, 3, 0, 0, 0, 
74, 0, 0, 0, 0, 1, 0, 3, 0, 0, 0, 0, 0, 0, 0, 0, 0, 0, 1, 0, 1, 0, 0, 0, 0, 0, 0, 0, 1, 13, 3, 2, 2, 9, 3, 4, 3, 29, 5, 5, 7, 59, 1, 2, 3, 72, 2, 1, 2, 2, 0, 0, 4, 2, 1, 4, 4, 19, 3, 5, 4, 14, 6, 5, 10, 41, 6, 3, 0, 5, 3, 2, 2, 0, 0, 5, 1, 1, 0, 0, 0, 1, 0, 0, 0, 0, 0, 0, 0, 0, 0, 0, 0, 4, 0, 0, 0, 2, 0, 0, 0, 2, 0, 0, 0, 1, 0, 0, 0, 0, 0, 0, 0, 
75, 1, 1, 0, 0, 0, 1, 1, 0, 0, 0, 1, 0, 0, 0, 0, 0, 0, 1, 0, 0, 0, 0, 0, 0, 9, 4, 4, 0, 13, 5, 0, 1, 1, 0, 0, 2, 26, 10, 5, 4, 63, 3, 3, 1, 61, 0, 2, 2, 3, 5, 5, 2, 0, 3, 2, 3, 15, 5, 2, 2, 7, 8, 6, 5, 50, 1, 2, 0, 5, 1, 2, 2, 8, 8, 5, 6, 0, 0, 0, 0, 0, 0, 0, 0, 1, 0, 0, 0, 3, 0, 0, 0, 1, 0, 0, 0, 2, 0, 0, 0, 0, 0, 0, 0, 0, 0, 0, 0, 1, 0, 0, 0, 
76, 4, 1, 0, 1, 2, 0, 1, 1, 3, 1, 0, 2, 0, 0, 0, 1, 1, 0, 0, 1, 0, 1, 0, 0, 18, 2, 3, 3, 16, 2, 1, 0, 0, 0, 0, 1, 30, 4, 7, 1, 57, 3, 1, 3, 65, 3, 1, 1, 5, 7, 3, 3, 0, 2, 0, 0, 4, 5, 8, 9, 8, 8, 4, 5, 40, 1, 1, 0, 1, 3, 3, 1, 4, 5, 3, 1, 1, 0, 0, 0, 0, 0, 0, 0, 2, 0, 0, 0, 1, 0, 0, 0, 1, 0, 0, 0, 0, 0, 0, 0, 1, 0, 0, 0, 1, 0, 0, 0, 5, 0, 0, 0, 
77, 3, 0, 0, 2, 0, 0, 0, 0, 1, 1, 0, 1, 0, 0, 0, 0, 0, 0, 1, 0, 0, 0, 1, 0, 18, 0, 0, 1, 10, 6, 2, 2, 1, 4, 3, 1, 19, 10, 3, 3, 58, 2, 0, 2, 50, 5, 1, 0, 2, 5, 5, 3, 2, 5, 2, 1, 10, 7, 11, 9, 4, 15, 3, 1, 19, 2, 2, 1, 3, 7, 3, 5, 12, 9, 3, 5, 1, 0, 0, 0, 1, 0, 0, 0, 1, 0, 0, 0, 0, 0, 0, 0, 0, 0, 0, 0, 1, 0, 0, 0, 1, 0, 0, 0, 1, 0, 0, 0, 0, 0, 0, 0, 
78, 0, 0, 0, 0, 0, 0, 0, 0, 0, 0, 1, 0, 2, 2, 0, 0, 0, 0, 0, 0, 0, 1, 0, 0, 29, 3, 1, 1, 15, 2, 2, 1, 5, 3, 3, 1, 22, 4, 5, 3, 74, 3, 1, 1, 52, 3, 2, 2, 5, 0, 6, 1, 1, 1, 0, 1, 14, 11, 7, 11, 9, 5, 4, 1, 18, 4, 1, 0, 1, 5, 7, 7, 19, 6, 8, 4, 1, 0, 0, 0, 1, 0, 0, 0, 2, 0, 0, 0, 0, 0, 0, 0, 2, 0, 0, 0, 1, 0, 0, 0, 0, 0, 0, 0, 3, 0, 0, 0, 1, 0, 0, 0, 
79, 0, 0, 0, 2, 0, 0, 0, 1, 1, 0, 0, 0, 0, 0, 0, 0, 0, 0, 0, 0, 0, 1, 1, 1, 41, 1, 0, 0, 10, 0, 3, 3, 4, 4, 1, 1, 35, 4, 4, 4, 70, 1, 1, 3, 55, 4, 3, 3, 11, 2, 2, 1, 3, 2, 2, 1, 15, 12, 6, 11, 12, 7, 12, 6, 17, 1, 3, 1, 5, 5, 9, 4, 25, 4, 4, 5, 1, 0, 0, 0, 0, 0, 0, 0, 2, 0, 0, 0, 0, 0, 0, 0, 1, 0, 0, 0, 1, 0, 0, 0, 3, 0, 0, 0, 1, 0, 0, 0, 1, 0, 0, 0, 
80, 0, 2, 0, 0, 0, 2, 0, 3, 1, 1, 4, 0, 2, 1, 0, 0, 1, 0, 0, 0, 1, 0, 1, 0, 46, 4, 3, 0, 13, 4, 2, 5, 12, 3, 3, 3, 34, 7, 8, 2, 78, 2, 1, 1, 45, 0, 1, 1, 13, 1, 0, 4, 2, 0, 0, 4, 22, 18, 7, 9, 9, 11, 8, 4, 6, 1, 1, 0, 4, 8, 5, 2, 17, 7, 1, 5, 0, 0, 0, 0, 0, 0, 0, 0, 0, 0, 0, 0, 0, 0, 0, 0, 1, 0, 0, 0, 0, 0, 0, 0, 0, 0, 0, 0, 1, 0, 0, 0, 3, 0, 0, 0, 
81, 2, 1, 3, 2, 0, 0, 1, 0, 0, 0, 1, 0, 1, 0, 0, 0, 0, 0, 0, 0, 0, 0, 0, 0, 29, 2, 0, 2, 23, 2, 1, 2, 8, 5, 5, 2, 30, 12, 5, 4, 85, 3, 3, 4, 25, 2, 1, 0, 17, 1, 0, 2, 6, 10, 2, 10, 41, 9, 8, 6, 14, 15, 7, 8, 0, 3, 2, 0, 2, 2, 6, 5, 15, 3, 4, 2, 1, 0, 0, 0, 0, 0, 0, 0, 0, 0, 0, 0, 0, 0, 0, 0, 1, 0, 0, 0, 1, 0, 0, 0, 1, 0, 0, 0, 1, 0, 0, 0, 2, 0, 0, 0, 
82, 2, 1, 3, 1, 1, 1, 1, 0, 0, 0, 0, 3, 1, 0, 0, 1, 0, 1, 0, 0, 1, 0, 0, 0, 42, 2, 1, 1, 19, 6, 2, 4, 14, 5, 3, 4, 43, 3, 10, 7, 83, 4, 5, 1, 29, 1, 1, 2, 0, 0, 2, 0, 9, 12, 7, 4, 39, 7, 11, 6, 11, 9, 3, 4, 2, 2, 1, 2, 3, 3, 3, 6, 6, 3, 8, 2, 1, 0, 0, 0, 0, 0, 0, 0, 0, 0, 0, 0, 0, 0, 0, 0, 1, 0, 0, 0, 1, 0, 0, 0, 0, 0, 0, 0, 1, 0, 0, 0, 1, 0, 0, 0, 
83, 3, 0, 0, 0, 0, 0, 0, 1, 0, 0, 0, 0, 1, 0, 1, 0, 1, 0, 0, 1, 0, 1, 1, 3, 30, 2, 1, 2, 32, 6, 0, 4, 11, 6, 8, 5, 51, 9, 5, 5, 80, 2, 0, 2, 16, 1, 0, 2, 5, 1, 3, 2, 10, 5, 7, 3, 50, 12, 8, 5, 10, 11, 3, 4, 0, 1, 0, 3, 0, 2, 3, 0, 20, 12, 4, 6, 2, 0, 0, 0, 0, 0, 0, 0, 1, 0, 0, 0, 1, 0, 0, 0, 1, 0, 0, 0, 0, 0, 0, 0, 0, 0, 0, 0, 4, 0, 0, 0, 0, 0, 0, 0, 
84, 0, 2, 3, 1, 1, 0, 0, 0, 0, 0, 1, 0, 0, 0, 0, 0, 0, 0, 0, 0, 0, 0, 0, 0, 31, 0, 0, 1, 38, 13, 5, 2, 9, 4, 2, 4, 57, 4, 6, 3, 81, 3, 3, 3, 10, 2, 2, 4, 0, 0, 0, 0, 6, 5, 3, 6, 56, 12, 9, 9, 4, 7, 5, 10, 1, 1, 1, 2, 2, 5, 4, 2, 24, 9, 10, 4, 2, 0, 0, 0, 0, 0, 0, 0, 4, 0, 0, 0, 0, 0, 0, 0, 0, 0, 0, 0, 1, 0, 0, 0, 2, 0, 0, 0, 1, 0, 0, 0, 1, 0, 0, 0, 
85, 1, 1, 1, 0, 0, 2, 1, 0, 0, 0, 0, 0, 0, 0, 0, 0, 0, 0, 0, 0, 1, 1, 0, 0, 29, 1, 0, 4, 57, 6, 3, 2, 5, 2, 2, 2, 52, 4, 4, 3, 87, 1, 4, 1, 14, 3, 5, 4, 4, 3, 2, 5, 17, 12, 4, 8, 64, 5, 8, 13, 1, 3, 2, 3, 0, 2, 1, 0, 0, 0, 0, 1, 32, 6, 4, 1, 1, 0, 0, 0, 1, 0, 0, 0, 0, 0, 0, 0, 0, 0, 0, 0, 2, 0, 0, 0, 0, 0, 0, 0, 0, 0, 0, 0, 2, 0, 0, 0, 2, 0, 0, 0, 
86, 0, 0, 0, 0, 0, 1, 1, 0, 1, 0, 0, 1, 0, 0, 0, 0, 0, 0, 0, 0, 2, 0, 0, 0, 35, 2, 2, 0, 48, 4, 1, 3, 12, 5, 2, 3, 46, 4, 5, 4, 82, 5, 2, 1, 15, 3, 8, 2, 1, 1, 1, 1, 8, 8, 7, 11, 65, 11, 7, 9, 5, 0, 1, 2, 6, 4, 5, 5, 5, 3, 2, 3, 22, 7, 1, 8, 1, 0, 0, 0, 1, 0, 0, 0, 1, 0, 0, 0, 0, 0, 0, 0, 1, 0, 0, 0, 0, 0, 0, 0, 1, 0, 0, 0, 0, 0, 0, 0, 1, 0, 0, 0, 
87, 2, 0, 0, 0, 2, 1, 0, 0, 0, 0, 0, 0, 0, 0, 0, 0, 0, 0, 0, 0, 0, 2, 1, 0, 20, 1, 0, 0, 52, 2, 3, 0, 2, 4, 5, 2, 50, 9, 6, 8, 93, 2, 0, 4, 17, 7, 6, 0, 0, 0, 0, 0, 5, 13, 7, 7, 62, 7, 6, 7, 2, 2, 0, 0, 11, 9, 2, 7, 9, 8, 7, 4, 33, 2, 2, 6, 1, 0, 0, 0, 0, 0, 0, 0, 1, 0, 0, 0, 0, 0, 0, 0, 1, 0, 0, 0, 3, 0, 0, 0, 0, 0, 0, 0, 0, 0, 0, 0, 0, 0, 0, 0, 
88, 0, 0, 0, 1, 1, 3, 0, 1, 2, 1, 0, 0, 0, 0, 0, 1, 0, 0, 0, 0, 2, 3, 3, 1, 22, 2, 1, 0, 51, 1, 1, 2, 0, 0, 3, 0, 52, 4, 7, 2, 98, 2, 1, 1, 27, 2, 1, 1, 0, 0, 0, 2, 9, 7, 10, 7, 65, 7, 11, 10, 0, 4, 3, 0, 13, 5, 11, 4, 18, 2, 8, 4, 25, 4, 10, 5, 1, 0, 0, 0, 2, 0, 0, 0, 0, 0, 0, 0, 1, 0, 0, 0, 0, 0, 0, 0, 1, 0, 0, 0, 1, 0, 0, 0, 1, 0, 0, 0, 0, 0, 0, 0, 
89, 0, 1, 1, 0, 1, 0, 3, 0, 0, 1, 0, 0, 3, 0, 0, 0, 0, 0, 0, 1, 0, 0, 0, 0, 26, 2, 4, 0, 47, 3, 1, 3, 2, 1, 1, 0, 57, 8, 7, 5, 100, 1, 2, 5, 17, 2, 3, 2, 3, 4, 0, 2, 9, 9, 5, 5, 66, 20, 12, 10, 0, 0, 0, 0, 6, 8, 11, 6, 20, 1, 6, 3, 38, 2, 4, 3, 0, 0, 0, 0, 0, 0, 0, 0, 0, 0, 0, 0, 2, 0, 0, 0, 0, 0, 0, 0, 0, 0, 0, 0, 0, 0, 0, 0, 1, 0, 0, 0, 1, 0, 0, 0, 
90, 0, 1, 0, 0, 0, 0, 0, 0, 0, 0, 0, 0, 1, 1, 0, 2, 1, 2, 0, 0, 1, 0, 0, 1, 35, 2, 3, 0, 34, 2, 0, 2, 0, 1, 0, 1, 63, 3, 6, 8, 100, 6, 5, 2, 9, 5, 1, 1, 1, 0, 1, 1, 4, 8, 6, 2, 91, 7, 12, 2, 1, 0, 1, 0, 8, 9, 4, 5, 25, 2, 2, 2, 20, 7, 1, 2, 2, 0, 0, 0, 1, 0, 0, 0, 0, 0, 0, 0, 1, 0, 0, 0, 1, 0, 0, 0, 1, 0, 0, 0, 3, 0, 0, 0, 2, 0, 0, 0, 0, 0, 0, 0, 
91, 0, 1, 0, 1, 1, 0, 1, 0, 2, 1, 0, 1, 0, 0, 0, 0, 1, 1, 0, 0, 2, 1, 1, 1, 35, 2, 2, 0, 40, 2, 0, 3, 0, 0, 0, 1, 56, 4, 5, 6, 100, 6, 0, 2, 3, 1, 2, 3, 2, 3, 2, 0, 4, 4, 5, 4, 88, 12, 12, 13, 4, 1, 1, 0, 10, 5, 6, 5, 20, 2, 6, 5, 8, 8, 8, 5, 3, 0, 0, 0, 0, 0, 0, 0, 2, 0, 0, 0, 0, 0, 0, 0, 0, 0, 0, 0, 1, 0, 0, 0, 0, 0, 0, 0, 0, 0, 0, 0, 0, 0, 0, 0, 
92, 0, 1, 0, 0, 0, 0, 0, 0, 3, 2, 0, 1, 0, 0, 0, 0, 1, 1, 0, 0, 0, 1, 0, 0, 37, 3, 4, 1, 50, 6, 2, 2, 5, 9, 5, 3, 37, 7, 6, 2, 100, 3, 1, 3, 3, 3, 0, 2, 0, 1, 0, 0, 2, 3, 4, 3, 100, 12, 13, 6, 6, 6, 3, 0, 7, 6, 8, 7, 12, 6, 3, 4, 20, 8, 6, 6, 0, 0, 0, 0, 5, 0, 0, 0, 0, 0, 0, 0, 1, 0, 0, 0, 1, 0, 0, 0, 1, 0, 0, 0, 1, 0, 0, 0, 2, 0, 0, 0, 0, 0, 0, 0, 
93, 1, 1, 0, 1, 3, 1, 0, 2, 0, 0, 0, 1, 0, 1, 2, 0, 2, 0, 0, 2, 0, 0, 1, 0, 40, 3, 2, 2, 60, 1, 1, 3, 2, 5, 5, 3, 40, 6, 6, 7, 100, 1, 1, 3, 5, 3, 3, 0, 5, 2, 3, 3, 0, 3, 2, 3, 100, 4, 5, 13, 6, 3, 1, 2, 5, 5, 8, 4, 8, 1, 4, 3, 20, 5, 3, 2, 0, 0, 0, 0, 1, 0, 0, 0, 1, 0, 0, 0, 1, 0, 0, 0, 1, 0, 0, 0, 0, 0, 0, 0, 1, 0, 0, 0, 2, 0, 0, 0, 1, 0, 0, 0, 
94, 1, 0, 1, 0, 2, 2, 0, 1, 0, 1, 0, 1, 0, 0, 0, 0, 0, 0, 0, 1, 0, 0, 0, 0, 40, 6, 1, 2, 60, 3, 4, 2, 7, 4, 4, 2, 47, 9, 8, 4, 100, 1, 2, 2, 21, 0, 4, 1, 3, 3, 1, 0, 4, 8, 5, 3, 100, 21, 7, 6, 12, 0, 1, 6, 15, 7, 7, 3, 3, 3, 1, 3, 19, 9, 3, 4, 0, 0, 0, 0, 2, 0, 0, 0, 1, 0, 0, 0, 0, 0, 0, 0, 1, 0, 0, 0, 2, 0, 0, 0, 0, 0, 0, 0, 3, 0, 0, 0, 0, 0, 0, 0, 
95, 0, 0, 0, 0, 0, 0, 1, 1, 0, 1, 1, 0, 1, 0, 0, 0, 1, 0, 0, 0, 2, 4, 1, 2, 30, 2, 0, 1, 66, 5, 4, 3, 5, 8, 3, 4, 40, 5, 3, 6, 100, 1, 2, 0, 23, 0, 2, 2, 3, 1, 4, 3, 5, 3, 1, 2, 100, 12, 8, 8, 16, 1, 3, 2, 7, 9, 6, 2, 4, 4, 1, 3, 26, 5, 2, 3, 0, 0, 0, 0, 2, 0, 0, 0, 0, 0, 0, 0, 0, 0, 0, 0, 0, 0, 0, 0, 0, 0, 0, 0, 1, 0, 0, 0, 2, 0, 0, 0, 0, 0, 0, 0, 
96, 3, 2, 1, 2, 2, 0, 0, 0, 0, 1, 2, 0, 1, 0, 0, 0, 1, 0, 0, 0, 0, 0, 0, 0, 17, 3, 0, 1, 80, 4, 1, 1, 2, 7, 7, 2, 30, 6, 4, 6, 100, 6, 2, 1, 33, 5, 4, 2, 7, 4, 3, 1, 2, 1, 0, 0, 100, 8, 14, 11, 27, 5, 5, 1, 11, 5, 5, 1, 1, 1, 1, 0, 26, 4, 5, 5, 0, 0, 0, 0, 1, 0, 0, 0, 0, 0, 0, 0, 0, 0, 0, 0, 2, 0, 0, 0, 0, 0, 0, 0, 1, 0, 0, 0, 2, 0, 0, 0, 2, 0, 0, 0, 
97, 0, 0, 0, 0, 0, 2, 0, 0, 0, 0, 1, 1, 0, 2, 0, 2, 0, 0, 0, 1, 0, 0, 0, 0, 2, 0, 2, 2, 83, 3, 3, 3, 2, 3, 4, 5, 41, 13, 7, 0, 100, 4, 3, 2, 32, 1, 2, 3, 3, 1, 3, 2, 1, 2, 3, 2, 100, 5, 7, 9, 33, 2, 1, 0, 2, 2, 6, 2, 4, 1, 0, 1, 40, 9, 6, 5, 0, 0, 0, 0, 0, 0, 0, 0, 0, 0, 0, 0, 1, 0, 0, 0, 3, 0, 0, 0, 1, 0, 0, 0, 1, 0, 0, 0, 0, 0, 0, 0, 0, 0, 0, 0, 
98, 4, 4, 1, 1, 2, 1, 2, 0, 0, 0, 0, 0, 0, 0, 0, 0, 0, 1, 0, 1, 0, 0, 0, 0, 0, 4, 2, 3, 90, 3, 2, 1, 3, 2, 3, 1, 42, 6, 9, 7, 100, 4, 6, 0, 33, 5, 1, 2, 1, 1, 2, 2, 1, 3, 0, 3, 100, 11, 8, 15, 19, 6, 0, 3, 12, 2, 4, 4, 0, 0, 0, 0, 33, 4, 8, 5, 2, 0, 0, 0, 2, 0, 0, 0, 1, 0, 0, 0, 1, 0, 0, 0, 0, 0, 0, 0, 1, 0, 0, 0, 0, 0, 0, 0, 1, 0, 0, 0, 0, 0, 0, 0, 
99, 1, 3, 1, 0, 0, 1, 0, 1, 0, 1, 1, 1, 0, 0, 1, 0, 0, 0, 0, 0, 1, 0, 0, 0, 2, 1, 2, 1, 89, 1, 1, 3, 2, 4, 3, 3, 53, 3, 5, 2, 100, 6, 0, 1, 23, 3, 2, 2, 0, 4, 0, 1, 1, 2, 4, 1, 100, 10, 11, 9, 35, 2, 1, 4, 13, 3, 6, 3, 4, 4, 1, 1, 31, 2, 8, 3, 0, 0, 0, 0, 0, 0, 0, 0, 0, 0, 0, 0, 0, 0, 0, 0, 0, 0, 0, 0, 0, 0, 0, 0, 1, 0, 0, 0, 2, 0, 0, 0, 1, 0, 0, 0, 