0, 2, 2, 0, 0, 0, 0, 0, 2, 0, 0, 2, 0, 0, 0, 0, 2, 0, 1, 0, 1, 0, 1, 0, 0, 1, 0, 1, 0, 0, 0, 0, 1, 0, 2, 2, 2, 0, 1, 4, 1, 1, 1, 0, 1, 1, 0, 0, 0, 1, 1, 0, 1, 0, 0, 0, 0, 2, 1, 0, 0, 1, 2, 4, 1, 10, 2, 1, 0, 2, 0, 1, 2, 3, 1, 2, 0, 0, 0, 0, 0, 0, 0, 0, 0, 1, 0, 0, 0, 2, 0, 0, 0, 1, 0, 0, 0, 0, 0, 0, 0, 1, 0, 0, 0, 0, 0, 0, 0, 1, 0, 0, 0, 
1, 4, 1, 1, 0, 0, 0, 0, 0, 0, 0, 0, 0, 0, 0, 1, 1, 0, 0, 0, 0, 0, 0, 1, 1, 6, 1, 0, 0, 3, 0, 1, 1, 2, 0, 2, 2, 0, 0, 0, 2, 1, 0, 0, 0, 1, 8, 2, 7, 3, 0, 1, 2, 0, 3, 0, 1, 12, 0, 0, 1, 0, 0, 0, 0, 6, 1, 0, 1, 1, 1, 3, 2, 0, 1, 1, 0, 1, 0, 0, 0, 0, 0, 0, 0, 1, 0, 0, 0, 2, 0, 0, 0, 1, 0, 0, 0, 0, 0, 0, 0, 0, 0, 0, 0, 0, 0, 0, 0, 0, 0, 0, 0, 
2, 2, 0, 0, 0, 0, 0, 0, 0, 1, 4, 1, 1, 0, 0, 0, 0, 0, 0, 0, 0, 1, 1, 1, 0, 4, 6, 2, 0, 0, 0, 0, 3, 0, 0, 0, 2, 0, 2, 1, 1, 0, 0, 1, 0, 3, 5, 6, 4, 5, 0, 2, 0, 2, 0, 1, 0, 20, 2, 2, 2, 2, 1, 0, 0, 4, 1, 5, 4, 5, 4, 2, 1, 1, 6, 3, 3, 0, 0, 0, 0, 0, 0, 0, 0, 0, 0, 0, 0, 0, 0, 0, 0, 2, 0, 0, 0, 0, 0, 0, 0, 0, 0, 0, 0, 1, 0, 0, 0, 3, 0, 0, 0, 
3, 0, 0, 0, 0, 0, 0, 0, 0, 0, 1, 1, 0, 1, 1, 0, 0, 0, 0, 1, 0, 0, 0, 0, 0, 13, 3, 1, 0, 2, 2, 1, 1, 1, 0, 1, 0, 3, 1, 1, 1, 5, 1, 2, 0, 1, 0, 0, 0, 13, 2, 2, 0, 1, 1, 0, 1, 25, 0, 0, 3, 0, 0, 0, 2, 1, 2, 3, 0, 1, 0, 3, 2, 3, 6, 5, 3, 0, 0, 0, 0, 2, 0, 0, 0, 2, 0, 0, 0, 0, 0, 0, 0, 0, 0, 0, 0, 2, 0, 0, 0, 0, 0, 0, 0, 1, 0, 0, 0, 1, 0, 0, 0, 
4, 1, 0, 0, 1, 0, 1, 2, 2, 1, 1, 0, 0, 0, 0, 0, 0, 2, 1, 2, 5, 1, 1, 0, 1, 0, 0, 0, 1, 6, 6, 3, 2, 6, 1, 1, 2, 2, 2, 1, 0, 1, 1, 2, 0, 0, 1, 1, 1, 11, 1, 4, 5, 2, 1, 3, 2, 19, 0, 1, 0, 3, 0, 0, 2, 1, 0, 0, 1, 0, 2, 2, 1, 1, 4, 2, 4, 2, 0, 0, 0, 0, 0, 0, 0, 0, 0, 0, 0, 1, 0, 0, 0, 0, 0, 0, 0, 1, 0, 0, 0, 0, 0, 0, 0, 0, 0, 0, 0, 1, 0, 0, 0, 
5, 0, 0, 0, 1, 0, 0, 0, 0, 0, 0, 1, 0, 1, 0, 0, 0, 0, 0, 0, 0, 1, 1, 0, 0, 0, 0, 0, 0, 6, 4, 3, 6, 2, 1, 3, 0, 1, 2, 0, 0, 1, 2, 1, 0, 2, 2, 1, 1, 22, 1, 1, 0, 1, 0, 1, 0, 17, 3, 0, 1, 2, 1, 4, 4, 2, 5, 3, 2, 1, 3, 1, 2, 4, 1, 0, 0, 1, 0, 0, 0, 2, 0, 0, 0, 1, 0, 0, 0, 2, 0, 0, 0, 1, 0, 0, 0, 3, 0, 0, 0, 3, 0, 0, 0, 0, 0, 0, 0, 0, 0, 0, 0, 
6, 2, 2, 0, 2, 0, 1, 0, 0, 0, 0, 1, 0, 1, 0, 0, 0, 0, 1, 0, 0, 0, 0, 0, 0, 1, 2, 0, 1, 2, 1, 2, 3, 5, 1, 1, 1, 5, 3, 0, 0, 1, 2, 2, 0, 2, 0, 0, 1, 24, 1, 3, 4, 2, 6, 3, 1, 7, 1, 0, 0, 4, 9, 6, 3, 3, 7, 3, 2, 1, 0, 1, 1, 0, 0, 0, 0, 0, 0, 0, 0, 1, 0, 0, 0, 1, 0, 0, 0, 1, 0, 0, 0, 5, 0, 0, 0, 1, 0, 0, 0, 0, 0, 0, 0, 0, 0, 0, 0, 1, 0, 0, 0, 
7, 3, 2, 0, 0, 5, 5, 1, 5, 0, 0, 1, 0, 0, 0, 0, 0, 0, 1, 2, 0, 0, 0, 0, 1, 1, 2, 3, 2, 2, 1, 0, 1, 0, 2, 1, 1, 14, 0, 2, 2, 0, 0, 1, 1, 9, 0, 0, 1, 38, 1, 3, 2, 1, 0, 1, 0, 6, 1, 0, 0, 5, 1, 3, 7, 5, 5, 6, 6, 2, 1, 1, 0, 1, 0, 2, 0, 1, 0, 0, 0, 0, 0, 0, 0, 2, 0, 0, 0, 1, 0, 0, 0, 1, 0, 0, 0, 0, 0, 0, 0, 0, 0, 0, 0, 1, 0, 0, 0, 2, 0, 0, 0, 
8, 1, 2, 0, 0, 0, 1, 1, 0, 1, 0, 0, 0, 0, 0, 0, 1, 0, 0, 0, 1, 0, 0, 0, 0, 2, 2, 1, 2, 8, 1, 0, 2, 0, 3, 1, 0, 11, 2, 2, 0, 8, 1, 5, 1, 15, 3, 0, 0, 45, 1, 2, 1, 1, 1, 0, 1, 1, 1, 1, 2, 2, 3, 1, 2, 18, 10, 5, 4, 4, 0, 1, 1, 0, 2, 0, 1, 0, 0, 0, 0, 2, 0, 0, 0, 2, 0, 0, 0, 1, 0, 0, 0, 0, 0, 0, 0, 0, 0, 0, 0, 0, 0, 0, 0, 0, 0, 0, 0, 1, 0, 0, 0, 
9, 1, 1, 0, 0, 0, 0, 0, 0, 0, 0, 0, 0, 0, 1, 0, 0, 0, 0, 0, 0, 0, 1, 0, 0, 1, 4, 3, 1, 7, 2, 0, 0, 3, 4, 3, 5, 11, 3, 3, 1, 2, 8, 8, 1, 9, 0, 1, 0, 56, 3, 2, 0, 1, 0, 2, 0, 5, 4, 0, 3, 2, 1, 0, 0, 29, 4, 2, 4, 1, 2, 0, 2, 0, 1, 0, 1, 1, 0, 0, 0, 1, 0, 0, 0, 1, 0, 0, 0, 0, 0, 0, 0, 1, 0, 0, 0, 0, 0, 0, 0, 0, 0, 0, 0, 2, 0, 0, 0, 1, 0, 0, 0, 
10, 0, 1, 0, 0, 0, 0, 1, 0, 2, 0, 1, 1, 2, 1, 1, 0, 0, 0, 0, 0, 1, 2, 0, 4, 3, 0, 1, 0, 3, 2, 2, 4, 3, 2, 1, 3, 3, 3, 0, 3, 6, 2, 1, 4, 1, 2, 0, 0, 55, 0, 1, 0, 9, 1, 1, 0, 0, 2, 1, 3, 1, 2, 0, 1, 26, 3, 9, 1, 1, 1, 2, 1, 0, 1, 1, 0, 0, 0, 0, 0, 0, 0, 0, 0, 0, 0, 0, 0, 1, 0, 0, 0, 2, 0, 0, 0, 2, 0, 0, 0, 0, 0, 0, 0, 1, 0, 0, 0, 0, 0, 0, 0, 
11, 1, 0, 1, 3, 0, 0, 1, 0, 0, 0, 0, 1, 2, 0, 0, 0, 0, 0, 0, 0, 0, 0, 0, 1, 3, 1, 3, 7, 9, 2, 0, 0, 0, 1, 0, 1, 7, 1, 0, 0, 4, 5, 4, 5, 17, 2, 0, 1, 34, 1, 2, 0, 1, 0, 2, 0, 1, 0, 2, 4, 1, 1, 2, 0, 22, 3, 1, 7, 4, 3, 0, 1, 2, 0, 0, 2, 0, 0, 0, 0, 0, 0, 0, 0, 1, 0, 0, 0, 4, 0, 0, 0, 0, 0, 0, 0, 1, 0, 0, 0, 0, 0, 0, 0, 1, 0, 0, 0, 1, 0, 0, 0, 
12, 0, 0, 1, 0, 0, 1, 1, 0, 2, 1, 0, 1, 0, 0, 2, 0, 0, 0, 0, 1, 0, 1, 0, 0, 2, 2, 0, 2, 2, 1, 1, 0, 4, 3, 2, 1, 1, 2, 0, 3, 3, 6, 5, 3, 31, 4, 2, 1, 38, 1, 4, 1, 3, 2, 5, 5, 0, 0, 0, 0, 1, 0, 1, 0, 14, 4, 1, 5, 2, 1, 0, 1, 3, 5, 2, 1, 0, 0, 0, 0, 1, 0, 0, 0, 1, 0, 0, 0, 0, 0, 0, 0, 2, 0, 0, 0, 1, 0, 0, 0, 0, 0, 0, 0, 1, 0, 0, 0, 0, 0, 0, 0, 
13, 0, 0, 1, 0, 2, 2, 2, 1, 1, 0, 1, 1, 1, 0, 1, 0, 2, 1, 0, 0, 0, 0, 0, 0, 1, 4, 4, 0, 0, 2, 0, 1, 10, 6, 0, 0, 3, 0, 1, 4, 3, 5, 6, 7, 26, 1, 1, 0, 46, 0, 2, 0, 4, 9, 8, 5, 0, 1, 0, 0, 0, 1, 3, 1, 16, 2, 4, 2, 6, 3, 5, 2, 0, 2, 1, 1, 0, 0, 0, 0, 1, 0, 0, 0, 0, 0, 0, 0, 0, 0, 0, 0, 0, 0, 0, 0, 2, 0, 0, 0, 1, 0, 0, 0, 0, 0, 0, 0, 0, 0, 0, 0, 
14, 1, 2, 1, 2, 1, 0, 0, 0, 0, 0, 1, 1, 0, 1, 0, 1, 1, 1, 0, 0, 0, 2, 1, 1, 0, 0, 0, 1, 0, 0, 0, 0, 18, 2, 2, 4, 6, 7, 3, 6, 7, 5, 5, 4, 33, 1, 1, 0, 34, 3, 3, 1, 7, 7, 7, 9, 1, 1, 0, 1, 7, 1, 0, 4, 10, 7, 6, 3, 3, 1, 1, 0, 0, 1, 0, 2, 2, 0, 0, 0, 0, 0, 0, 0, 0, 0, 0, 0, 2, 0, 0, 0, 1, 0, 0, 0, 1, 0, 0, 0, 1, 0, 0, 0, 0, 0, 0, 0, 1, 0, 0, 0, 
15, 0, 0, 0, 0, 0, 0, 0, 1, 0, 0, 0, 0, 0, 0, 0, 1, 0, 0, 0, 0, 1, 0, 0, 0, 6, 0, 2, 1, 1, 1, 1, 2, 19, 2, 2, 3, 3, 5, 5, 5, 8, 2, 0, 1, 38, 0, 0, 0, 40, 1, 2, 1, 7, 5, 5, 3, 7, 1, 0, 0, 6, 6, 7, 9, 16, 5, 5, 5, 10, 4, 2, 0, 3, 3, 0, 3, 0, 0, 0, 0, 1, 0, 0, 0, 3, 0, 0, 0, 1, 0, 0, 0, 0, 0, 0, 0, 1, 0, 0, 0, 1, 0, 0, 0, 2, 0, 0, 0, 0, 0, 0, 0, 
16, 1, 1, 1, 1, 1, 1, 3, 1, 1, 0, 0, 0, 0, 0, 0, 0, 0, 0, 1, 0, 1, 0, 1, 1, 1, 0, 2, 0, 3, 1, 2, 4, 27, 4, 2, 1, 2, 2, 4, 2, 1, 1, 0, 0, 29, 0, 0, 0, 36, 1, 1, 1, 6, 7, 6, 5, 7, 1, 2, 4, 9, 12, 8, 10, 20, 11, 7, 3, 9, 3, 1, 0, 13, 1, 2, 2, 2, 0, 0, 0, 0, 0, 0, 0, 1, 0, 0, 0, 1, 0, 0, 0, 1, 0, 0, 0, 0, 0, 0, 0, 0, 0, 0, 0, 1, 0, 0, 0, 1, 0, 0, 0, 
17, 1, 0, 0, 0, 5, 1, 3, 1, 0, 1, 0, 1, 0, 0, 0, 1, 1, 0, 0, 0, 0, 1, 1, 0, 5, 1, 1, 3, 6, 1, 2, 1, 34, 1, 2, 1, 0, 1, 1, 1, 9, 2, 0, 1, 39, 1, 1, 0, 38, 1, 2, 1, 2, 5, 2, 5, 5, 1, 5, 3, 12, 16, 12, 5, 35, 3, 7, 4, 2, 6, 4, 2, 9, 1, 1, 0, 0, 0, 0, 0, 0, 0, 0, 0, 1, 0, 0, 0, 0, 0, 0, 0, 0, 0, 0, 0, 1, 0, 0, 0, 2, 0, 0, 0, 1, 0, 0, 0, 1, 0, 0, 0, 
18, 0, 0, 0, 0, 0, 0, 0, 0, 0, 0, 0, 0, 0, 0, 0, 0, 1, 0, 0, 3, 1, 0, 0, 2, 5, 2, 4, 3, 4, 5, 8, 7, 29, 0, 4, 2, 5, 2, 3, 3, 4, 0, 0, 1, 38, 0, 0, 1, 44, 1, 0, 1, 3, 2, 4, 5, 0, 0, 2, 0, 11, 11, 7, 12, 31, 5, 6, 5, 3, 1, 2, 3, 1, 0, 1, 0, 0, 0, 0, 0, 0, 0, 0, 0, 2, 0, 0, 0, 0, 0, 0, 0, 2, 0, 0, 0, 1, 0, 0, 0, 0, 0, 0, 0, 1, 0, 0, 0, 1, 0, 0, 0, 
19, 0, 0, 1, 0, 1, 1, 1, 1, 1, 1, 2, 0, 0, 1, 0, 0, 0, 0, 0, 0, 1, 0, 1, 1, 2, 4, 8, 5, 6, 9, 10, 3, 23, 1, 4, 4, 0, 0, 0, 0, 0, 0, 1, 0, 31, 0, 0, 0, 43, 0, 1, 2, 1, 4, 3, 4, 3, 1, 1, 2, 24, 8, 15, 6, 34, 3, 8, 7, 4, 3, 4, 3, 0, 0, 0, 0, 2, 0, 0, 0, 1, 0, 0, 0, 0, 0, 0, 0, 1, 0, 0, 0, 2, 0, 0, 0, 2, 0, 0, 0, 0, 0, 0, 0, 1, 0, 0, 0, 0, 0, 0, 0, 
20, 2, 0, 0, 0, 0, 0, 0, 0, 0, 0, 0, 0, 1, 1, 2, 0, 0, 0, 0, 0, 0, 1, 1, 1, 6, 8, 2, 4, 6, 3, 4, 5, 21, 3, 3, 3, 15, 6, 2, 0, 3, 1, 0, 1, 25, 4, 2, 1, 39, 2, 2, 1, 4, 4, 6, 7, 5, 5, 1, 3, 21, 8, 9, 11, 36, 6, 4, 3, 10, 5, 4, 3, 1, 1, 0, 1, 0, 0, 0, 0, 1, 0, 0, 0, 0, 0, 0, 0, 0, 0, 0, 0, 0, 0, 0, 0, 5, 0, 0, 0, 0, 0, 0, 0, 1, 0, 0, 0, 1, 0, 0, 0, 
21, 0, 2, 3, 0, 1, 0, 0, 0, 0, 0, 2, 0, 1, 0, 0, 0, 0, 0, 1, 0, 0, 0, 0, 0, 5, 1, 5, 3, 5, 6, 4, 6, 22, 2, 2, 1, 38, 2, 0, 1, 5, 4, 2, 3, 46, 2, 1, 0, 35, 1, 0, 0, 8, 0, 4, 8, 4, 3, 4, 3, 16, 8, 10, 8, 41, 13, 5, 4, 12, 4, 2, 3, 3, 0, 0, 1, 1, 0, 0, 0, 1, 0, 0, 0, 0, 0, 0, 0, 0, 0, 0, 0, 1, 0, 0, 0, 0, 0, 0, 0, 2, 0, 0, 0, 2, 0, 0, 0, 0, 0, 0, 0, 
22, 0, 0, 0, 1, 3, 1, 0, 1, 0, 1, 0, 0, 0, 0, 1, 0, 0, 0, 0, 0, 0, 0, 2, 1, 6, 6, 12, 7, 11, 8, 8, 5, 14, 2, 2, 1, 15, 0, 0, 1, 2, 2, 0, 0, 48, 0, 0, 0, 32, 4, 1, 2, 3, 5, 3, 2, 7, 2, 1, 0, 21, 13, 7, 12, 45, 12, 2, 1, 0, 2, 2, 0, 2, 3, 2, 0, 0, 0, 0, 0, 0, 0, 0, 0, 1, 0, 0, 0, 0, 0, 0, 0, 0, 0, 0, 0, 1, 0, 0, 0, 3, 0, 0, 0, 1, 0, 0, 0, 0, 0, 0, 0, 
23, 0, 0, 0, 0, 0, 1, 2, 0, 0, 0, 1, 0, 0, 0, 0, 0, 0, 0, 0, 0, 1, 2, 0, 1, 14, 5, 11, 5, 6, 7, 5, 5, 0, 1, 2, 0, 23, 1, 1, 0, 6, 3, 2, 2, 47, 0, 0, 0, 49, 4, 1, 2, 14, 4, 6, 1, 2, 3, 3, 0, 25, 9, 4, 8, 39, 2, 7, 2, 0, 0, 1, 0, 2, 1, 5, 3, 1, 0, 0, 0, 0, 0, 0, 0, 0, 0, 0, 0, 0, 0, 0, 0, 0, 0, 0, 0, 1, 0, 0, 0, 0, 0, 0, 0, 0, 0, 0, 0, 1, 0, 0, 0, 
24, 1, 0, 1, 1, 1, 1, 1, 0, 0, 1, 0, 1, 1, 0, 0, 1, 0, 0, 0, 1, 0, 0, 1, 1, 21, 5, 4, 5, 8, 3, 3, 5, 2, 0, 0, 0, 35, 2, 0, 0, 2, 0, 2, 1, 36, 0, 0, 0, 54, 1, 4, 1, 10, 5, 1, 1, 3, 3, 0, 1, 18, 15, 9, 6, 33, 2, 5, 4, 2, 0, 1, 1, 2, 0, 0, 0, 3, 0, 0, 0, 1, 0, 0, 0, 0, 0, 0, 0, 1, 0, 0, 0, 1, 0, 0, 0, 0, 0, 0, 0, 0, 0, 0, 0, 1, 0, 0, 0, 1, 0, 0, 0, 
25, 0, 0, 0, 1, 2, 0, 1, 1, 1, 2, 0, 1, 0, 0, 0, 0, 0, 0, 1, 0, 0, 0, 0, 0, 27, 5, 5, 2, 7, 5, 4, 2, 2, 0, 0, 2, 33, 1, 1, 0, 2, 2, 0, 0, 37, 3, 1, 0, 61, 1, 1, 1, 15, 3, 5, 3, 5, 5, 0, 2, 19, 9, 7, 8, 26, 4, 5, 3, 3, 1, 3, 1, 0, 3, 5, 2, 0, 0, 0, 0, 3, 0, 0, 0, 0, 0, 0, 0, 1, 0, 0, 0, 0, 0, 0, 0, 1, 0, 0, 0, 1, 0, 0, 0, 0, 0, 0, 0, 2, 0, 0, 0, 
26, 0, 1, 0, 0, 1, 1, 0, 1, 0, 0, 1, 1, 0, 0, 2, 1, 1, 0, 0, 1, 0, 1, 1, 2, 29, 9, 5, 1, 5, 6, 4, 5, 3, 4, 2, 0, 25, 0, 0, 1, 20, 2, 2, 1, 36, 1, 1, 0, 65, 3, 7, 0, 6, 4, 4, 0, 3, 2, 4, 0, 21, 9, 8, 6, 26, 7, 2, 0, 0, 0, 0, 1, 0, 0, 1, 0, 1, 0, 0, 0, 1, 0, 0, 0, 1, 0, 0, 0, 0, 0, 0, 0, 0, 0, 0, 0, 0, 0, 0, 0, 1, 0, 0, 0, 2, 0, 0, 0, 0, 0, 0, 0, 
27, 0, 1, 0, 0, 0, 0, 0, 1, 1, 1, 3, 1, 0, 0, 0, 0, 0, 1, 0, 0, 0, 0, 0, 0, 23, 6, 5, 2, 2, 2, 4, 1, 23, 17, 2, 2, 21, 0, 1, 1, 15, 1, 1, 3, 36, 2, 0, 0, 70, 1, 1, 1, 0, 0, 0, 0, 3, 2, 2, 1, 10, 16, 14, 7, 17, 5, 2, 5, 0, 0, 1, 1, 3, 3, 3, 0, 0, 0, 0, 0, 1, 0, 0, 0, 1, 0, 0, 0, 2, 0, 0, 0, 0, 0, 0, 0, 2, 0, 0, 0, 5, 0, 0, 0, 2, 0, 0, 0, 0, 0, 0, 0, 
28, 0, 0, 0, 2, 0, 0, 0, 0, 0, 0, 0, 0, 0, 0, 0, 0, 0, 0, 0, 0, 0, 0, 1, 0, 12, 2, 5, 5, 8, 4, 3, 4, 33, 3, 5, 1, 30, 1, 0, 0, 21, 4, 1, 0, 36, 0, 0, 0, 74, 2, 0, 0, 1, 3, 1, 1, 6, 2, 3, 1, 17, 8, 8, 10, 2, 2, 4, 4, 2, 3, 1, 1, 2, 1, 4, 1, 2, 0, 0, 0, 1, 0, 0, 0, 4, 0, 0, 0, 1, 0, 0, 0, 0, 0, 0, 0, 0, 0, 0, 0, 1, 0, 0, 0, 1, 0, 0, 0, 0, 0, 0, 0, 
29, 0, 1, 0, 0, 0, 0, 0, 1, 0, 0, 0, 0, 0, 0, 2, 1, 0, 0, 1, 0, 0, 0, 1, 0, 15, 11, 6, 4, 2, 3, 1, 2, 27, 8, 2, 3, 28, 4, 0, 1, 22, 4, 1, 2, 27, 2, 0, 0, 74, 2, 0, 1, 1, 1, 0, 0, 0, 0, 0, 0, 7, 4, 10, 9, 3, 3, 8, 4, 1, 1, 2, 2, 1, 0, 1, 0, 0, 0, 0, 0, 1, 0, 0, 0, 2, 0, 0, 0, 1, 0, 0, 0, 0, 0, 0, 0, 0, 0, 0, 0, 1, 0, 0, 0, 1, 0, 0, 0, 0, 0, 0, 0, 
30, 0, 1, 0, 0, 0, 0, 2, 1, 0, 1, 1, 0, 0, 0, 0, 0, 1, 0, 1, 1, 0, 0, 0, 0, 23, 4, 6, 4, 2, 2, 1, 1, 26, 3, 3, 3, 30, 1, 2, 1, 46, 5, 0, 0, 29, 1, 0, 0, 61, 8, 1, 3, 1, 1, 0, 0, 7, 5, 5, 4, 10, 11, 9, 3, 3, 5, 7, 3, 4, 2, 1, 0, 4, 2, 5, 1, 1, 0, 0, 0, 1, 0, 0, 0, 0, 0, 0, 0, 1, 0, 0, 0, 0, 0, 0, 0, 1, 0, 0, 0, 1, 0, 0, 0, 1, 0, 0, 0, 0, 0, 0, 0, 
31, 1, 0, 0, 1, 0, 0, 0, 0, 0, 1, 3, 2, 0, 0, 0, 0, 0, 1, 0, 0, 0, 0, 0, 0, 16, 6, 3, 7, 11, 1, 3, 2, 32, 2, 2, 2, 29, 3, 0, 1, 53, 3, 3, 0, 17, 1, 0, 0, 68, 0, 4, 2, 5, 4, 0, 0, 7, 5, 1, 1, 23, 10, 6, 5, 16, 6, 2, 4, 8, 5, 4, 9, 0, 2, 1, 1, 0, 0, 0, 0, 0, 0, 0, 0, 0, 0, 0, 0, 0, 0, 0, 0, 0, 0, 0, 0, 1, 0, 0, 0, 1, 0, 0, 0, 0, 0, 0, 0, 4, 0, 0, 0, 
32, 0, 0, 0, 0, 0, 0, 1, 0, 0, 2, 0, 1, 2, 1, 1, 0, 1, 0, 1, 2, 0, 1, 0, 0, 23, 3, 6, 2, 2, 1, 1, 1, 39, 12, 6, 3, 12, 2, 2, 0, 56, 3, 1, 1, 7, 1, 0, 0, 68, 1, 0, 2, 21, 0, 0, 0, 3, 2, 6, 0, 29, 11, 7, 8, 8, 8, 7, 3, 10, 11, 4, 8, 1, 2, 0, 1, 0, 0, 0, 0, 0, 0, 0, 0, 2, 0, 0, 0, 2, 0, 0, 0, 0, 0, 0, 0, 0, 0, 0, 0, 0, 0, 0, 0, 1, 0, 0, 0, 2, 0, 0, 0, 
33, 0, 0, 0, 0, 1, 0, 3, 1, 2, 1, 0, 0, 0, 0, 0, 0, 0, 0, 0, 0, 1, 0, 0, 0, 21, 4, 5, 9, 1, 0, 1, 0, 41, 7, 3, 4, 7, 0, 0, 0, 59, 0, 2, 0, 7, 0, 1, 0, 71, 1, 0, 2, 26, 0, 2, 0, 0, 3, 1, 0, 39, 7, 8, 9, 11, 9, 5, 3, 15, 9, 10, 9, 2, 2, 0, 0, 0, 0, 0, 0, 1, 0, 0, 0, 1, 0, 0, 0, 0, 0, 0, 0, 0, 0, 0, 0, 0, 0, 0, 0, 0, 0, 0, 0, 2, 0, 0, 0, 2, 0, 0, 0, 
34, 0, 2, 0, 0, 0, 0, 1, 0, 0, 0, 0, 1, 0, 0, 1, 3, 0, 1, 1, 0, 2, 1, 1, 1, 20, 2, 8, 8, 0, 1, 0, 1, 25, 1, 0, 3, 1, 1, 0, 0, 48, 2, 3, 0, 4, 0, 1, 1, 80, 3, 0, 0, 37, 1, 1, 0, 3, 3, 4, 3, 52, 11, 9, 8, 4, 4, 6, 3, 10, 8, 14, 10, 4, 3, 1, 1, 0, 0, 0, 0, 1, 0, 0, 0, 0, 0, 0, 0, 0, 0, 0, 0, 1, 0, 0, 0, 0, 0, 0, 0, 1, 0, 0, 0, 1, 0, 0, 0, 1, 0, 0, 0, 
35, 1, 0, 1, 0, 0, 0, 1, 1, 0, 0, 0, 1, 0, 0, 0, 0, 0, 0, 1, 0, 0, 0, 1, 1, 9, 3, 4, 4, 2, 1, 2, 0, 33, 4, 6, 1, 7, 7, 2, 3, 46, 2, 1, 2, 0, 0, 1, 0, 67, 2, 0, 2, 33, 0, 0, 0, 17, 5, 1, 0, 55, 11, 10, 16, 5, 9, 4, 4, 10, 5, 7, 7, 1, 1, 5, 2, 1, 0, 0, 0, 0, 0, 0, 0, 0, 0, 0, 0, 0, 0, 0, 0, 1, 0, 0, 0, 1, 0, 0, 0, 0, 0, 0, 0, 0, 0, 0, 0, 0, 0, 0, 0, 
36, 11, 1, 0, 0, 4, 1, 1, 1, 0, 0, 0, 0, 1, 0, 0, 0, 0, 1, 0, 0, 1, 0, 1, 0, 6, 7, 4, 3, 2, 2, 2, 3, 19, 5, 2, 2, 11, 11, 2, 4, 45, 2, 2, 2, 5, 3, 3, 5, 57, 1, 1, 0, 29, 1, 0, 0, 22, 4, 0, 0, 72, 6, 5, 5, 4, 6, 2, 6, 7, 4, 7, 10, 1, 1, 0, 0, 2, 0, 0, 0, 0, 0, 0, 0, 1, 0, 0, 0, 2, 0, 0, 0, 0, 0, 0, 0, 1, 0, 0, 0, 0, 0, 0, 0, 1, 0, 0, 0, 2, 0, 0, 0, 
37, 0, 0, 0, 0, 2, 1, 1, 1, 1, 2, 0, 1, 2, 1, 3, 0, 0, 0, 0, 0, 0, 0, 0, 1, 7, 2, 3, 5, 1, 1, 0, 0, 16, 5, 1, 1, 16, 3, 4, 3, 43, 1, 0, 1, 3, 2, 4, 0, 37, 1, 1, 1, 13, 0, 0, 1, 21, 4, 1, 3, 69, 5, 6, 7, 0, 4, 1, 2, 12, 12, 10, 5, 2, 3, 2, 1, 0, 0, 0, 0, 0, 0, 0, 0, 2, 0, 0, 0, 1, 0, 0, 0, 1, 0, 0, 0, 0, 0, 0, 0, 0, 0, 0, 0, 2, 0, 0, 0, 2, 0, 0, 0, 
38, 0, 0, 0, 1, 2, 1, 3, 1, 0, 1, 2, 0, 0, 0, 0, 1, 0, 0, 0, 0, 0, 1, 1, 0, 3, 0, 0, 4, 7, 6, 3, 2, 12, 3, 2, 2, 8, 3, 2, 2, 27, 1, 2, 1, 5, 1, 4, 2, 25, 2, 2, 3, 10, 0, 1, 1, 19, 1, 3, 1, 59, 5, 7, 5, 2, 0, 4, 0, 10, 10, 8, 7, 3, 5, 6, 3, 2, 0, 0, 0, 0, 0, 0, 0, 1, 0, 0, 0, 0, 0, 0, 0, 0, 0, 0, 0, 5, 0, 0, 0, 2, 0, 0, 0, 0, 0, 0, 0, 0, 0, 0, 0, 
39, 0, 0, 0, 0, 0, 0, 0, 0, 0, 1, 0, 0, 2, 1, 0, 0, 4, 2, 1, 2, 1, 0, 0, 0, 2, 2, 2, 1, 16, 5, 5, 2, 2, 0, 1, 0, 19, 3, 7, 3, 29, 4, 3, 1, 1, 1, 0, 0, 22, 1, 4, 1, 0, 1, 1, 1, 8, 3, 0, 0, 63, 10, 4, 4, 5, 2, 3, 1, 4, 7, 7, 5, 0, 0, 0, 0, 2, 0, 0, 0, 1, 0, 0, 0, 0, 0, 0, 0, 1, 0, 0, 0, 1, 0, 0, 0, 2, 0, 0, 0, 1, 0, 0, 0, 2, 0, 0, 0, 0, 0, 0, 0, 
40, 0, 0, 0, 0, 1, 0, 0, 0, 0, 0, 0, 1, 0, 0, 0, 1, 0, 0, 0, 0, 0, 2, 1, 0, 1, 1, 1, 2, 24, 5, 6, 6, 8, 1, 0, 1, 17, 0, 4, 1, 40, 8, 2, 1, 0, 0, 3, 0, 20, 0, 0, 1, 1, 0, 1, 2, 15, 3, 1, 1, 51, 7, 6, 7, 11, 6, 3, 3, 7, 5, 6, 7, 3, 1, 3, 3, 0, 0, 0, 0, 0, 0, 0, 0, 1, 0, 0, 0, 1, 0, 0, 0, 3, 0, 0, 0, 1, 0, 0, 0, 0, 0, 0, 0, 3, 0, 0, 0, 0, 0, 0, 0, 
41, 0, 0, 0, 1, 2, 3, 1, 1, 1, 0, 0, 0, 0, 1, 0, 0, 0, 2, 2, 1, 0, 1, 0, 0, 1, 2, 5, 4, 34, 3, 3, 3, 16, 1, 1, 0, 18, 6, 1, 1, 48, 1, 0, 1, 1, 2, 3, 3, 0, 0, 1, 0, 0, 1, 0, 1, 8, 2, 2, 1, 43, 10, 7, 4, 32, 1, 2, 1, 9, 7, 5, 6, 2, 2, 3, 0, 0, 0, 0, 0, 1, 0, 0, 0, 0, 0, 0, 0, 0, 0, 0, 0, 1, 0, 0, 0, 0, 0, 0, 0, 2, 0, 0, 0, 0, 0, 0, 0, 0, 0, 0, 0, 
42, 0, 0, 0, 0, 0, 1, 1, 1, 0, 0, 1, 0, 0, 0, 0, 1, 1, 0, 0, 1, 1, 2, 0, 0, 5, 2, 2, 0, 45, 5, 2, 10, 5, 0, 1, 2, 8, 2, 5, 2, 41, 2, 2, 0, 7, 0, 0, 4, 1, 1, 1, 3, 1, 0, 0, 0, 3, 1, 2, 2, 35, 8, 7, 9, 29, 0, 1, 1, 5, 2, 3, 5, 4, 0, 3, 3, 1, 0, 0, 0, 0, 0, 0, 0, 0, 0, 0, 0, 1, 0, 0, 0, 3, 0, 0, 0, 0, 0, 0, 0, 1, 0, 0, 0, 0, 0, 0, 0, 0, 0, 0, 0, 
43, 2, 4, 3, 0, 2, 0, 1, 0, 3, 0, 0, 1, 0, 0, 1, 1, 1, 0, 0, 0, 0, 0, 1, 0, 1, 0, 0, 0, 42, 7, 7, 3, 0, 0, 0, 2, 4, 2, 1, 0, 58, 0, 0, 2, 3, 5, 4, 4, 5, 1, 1, 3, 2, 3, 0, 2, 5, 7, 4, 6, 40, 9, 7, 8, 32, 4, 1, 3, 3, 7, 6, 6, 6, 4, 5, 3, 0, 0, 0, 0, 0, 0, 0, 0, 0, 0, 0, 0, 1, 0, 0, 0, 0, 0, 0, 0, 0, 0, 0, 0, 0, 0, 0, 0, 3, 0, 0, 0, 2, 0, 0, 0, 
44, 0, 0, 0, 0, 0, 1, 0, 0, 0, 0, 1, 0, 1, 2, 0, 0, 0, 0, 0, 0, 0, 1, 0, 2, 1, 0, 0, 1, 49, 3, 5, 3, 2, 2, 5, 3, 0, 3, 3, 1, 74, 1, 1, 2, 8, 0, 8, 5, 0, 0, 0, 0, 2, 1, 3, 2, 1, 11, 6, 3, 43, 9, 8, 2, 32, 3, 1, 1, 3, 7, 4, 3, 5, 6, 8, 9, 1, 0, 0, 0, 2, 0, 0, 0, 0, 0, 0, 0, 2, 0, 0, 0, 1, 0, 0, 0, 2, 0, 0, 0, 0, 0, 0, 0, 0, 0, 0, 0, 2, 0, 0, 0, 
45, 0, 0, 1, 0, 0, 0, 0, 0, 0, 0, 0, 0, 1, 0, 0, 0, 0, 0, 0, 0, 4, 2, 0, 1, 2, 1, 1, 6, 52, 6, 4, 4, 2, 2, 0, 0, 7, 3, 4, 4, 62, 0, 0, 2, 6, 5, 7, 3, 0, 0, 1, 4, 4, 6, 6, 5, 8, 6, 7, 10, 41, 9, 9, 2, 24, 4, 2, 0, 3, 2, 0, 2, 10, 6, 7, 4, 1, 0, 0, 0, 0, 0, 0, 0, 3, 0, 0, 0, 2, 0, 0, 0, 0, 0, 0, 0, 2, 0, 0, 0, 1, 0, 0, 0, 1, 0, 0, 0, 1, 0, 0, 0, 
46, 0, 0, 0, 0, 0, 2, 0, 1, 0, 0, 0, 0, 0, 0, 0, 0, 0, 0, 1, 0, 1, 1, 1, 0, 5, 2, 1, 2, 65, 6, 3, 2, 0, 1, 0, 0, 2, 1, 3, 9, 42, 2, 3, 2, 3, 6, 2, 2, 2, 1, 2, 1, 2, 2, 3, 5, 7, 12, 12, 9, 40, 10, 7, 7, 4, 3, 0, 1, 4, 4, 4, 2, 26, 5, 3, 2, 0, 0, 0, 0, 0, 0, 0, 0, 1, 0, 0, 0, 0, 0, 0, 0, 1, 0, 0, 0, 2, 0, 0, 0, 0, 0, 0, 0, 0, 0, 0, 0, 4, 0, 0, 0, 
47, 0, 1, 1, 0, 3, 0, 2, 0, 0, 1, 0, 0, 1, 1, 1, 0, 3, 1, 0, 0, 0, 0, 0, 0, 3, 4, 5, 2, 64, 5, 3, 5, 0, 1, 0, 0, 5, 4, 3, 1, 45, 0, 0, 1, 0, 2, 8, 2, 3, 4, 1, 2, 1, 2, 2, 1, 12, 15, 5, 9, 47, 11, 3, 6, 1, 1, 1, 6, 5, 7, 8, 4, 19, 5, 4, 4, 0, 0, 0, 0, 1, 0, 0, 0, 0, 0, 0, 0, 1, 0, 0, 0, 2, 0, 0, 0, 0, 0, 0, 0, 1, 0, 0, 0, 2, 0, 0, 0, 1, 0, 0, 0, 
48, 0, 1, 0, 0, 4, 2, 0, 0, 0, 0, 0, 0, 2, 0, 2, 2, 0, 0, 0, 0, 0, 0, 0, 0, 5, 5, 3, 0, 62, 6, 4, 3, 0, 0, 0, 2, 5, 7, 1, 2, 47, 0, 3, 2, 1, 2, 0, 0, 1, 1, 0, 1, 1, 3, 1, 3, 15, 14, 5, 13, 40, 6, 9, 6, 0, 0, 0, 0, 3, 2, 1, 6, 23, 6, 6, 5, 1, 0, 0, 0, 0, 0, 0, 0, 2, 0, 0, 0, 0, 0, 0, 0, 1, 0, 0, 0, 0, 0, 0, 0, 0, 0, 0, 0, 0, 0, 0, 0, 0, 0, 0, 0, 
49, 1, 0, 0, 0, 1, 0, 0, 2, 0, 0, 0, 3, 1, 0, 0, 0, 0, 1, 0, 0, 1, 0, 2, 0, 6, 3, 1, 4, 64, 5, 4, 6, 2, 2, 0, 1, 1, 3, 6, 7, 54, 1, 0, 0, 1, 0, 0, 0, 4, 7, 3, 1, 2, 2, 0, 2, 2, 5, 15, 10, 37, 6, 7, 8, 1, 0, 1, 0, 8, 3, 3, 3, 18, 9, 7, 4, 1, 0, 0, 0, 0, 0, 0, 0, 2, 0, 0, 0, 2, 0, 0, 0, 1, 0, 0, 0, 1, 0, 0, 0, 1, 0, 0, 0, 0, 0, 0, 0, 1, 0, 0, 0, 
50, 0, 0, 0, 0, 2, 1, 3, 1, 0, 1, 0, 0, 1, 0, 0, 1, 0, 0, 0, 0, 1, 0, 0, 0, 5, 5, 5, 1, 71, 7, 2, 4, 2, 1, 0, 0, 5, 0, 2, 3, 45, 3, 0, 1, 3, 0, 1, 3, 3, 0, 4, 1, 0, 0, 0, 0, 6, 5, 9, 8, 26, 3, 9, 8, 3, 5, 3, 5, 1, 0, 0, 1, 19, 8, 7, 5, 1, 0, 0, 0, 0, 0, 0, 0, 2, 0, 0, 0, 1, 0, 0, 0, 3, 0, 0, 0, 2, 0, 0, 0, 1, 0, 0, 0, 1, 0, 0, 0, 2, 0, 0, 0, 
51, 1, 0, 0, 0, 0, 2, 1, 0, 0, 1, 0, 0, 0, 1, 1, 0, 0, 0, 0, 0, 0, 0, 0, 0, 9, 5, 6, 4, 69, 3, 7, 4, 2, 3, 2, 1, 12, 0, 5, 1, 50, 0, 0, 0, 2, 3, 6, 1, 9, 5, 0, 4, 1, 1, 0, 2, 12, 8, 4, 5, 21, 5, 8, 8, 4, 0, 3, 6, 1, 0, 1, 2, 26, 9, 12, 1, 0, 0, 0, 0, 2, 0, 0, 0, 0, 0, 0, 0, 0, 0, 0, 0, 1, 0, 0, 0, 1, 0, 0, 0, 0, 0, 0, 0, 1, 0, 0, 0, 1, 0, 0, 0, 
52, 2, 1, 2, 1, 0, 0, 0, 0, 0, 0, 0, 0, 0, 0, 1, 0, 1, 3, 0, 0, 2, 2, 0, 0, 3, 5, 7, 3, 68, 4, 4, 5, 0, 0, 1, 0, 7, 5, 0, 0, 40, 0, 3, 0, 5, 3, 2, 3, 13, 5, 1, 0, 5, 5, 4, 2, 11, 10, 9, 6, 22, 10, 7, 6, 3, 2, 3, 1, 0, 1, 0, 0, 34, 6, 5, 6, 0, 0, 0, 0, 2, 0, 0, 0, 2, 0, 0, 0, 1, 0, 0, 0, 3, 0, 0, 0, 0, 0, 0, 0, 2, 0, 0, 0, 1, 0, 0, 0, 1, 0, 0, 0, 
53, 1, 0, 1, 1, 2, 0, 1, 1, 0, 1, 1, 1, 1, 0, 1, 0, 0, 0, 0, 1, 0, 0, 0, 0, 5, 5, 3, 7, 75, 0, 2, 6, 4, 5, 1, 1, 1, 0, 0, 1, 35, 4, 1, 0, 1, 1, 1, 0, 10, 8, 2, 0, 4, 8, 5, 6, 19, 8, 8, 11, 23, 9, 11, 9, 2, 3, 3, 1, 0, 0, 1, 0, 23, 6, 9, 5, 0, 0, 0, 0, 1, 0, 0, 0, 1, 0, 0, 0, 0, 0, 0, 0, 0, 0, 0, 0, 2, 0, 0, 0, 1, 0, 0, 0, 2, 0, 0, 0, 1, 0, 0, 0, 
54, 0, 0, 0, 0, 0, 1, 0, 0, 1, 0, 0, 0, 2, 1, 0, 0, 0, 0, 0, 0, 0, 0, 0, 0, 7, 4, 3, 2, 77, 4, 3, 4, 1, 2, 1, 1, 0, 0, 0, 3, 28, 3, 0, 1, 0, 0, 0, 2, 15, 5, 7, 2, 8, 7, 8, 7, 12, 10, 3, 5, 33, 6, 9, 13, 4, 0, 6, 0, 1, 0, 1, 0, 28, 6, 3, 9, 1, 0, 0, 0, 2, 0, 0, 0, 1, 0, 0, 0, 0, 0, 0, 0, 0, 0, 0, 0, 0, 0, 0, 0, 2, 0, 0, 0, 2, 0, 0, 0, 0, 0, 0, 0, 
55, 0, 1, 1, 0, 0, 0, 0, 0, 0, 0, 1, 0, 0, 0, 0, 0, 0, 0, 0, 1, 1, 0, 1, 0, 7, 9, 4, 7, 74, 4, 3, 0, 1, 1, 2, 0, 5, 3, 4, 4, 25, 2, 2, 0, 3, 1, 1, 2, 5, 4, 2, 1, 5, 10, 7, 8, 5, 16, 5, 7, 30, 15, 3, 6, 2, 3, 3, 1, 0, 2, 0, 0, 15, 6, 4, 7, 3, 0, 0, 0, 0, 0, 0, 0, 1, 0, 0, 0, 1, 0, 0, 0, 0, 0, 0, 0, 0, 0, 0, 0, 1, 0, 0, 0, 0, 0, 0, 0, 0, 0, 0, 0, 
56, 3, 1, 1, 2, 0, 0, 0, 0, 1, 0, 0, 2, 0, 1, 0, 2, 0, 0, 0, 0, 0, 0, 0, 0, 10, 6, 5, 8, 60, 3, 4, 3, 0, 1, 2, 1, 4, 4, 3, 7, 34, 0, 0, 3, 1, 0, 1, 2, 2, 3, 1, 0, 17, 9, 9, 1, 11, 15, 9, 14, 24, 11, 7, 8, 0, 2, 0, 0, 0, 1, 0, 0, 24, 7, 2, 10, 0, 0, 0, 0, 0, 0, 0, 0, 0, 0, 0, 0, 0, 0, 0, 0, 1, 0, 0, 0, 1, 0, 0, 0, 0, 0, 0, 0, 3, 0, 0, 0, 2, 0, 0, 0, 
57, 0, 0, 1, 1, 0, 0, 0, 0, 0, 2, 0, 1, 0, 0, 1, 0, 0, 0, 0, 0, 0, 0, 0, 0, 8, 7, 9, 6, 71, 6, 3, 5, 4, 0, 4, 1, 11, 3, 9, 5, 38, 7, 6, 3, 2, 3, 2, 2, 0, 2, 4, 1, 6, 2, 4, 6, 37, 10, 9, 15, 24, 7, 7, 8, 3, 3, 2, 2, 1, 0, 1, 2, 18, 4, 0, 7, 0, 0, 0, 0, 0, 0, 0, 0, 1, 0, 0, 0, 1, 0, 0, 0, 0, 0, 0, 0, 0, 0, 0, 0, 0, 0, 0, 0, 1, 0, 0, 0, 1, 0, 0, 0, 
58, 0, 0, 0, 0, 0, 0, 1, 1, 0, 0, 0, 1, 1, 0, 1, 2, 0, 0, 1, 1, 0, 0, 1, 0, 9, 9, 12, 7, 67, 3, 8, 2, 3, 1, 6, 3, 10, 4, 9, 3, 61, 1, 1, 2, 7, 1, 0, 1, 4, 1, 3, 5, 20, 8, 3, 6, 46, 9, 8, 10, 31, 9, 4, 2, 1, 0, 2, 0, 3, 3, 2, 2, 7, 7, 1, 6, 0, 0, 0, 0, 0, 0, 0, 0, 0, 0, 0, 0, 1, 0, 0, 0, 0, 0, 0, 0, 2, 0, 0, 0, 3, 0, 0, 0, 1, 0, 0, 0, 0, 0, 0, 0, 
59, 0, 1, 0, 1, 0, 1, 0, 0, 0, 1, 0, 1, 1, 0, 1, 1, 0, 0, 0, 0, 1, 0, 0, 0, 21, 9, 8, 5, 63, 3, 4, 3, 1, 1, 3, 1, 8, 2, 7, 6, 55, 2, 2, 0, 6, 2, 1, 2, 8, 3, 1, 2, 20, 5, 8, 6, 48, 12, 9, 9, 29, 4, 5, 7, 0, 1, 0, 0, 3, 2, 1, 6, 3, 6, 5, 4, 1, 0, 0, 0, 0, 0, 0, 0, 1, 0, 0, 0, 0, 0, 0, 0, 2, 0, 0, 0, 1, 0, 0, 0, 0, 0, 0, 0, 1, 0, 0, 0, 1, 0, 0, 0, 
60, 1, 1, 1, 0, 0, 0, 0, 0, 0, 0, 0, 0, 0, 1, 0, 0, 2, 0, 2, 0, 1, 0, 0, 1, 24, 6, 5, 5, 51, 9, 3, 3, 0, 0, 1, 0, 11, 13, 4, 10, 47, 0, 2, 0, 6, 2, 1, 4, 2, 2, 6, 1, 10, 2, 5, 3, 35, 12, 10, 13, 25, 6, 4, 8, 3, 0, 1, 1, 1, 0, 0, 2, 1, 5, 3, 4, 0, 0, 0, 0, 0, 0, 0, 0, 0, 0, 0, 0, 0, 0, 0, 0, 4, 0, 0, 0, 1, 0, 0, 0, 2, 0, 0, 0, 0, 0, 0, 0, 0, 0, 0, 0, 
61, 1, 0, 0, 1, 1, 0, 0, 1, 0, 0, 0, 0, 0, 0, 0, 0, 0, 1, 4, 1, 1, 0, 0, 1, 33, 5, 8, 6, 42, 2, 4, 7, 2, 1, 2, 0, 4, 8, 8, 9, 52, 2, 2, 1, 3, 0, 2, 2, 2, 0, 1, 0, 5, 6, 5, 4, 44, 17, 7, 11, 6, 3, 9, 5, 20, 2, 0, 0, 2, 0, 3, 4, 2, 2, 2, 2, 0, 0, 0, 0, 1, 0, 0, 0, 0, 0, 0, 0, 1, 0, 0, 0, 0, 0, 0, 0, 0, 0, 0, 0, 0, 0, 0, 0, 1, 0, 0, 0, 1, 0, 0, 0, 
62, 0, 2, 0, 0, 1, 0, 0, 1, 0, 1, 1, 0, 1, 1, 1, 1, 1, 0, 0, 0, 1, 0, 0, 0, 25, 14, 5, 2, 50, 5, 1, 1, 0, 0, 0, 0, 11, 4, 7, 12, 43, 3, 2, 1, 3, 0, 2, 2, 2, 4, 1, 2, 4, 5, 3, 3, 45, 8, 11, 15, 3, 2, 10, 4, 36, 4, 3, 0, 16, 0, 0, 0, 1, 2, 2, 2, 2, 0, 0, 0, 3, 0, 0, 0, 0, 0, 0, 0, 0, 0, 0, 0, 2, 0, 0, 0, 1, 0, 0, 0, 1, 0, 0, 0, 1, 0, 0, 0, 2, 0, 0, 0, 
63, 0, 0, 1, 3, 1, 1, 0, 0, 0, 1, 1, 1, 3, 1, 1, 2, 0, 0, 0, 2, 3, 0, 2, 1, 23, 7, 10, 4, 52, 7, 5, 2, 16, 8, 1, 0, 9, 1, 10, 7, 35, 2, 1, 1, 3, 1, 0, 0, 4, 2, 2, 6, 1, 0, 1, 2, 35, 10, 10, 16, 4, 1, 6, 2, 31, 0, 1, 0, 5, 3, 0, 0, 0, 0, 0, 0, 0, 0, 0, 0, 0, 0, 0, 0, 0, 0, 0, 0, 2, 0, 0, 0, 2, 0, 0, 0, 2, 0, 0, 0, 0, 0, 0, 0, 2, 0, 0, 0, 1, 0, 0, 0, 
64, 0, 0, 0, 0, 0, 0, 0, 0, 0, 0, 0, 0, 0, 0, 1, 0, 0, 0, 1, 0, 0, 0, 1, 0, 29, 3, 4, 3, 58, 3, 9, 2, 12, 0, 1, 0, 3, 7, 4, 6, 18, 2, 2, 2, 5, 2, 2, 1, 3, 6, 6, 2, 4, 3, 0, 5, 49, 7, 13, 11, 1, 9, 7, 3, 34, 2, 2, 0, 0, 0, 0, 1, 4, 2, 0, 0, 2, 0, 0, 0, 0, 0, 0, 0, 0, 0, 0, 0, 2, 0, 0, 0, 1, 0, 0, 0, 1, 0, 0, 0, 1, 0, 0, 0, 0, 0, 0, 0, 1, 0, 0, 0, 
65, 0, 2, 0, 0, 0, 0, 0, 1, 0, 0, 0, 0, 1, 0, 0, 2, 0, 0, 1, 0, 2, 1, 1, 0, 11, 2, 7, 2, 65, 5, 1, 7, 7, 3, 1, 0, 0, 0, 0, 0, 1, 2, 3, 2, 3, 0, 5, 2, 3, 3, 4, 2, 3, 4, 3, 3, 41, 4, 11, 10, 12, 5, 7, 8, 23, 2, 0, 0, 3, 4, 5, 5, 0, 0, 1, 0, 0, 0, 0, 0, 0, 0, 0, 0, 2, 0, 0, 0, 0, 0, 0, 0, 4, 0, 0, 0, 0, 0, 0, 0, 2, 0, 0, 0, 1, 0, 0, 0, 0, 0, 0, 0, 
66, 0, 0, 1, 1, 1, 0, 1, 0, 0, 1, 2, 0, 2, 0, 0, 0, 0, 1, 1, 1, 0, 0, 0, 0, 7, 1, 0, 2, 68, 3, 0, 8, 16, 1, 0, 0, 2, 1, 2, 1, 1, 0, 0, 0, 1, 1, 0, 3, 3, 1, 3, 1, 4, 7, 5, 7, 41, 11, 6, 10, 14, 6, 4, 5, 37, 0, 0, 0, 1, 2, 1, 2, 0, 1, 3, 2, 1, 0, 0, 0, 0, 0, 0, 0, 1, 0, 0, 0, 1, 0, 0, 0, 2, 0, 0, 0, 0, 0, 0, 0, 0, 0, 0, 0, 4, 0, 0, 0, 2, 0, 0, 0, 
67, 0, 2, 0, 0, 0, 0, 0, 1, 1, 0, 0, 0, 0, 0, 0, 0, 0, 0, 0, 1, 0, 1, 0, 0, 0, 0, 0, 1, 74, 4, 10, 4, 13, 3, 2, 0, 20, 3, 1, 0, 3, 4, 3, 1, 3, 0, 0, 1, 1, 2, 2, 0, 15, 3, 5, 2, 36, 7, 13, 10, 12, 3, 1, 6, 27, 1, 0, 0, 1, 2, 1, 2, 2, 2, 3, 6, 2, 0, 0, 0, 0, 0, 0, 0, 2, 0, 0, 0, 0, 0, 0, 0, 1, 0, 0, 0, 0, 0, 0, 0, 2, 0, 0, 0, 2, 0, 0, 0, 3, 0, 0, 0, 
68, 0, 0, 2, 1, 0, 1, 2, 1, 0, 1, 0, 0, 0, 1, 0, 0, 0, 0, 0, 0, 2, 2, 0, 2, 1, 4, 3, 2, 62, 3, 1, 2, 26, 1, 0, 0, 17, 4, 3, 0, 6, 2, 6, 1, 10, 4, 2, 1, 12, 2, 1, 0, 16, 3, 10, 5, 47, 6, 13, 7, 1, 3, 2, 3, 40, 0, 1, 0, 3, 2, 0, 2, 2, 3, 3, 3, 0, 0, 0, 0, 1, 0, 0, 0, 0, 0, 0, 0, 0, 0, 0, 0, 0, 0, 0, 0, 0, 0, 0, 0, 0, 0, 0, 0, 0, 0, 0, 0, 1, 0, 0, 0, 
69, 0, 0, 1, 0, 0, 0, 0, 0, 0, 0, 0, 0, 0, 0, 0, 0, 0, 0, 0, 1, 1, 0, 0, 2, 7, 5, 1, 1, 62, 2, 4, 5, 33, 1, 0, 1, 27, 3, 0, 0, 0, 3, 2, 4, 17, 2, 3, 1, 1, 2, 4, 2, 15, 8, 5, 3, 48, 8, 15, 8, 3, 4, 3, 3, 37, 0, 2, 1, 3, 2, 2, 1, 1, 0, 2, 0, 0, 0, 0, 0, 0, 0, 0, 0, 0, 0, 0, 0, 1, 0, 0, 0, 0, 0, 0, 0, 5, 0, 0, 0, 1, 0, 0, 0, 2, 0, 0, 0, 2, 0, 0, 0, 
70, 0, 0, 0, 1, 0, 0, 0, 0, 2, 0, 0, 0, 0, 1, 0, 0, 0, 1, 0, 0, 0, 0, 1, 0, 16, 1, 0, 0, 63, 7, 12, 4, 29, 3, 0, 1, 17, 0, 2, 0, 1, 2, 1, 0, 20, 4, 0, 0, 2, 4, 3, 2, 22, 4, 4, 3, 51, 9, 11, 9, 14, 3, 4, 2, 39, 3, 2, 0, 2, 1, 1, 2, 1, 1, 1, 0, 1, 0, 0, 0, 2, 0, 0, 0, 0, 0, 0, 0, 0, 0, 0, 0, 1, 0, 0, 0, 0, 0, 0, 0, 0, 0, 0, 0, 2, 0, 0, 0, 1, 0, 0, 0, 
71, 0, 0, 0, 0, 2, 1, 1, 0, 4, 2, 1, 1, 0, 1, 0, 0, 0, 1, 0, 0, 0, 0, 2, 0, 8, 0, 0, 0, 86, 7, 6, 0, 51, 7, 0, 1, 17, 3, 0, 3, 5, 2, 3, 3, 21, 0, 3, 1, 0, 0, 2, 0, 25, 8, 1, 4, 53, 14, 19, 8, 11, 5, 7, 4, 38, 1, 0, 0, 5, 8, 3, 3, 0, 1, 0, 1, 0, 0, 0, 0, 0, 0, 0, 0, 0, 0, 0, 0, 0, 0, 0, 0, 0, 0, 0, 0, 0, 0, 0, 0, 0, 0, 0, 0, 1, 0, 0, 0, 0, 0, 0, 0, 
72, 3, 0, 3, 2, 1, 2, 0, 2, 2, 1, 1, 0, 0, 0, 1, 0, 1, 0, 0, 0, 0, 0, 0, 0, 6, 1, 1, 0, 96, 5, 6, 4, 68, 0, 0, 0, 28, 0, 4, 1, 6, 10, 7, 4, 18, 4, 1, 2, 0, 2, 1, 1, 17, 6, 5, 3, 55, 14, 8, 10, 2, 1, 3, 1, 32, 1, 0, 0, 3, 5, 0, 3, 3, 3, 1, 0, 0, 0, 0, 0, 4, 0, 0, 0, 0, 0, 0, 0, 3, 0, 0, 0, 0, 0, 0, 0, 0, 0, 0, 0, 0, 0, 0, 0, 2, 0, 0, 0, 0, 0, 0, 0, 
73, 0, 1, 0, 0, 1, 0, 0, 0, 0, 0, 1, 0, 0, 1, 1, 0, 0, 0, 0, 2, 0, 0, 0, 0, 0, 0, 1, 0, 93, 5, 2, 6, 63, 3, 1, 0, 47, 2, 1, 0, 8, 12, 5, 7, 23, 4, 3, 1, 12, 0, 0, 1, 11, 5, 9, 7, 49, 7, 11, 8, 0, 0, 0, 2, 23, 1, 1, 1, 7, 1, 7, 5, 4, 5, 4, 3, 1, 0, 0, 0, 0, 0, 0, 0, 1, 0, 0, 0, 1, 0, 0, 0, 0, 0, 0, 0, 2, 0, 0, 0, 0, 0, 0, 0, 0, 0, 0, 0, 1, 0, 0, 0, 
74, 1, 1, 1, 0, 0, 1, 1, 1, 0, 1, 1, 1, 0, 1, 0, 0, 2, 2, 0, 0, 0, 1, 0, 0, 10, 3, 2, 0, 89, 3, 2, 4, 59, 0, 0, 1, 49, 0, 0, 1, 9, 5, 10, 8, 6, 1, 2, 0, 9, 0, 1, 1, 21, 7, 3, 2, 30, 10, 10, 6, 0, 5, 6, 2, 27, 1, 0, 0, 14, 3, 3, 0, 1, 2, 2, 0, 1, 0, 0, 0, 0, 0, 0, 0, 3, 0, 0, 0, 0, 0, 0, 0, 0, 0, 0, 0, 0, 0, 0, 0, 0, 0, 0, 0, 0, 0, 0, 0, 0, 0, 0, 0, 
75, 3, 1, 1, 1, 1, 0, 0, 1, 0, 0, 0, 1, 0, 2, 0, 0, 0, 0, 0, 0, 0, 2, 0, 1, 20, 0, 2, 0, 77, 5, 2, 4, 53, 0, 0, 0, 45, 1, 0, 2, 6, 9, 5, 4, 0, 2, 3, 1, 6, 0, 3, 1, 15, 4, 4, 3, 40, 11, 10, 6, 0, 0, 4, 2, 30, 2, 0, 0, 6, 3, 7, 4, 5, 6, 1, 8, 0, 0, 0, 0, 1, 0, 0, 0, 0, 0, 0, 0, 0, 0, 0, 0, 0, 0, 0, 0, 0, 0, 0, 0, 1, 0, 0, 0, 0, 0, 0, 0, 0, 0, 0, 0, 
76, 1, 0, 0, 0, 0, 0, 0, 0, 1, 0, 1, 0, 0, 0, 0, 0, 0, 0, 0, 0, 0, 0, 1, 0, 22, 4, 2, 0, 82, 1, 4, 4, 60, 0, 0, 0, 54, 3, 0, 0, 9, 3, 7, 5, 0, 0, 1, 0, 11, 2, 3, 1, 17, 11, 4, 4, 39, 15, 7, 10, 3, 2, 4, 2, 32, 3, 1, 0, 5, 4, 4, 0, 2, 5, 2, 7, 1, 0, 0, 0, 1, 0, 0, 0, 1, 0, 0, 0, 2, 0, 0, 0, 0, 0, 0, 0, 1, 0, 0, 0, 3, 0, 0, 0, 5, 0, 0, 0, 0, 0, 0, 0, 
77, 1, 0, 0, 0, 2, 0, 1, 0, 2, 1, 0, 0, 0, 1, 0, 0, 0, 0, 0, 0, 1, 0, 0, 0, 17, 3, 0, 1, 79, 2, 5, 5, 56, 1, 0, 3, 54, 1, 1, 1, 11, 5, 10, 5, 4, 7, 3, 3, 19, 0, 0, 0, 14, 4, 2, 6, 38, 11, 11, 8, 2, 6, 3, 2, 32, 0, 2, 0, 4, 7, 3, 3, 6, 4, 1, 0, 0, 0, 0, 0, 0, 0, 0, 0, 0, 0, 0, 0, 1, 0, 0, 0, 1, 0, 0, 0, 0, 0, 0, 0, 0, 0, 0, 0, 2, 0, 0, 0, 0, 0, 0, 0, 
78, 0, 0, 0, 1, 0, 0, 2, 0, 0, 0, 0, 0, 3, 0, 1, 0, 0, 0, 0, 0, 0, 0, 0, 0, 21, 2, 0, 0, 74, 9, 1, 3, 53, 0, 0, 0, 54, 2, 3, 1, 16, 7, 6, 3, 8, 12, 10, 3, 2, 1, 0, 0, 8, 3, 4, 4, 31, 11, 16, 10, 3, 2, 0, 2, 34, 2, 2, 1, 8, 11, 2, 6, 10, 8, 5, 6, 1, 0, 0, 0, 2, 0, 0, 0, 1, 0, 0, 0, 0, 0, 0, 0, 0, 0, 0, 0, 1, 0, 0, 0, 1, 0, 0, 0, 1, 0, 0, 0, 1, 0, 0, 0, 
79, 0, 1, 0, 0, 0, 0, 1, 0, 0, 1, 1, 1, 1, 1, 0, 0, 2, 0, 1, 3, 0, 0, 1, 0, 15, 1, 0, 0, 71, 3, 6, 2, 50, 3, 0, 2, 51, 0, 1, 1, 18, 9, 4, 7, 5, 9, 10, 8, 3, 4, 1, 2, 1, 2, 4, 6, 33, 18, 8, 8, 0, 0, 1, 0, 52, 5, 2, 0, 2, 4, 5, 3, 18, 6, 2, 6, 0, 0, 0, 0, 0, 0, 0, 0, 1, 0, 0, 0, 2, 0, 0, 0, 1, 0, 0, 0, 0, 0, 0, 0, 3, 0, 0, 0, 0, 0, 0, 0, 1, 0, 0, 0, 
80, 0, 0, 0, 0, 1, 0, 2, 1, 0, 0, 0, 0, 2, 0, 2, 1, 0, 0, 0, 0, 2, 0, 0, 2, 5, 1, 0, 0, 88, 3, 3, 2, 53, 0, 0, 0, 51, 4, 3, 3, 14, 4, 5, 4, 10, 12, 15, 15, 1, 2, 1, 1, 6, 2, 6, 2, 41, 21, 4, 8, 3, 0, 0, 0, 67, 4, 1, 0, 4, 2, 4, 5, 21, 9, 6, 9, 0, 0, 0, 0, 0, 0, 0, 0, 0, 0, 0, 0, 3, 0, 0, 0, 2, 0, 0, 0, 0, 0, 0, 0, 2, 0, 0, 0, 0, 0, 0, 0, 1, 0, 0, 0, 
81, 0, 1, 1, 1, 0, 0, 0, 0, 0, 0, 0, 1, 0, 2, 1, 2, 0, 0, 0, 0, 0, 0, 1, 2, 3, 0, 0, 0, 69, 6, 2, 3, 67, 1, 2, 0, 64, 1, 2, 0, 3, 2, 3, 2, 16, 14, 19, 5, 4, 7, 1, 8, 5, 2, 4, 2, 36, 16, 5, 10, 5, 2, 3, 5, 69, 5, 1, 3, 8, 3, 4, 5, 23, 4, 2, 2, 2, 0, 0, 0, 0, 0, 0, 0, 1, 0, 0, 0, 2, 0, 0, 0, 0, 0, 0, 0, 1, 0, 0, 0, 0, 0, 0, 0, 1, 0, 0, 0, 0, 0, 0, 0, 
82, 0, 1, 1, 0, 1, 2, 0, 0, 0, 1, 0, 2, 1, 1, 2, 0, 0, 0, 0, 1, 1, 0, 0, 0, 4, 7, 2, 2, 70, 7, 4, 1, 77, 0, 0, 2, 75, 0, 1, 0, 2, 1, 1, 1, 17, 14, 18, 11, 4, 1, 1, 3, 1, 0, 1, 2, 30, 14, 9, 8, 0, 2, 0, 1, 80, 2, 1, 0, 8, 3, 5, 6, 6, 3, 3, 4, 1, 0, 0, 0, 0, 0, 0, 0, 3, 0, 0, 0, 0, 0, 0, 0, 2, 0, 0, 0, 0, 0, 0, 0, 1, 0, 0, 0, 1, 0, 0, 0, 0, 0, 0, 0, 
83, 0, 1, 0, 0, 0, 0, 0, 1, 0, 0, 1, 0, 0, 0, 0, 0, 0, 0, 0, 0, 0, 1, 1, 0, 5, 3, 3, 5, 60, 2, 3, 4, 77, 1, 1, 0, 65, 2, 0, 1, 10, 1, 1, 3, 13, 24, 17, 17, 3, 2, 2, 1, 0, 0, 2, 1, 33, 19, 12, 6, 3, 2, 2, 2, 67, 1, 1, 1, 6, 4, 9, 4, 10, 7, 5, 4, 1, 0, 0, 0, 1, 0, 0, 0, 0, 0, 0, 0, 0, 0, 0, 0, 0, 0, 0, 0, 1, 0, 0, 0, 1, 0, 0, 0, 0, 0, 0, 0, 1, 0, 0, 0, 
84, 2, 1, 0, 0, 0, 0, 0, 0, 0, 0, 1, 1, 1, 2, 2, 0, 1, 0, 0, 0, 1, 1, 1, 0, 13, 6, 6, 5, 56, 5, 4, 1, 71, 0, 0, 2, 65, 0, 0, 0, 1, 3, 0, 2, 22, 23, 14, 16, 7, 4, 2, 7, 0, 1, 1, 1, 30, 7, 5, 7, 2, 3, 2, 2, 50, 2, 2, 0, 7, 5, 3, 2, 5, 3, 5, 9, 0, 0, 0, 0, 1, 0, 0, 0, 0, 0, 0, 0, 1, 0, 0, 0, 1, 0, 0, 0, 2, 0, 0, 0, 2, 0, 0, 0, 1, 0, 0, 0, 1, 0, 0, 0, 
85, 1, 0, 1, 2, 1, 0, 1, 0, 1, 0, 1, 0, 3, 0, 0, 0, 0, 2, 1, 2, 1, 1, 0, 0, 7, 11, 9, 5, 47, 4, 2, 1, 83, 1, 0, 1, 61, 3, 1, 0, 2, 3, 4, 4, 18, 12, 12, 15, 4, 3, 3, 0, 1, 0, 0, 0, 6, 7, 12, 10, 12, 0, 0, 0, 55, 1, 1, 1, 9, 5, 5, 3, 7, 6, 2, 7, 1, 0, 0, 0, 1, 0, 0, 0, 0, 0, 0, 0, 0, 0, 0, 0, 0, 0, 0, 0, 0, 0, 0, 0, 0, 0, 0, 0, 0, 0, 0, 0, 0, 0, 0, 0, 
86, 1, 1, 1, 0, 0, 0, 0, 1, 1, 2, 1, 0, 0, 0, 0, 0, 0, 1, 0, 0, 0, 0, 0, 0, 8, 3, 9, 13, 35, 4, 9, 8, 77, 1, 0, 1, 53, 1, 3, 0, 6, 8, 6, 5, 18, 15, 15, 14, 1, 2, 1, 3, 0, 0, 0, 0, 4, 7, 11, 8, 17, 3, 2, 0, 64, 1, 1, 1, 14, 4, 1, 6, 3, 5, 2, 0, 0, 0, 0, 0, 0, 0, 0, 0, 0, 0, 0, 0, 1, 0, 0, 0, 1, 0, 0, 0, 0, 0, 0, 0, 1, 0, 0, 0, 1, 0, 0, 0, 0, 0, 0, 0, 
87, 0, 0, 1, 0, 1, 0, 0, 1, 2, 0, 0, 0, 0, 0, 0, 0, 0, 1, 0, 1, 0, 0, 1, 0, 5, 8, 3, 2, 49, 4, 3, 3, 75, 1, 1, 3, 39, 1, 1, 1, 12, 7, 7, 8, 13, 15, 10, 12, 1, 1, 1, 1, 1, 0, 1, 0, 7, 9, 10, 8, 21, 1, 0, 0, 61, 5, 2, 2, 1, 1, 1, 0, 6, 3, 3, 3, 0, 0, 0, 0, 1, 0, 0, 0, 0, 0, 0, 0, 0, 0, 0, 0, 2, 0, 0, 0, 0, 0, 0, 0, 0, 0, 0, 0, 2, 0, 0, 0, 0, 0, 0, 0, 
88, 1, 1, 4, 1, 1, 0, 0, 0, 0, 0, 0, 1, 0, 0, 1, 0, 1, 0, 0, 1, 0, 1, 0, 0, 1, 2, 0, 3, 41, 4, 4, 1, 71, 3, 5, 0, 39, 2, 1, 0, 17, 8, 5, 3, 17, 12, 17, 15, 2, 1, 2, 2, 0, 0, 1, 0, 7, 6, 7, 5, 22, 4, 0, 0, 55, 1, 2, 1, 4, 2, 5, 4, 5, 5, 7, 8, 1, 0, 0, 0, 0, 0, 0, 0, 0, 0, 0, 0, 1, 0, 0, 0, 1, 0, 0, 0, 0, 0, 0, 0, 1, 0, 0, 0, 1, 0, 0, 0, 1, 0, 0, 0, 
89, 4, 0, 2, 0, 0, 0, 0, 0, 1, 1, 1, 1, 0, 1, 0, 0, 0, 1, 0, 0, 0, 2, 0, 0, 1, 2, 2, 0, 38, 6, 4, 5, 86, 5, 0, 0, 51, 1, 1, 1, 12, 6, 4, 4, 24, 12, 15, 8, 7, 6, 1, 1, 2, 2, 5, 1, 6, 9, 6, 4, 10, 0, 0, 0, 55, 1, 0, 0, 3, 0, 0, 0, 15, 6, 7, 5, 1, 0, 0, 0, 1, 0, 0, 0, 1, 0, 0, 0, 0, 0, 0, 0, 0, 0, 0, 0, 1, 0, 0, 0, 0, 0, 0, 0, 0, 0, 0, 0, 0, 0, 0, 0, 
90, 1, 1, 0, 1, 0, 0, 0, 0, 0, 0, 0, 0, 0, 0, 0, 0, 2, 2, 1, 1, 0, 0, 0, 1, 0, 2, 1, 1, 40, 7, 5, 2, 94, 0, 0, 1, 35, 2, 1, 1, 15, 9, 9, 3, 22, 20, 18, 15, 18, 7, 1, 1, 3, 2, 0, 1, 9, 10, 4, 9, 0, 0, 0, 0, 52, 2, 2, 1, 1, 1, 1, 1, 9, 7, 8, 11, 0, 0, 0, 0, 0, 0, 0, 0, 0, 0, 0, 0, 1, 0, 0, 0, 1, 0, 0, 0, 1, 0, 0, 0, 2, 0, 0, 0, 1, 0, 0, 0, 1, 0, 0, 0, 
91, 0, 0, 0, 0, 0, 0, 0, 0, 0, 1, 0, 0, 0, 0, 1, 0, 4, 2, 0, 2, 0, 0, 0, 1, 0, 1, 1, 0, 40, 5, 3, 1, 98, 2, 2, 1, 31, 0, 2, 2, 21, 3, 5, 2, 25, 18, 22, 15, 15, 4, 2, 3, 1, 3, 0, 2, 2, 1, 8, 5, 2, 0, 1, 0, 56, 2, 0, 0, 1, 0, 1, 0, 10, 5, 5, 7, 0, 0, 0, 0, 1, 0, 0, 0, 2, 0, 0, 0, 0, 0, 0, 0, 0, 0, 0, 0, 2, 0, 0, 0, 1, 0, 0, 0, 2, 0, 0, 0, 0, 0, 0, 0, 
92, 0, 1, 1, 2, 3, 10, 0, 0, 0, 0, 1, 0, 0, 0, 1, 1, 0, 0, 0, 0, 0, 0, 0, 0, 1, 0, 0, 1, 36, 3, 3, 3, 100, 0, 2, 0, 33, 0, 3, 0, 9, 1, 5, 5, 33, 19, 14, 11, 36, 0, 1, 1, 0, 1, 0, 0, 5, 4, 5, 0, 2, 2, 1, 0, 57, 3, 2, 1, 3, 0, 1, 1, 5, 6, 8, 11, 3, 0, 0, 0, 0, 0, 0, 0, 1, 0, 0, 0, 0, 0, 0, 0, 0, 0, 0, 0, 1, 0, 0, 0, 1, 0, 0, 0, 0, 0, 0, 0, 1, 0, 0, 0, 
93, 3, 0, 2, 0, 0, 0, 0, 0, 0, 0, 1, 0, 0, 0, 1, 0, 0, 1, 1, 0, 1, 0, 0, 0, 0, 0, 1, 0, 41, 1, 2, 3, 93, 2, 0, 1, 39, 1, 4, 1, 2, 4, 4, 6, 18, 15, 12, 16, 28, 3, 2, 2, 6, 2, 0, 0, 6, 6, 8, 3, 0, 3, 0, 1, 61, 2, 4, 2, 1, 1, 0, 0, 8, 4, 7, 8, 1, 0, 0, 0, 1, 0, 0, 0, 0, 0, 0, 0, 0, 0, 0, 0, 4, 0, 0, 0, 0, 0, 0, 0, 0, 0, 0, 0, 0, 0, 0, 0, 0, 0, 0, 0, 
94, 0, 0, 0, 0, 0, 0, 0, 0, 0, 0, 0, 0, 0, 1, 1, 0, 1, 3, 1, 1, 0, 0, 0, 0, 0, 1, 0, 1, 27, 5, 4, 6, 96, 2, 2, 1, 47, 0, 3, 1, 2, 1, 1, 1, 14, 15, 18, 6, 24, 5, 1, 1, 3, 2, 3, 2, 5, 3, 5, 4, 6, 3, 7, 3, 62, 1, 0, 0, 4, 4, 6, 0, 4, 5, 4, 5, 1, 0, 0, 0, 3, 0, 0, 0, 2, 0, 0, 0, 1, 0, 0, 0, 1, 0, 0, 0, 1, 0, 0, 0, 0, 0, 0, 0, 0, 0, 0, 0, 0, 0, 0, 0, 
95, 0, 0, 0, 0, 0, 1, 0, 1, 0, 1, 2, 0, 0, 0, 0, 0, 0, 3, 0, 2, 2, 1, 0, 0, 1, 1, 1, 0, 36, 4, 2, 1, 100, 2, 1, 2, 57, 4, 0, 2, 4, 3, 3, 3, 10, 11, 7, 16, 27, 0, 1, 2, 3, 0, 0, 2, 2, 2, 5, 3, 13, 8, 3, 4, 68, 4, 1, 0, 18, 2, 1, 2, 1, 3, 6, 3, 0, 0, 0, 0, 0, 0, 0, 0, 0, 0, 0, 0, 1, 0, 0, 0, 0, 0, 0, 0, 0, 0, 0, 0, 0, 0, 0, 0, 1, 0, 0, 0, 0, 0, 0, 0, 
96, 1, 1, 3, 1, 0, 1, 0, 0, 0, 1, 0, 0, 1, 2, 1, 0, 1, 2, 2, 0, 0, 1, 0, 0, 0, 0, 1, 0, 27, 4, 3, 4, 100, 1, 0, 0, 51, 4, 1, 1, 1, 0, 0, 0, 10, 12, 13, 14, 10, 2, 0, 2, 3, 1, 0, 1, 5, 3, 2, 3, 3, 3, 3, 5, 70, 3, 1, 3, 21, 4, 4, 1, 3, 4, 1, 0, 1, 0, 0, 0, 2, 0, 0, 0, 0, 0, 0, 0, 1, 0, 0, 0, 2, 0, 0, 0, 0, 0, 0, 0, 2, 0, 0, 0, 0, 0, 0, 0, 0, 0, 0, 0, 
97, 1, 1, 3, 2, 1, 0, 0, 1, 1, 1, 0, 0, 0, 0, 0, 0, 0, 0, 1, 0, 0, 1, 0, 0, 0, 2, 1, 1, 34, 7, 10, 9, 100, 8, 0, 2, 56, 1, 1, 1, 0, 1, 1, 0, 10, 5, 13, 12, 12, 4, 0, 1, 0, 2, 0, 0, 5, 0, 2, 2, 0, 0, 0, 1, 89, 4, 2, 0, 23, 0, 0, 6, 3, 5, 2, 5, 0, 0, 0, 0, 1, 0, 0, 0, 0, 0, 0, 0, 0, 0, 0, 0, 1, 0, 0, 0, 1, 0, 0, 0, 0, 0, 0, 0, 1, 0, 0, 0, 1, 0, 0, 0, 
98, 1, 1, 1, 1, 1, 0, 1, 1, 1, 0, 1, 1, 0, 0, 0, 0, 2, 0, 1, 1, 1, 1, 0, 0, 0, 0, 0, 0, 40, 3, 6, 6, 100, 1, 0, 0, 65, 2, 0, 1, 2, 2, 1, 2, 5, 12, 13, 7, 6, 4, 2, 0, 2, 3, 0, 0, 3, 7, 3, 1, 1, 0, 0, 0, 87, 3, 2, 0, 8, 3, 4, 0, 5, 3, 5, 3, 1, 0, 0, 0, 1, 0, 0, 0, 0, 0, 0, 0, 0, 0, 0, 0, 2, 0, 0, 0, 1, 0, 0, 0, 0, 0, 0, 0, 1, 0, 0, 0, 3, 0, 0, 0, 
99, 0, 0, 0, 1, 1, 0, 2, 0, 0, 0, 3, 1, 0, 0, 0, 0, 2, 0, 1, 0, 0, 3, 1, 2, 1, 0, 0, 0, 27, 1, 6, 4, 100, 0, 0, 0, 54, 1, 0, 1, 13, 0, 2, 0, 26, 10, 4, 4, 8, 2, 1, 1, 9, 0, 1, 0, 5, 2, 3, 3, 0, 0, 1, 1, 95, 1, 0, 1, 18, 2, 2, 3, 4, 3, 4, 2, 1, 0, 0, 0, 2, 0, 0, 0, 0, 0, 0, 0, 1, 0, 0, 0, 0, 0, 0, 0, 2, 0, 0, 0, 3, 0, 0, 0, 1, 0, 0, 0, 0, 0, 0, 0, 