0, 0, 0, 1, 1, 1, 1, 0, 0, 1, 0, 1, 1, 0, 1, 0, 0, 0, 0, 1, 0, 1, 2, 1, 2, 0, 0, 0, 1, 0, 1, 0, 0, 1, 5, 3, 1, 0, 1, 2, 0, 1, 0, 0, 0, 1, 0, 0, 1, 4, 6, 2, 2, 0, 0, 0, 0, 2, 0, 2, 0, 8, 1, 0, 1, 0, 1, 3, 0, 10, 1, 0, 1, 0, 0, 1, 1, 1, 0, 0, 0, 1, 0, 0, 0, 0, 0, 0, 0, 0, 0, 0, 0, 0, 0, 0, 0, 0, 0, 0, 0, 1, 0, 0, 0, 1, 0, 0, 0, 0, 0, 0, 0, 
1, 0, 1, 1, 0, 1, 0, 0, 0, 0, 0, 0, 1, 0, 0, 0, 0, 0, 0, 0, 0, 0, 0, 0, 0, 0, 1, 2, 1, 3, 1, 2, 1, 5, 5, 4, 0, 9, 7, 5, 2, 2, 0, 1, 0, 5, 6, 4, 2, 0, 1, 3, 0, 0, 0, 1, 1, 1, 3, 0, 0, 11, 1, 0, 1, 0, 0, 0, 1, 3, 3, 5, 1, 0, 1, 0, 0, 0, 0, 0, 0, 0, 0, 0, 0, 2, 0, 0, 0, 0, 0, 0, 0, 0, 0, 0, 0, 0, 0, 0, 0, 1, 0, 0, 0, 1, 0, 0, 0, 0, 0, 0, 0, 
2, 0, 0, 0, 1, 0, 0, 2, 0, 0, 0, 0, 1, 3, 0, 0, 0, 0, 0, 0, 0, 0, 0, 0, 0, 1, 1, 0, 0, 1, 2, 0, 1, 9, 3, 1, 1, 10, 6, 7, 5, 1, 0, 0, 0, 0, 3, 2, 2, 1, 0, 0, 0, 3, 2, 1, 3, 4, 2, 3, 3, 7, 1, 0, 1, 0, 2, 0, 0, 2, 1, 1, 2, 0, 0, 0, 1, 0, 0, 0, 0, 2, 0, 0, 0, 0, 0, 0, 0, 1, 0, 0, 0, 1, 0, 0, 0, 0, 0, 0, 0, 0, 0, 0, 0, 2, 0, 0, 0, 0, 0, 0, 0, 
3, 0, 2, 0, 1, 0, 0, 0, 0, 1, 0, 1, 0, 0, 0, 1, 0, 0, 1, 0, 0, 0, 0, 0, 0, 1, 1, 1, 1, 2, 0, 2, 1, 5, 1, 4, 1, 4, 10, 6, 6, 0, 1, 0, 2, 0, 0, 0, 1, 1, 4, 2, 1, 4, 2, 0, 2, 3, 4, 2, 3, 7, 1, 0, 2, 5, 3, 2, 4, 0, 1, 0, 0, 2, 0, 0, 1, 0, 0, 0, 0, 0, 0, 0, 0, 0, 0, 0, 0, 1, 0, 0, 0, 0, 0, 0, 0, 1, 0, 0, 0, 0, 0, 0, 0, 0, 0, 0, 0, 1, 0, 0, 0, 
4, 2, 3, 0, 1, 0, 2, 0, 1, 1, 0, 0, 0, 1, 0, 0, 0, 0, 1, 1, 1, 0, 0, 1, 0, 0, 1, 0, 0, 0, 0, 0, 0, 0, 7, 1, 1, 6, 4, 6, 7, 0, 2, 0, 2, 0, 0, 0, 0, 1, 1, 2, 1, 0, 0, 0, 0, 14, 2, 4, 2, 9, 0, 0, 1, 5, 0, 3, 3, 4, 3, 2, 1, 4, 3, 2, 1, 0, 0, 0, 0, 1, 0, 0, 0, 1, 0, 0, 0, 0, 0, 0, 0, 0, 0, 0, 0, 0, 0, 0, 0, 1, 0, 0, 0, 1, 0, 0, 0, 2, 0, 0, 0, 
5, 2, 1, 1, 0, 0, 1, 0, 0, 1, 0, 2, 0, 2, 1, 1, 1, 1, 1, 2, 1, 0, 0, 1, 0, 1, 2, 1, 1, 1, 0, 0, 1, 1, 1, 1, 3, 7, 5, 3, 7, 1, 3, 6, 1, 2, 1, 2, 1, 0, 0, 2, 0, 4, 1, 0, 1, 2, 2, 3, 1, 1, 2, 2, 1, 2, 4, 1, 1, 0, 0, 2, 0, 2, 5, 5, 7, 0, 0, 0, 0, 2, 0, 0, 0, 1, 0, 0, 0, 1, 0, 0, 0, 0, 0, 0, 0, 1, 0, 0, 0, 1, 0, 0, 0, 0, 0, 0, 0, 0, 0, 0, 0, 
6, 0, 0, 1, 1, 0, 0, 0, 0, 0, 0, 0, 0, 0, 0, 0, 0, 0, 0, 0, 0, 3, 0, 1, 0, 6, 3, 1, 2, 3, 2, 3, 1, 10, 2, 3, 2, 7, 4, 5, 5, 3, 2, 2, 2, 1, 1, 0, 2, 2, 0, 1, 0, 2, 2, 4, 0, 5, 3, 0, 3, 0, 1, 3, 1, 14, 0, 2, 2, 2, 4, 1, 3, 1, 4, 4, 2, 1, 0, 0, 0, 0, 0, 0, 0, 0, 0, 0, 0, 1, 0, 0, 0, 0, 0, 0, 0, 1, 0, 0, 0, 0, 0, 0, 0, 2, 0, 0, 0, 1, 0, 0, 0, 
7, 0, 0, 0, 0, 0, 2, 0, 0, 3, 0, 1, 0, 0, 0, 0, 0, 0, 0, 1, 1, 0, 0, 0, 0, 1, 2, 1, 3, 8, 2, 1, 2, 14, 1, 7, 3, 5, 4, 10, 8, 0, 0, 0, 0, 0, 0, 1, 0, 3, 2, 3, 3, 11, 1, 1, 1, 2, 0, 1, 1, 0, 0, 3, 2, 13, 2, 0, 2, 2, 0, 0, 1, 2, 3, 3, 2, 0, 0, 0, 0, 2, 0, 0, 0, 1, 0, 0, 0, 0, 0, 0, 0, 1, 0, 0, 0, 0, 0, 0, 0, 1, 0, 0, 0, 1, 0, 0, 0, 0, 0, 0, 0, 
8, 1, 1, 0, 1, 2, 0, 1, 0, 0, 0, 1, 0, 1, 1, 0, 1, 1, 0, 0, 0, 0, 1, 2, 0, 0, 0, 2, 1, 3, 2, 0, 1, 26, 3, 6, 3, 4, 5, 4, 2, 1, 0, 0, 0, 2, 2, 0, 0, 5, 1, 3, 1, 3, 1, 0, 2, 0, 0, 1, 1, 2, 0, 1, 1, 27, 2, 2, 4, 2, 0, 2, 0, 9, 1, 1, 2, 0, 0, 0, 0, 1, 0, 0, 0, 0, 0, 0, 0, 1, 0, 0, 0, 0, 0, 0, 0, 1, 0, 0, 0, 0, 0, 0, 0, 0, 0, 0, 0, 2, 0, 0, 0, 
9, 5, 1, 0, 2, 0, 0, 0, 2, 1, 1, 0, 0, 0, 0, 1, 0, 0, 0, 0, 0, 0, 0, 1, 1, 4, 0, 0, 1, 0, 2, 3, 3, 23, 1, 1, 2, 7, 5, 2, 4, 1, 0, 2, 0, 1, 1, 1, 1, 0, 0, 2, 0, 0, 3, 1, 2, 1, 1, 3, 0, 5, 5, 1, 0, 20, 1, 2, 1, 1, 3, 2, 2, 8, 2, 1, 0, 2, 0, 0, 0, 0, 0, 0, 0, 2, 0, 0, 0, 0, 0, 0, 0, 1, 0, 0, 0, 0, 0, 0, 0, 0, 0, 0, 0, 2, 0, 0, 0, 1, 0, 0, 0, 
10, 0, 0, 1, 0, 2, 2, 2, 3, 1, 1, 0, 0, 1, 1, 0, 0, 0, 0, 0, 0, 0, 0, 0, 0, 1, 2, 2, 3, 1, 0, 0, 1, 30, 4, 0, 4, 7, 6, 4, 7, 2, 0, 0, 2, 2, 0, 1, 1, 4, 3, 4, 2, 3, 6, 1, 3, 4, 3, 1, 0, 3, 2, 3, 3, 18, 2, 0, 2, 2, 0, 0, 1, 30, 0, 2, 0, 0, 0, 0, 0, 5, 0, 0, 0, 0, 0, 0, 0, 1, 0, 0, 0, 0, 0, 0, 0, 1, 0, 0, 0, 0, 0, 0, 0, 0, 0, 0, 0, 0, 0, 0, 0, 
11, 1, 0, 0, 0, 0, 0, 0, 0, 0, 1, 0, 0, 1, 0, 0, 0, 0, 1, 0, 1, 1, 0, 0, 2, 5, 6, 6, 0, 1, 1, 1, 0, 37, 1, 2, 1, 8, 8, 4, 2, 2, 3, 5, 5, 3, 2, 1, 2, 3, 2, 0, 0, 4, 1, 4, 4, 0, 0, 0, 0, 1, 1, 0, 1, 6, 1, 3, 1, 2, 1, 2, 0, 25, 0, 1, 0, 2, 0, 0, 0, 1, 0, 0, 0, 1, 0, 0, 0, 2, 0, 0, 0, 1, 0, 0, 0, 1, 0, 0, 0, 1, 0, 0, 0, 1, 0, 0, 0, 0, 0, 0, 0, 
12, 1, 0, 0, 0, 1, 0, 0, 0, 1, 0, 0, 1, 1, 1, 0, 2, 0, 1, 0, 0, 0, 1, 0, 0, 3, 0, 4, 1, 2, 1, 2, 3, 29, 2, 2, 2, 9, 4, 4, 5, 3, 3, 4, 3, 1, 0, 2, 0, 0, 1, 0, 0, 14, 6, 5, 3, 3, 0, 1, 2, 8, 0, 0, 0, 3, 2, 1, 5, 0, 2, 2, 3, 19, 0, 1, 0, 1, 0, 0, 0, 0, 0, 0, 0, 0, 0, 0, 0, 1, 0, 0, 0, 1, 0, 0, 0, 0, 0, 0, 0, 0, 0, 0, 0, 0, 0, 0, 0, 0, 0, 0, 0, 
13, 1, 1, 0, 0, 1, 1, 1, 0, 14, 0, 0, 0, 0, 1, 0, 0, 1, 0, 0, 0, 0, 0, 0, 0, 0, 2, 0, 2, 7, 6, 8, 3, 17, 1, 2, 2, 7, 8, 7, 7, 1, 4, 2, 4, 1, 2, 1, 0, 0, 0, 0, 1, 18, 2, 1, 2, 7, 7, 5, 4, 2, 0, 0, 1, 3, 1, 1, 1, 2, 3, 2, 0, 4, 0, 0, 0, 1, 0, 0, 0, 1, 0, 0, 0, 0, 0, 0, 0, 1, 0, 0, 0, 0, 0, 0, 0, 5, 0, 0, 0, 0, 0, 0, 0, 0, 0, 0, 0, 0, 0, 0, 0, 
14, 0, 0, 0, 1, 1, 0, 0, 0, 3, 2, 2, 1, 1, 0, 0, 0, 0, 0, 0, 0, 0, 2, 2, 2, 0, 0, 0, 1, 5, 9, 3, 0, 7, 0, 3, 3, 5, 4, 0, 4, 0, 1, 0, 0, 7, 2, 2, 3, 3, 0, 1, 3, 24, 6, 3, 2, 1, 1, 0, 1, 5, 0, 0, 0, 1, 0, 3, 3, 1, 0, 2, 0, 0, 0, 1, 4, 0, 0, 0, 0, 0, 0, 0, 0, 0, 0, 0, 0, 2, 0, 0, 0, 1, 0, 0, 0, 2, 0, 0, 0, 1, 0, 0, 0, 0, 0, 0, 0, 3, 0, 0, 0, 
15, 1, 0, 1, 1, 0, 0, 0, 0, 0, 0, 0, 0, 0, 0, 0, 0, 1, 1, 1, 1, 1, 0, 0, 0, 5, 0, 1, 0, 1, 3, 2, 4, 7, 6, 4, 4, 7, 2, 5, 2, 0, 1, 3, 1, 16, 4, 2, 0, 1, 1, 0, 0, 30, 3, 3, 2, 3, 4, 4, 1, 2, 2, 3, 0, 1, 0, 2, 1, 0, 3, 1, 0, 4, 1, 0, 1, 0, 0, 0, 0, 0, 0, 0, 0, 2, 0, 0, 0, 2, 0, 0, 0, 0, 0, 0, 0, 0, 0, 0, 0, 2, 0, 0, 0, 1, 0, 0, 0, 1, 0, 0, 0, 
16, 3, 5, 2, 2, 2, 0, 2, 1, 1, 2, 0, 0, 0, 0, 0, 1, 0, 0, 1, 0, 0, 0, 0, 0, 3, 1, 3, 1, 2, 1, 4, 5, 3, 3, 2, 4, 4, 2, 5, 5, 1, 1, 2, 3, 11, 1, 0, 1, 23, 0, 0, 0, 35, 1, 2, 2, 4, 3, 6, 3, 2, 3, 4, 2, 3, 0, 0, 1, 4, 1, 3, 2, 0, 1, 0, 1, 0, 0, 0, 0, 4, 0, 0, 0, 0, 0, 0, 0, 2, 0, 0, 0, 0, 0, 0, 0, 0, 0, 0, 0, 1, 0, 0, 0, 1, 0, 0, 0, 0, 0, 0, 0, 
17, 0, 0, 1, 1, 0, 1, 0, 1, 0, 1, 0, 0, 2, 0, 1, 0, 1, 0, 1, 2, 0, 0, 0, 0, 3, 1, 1, 5, 1, 4, 4, 1, 3, 2, 0, 4, 1, 1, 1, 1, 1, 1, 0, 0, 6, 3, 2, 3, 9, 0, 1, 1, 34, 3, 2, 3, 2, 3, 2, 1, 8, 3, 1, 4, 1, 3, 3, 0, 8, 3, 2, 3, 0, 2, 1, 0, 0, 0, 0, 0, 2, 0, 0, 0, 2, 0, 0, 0, 1, 0, 0, 0, 1, 0, 0, 0, 0, 0, 0, 0, 1, 0, 0, 0, 0, 0, 0, 0, 1, 0, 0, 0, 
18, 1, 0, 2, 0, 2, 1, 1, 0, 0, 0, 0, 0, 0, 1, 1, 0, 0, 0, 0, 0, 1, 0, 0, 0, 1, 0, 2, 0, 0, 0, 0, 0, 0, 0, 0, 0, 1, 1, 1, 1, 1, 0, 0, 2, 0, 1, 2, 2, 22, 2, 2, 4, 47, 5, 4, 2, 2, 5, 6, 4, 9, 4, 3, 1, 0, 4, 0, 2, 5, 2, 4, 2, 6, 2, 1, 0, 0, 0, 0, 0, 0, 0, 0, 0, 1, 0, 0, 0, 2, 0, 0, 0, 0, 0, 0, 0, 2, 0, 0, 0, 0, 0, 0, 0, 0, 0, 0, 0, 0, 0, 0, 0, 
19, 0, 0, 0, 2, 0, 0, 0, 0, 0, 1, 1, 1, 0, 0, 1, 1, 0, 0, 0, 0, 0, 0, 0, 0, 2, 0, 1, 1, 2, 2, 3, 1, 1, 1, 2, 0, 1, 0, 0, 1, 12, 1, 7, 1, 3, 5, 5, 2, 21, 1, 2, 3, 39, 8, 6, 2, 3, 3, 4, 2, 7, 1, 3, 2, 4, 0, 0, 1, 4, 2, 3, 1, 1, 0, 1, 0, 0, 0, 0, 0, 0, 0, 0, 0, 1, 0, 0, 0, 0, 0, 0, 0, 0, 0, 0, 0, 1, 0, 0, 0, 3, 0, 0, 0, 0, 0, 0, 0, 0, 0, 0, 0, 
20, 0, 0, 0, 0, 0, 1, 0, 0, 0, 0, 0, 1, 2, 2, 1, 0, 0, 0, 0, 0, 0, 0, 1, 0, 5, 1, 1, 7, 0, 0, 0, 0, 0, 0, 1, 1, 1, 0, 2, 0, 23, 3, 2, 2, 3, 1, 1, 1, 14, 3, 2, 1, 53, 7, 2, 2, 1, 1, 1, 0, 5, 1, 1, 3, 4, 2, 5, 2, 1, 3, 1, 1, 0, 1, 0, 3, 0, 0, 0, 0, 2, 0, 0, 0, 2, 0, 0, 0, 0, 0, 0, 0, 1, 0, 0, 0, 1, 0, 0, 0, 2, 0, 0, 0, 0, 0, 0, 0, 0, 0, 0, 0, 
21, 0, 0, 0, 0, 0, 1, 0, 0, 2, 0, 0, 0, 0, 0, 0, 0, 1, 1, 0, 2, 0, 0, 0, 0, 0, 1, 0, 0, 1, 1, 1, 0, 3, 2, 3, 2, 0, 2, 4, 0, 29, 3, 2, 1, 0, 0, 2, 0, 9, 1, 0, 0, 61, 4, 7, 5, 6, 2, 2, 0, 0, 2, 1, 1, 5, 6, 9, 5, 5, 5, 1, 4, 4, 3, 1, 2, 0, 0, 0, 0, 0, 0, 0, 0, 1, 0, 0, 0, 1, 0, 0, 0, 1, 0, 0, 0, 0, 0, 0, 0, 0, 0, 0, 0, 0, 0, 0, 0, 0, 0, 0, 0, 
22, 0, 0, 0, 0, 2, 0, 0, 2, 0, 0, 0, 0, 1, 0, 2, 0, 0, 1, 0, 1, 1, 0, 0, 0, 2, 3, 1, 1, 3, 2, 0, 4, 5, 8, 8, 2, 0, 0, 0, 1, 20, 0, 3, 1, 4, 0, 0, 1, 0, 2, 0, 0, 66, 4, 5, 2, 14, 4, 1, 1, 1, 1, 1, 0, 5, 5, 5, 6, 15, 8, 4, 0, 3, 2, 5, 3, 3, 0, 0, 0, 0, 0, 0, 0, 0, 0, 0, 0, 2, 0, 0, 0, 0, 0, 0, 0, 1, 0, 0, 0, 0, 0, 0, 0, 1, 0, 0, 0, 2, 0, 0, 0, 
23, 0, 2, 1, 1, 0, 2, 0, 1, 0, 1, 0, 0, 0, 0, 0, 0, 0, 0, 2, 1, 1, 1, 0, 1, 16, 2, 9, 3, 7, 3, 4, 4, 2, 9, 5, 7, 13, 0, 3, 0, 5, 4, 4, 1, 3, 2, 1, 0, 2, 2, 3, 2, 66, 4, 2, 3, 20, 5, 3, 1, 3, 2, 0, 0, 3, 4, 6, 3, 5, 3, 4, 2, 9, 5, 4, 0, 0, 0, 0, 0, 1, 0, 0, 0, 0, 0, 0, 0, 2, 0, 0, 0, 0, 0, 0, 0, 1, 0, 0, 0, 1, 0, 0, 0, 0, 0, 0, 0, 0, 0, 0, 0, 
24, 0, 0, 0, 0, 0, 0, 1, 1, 0, 0, 1, 1, 1, 0, 1, 1, 0, 1, 0, 0, 1, 1, 2, 1, 17, 3, 4, 2, 2, 4, 2, 4, 4, 8, 4, 8, 9, 3, 4, 0, 1, 0, 4, 1, 5, 2, 2, 1, 3, 3, 4, 1, 68, 5, 2, 1, 29, 2, 2, 2, 1, 2, 2, 1, 6, 3, 2, 4, 0, 2, 0, 0, 7, 3, 6, 4, 0, 0, 0, 0, 0, 0, 0, 0, 1, 0, 0, 0, 1, 0, 0, 0, 0, 0, 0, 0, 1, 0, 0, 0, 1, 0, 0, 0, 0, 0, 0, 0, 0, 0, 0, 0, 
25, 1, 1, 1, 0, 3, 2, 0, 1, 0, 0, 0, 0, 0, 0, 0, 0, 0, 0, 1, 1, 0, 1, 0, 1, 31, 4, 4, 6, 8, 6, 5, 4, 5, 7, 9, 8, 3, 2, 1, 2, 2, 1, 0, 1, 1, 2, 4, 0, 0, 1, 3, 0, 71, 0, 2, 3, 27, 1, 2, 1, 8, 1, 3, 0, 0, 0, 0, 0, 0, 0, 1, 0, 26, 3, 4, 3, 0, 0, 0, 0, 0, 0, 0, 0, 2, 0, 0, 0, 0, 0, 0, 0, 0, 0, 0, 0, 1, 0, 0, 0, 1, 0, 0, 0, 0, 0, 0, 0, 1, 0, 0, 0, 
26, 1, 0, 0, 0, 1, 0, 1, 0, 0, 1, 0, 0, 0, 2, 0, 1, 0, 0, 0, 1, 0, 0, 0, 0, 41, 15, 2, 2, 24, 1, 3, 1, 7, 8, 11, 7, 0, 1, 2, 0, 1, 1, 0, 0, 11, 4, 0, 1, 0, 3, 1, 0, 59, 2, 4, 3, 13, 1, 2, 2, 15, 1, 2, 2, 3, 2, 2, 3, 0, 1, 1, 0, 26, 3, 3, 5, 0, 0, 0, 0, 0, 0, 0, 0, 0, 0, 0, 0, 2, 0, 0, 0, 0, 0, 0, 0, 0, 0, 0, 0, 3, 0, 0, 0, 1, 0, 0, 0, 2, 0, 0, 0, 
27, 1, 0, 2, 0, 0, 3, 1, 1, 0, 0, 0, 0, 0, 0, 0, 1, 0, 0, 0, 1, 1, 0, 0, 1, 63, 4, 5, 4, 4, 0, 1, 1, 13, 12, 5, 10, 6, 0, 1, 3, 0, 0, 0, 0, 12, 0, 0, 0, 0, 1, 0, 0, 50, 3, 0, 4, 18, 3, 3, 0, 33, 3, 3, 1, 1, 4, 8, 6, 4, 0, 3, 3, 23, 3, 3, 4, 2, 0, 0, 0, 0, 0, 0, 0, 3, 0, 0, 0, 1, 0, 0, 0, 1, 0, 0, 0, 1, 0, 0, 0, 1, 0, 0, 0, 3, 0, 0, 0, 0, 0, 0, 0, 
28, 0, 0, 0, 0, 1, 0, 1, 0, 1, 0, 0, 0, 1, 0, 2, 0, 1, 1, 0, 0, 0, 0, 0, 0, 69, 1, 1, 5, 4, 1, 2, 1, 2, 11, 5, 8, 1, 2, 4, 3, 3, 2, 3, 2, 3, 1, 0, 0, 6, 2, 5, 4, 50, 2, 2, 3, 9, 1, 1, 0, 35, 0, 1, 2, 3, 3, 7, 3, 1, 0, 2, 2, 20, 6, 3, 3, 0, 0, 0, 0, 2, 0, 0, 0, 1, 0, 0, 0, 0, 0, 0, 0, 0, 0, 0, 0, 0, 0, 0, 0, 2, 0, 0, 0, 1, 0, 0, 0, 0, 0, 0, 0, 
29, 0, 1, 0, 0, 0, 0, 1, 1, 1, 0, 0, 0, 3, 0, 0, 0, 0, 0, 1, 0, 1, 1, 4, 0, 70, 3, 4, 2, 1, 1, 2, 2, 7, 4, 6, 8, 1, 0, 1, 0, 4, 2, 2, 3, 3, 2, 2, 1, 11, 3, 0, 2, 44, 6, 4, 5, 6, 1, 1, 1, 31, 5, 2, 0, 2, 5, 0, 3, 8, 5, 3, 2, 28, 4, 4, 2, 0, 0, 0, 0, 0, 0, 0, 0, 0, 0, 0, 0, 0, 0, 0, 0, 0, 0, 0, 0, 2, 0, 0, 0, 1, 0, 0, 0, 2, 0, 0, 0, 1, 0, 0, 0, 
30, 1, 0, 1, 1, 0, 0, 0, 0, 4, 0, 0, 0, 0, 0, 0, 0, 0, 0, 0, 0, 1, 0, 0, 0, 87, 5, 3, 1, 1, 1, 1, 2, 9, 7, 7, 7, 0, 3, 2, 1, 4, 2, 4, 4, 1, 2, 1, 0, 15, 4, 2, 1, 31, 1, 2, 3, 13, 10, 4, 2, 28, 2, 1, 0, 0, 0, 2, 1, 19, 3, 0, 1, 25, 3, 0, 4, 1, 0, 0, 0, 1, 0, 0, 0, 1, 0, 0, 0, 2, 0, 0, 0, 0, 0, 0, 0, 0, 0, 0, 0, 1, 0, 0, 0, 1, 0, 0, 0, 0, 0, 0, 0, 
31, 0, 0, 1, 1, 0, 0, 0, 0, 0, 0, 0, 0, 0, 0, 0, 0, 2, 1, 0, 0, 0, 1, 0, 0, 89, 4, 3, 2, 0, 1, 0, 3, 6, 6, 8, 6, 13, 1, 5, 3, 3, 5, 4, 2, 4, 13, 2, 1, 29, 2, 1, 3, 32, 1, 3, 3, 31, 3, 3, 3, 25, 4, 1, 1, 2, 0, 0, 2, 15, 4, 1, 0, 19, 2, 6, 6, 1, 0, 0, 0, 0, 0, 0, 0, 1, 0, 0, 0, 3, 0, 0, 0, 1, 0, 0, 0, 2, 0, 0, 0, 0, 0, 0, 0, 0, 0, 0, 0, 2, 0, 0, 0, 
32, 1, 0, 2, 1, 0, 0, 0, 1, 2, 1, 0, 0, 0, 0, 0, 1, 0, 0, 1, 0, 0, 0, 0, 0, 95, 4, 4, 2, 1, 0, 0, 0, 3, 6, 4, 7, 6, 3, 2, 2, 2, 13, 4, 2, 2, 1, 2, 3, 20, 4, 1, 1, 22, 4, 1, 1, 57, 5, 3, 1, 11, 2, 0, 1, 0, 0, 1, 1, 26, 2, 1, 1, 26, 2, 4, 3, 6, 0, 0, 0, 0, 0, 0, 0, 0, 0, 0, 0, 0, 0, 0, 0, 1, 0, 0, 0, 1, 0, 0, 0, 0, 0, 0, 0, 0, 0, 0, 0, 3, 0, 0, 0, 
33, 0, 0, 1, 0, 0, 1, 2, 0, 0, 1, 0, 1, 2, 1, 1, 0, 0, 0, 0, 1, 0, 1, 0, 0, 92, 1, 1, 5, 0, 0, 1, 0, 6, 1, 5, 1, 2, 1, 2, 1, 18, 2, 1, 1, 1, 1, 3, 1, 21, 3, 3, 2, 21, 4, 3, 2, 59, 0, 2, 1, 10, 1, 0, 3, 1, 2, 0, 1, 24, 2, 1, 0, 27, 6, 2, 6, 2, 0, 0, 0, 2, 0, 0, 0, 0, 0, 0, 0, 1, 0, 0, 0, 0, 0, 0, 0, 1, 0, 0, 0, 0, 0, 0, 0, 0, 0, 0, 0, 0, 0, 0, 0, 
34, 1, 0, 3, 1, 0, 0, 1, 2, 0, 1, 0, 0, 0, 0, 1, 1, 1, 0, 0, 1, 0, 1, 0, 2, 97, 4, 2, 2, 9, 0, 0, 0, 8, 2, 3, 6, 2, 0, 0, 1, 16, 3, 2, 3, 9, 6, 0, 1, 26, 3, 3, 4, 24, 6, 4, 1, 49, 2, 2, 3, 9, 0, 0, 1, 5, 3, 1, 0, 27, 2, 0, 0, 32, 6, 3, 0, 0, 0, 0, 0, 0, 0, 0, 0, 3, 0, 0, 0, 0, 0, 0, 0, 0, 0, 0, 0, 1, 0, 0, 0, 0, 0, 0, 0, 0, 0, 0, 0, 0, 0, 0, 0, 
35, 3, 1, 2, 1, 0, 0, 0, 0, 0, 1, 1, 0, 1, 1, 2, 0, 0, 0, 0, 0, 1, 0, 1, 0, 91, 2, 3, 5, 7, 3, 1, 0, 8, 2, 1, 4, 1, 3, 2, 0, 20, 2, 1, 0, 11, 2, 3, 3, 24, 1, 0, 4, 28, 2, 3, 3, 31, 0, 2, 2, 20, 0, 2, 3, 3, 1, 0, 0, 22, 4, 3, 1, 38, 3, 3, 4, 0, 0, 0, 0, 1, 0, 0, 0, 0, 0, 0, 0, 3, 0, 0, 0, 1, 0, 0, 0, 2, 0, 0, 0, 1, 0, 0, 0, 0, 0, 0, 0, 1, 0, 0, 0, 
36, 0, 2, 0, 1, 0, 1, 0, 0, 1, 0, 0, 0, 1, 0, 1, 0, 0, 1, 1, 0, 1, 0, 0, 0, 100, 6, 2, 2, 13, 2, 0, 0, 18, 0, 4, 3, 7, 2, 0, 2, 2, 2, 4, 4, 2, 4, 2, 3, 27, 4, 2, 0, 27, 2, 1, 0, 35, 8, 1, 0, 14, 3, 1, 2, 2, 3, 1, 2, 22, 1, 0, 1, 33, 8, 3, 7, 2, 0, 0, 0, 0, 0, 0, 0, 1, 0, 0, 0, 0, 0, 0, 0, 0, 0, 0, 0, 0, 0, 0, 0, 0, 0, 0, 0, 0, 0, 0, 0, 0, 0, 0, 0, 
37, 4, 0, 4, 2, 1, 1, 2, 1, 0, 2, 0, 0, 0, 0, 0, 1, 0, 0, 0, 2, 0, 1, 0, 0, 80, 3, 3, 2, 12, 2, 4, 0, 13, 3, 0, 3, 2, 3, 1, 3, 9, 2, 2, 3, 0, 0, 0, 0, 19, 1, 1, 1, 29, 3, 2, 0, 27, 0, 1, 0, 15, 1, 0, 1, 1, 7, 2, 2, 22, 1, 0, 0, 31, 2, 4, 8, 0, 0, 0, 0, 1, 0, 0, 0, 1, 0, 0, 0, 0, 0, 0, 0, 0, 0, 0, 0, 1, 0, 0, 0, 0, 0, 0, 0, 2, 0, 0, 0, 0, 0, 0, 0, 
38, 0, 0, 1, 0, 0, 0, 2, 2, 0, 0, 0, 0, 1, 0, 1, 1, 1, 0, 0, 0, 3, 0, 0, 1, 67, 0, 7, 7, 32, 0, 0, 0, 9, 0, 2, 1, 2, 3, 2, 1, 12, 2, 0, 0, 18, 8, 2, 0, 23, 1, 3, 1, 22, 8, 3, 6, 26, 2, 5, 2, 2, 2, 0, 1, 3, 1, 5, 5, 7, 4, 3, 2, 33, 2, 2, 3, 2, 0, 0, 0, 0, 0, 0, 0, 0, 0, 0, 0, 0, 0, 0, 0, 2, 0, 0, 0, 0, 0, 0, 0, 1, 0, 0, 0, 1, 0, 0, 0, 1, 0, 0, 0, 
39, 1, 1, 0, 0, 1, 0, 0, 1, 1, 0, 0, 0, 0, 0, 0, 0, 1, 0, 0, 0, 0, 0, 0, 1, 58, 4, 2, 4, 26, 1, 0, 0, 1, 0, 2, 1, 1, 3, 1, 2, 17, 6, 3, 5, 9, 0, 0, 2, 22, 1, 2, 1, 26, 3, 3, 3, 38, 2, 2, 2, 3, 4, 0, 3, 6, 6, 1, 3, 14, 0, 1, 2, 29, 6, 7, 8, 0, 0, 0, 0, 0, 0, 0, 0, 0, 0, 0, 0, 0, 0, 0, 0, 3, 0, 0, 0, 3, 0, 0, 0, 1, 0, 0, 0, 0, 0, 0, 0, 0, 0, 0, 0, 
40, 3, 1, 1, 0, 0, 0, 0, 1, 0, 2, 0, 1, 0, 0, 0, 0, 0, 1, 1, 0, 0, 0, 0, 1, 56, 2, 2, 1, 26, 1, 0, 1, 5, 2, 7, 1, 3, 0, 0, 1, 28, 4, 3, 1, 2, 1, 2, 3, 19, 2, 3, 1, 26, 2, 2, 6, 20, 1, 5, 1, 0, 0, 1, 3, 16, 4, 6, 5, 14, 1, 2, 0, 30, 8, 1, 6, 1, 0, 0, 0, 0, 0, 0, 0, 0, 0, 0, 0, 3, 0, 0, 0, 1, 0, 0, 0, 0, 0, 0, 0, 1, 0, 0, 0, 0, 0, 0, 0, 1, 0, 0, 0, 
41, 3, 1, 4, 2, 0, 0, 0, 0, 0, 0, 0, 0, 2, 3, 5, 1, 0, 1, 1, 0, 2, 0, 3, 0, 63, 4, 1, 3, 24, 0, 0, 0, 7, 6, 3, 4, 1, 0, 1, 0, 32, 1, 1, 1, 0, 0, 1, 0, 24, 3, 2, 0, 28, 7, 1, 3, 26, 2, 2, 2, 1, 1, 0, 0, 3, 2, 5, 5, 22, 1, 1, 2, 25, 3, 4, 5, 2, 0, 0, 0, 1, 0, 0, 0, 1, 0, 0, 0, 0, 0, 0, 0, 1, 0, 0, 0, 0, 0, 0, 0, 1, 0, 0, 0, 0, 0, 0, 0, 0, 0, 0, 0, 
42, 1, 0, 0, 0, 0, 0, 0, 0, 0, 0, 1, 0, 0, 1, 0, 1, 0, 1, 0, 0, 0, 0, 0, 2, 63, 6, 2, 5, 35, 4, 2, 2, 4, 3, 9, 6, 4, 1, 3, 2, 30, 6, 2, 2, 4, 7, 4, 3, 13, 3, 4, 1, 32, 2, 4, 4, 21, 2, 2, 1, 0, 2, 0, 0, 0, 0, 2, 0, 4, 1, 0, 1, 35, 8, 4, 3, 3, 0, 0, 0, 0, 0, 0, 0, 0, 0, 0, 0, 0, 0, 0, 0, 0, 0, 0, 0, 0, 0, 0, 0, 1, 0, 0, 0, 1, 0, 0, 0, 1, 0, 0, 0, 
43, 0, 0, 0, 0, 1, 0, 0, 0, 0, 1, 1, 0, 1, 0, 0, 0, 0, 0, 0, 1, 0, 0, 1, 0, 65, 7, 7, 1, 41, 1, 1, 0, 5, 3, 5, 7, 12, 10, 4, 3, 22, 4, 2, 2, 7, 2, 7, 4, 7, 3, 3, 0, 24, 5, 1, 0, 31, 2, 2, 1, 2, 3, 2, 0, 3, 2, 0, 1, 2, 1, 0, 1, 34, 0, 5, 5, 0, 0, 0, 0, 2, 0, 0, 0, 0, 0, 0, 0, 2, 0, 0, 0, 0, 0, 0, 0, 0, 0, 0, 0, 3, 0, 0, 0, 0, 0, 0, 0, 0, 0, 0, 0, 
44, 1, 0, 0, 0, 2, 3, 1, 1, 0, 0, 0, 0, 0, 0, 1, 0, 0, 0, 2, 1, 0, 0, 0, 0, 65, 1, 6, 1, 37, 0, 0, 1, 1, 4, 3, 6, 27, 5, 8, 2, 20, 3, 1, 2, 3, 7, 7, 5, 0, 0, 0, 0, 8, 4, 5, 4, 36, 1, 1, 3, 3, 0, 2, 1, 19, 1, 1, 3, 3, 3, 1, 4, 42, 5, 5, 0, 1, 0, 0, 0, 0, 0, 0, 0, 3, 0, 0, 0, 1, 0, 0, 0, 0, 0, 0, 0, 0, 0, 0, 0, 0, 0, 0, 0, 2, 0, 0, 0, 1, 0, 0, 0, 
45, 1, 1, 1, 0, 0, 0, 1, 1, 0, 2, 0, 0, 1, 1, 0, 1, 0, 1, 0, 0, 0, 0, 0, 0, 76, 2, 4, 6, 30, 2, 0, 0, 8, 4, 6, 4, 14, 3, 7, 4, 12, 1, 5, 3, 2, 3, 2, 0, 1, 2, 2, 0, 6, 4, 4, 2, 32, 3, 0, 3, 20, 3, 6, 2, 17, 0, 0, 0, 15, 3, 3, 3, 20, 5, 8, 1, 0, 0, 0, 0, 1, 0, 0, 0, 0, 0, 0, 0, 1, 0, 0, 0, 0, 0, 0, 0, 1, 0, 0, 0, 0, 0, 0, 0, 1, 0, 0, 0, 1, 0, 0, 0, 
46, 0, 1, 0, 0, 1, 0, 1, 0, 1, 1, 0, 2, 0, 0, 0, 0, 0, 0, 0, 0, 0, 0, 0, 0, 65, 2, 2, 4, 30, 3, 0, 1, 15, 6, 5, 7, 17, 4, 6, 3, 7, 4, 1, 3, 4, 3, 1, 2, 2, 0, 1, 1, 1, 0, 0, 2, 39, 4, 3, 1, 19, 4, 1, 1, 25, 0, 1, 2, 17, 2, 0, 3, 29, 4, 4, 3, 2, 0, 0, 0, 0, 0, 0, 0, 0, 0, 0, 0, 1, 0, 0, 0, 0, 0, 0, 0, 2, 0, 0, 0, 2, 0, 0, 0, 3, 0, 0, 0, 1, 0, 0, 0, 
47, 0, 0, 0, 0, 1, 2, 1, 0, 0, 0, 0, 0, 0, 0, 0, 0, 1, 0, 1, 0, 1, 5, 2, 1, 77, 3, 2, 5, 32, 1, 0, 0, 3, 5, 4, 4, 24, 5, 7, 7, 1, 2, 1, 3, 7, 10, 9, 1, 1, 1, 2, 1, 1, 0, 0, 0, 48, 7, 4, 2, 2, 1, 4, 0, 26, 4, 0, 1, 17, 3, 5, 4, 23, 7, 6, 5, 2, 0, 0, 0, 1, 0, 0, 0, 1, 0, 0, 0, 0, 0, 0, 0, 0, 0, 0, 0, 0, 0, 0, 0, 0, 0, 0, 0, 0, 0, 0, 0, 0, 0, 0, 0, 
48, 3, 4, 2, 0, 0, 0, 0, 1, 0, 0, 0, 0, 1, 1, 1, 0, 0, 0, 0, 0, 0, 0, 1, 2, 55, 2, 2, 5, 34, 0, 0, 0, 4, 8, 6, 5, 30, 2, 6, 0, 2, 2, 1, 0, 9, 4, 10, 9, 1, 1, 0, 2, 0, 1, 1, 1, 52, 0, 0, 3, 3, 3, 3, 5, 26, 1, 1, 2, 23, 4, 3, 4, 33, 5, 2, 1, 0, 0, 0, 0, 3, 0, 0, 0, 1, 0, 0, 0, 2, 0, 0, 0, 1, 0, 0, 0, 1, 0, 0, 0, 1, 0, 0, 0, 0, 0, 0, 0, 1, 0, 0, 0, 
49, 0, 0, 0, 0, 0, 1, 3, 3, 4, 0, 1, 0, 0, 0, 0, 0, 0, 1, 0, 0, 1, 0, 1, 0, 51, 8, 0, 5, 38, 1, 0, 1, 14, 6, 4, 3, 33, 8, 6, 7, 1, 2, 1, 2, 12, 6, 13, 7, 1, 1, 0, 0, 2, 2, 2, 2, 42, 1, 2, 2, 3, 7, 2, 2, 30, 1, 1, 1, 22, 0, 2, 1, 15, 5, 7, 1, 0, 0, 0, 0, 0, 0, 0, 0, 0, 0, 0, 0, 1, 0, 0, 0, 0, 0, 0, 0, 2, 0, 0, 0, 0, 0, 0, 0, 1, 0, 0, 0, 0, 0, 0, 0, 
50, 0, 1, 0, 1, 1, 0, 0, 2, 0, 1, 0, 0, 4, 1, 0, 0, 0, 1, 1, 0, 0, 0, 0, 0, 46, 5, 3, 2, 39, 1, 0, 0, 13, 14, 4, 10, 30, 6, 9, 4, 0, 0, 0, 0, 11, 7, 1, 12, 2, 1, 0, 0, 3, 2, 1, 2, 31, 1, 2, 2, 1, 0, 1, 2, 32, 3, 1, 0, 9, 2, 2, 2, 20, 7, 4, 3, 1, 0, 0, 0, 0, 0, 0, 0, 0, 0, 0, 0, 1, 0, 0, 0, 1, 0, 0, 0, 0, 0, 0, 0, 0, 0, 0, 0, 1, 0, 0, 0, 1, 0, 0, 0, 
51, 0, 0, 1, 0, 2, 0, 0, 0, 0, 0, 0, 0, 1, 0, 0, 0, 0, 0, 0, 0, 0, 1, 1, 2, 31, 4, 4, 5, 31, 2, 0, 0, 34, 6, 9, 5, 39, 2, 6, 9, 2, 1, 1, 0, 19, 12, 5, 5, 4, 3, 3, 3, 0, 0, 0, 0, 30, 2, 2, 0, 4, 1, 2, 1, 29, 3, 1, 1, 10, 9, 2, 6, 14, 4, 1, 5, 2, 0, 0, 0, 1, 0, 0, 0, 1, 0, 0, 0, 1, 0, 0, 0, 0, 0, 0, 0, 0, 0, 0, 0, 0, 0, 0, 0, 0, 0, 0, 0, 1, 0, 0, 0, 
52, 0, 1, 0, 0, 0, 0, 0, 0, 0, 1, 0, 1, 0, 1, 1, 0, 0, 0, 0, 0, 0, 1, 0, 0, 27, 6, 3, 1, 26, 1, 0, 0, 44, 8, 3, 8, 39, 10, 9, 1, 1, 4, 1, 0, 18, 8, 10, 10, 3, 0, 3, 3, 2, 4, 2, 3, 19, 6, 4, 2, 5, 0, 5, 1, 41, 5, 1, 3, 16, 1, 3, 2, 11, 5, 4, 4, 1, 0, 0, 0, 0, 0, 0, 0, 0, 0, 0, 0, 0, 0, 0, 0, 0, 0, 0, 0, 2, 0, 0, 0, 3, 0, 0, 0, 0, 0, 0, 0, 1, 0, 0, 0, 
53, 0, 0, 1, 0, 0, 0, 0, 0, 3, 1, 5, 3, 0, 0, 0, 0, 0, 0, 0, 0, 0, 0, 1, 0, 35, 3, 0, 3, 22, 0, 1, 1, 31, 4, 6, 6, 38, 6, 8, 7, 4, 1, 1, 1, 7, 7, 10, 11, 3, 1, 1, 1, 5, 6, 3, 4, 32, 3, 4, 2, 1, 2, 2, 3, 56, 8, 1, 1, 14, 2, 5, 2, 1, 3, 1, 1, 1, 0, 0, 0, 2, 0, 0, 0, 0, 0, 0, 0, 0, 0, 0, 0, 1, 0, 0, 0, 2, 0, 0, 0, 0, 0, 0, 0, 1, 0, 0, 0, 0, 0, 0, 0, 
54, 1, 0, 0, 0, 2, 3, 5, 1, 0, 0, 0, 0, 0, 0, 0, 0, 0, 0, 0, 0, 0, 0, 0, 0, 35, 2, 5, 1, 21, 3, 1, 2, 29, 3, 7, 6, 51, 8, 4, 5, 1, 0, 0, 1, 11, 14, 6, 3, 4, 0, 3, 2, 3, 6, 3, 6, 27, 4, 2, 3, 0, 0, 0, 0, 62, 0, 1, 2, 23, 3, 3, 4, 2, 1, 0, 1, 0, 0, 0, 0, 0, 0, 0, 0, 1, 0, 0, 0, 0, 0, 0, 0, 2, 0, 0, 0, 0, 0, 0, 0, 0, 0, 0, 0, 0, 0, 0, 0, 2, 0, 0, 0, 
55, 0, 1, 2, 1, 0, 0, 0, 1, 1, 0, 1, 0, 0, 1, 1, 1, 0, 0, 0, 1, 2, 0, 0, 0, 35, 2, 6, 2, 29, 2, 0, 0, 28, 8, 6, 7, 48, 6, 7, 5, 0, 3, 0, 1, 14, 8, 5, 6, 3, 2, 1, 2, 5, 5, 5, 5, 18, 3, 0, 1, 3, 0, 0, 1, 49, 0, 1, 2, 30, 4, 2, 3, 0, 3, 2, 1, 0, 0, 0, 0, 2, 0, 0, 0, 0, 0, 0, 0, 1, 0, 0, 0, 0, 0, 0, 0, 2, 0, 0, 0, 0, 0, 0, 0, 0, 0, 0, 0, 1, 0, 0, 0, 
56, 0, 1, 0, 0, 0, 0, 0, 1, 2, 1, 0, 0, 0, 0, 0, 0, 0, 0, 0, 0, 0, 1, 1, 0, 28, 2, 5, 0, 32, 5, 2, 3, 34, 3, 3, 5, 53, 5, 3, 5, 1, 1, 2, 1, 15, 9, 8, 3, 2, 2, 1, 6, 1, 2, 5, 4, 20, 6, 5, 3, 1, 0, 1, 0, 48, 0, 2, 0, 34, 1, 2, 1, 1, 3, 3, 6, 0, 0, 0, 0, 0, 0, 0, 0, 1, 0, 0, 0, 1, 0, 0, 0, 3, 0, 0, 0, 0, 0, 0, 0, 1, 0, 0, 0, 0, 0, 0, 0, 0, 0, 0, 0, 
57, 0, 2, 0, 1, 1, 0, 1, 1, 0, 0, 0, 0, 2, 1, 1, 1, 0, 1, 1, 1, 1, 1, 0, 0, 23, 3, 5, 6, 39, 3, 0, 1, 27, 5, 2, 5, 54, 8, 3, 8, 7, 0, 1, 0, 7, 11, 9, 7, 9, 6, 2, 0, 3, 3, 4, 4, 21, 0, 3, 0, 3, 5, 1, 1, 51, 1, 1, 0, 36, 2, 3, 4, 2, 3, 4, 3, 0, 0, 0, 0, 1, 0, 0, 0, 0, 0, 0, 0, 1, 0, 0, 0, 0, 0, 0, 0, 0, 0, 0, 0, 0, 0, 0, 0, 0, 0, 0, 0, 1, 0, 0, 0, 
58, 1, 2, 0, 1, 0, 0, 1, 1, 0, 0, 0, 0, 0, 1, 2, 1, 0, 1, 1, 1, 1, 0, 0, 0, 30, 3, 2, 2, 35, 2, 0, 0, 23, 4, 7, 11, 59, 9, 5, 6, 6, 5, 3, 1, 14, 6, 6, 11, 3, 0, 2, 3, 1, 2, 1, 0, 4, 2, 1, 0, 4, 11, 2, 4, 52, 0, 1, 0, 38, 5, 4, 1, 2, 3, 2, 0, 1, 0, 0, 0, 1, 0, 0, 0, 0, 0, 0, 0, 0, 0, 0, 0, 0, 0, 0, 0, 0, 0, 0, 0, 1, 0, 0, 0, 1, 0, 0, 0, 1, 0, 0, 0, 
59, 0, 1, 1, 0, 0, 1, 0, 0, 1, 0, 0, 0, 0, 1, 1, 1, 0, 3, 0, 0, 0, 0, 0, 0, 24, 4, 6, 2, 33, 0, 0, 1, 23, 6, 9, 5, 67, 1, 7, 7, 6, 5, 4, 6, 18, 7, 4, 4, 3, 2, 1, 1, 4, 1, 0, 0, 3, 3, 0, 4, 5, 4, 5, 2, 63, 4, 0, 0, 48, 4, 2, 3, 3, 2, 2, 1, 0, 0, 0, 0, 0, 0, 0, 0, 1, 0, 0, 0, 1, 0, 0, 0, 0, 0, 0, 0, 1, 0, 0, 0, 0, 0, 0, 0, 1, 0, 0, 0, 1, 0, 0, 0, 
60, 0, 2, 1, 0, 0, 0, 1, 0, 1, 1, 1, 0, 0, 0, 0, 0, 0, 1, 0, 0, 0, 1, 0, 0, 28, 6, 7, 4, 38, 0, 0, 0, 29, 18, 5, 6, 74, 6, 4, 3, 22, 2, 4, 4, 7, 11, 6, 2, 9, 6, 4, 0, 1, 0, 0, 0, 0, 2, 0, 0, 3, 3, 2, 3, 79, 3, 0, 0, 44, 5, 1, 1, 0, 0, 0, 1, 0, 0, 0, 0, 1, 0, 0, 0, 1, 0, 0, 0, 0, 0, 0, 0, 0, 0, 0, 0, 2, 0, 0, 0, 1, 0, 0, 0, 0, 0, 0, 0, 2, 0, 0, 0, 
61, 0, 0, 1, 0, 1, 0, 0, 2, 0, 0, 0, 0, 0, 0, 1, 0, 0, 0, 0, 0, 1, 0, 0, 0, 44, 7, 6, 5, 25, 1, 1, 0, 50, 5, 5, 8, 72, 4, 4, 6, 27, 7, 4, 1, 16, 8, 4, 11, 8, 1, 1, 0, 0, 1, 1, 2, 3, 3, 4, 1, 1, 0, 1, 0, 78, 0, 3, 0, 53, 1, 6, 2, 1, 4, 2, 2, 0, 0, 0, 0, 3, 0, 0, 0, 0, 0, 0, 0, 1, 0, 0, 0, 0, 0, 0, 0, 0, 0, 0, 0, 1, 0, 0, 0, 1, 0, 0, 0, 2, 0, 0, 0, 
62, 1, 0, 1, 0, 3, 4, 3, 4, 0, 0, 0, 0, 0, 0, 0, 1, 1, 0, 1, 1, 0, 0, 2, 2, 45, 8, 6, 2, 28, 6, 0, 0, 51, 7, 5, 6, 49, 4, 6, 3, 21, 6, 1, 1, 6, 4, 3, 3, 12, 2, 1, 0, 1, 0, 0, 0, 6, 3, 1, 7, 1, 0, 1, 1, 91, 3, 2, 0, 42, 5, 1, 1, 11, 2, 4, 2, 2, 0, 0, 0, 0, 0, 0, 0, 1, 0, 0, 0, 5, 0, 0, 0, 0, 0, 0, 0, 0, 0, 0, 0, 1, 0, 0, 0, 0, 0, 0, 0, 1, 0, 0, 0, 
63, 0, 1, 0, 0, 1, 1, 0, 0, 0, 1, 1, 0, 0, 0, 0, 0, 0, 0, 0, 0, 1, 0, 0, 0, 68, 5, 5, 3, 19, 1, 2, 0, 53, 5, 5, 5, 56, 7, 6, 7, 23, 3, 1, 6, 2, 1, 0, 1, 17, 1, 1, 0, 0, 0, 3, 1, 7, 3, 2, 2, 0, 0, 1, 0, 88, 1, 0, 0, 33, 4, 3, 2, 4, 3, 1, 3, 0, 0, 0, 0, 1, 0, 0, 0, 1, 0, 0, 0, 0, 0, 0, 0, 0, 0, 0, 0, 0, 0, 0, 0, 1, 0, 0, 0, 1, 0, 0, 0, 0, 0, 0, 0, 
64, 1, 1, 1, 3, 0, 2, 0, 0, 1, 0, 1, 0, 2, 0, 1, 1, 1, 0, 2, 1, 1, 0, 1, 0, 65, 2, 4, 4, 19, 0, 0, 1, 42, 6, 7, 8, 52, 7, 3, 5, 21, 2, 2, 2, 1, 2, 0, 0, 4, 1, 2, 0, 0, 1, 0, 1, 2, 2, 1, 2, 2, 0, 1, 2, 93, 1, 1, 3, 26, 4, 6, 2, 5, 7, 4, 4, 1, 0, 0, 0, 0, 0, 0, 0, 0, 0, 0, 0, 1, 0, 0, 0, 1, 0, 0, 0, 1, 0, 0, 0, 1, 0, 0, 0, 1, 0, 0, 0, 0, 0, 0, 0, 
65, 0, 0, 0, 0, 0, 0, 0, 0, 0, 0, 1, 0, 0, 0, 0, 0, 0, 0, 0, 0, 0, 0, 1, 0, 66, 2, 5, 5, 19, 1, 0, 1, 39, 9, 4, 10, 51, 5, 8, 4, 7, 8, 10, 3, 7, 2, 2, 0, 0, 0, 1, 0, 0, 1, 0, 0, 4, 5, 7, 3, 2, 1, 1, 1, 100, 2, 1, 0, 21, 4, 1, 6, 8, 4, 4, 5, 1, 0, 0, 0, 0, 0, 0, 0, 1, 0, 0, 0, 1, 0, 0, 0, 7, 0, 0, 0, 0, 0, 0, 0, 0, 0, 0, 0, 2, 0, 0, 0, 1, 0, 0, 0, 
66, 0, 1, 0, 0, 2, 2, 1, 0, 0, 0, 0, 0, 2, 1, 0, 1, 0, 1, 1, 0, 0, 0, 0, 0, 68, 2, 1, 0, 22, 0, 0, 0, 42, 8, 6, 8, 48, 4, 3, 5, 15, 5, 4, 4, 2, 0, 1, 0, 2, 2, 2, 1, 5, 3, 4, 0, 21, 4, 8, 6, 0, 1, 0, 0, 100, 0, 1, 1, 13, 1, 3, 4, 3, 6, 2, 5, 1, 0, 0, 0, 1, 0, 0, 0, 2, 0, 0, 0, 0, 0, 0, 0, 1, 0, 0, 0, 1, 0, 0, 0, 0, 0, 0, 0, 0, 0, 0, 0, 1, 0, 0, 0, 
67, 0, 0, 0, 0, 2, 0, 0, 0, 0, 0, 0, 0, 1, 0, 0, 2, 2, 1, 1, 0, 0, 0, 0, 1, 63, 4, 1, 3, 23, 0, 2, 0, 42, 9, 9, 4, 45, 9, 2, 6, 26, 1, 7, 2, 0, 0, 5, 0, 2, 2, 4, 0, 5, 2, 4, 0, 34, 3, 4, 4, 0, 0, 0, 1, 98, 0, 0, 1, 3, 3, 2, 1, 0, 1, 0, 2, 0, 0, 0, 0, 2, 0, 0, 0, 0, 0, 0, 0, 1, 0, 0, 0, 0, 0, 0, 0, 0, 0, 0, 0, 0, 0, 0, 0, 1, 0, 0, 0, 0, 0, 0, 0, 
68, 0, 0, 0, 0, 0, 0, 0, 0, 0, 1, 2, 0, 0, 1, 0, 0, 0, 0, 2, 0, 0, 0, 0, 0, 62, 4, 1, 3, 29, 1, 3, 0, 40, 8, 8, 6, 49, 8, 6, 7, 21, 3, 6, 5, 2, 1, 0, 0, 4, 0, 2, 0, 8, 3, 2, 4, 14, 2, 9, 1, 4, 1, 4, 4, 100, 0, 0, 0, 0, 4, 1, 0, 8, 1, 1, 3, 0, 0, 0, 0, 0, 0, 0, 0, 3, 0, 0, 0, 1, 0, 0, 0, 2, 0, 0, 0, 0, 0, 0, 0, 2, 0, 0, 0, 1, 0, 0, 0, 0, 0, 0, 0, 
69, 0, 0, 0, 0, 1, 0, 2, 0, 0, 0, 2, 2, 4, 2, 0, 0, 2, 1, 0, 1, 0, 0, 0, 1, 55, 3, 4, 3, 30, 2, 0, 0, 55, 5, 2, 5, 49, 3, 5, 6, 8, 5, 5, 4, 10, 0, 1, 0, 1, 0, 0, 0, 2, 1, 0, 1, 16, 8, 2, 2, 1, 1, 1, 0, 100, 2, 0, 0, 3, 1, 1, 1, 1, 3, 3, 0, 0, 0, 0, 0, 0, 0, 0, 0, 0, 0, 0, 0, 1, 0, 0, 0, 0, 0, 0, 0, 2, 0, 0, 0, 2, 0, 0, 0, 0, 0, 0, 0, 0, 0, 0, 0, 
70, 1, 1, 0, 0, 0, 0, 1, 0, 1, 0, 2, 0, 1, 0, 0, 1, 0, 2, 0, 0, 1, 1, 0, 0, 51, 3, 3, 2, 25, 2, 0, 1, 48, 14, 5, 6, 38, 9, 6, 7, 14, 2, 6, 4, 4, 0, 0, 1, 5, 1, 3, 4, 2, 1, 2, 1, 19, 5, 4, 1, 1, 4, 2, 3, 100, 4, 0, 0, 6, 10, 4, 3, 8, 6, 2, 0, 0, 0, 0, 0, 1, 0, 0, 0, 0, 0, 0, 0, 1, 0, 0, 0, 1, 0, 0, 0, 0, 0, 0, 0, 0, 0, 0, 0, 1, 0, 0, 0, 0, 0, 0, 0, 
71, 2, 0, 0, 2, 1, 0, 1, 1, 2, 1, 0, 0, 0, 1, 0, 2, 3, 0, 1, 1, 0, 0, 0, 0, 60, 3, 5, 3, 15, 4, 1, 0, 54, 5, 6, 4, 60, 7, 10, 4, 9, 7, 5, 5, 2, 2, 1, 1, 5, 7, 4, 7, 1, 1, 2, 1, 10, 5, 3, 4, 2, 2, 3, 0, 100, 1, 0, 1, 1, 0, 0, 0, 1, 1, 0, 0, 0, 0, 0, 0, 1, 0, 0, 0, 0, 0, 0, 0, 1, 0, 0, 0, 0, 0, 0, 0, 3, 0, 0, 0, 0, 0, 0, 0, 0, 0, 0, 0, 1, 0, 0, 0, 
72, 1, 0, 0, 0, 0, 2, 2, 0, 0, 0, 1, 0, 2, 1, 1, 0, 2, 0, 1, 0, 2, 0, 0, 0, 75, 7, 3, 7, 1, 0, 0, 0, 47, 8, 4, 5, 71, 5, 5, 1, 21, 3, 3, 4, 0, 3, 0, 1, 12, 3, 7, 4, 3, 1, 1, 2, 11, 0, 2, 3, 0, 0, 0, 1, 92, 1, 0, 2, 0, 0, 0, 0, 1, 2, 1, 1, 1, 0, 0, 0, 1, 0, 0, 0, 0, 0, 0, 0, 0, 0, 0, 0, 3, 0, 0, 0, 0, 0, 0, 0, 0, 0, 0, 0, 1, 0, 0, 0, 2, 0, 0, 0, 
73, 1, 3, 3, 3, 1, 0, 1, 0, 0, 1, 0, 0, 0, 1, 0, 0, 0, 0, 0, 0, 0, 1, 0, 1, 79, 2, 3, 5, 1, 1, 3, 1, 55, 9, 6, 4, 79, 6, 9, 4, 14, 2, 8, 4, 3, 4, 1, 9, 20, 4, 3, 5, 4, 4, 0, 3, 1, 0, 0, 1, 0, 0, 0, 1, 92, 2, 2, 0, 5, 0, 0, 1, 5, 4, 3, 3, 0, 0, 0, 0, 0, 0, 0, 0, 1, 0, 0, 0, 0, 0, 0, 0, 0, 0, 0, 0, 2, 0, 0, 0, 0, 0, 0, 0, 1, 0, 0, 0, 0, 0, 0, 0, 
74, 1, 0, 2, 4, 0, 1, 0, 0, 1, 0, 0, 0, 2, 0, 1, 0, 0, 0, 1, 0, 0, 0, 0, 0, 75, 2, 3, 3, 4, 3, 2, 0, 49, 6, 8, 3, 77, 4, 8, 3, 10, 9, 4, 2, 4, 3, 5, 3, 10, 7, 6, 3, 0, 0, 1, 0, 3, 3, 5, 3, 5, 1, 3, 1, 100, 2, 2, 1, 0, 0, 1, 0, 12, 7, 1, 2, 0, 0, 0, 0, 1, 0, 0, 0, 0, 0, 0, 0, 2, 0, 0, 0, 0, 0, 0, 0, 1, 0, 0, 0, 1, 0, 0, 0, 2, 0, 0, 0, 1, 0, 0, 0, 
75, 0, 0, 2, 0, 1, 0, 0, 2, 0, 1, 0, 1, 0, 0, 0, 0, 0, 3, 3, 1, 4, 4, 1, 0, 77, 4, 4, 7, 10, 2, 0, 1, 43, 3, 10, 3, 72, 12, 6, 10, 16, 6, 4, 2, 4, 3, 3, 2, 17, 7, 3, 9, 1, 2, 0, 1, 0, 1, 0, 0, 1, 0, 0, 0, 100, 0, 1, 0, 3, 4, 4, 1, 6, 3, 3, 1, 1, 0, 0, 0, 0, 0, 0, 0, 0, 0, 0, 0, 1, 0, 0, 0, 1, 0, 0, 0, 1, 0, 0, 0, 1, 0, 0, 0, 1, 0, 0, 0, 0, 0, 0, 0, 
76, 1, 0, 0, 0, 0, 1, 1, 0, 0, 0, 1, 0, 0, 0, 1, 0, 1, 0, 0, 0, 0, 1, 0, 0, 88, 3, 0, 2, 1, 6, 3, 2, 39, 8, 5, 3, 87, 5, 9, 7, 6, 5, 4, 6, 9, 8, 6, 2, 24, 5, 9, 6, 5, 3, 2, 4, 1, 1, 2, 1, 8, 3, 7, 6, 100, 4, 1, 0, 0, 1, 1, 0, 8, 10, 1, 3, 1, 0, 0, 0, 0, 0, 0, 0, 0, 0, 0, 0, 2, 0, 0, 0, 1, 0, 0, 0, 1, 0, 0, 0, 0, 0, 0, 0, 1, 0, 0, 0, 0, 0, 0, 0, 
77, 0, 2, 2, 1, 1, 0, 0, 0, 0, 0, 0, 0, 0, 0, 0, 0, 0, 1, 3, 0, 0, 0, 0, 0, 80, 5, 0, 2, 1, 1, 2, 0, 43, 6, 8, 3, 89, 4, 4, 4, 11, 7, 5, 0, 5, 5, 5, 3, 27, 4, 4, 9, 9, 4, 1, 2, 0, 0, 0, 1, 2, 6, 4, 0, 100, 2, 1, 0, 2, 0, 2, 1, 9, 3, 1, 3, 2, 0, 0, 0, 0, 0, 0, 0, 0, 0, 0, 0, 1, 0, 0, 0, 1, 0, 0, 0, 0, 0, 0, 0, 1, 0, 0, 0, 0, 0, 0, 0, 2, 0, 0, 0, 
78, 3, 1, 0, 1, 1, 0, 1, 0, 0, 0, 0, 0, 0, 2, 0, 0, 0, 1, 1, 0, 0, 0, 1, 0, 82, 3, 3, 3, 1, 0, 2, 0, 52, 4, 9, 6, 74, 6, 7, 8, 9, 6, 3, 2, 7, 5, 2, 2, 43, 8, 8, 6, 0, 2, 3, 1, 2, 4, 2, 2, 2, 5, 2, 3, 100, 1, 0, 0, 3, 2, 3, 6, 0, 0, 2, 0, 2, 0, 0, 0, 0, 0, 0, 0, 2, 0, 0, 0, 1, 0, 0, 0, 0, 0, 0, 0, 0, 0, 0, 0, 0, 0, 0, 0, 0, 0, 0, 0, 2, 0, 0, 0, 
79, 0, 0, 0, 0, 1, 0, 1, 0, 0, 0, 1, 1, 0, 3, 1, 1, 0, 1, 0, 0, 0, 0, 0, 0, 65, 7, 5, 2, 10, 3, 2, 1, 56, 6, 7, 2, 77, 11, 6, 3, 5, 5, 4, 6, 5, 7, 4, 4, 45, 9, 8, 5, 2, 2, 1, 0, 5, 4, 3, 1, 1, 1, 0, 1, 100, 1, 0, 1, 0, 1, 0, 1, 0, 2, 1, 0, 0, 0, 0, 0, 3, 0, 0, 0, 0, 0, 0, 0, 1, 0, 0, 0, 1, 0, 0, 0, 2, 0, 0, 0, 1, 0, 0, 0, 0, 0, 0, 0, 0, 0, 0, 0, 
80, 0, 2, 0, 0, 0, 0, 2, 2, 0, 0, 0, 0, 1, 0, 1, 1, 0, 0, 0, 0, 0, 1, 0, 0, 80, 8, 5, 4, 1, 2, 2, 1, 40, 4, 5, 4, 92, 12, 9, 3, 2, 1, 0, 2, 9, 2, 2, 5, 52, 4, 6, 1, 9, 4, 2, 2, 2, 1, 0, 0, 0, 0, 0, 0, 100, 0, 0, 2, 0, 1, 1, 1, 15, 2, 4, 0, 0, 0, 0, 0, 1, 0, 0, 0, 0, 0, 0, 0, 0, 0, 0, 0, 1, 0, 0, 0, 0, 0, 0, 0, 1, 0, 0, 0, 1, 0, 0, 0, 1, 0, 0, 0, 
81, 0, 0, 2, 0, 14, 1, 1, 1, 2, 0, 0, 0, 0, 0, 0, 0, 1, 0, 2, 1, 0, 0, 0, 0, 84, 4, 4, 4, 13, 2, 0, 3, 24, 6, 4, 2, 91, 4, 3, 9, 2, 3, 4, 4, 3, 5, 5, 1, 56, 7, 3, 5, 4, 2, 1, 1, 0, 0, 1, 1, 1, 0, 1, 2, 100, 1, 0, 0, 1, 1, 2, 0, 4, 0, 0, 1, 2, 0, 0, 0, 0, 0, 0, 0, 0, 0, 0, 0, 0, 0, 0, 0, 0, 0, 0, 0, 0, 0, 0, 0, 0, 0, 0, 0, 2, 0, 0, 0, 0, 0, 0, 0, 
82, 0, 0, 0, 0, 2, 0, 0, 1, 1, 1, 0, 0, 0, 1, 0, 0, 0, 1, 0, 0, 0, 0, 0, 1, 81, 2, 6, 5, 1, 0, 0, 1, 6, 8, 4, 12, 90, 6, 7, 3, 12, 5, 3, 1, 0, 0, 2, 2, 59, 8, 10, 8, 1, 0, 2, 0, 5, 2, 4, 2, 6, 5, 1, 2, 100, 0, 0, 0, 1, 2, 1, 1, 8, 2, 5, 1, 1, 0, 0, 0, 1, 0, 0, 0, 0, 0, 0, 0, 0, 0, 0, 0, 0, 0, 0, 0, 1, 0, 0, 0, 0, 0, 0, 0, 1, 0, 0, 0, 0, 0, 0, 0, 
83, 0, 1, 1, 1, 1, 2, 3, 1, 0, 0, 0, 0, 0, 3, 0, 1, 0, 0, 0, 0, 0, 0, 0, 1, 85, 4, 4, 3, 2, 0, 0, 1, 22, 7, 7, 7, 87, 8, 3, 5, 9, 3, 4, 4, 3, 0, 2, 1, 60, 3, 3, 2, 1, 2, 1, 2, 10, 6, 2, 0, 5, 8, 2, 3, 100, 3, 2, 0, 1, 2, 2, 0, 11, 6, 1, 2, 1, 0, 0, 0, 0, 0, 0, 0, 1, 0, 0, 0, 0, 0, 0, 0, 2, 0, 0, 0, 0, 0, 0, 0, 1, 0, 0, 0, 0, 0, 0, 0, 1, 0, 0, 0, 
84, 0, 0, 1, 0, 1, 0, 1, 1, 0, 0, 0, 0, 1, 1, 0, 0, 0, 1, 1, 0, 0, 0, 0, 0, 73, 7, 7, 8, 1, 1, 1, 0, 15, 7, 6, 4, 83, 7, 8, 4, 18, 1, 3, 3, 2, 1, 1, 0, 49, 2, 7, 6, 1, 0, 1, 2, 7, 1, 3, 3, 21, 9, 8, 5, 100, 3, 0, 0, 1, 0, 4, 3, 3, 0, 2, 1, 1, 0, 0, 0, 2, 0, 0, 0, 0, 0, 0, 0, 0, 0, 0, 0, 0, 0, 0, 0, 0, 0, 0, 0, 0, 0, 0, 0, 1, 0, 0, 0, 0, 0, 0, 0, 
85, 0, 2, 2, 1, 0, 0, 0, 0, 0, 0, 0, 0, 0, 0, 1, 1, 0, 1, 0, 2, 0, 1, 0, 0, 90, 2, 5, 2, 1, 0, 3, 0, 14, 11, 6, 4, 78, 6, 5, 5, 5, 2, 5, 2, 0, 0, 0, 0, 31, 3, 2, 3, 2, 3, 2, 4, 4, 4, 3, 0, 28, 9, 7, 5, 100, 0, 1, 0, 0, 2, 0, 0, 0, 0, 1, 2, 1, 0, 0, 0, 0, 0, 0, 0, 0, 0, 0, 0, 1, 0, 0, 0, 1, 0, 0, 0, 1, 0, 0, 0, 1, 0, 0, 0, 1, 0, 0, 0, 0, 0, 0, 0, 
86, 1, 0, 0, 1, 1, 1, 1, 2, 0, 1, 0, 0, 0, 1, 0, 0, 0, 0, 0, 0, 1, 3, 1, 1, 94, 2, 4, 0, 3, 1, 1, 1, 5, 1, 2, 4, 81, 7, 5, 2, 0, 1, 1, 2, 2, 1, 0, 1, 36, 11, 2, 7, 6, 4, 8, 6, 5, 6, 5, 3, 31, 17, 5, 8, 100, 2, 0, 0, 5, 3, 1, 0, 1, 1, 0, 0, 0, 0, 0, 0, 1, 0, 0, 0, 0, 0, 0, 0, 1, 0, 0, 0, 1, 0, 0, 0, 0, 0, 0, 0, 0, 0, 0, 0, 1, 0, 0, 0, 0, 0, 0, 0, 
87, 1, 1, 0, 0, 3, 0, 3, 3, 0, 1, 0, 0, 1, 2, 0, 0, 0, 0, 1, 2, 0, 0, 0, 0, 88, 2, 2, 6, 11, 3, 2, 4, 1, 1, 1, 0, 83, 6, 4, 4, 1, 0, 1, 1, 2, 2, 1, 2, 53, 4, 8, 6, 2, 8, 3, 5, 5, 2, 1, 3, 43, 4, 7, 13, 100, 1, 1, 0, 4, 2, 0, 1, 2, 1, 2, 1, 0, 0, 0, 0, 1, 0, 0, 0, 1, 0, 0, 0, 5, 0, 0, 0, 1, 0, 0, 0, 2, 0, 0, 0, 0, 0, 0, 0, 1, 0, 0, 0, 0, 0, 0, 0, 
88, 0, 0, 0, 0, 0, 0, 0, 0, 1, 0, 1, 0, 1, 0, 0, 1, 0, 0, 0, 0, 3, 1, 0, 0, 85, 4, 4, 1, 16, 7, 3, 0, 3, 5, 2, 1, 80, 10, 5, 13, 0, 2, 1, 1, 7, 5, 7, 3, 60, 5, 2, 0, 8, 13, 2, 8, 7, 7, 9, 5, 47, 6, 4, 2, 100, 1, 0, 0, 1, 1, 0, 2, 2, 1, 3, 1, 0, 0, 0, 0, 2, 0, 0, 0, 0, 0, 0, 0, 1, 0, 0, 0, 0, 0, 0, 0, 1, 0, 0, 0, 1, 0, 0, 0, 2, 0, 0, 0, 2, 0, 0, 0, 
89, 0, 1, 0, 0, 0, 0, 0, 0, 0, 0, 1, 2, 2, 1, 0, 1, 0, 0, 0, 0, 0, 0, 1, 0, 88, 8, 4, 1, 5, 5, 3, 1, 3, 6, 3, 7, 89, 11, 8, 6, 9, 3, 1, 1, 8, 5, 3, 4, 50, 2, 9, 4, 4, 9, 6, 5, 5, 12, 6, 4, 36, 12, 4, 6, 100, 1, 1, 0, 0, 0, 4, 0, 1, 0, 0, 0, 0, 0, 0, 0, 0, 0, 0, 0, 0, 0, 0, 0, 1, 0, 0, 0, 1, 0, 0, 0, 1, 0, 0, 0, 2, 0, 0, 0, 0, 0, 0, 0, 1, 0, 0, 0, 
90, 0, 1, 0, 0, 0, 1, 0, 0, 0, 1, 0, 0, 0, 2, 0, 0, 0, 0, 2, 1, 0, 1, 0, 0, 90, 5, 3, 5, 8, 6, 5, 4, 5, 4, 10, 5, 100, 4, 2, 4, 29, 5, 2, 1, 8, 7, 5, 5, 39, 2, 3, 5, 6, 4, 5, 3, 4, 6, 8, 5, 32, 9, 4, 1, 100, 0, 1, 0, 0, 1, 2, 0, 2, 1, 1, 0, 0, 0, 0, 0, 0, 0, 0, 0, 2, 0, 0, 0, 0, 0, 0, 0, 1, 0, 0, 0, 1, 0, 0, 0, 1, 0, 0, 0, 2, 0, 0, 0, 1, 0, 0, 0, 
91, 2, 1, 0, 0, 1, 2, 1, 0, 1, 0, 0, 2, 0, 0, 0, 1, 3, 2, 1, 0, 1, 0, 2, 0, 91, 9, 2, 3, 4, 6, 1, 2, 6, 7, 7, 4, 95, 5, 4, 5, 44, 1, 0, 0, 5, 7, 5, 7, 40, 3, 8, 4, 3, 1, 7, 4, 10, 11, 20, 10, 25, 7, 8, 9, 100, 1, 1, 1, 1, 2, 4, 2, 2, 1, 2, 1, 0, 0, 0, 0, 0, 0, 0, 0, 0, 0, 0, 0, 1, 0, 0, 0, 1, 0, 0, 0, 0, 0, 0, 0, 1, 0, 0, 0, 2, 0, 0, 0, 0, 0, 0, 0, 
92, 0, 1, 1, 4, 1, 0, 1, 0, 1, 1, 0, 0, 0, 0, 0, 1, 0, 0, 0, 0, 1, 0, 0, 0, 96, 3, 3, 6, 7, 4, 8, 7, 4, 9, 6, 8, 93, 12, 7, 0, 38, 0, 1, 0, 2, 6, 3, 6, 43, 12, 8, 9, 7, 4, 1, 3, 15, 8, 8, 5, 17, 2, 10, 8, 100, 0, 0, 1, 4, 0, 1, 0, 1, 1, 1, 1, 2, 0, 0, 0, 0, 0, 0, 0, 1, 0, 0, 0, 3, 0, 0, 0, 2, 0, 0, 0, 1, 0, 0, 0, 2, 0, 0, 0, 1, 0, 0, 0, 0, 0, 0, 0, 
93, 1, 1, 0, 0, 1, 1, 0, 0, 0, 1, 0, 0, 1, 0, 0, 1, 0, 0, 1, 1, 0, 0, 0, 0, 100, 4, 4, 4, 3, 6, 3, 3, 9, 6, 8, 8, 100, 6, 5, 3, 39, 2, 0, 0, 6, 7, 1, 2, 57, 7, 6, 9, 3, 3, 5, 4, 15, 13, 15, 3, 30, 7, 6, 7, 100, 0, 0, 0, 4, 2, 5, 4, 2, 0, 1, 0, 0, 0, 0, 0, 1, 0, 0, 0, 0, 0, 0, 0, 1, 0, 0, 0, 1, 0, 0, 0, 1, 0, 0, 0, 0, 0, 0, 0, 0, 0, 0, 0, 1, 0, 0, 0, 
94, 0, 2, 1, 0, 1, 0, 0, 0, 3, 1, 1, 0, 0, 1, 0, 1, 0, 0, 1, 1, 0, 0, 0, 0, 100, 6, 2, 6, 8, 5, 0, 1, 23, 6, 5, 3, 89, 10, 4, 4, 39, 0, 2, 0, 3, 6, 3, 3, 68, 11, 6, 2, 2, 6, 7, 9, 19, 11, 9, 5, 29, 5, 5, 3, 100, 3, 0, 0, 1, 1, 0, 2, 1, 1, 1, 0, 0, 0, 0, 0, 2, 0, 0, 0, 2, 0, 0, 0, 1, 0, 0, 0, 3, 0, 0, 0, 0, 0, 0, 0, 0, 0, 0, 0, 4, 0, 0, 0, 0, 0, 0, 0, 
95, 0, 0, 0, 1, 1, 1, 0, 0, 1, 1, 0, 0, 0, 0, 0, 0, 2, 1, 1, 0, 0, 0, 1, 0, 100, 7, 5, 6, 2, 7, 7, 7, 14, 4, 12, 9, 100, 7, 7, 10, 30, 1, 2, 1, 8, 4, 1, 3, 69, 4, 1, 1, 7, 6, 3, 5, 17, 14, 12, 11, 16, 7, 6, 12, 100, 2, 1, 0, 5, 4, 1, 0, 2, 1, 0, 0, 0, 0, 0, 0, 2, 0, 0, 0, 0, 0, 0, 0, 0, 0, 0, 0, 0, 0, 0, 0, 1, 0, 0, 0, 0, 0, 0, 0, 2, 0, 0, 0, 0, 0, 0, 0, 
96, 0, 0, 0, 0, 0, 0, 0, 0, 0, 0, 0, 1, 2, 1, 0, 1, 0, 0, 1, 0, 0, 0, 1, 0, 100, 3, 5, 4, 22, 5, 1, 5, 15, 8, 6, 4, 100, 9, 5, 3, 37, 3, 1, 2, 3, 3, 2, 3, 55, 4, 3, 6, 1, 2, 1, 3, 36, 15, 6, 5, 23, 7, 12, 6, 100, 2, 0, 0, 11, 2, 0, 1, 0, 4, 1, 0, 0, 0, 0, 0, 3, 0, 0, 0, 0, 0, 0, 0, 2, 0, 0, 0, 0, 0, 0, 0, 1, 0, 0, 0, 0, 0, 0, 0, 0, 0, 0, 0, 1, 0, 0, 0, 
97, 0, 0, 1, 0, 0, 0, 2, 1, 0, 0, 0, 0, 1, 0, 0, 0, 0, 0, 0, 0, 0, 0, 1, 0, 100, 3, 1, 3, 22, 3, 7, 5, 7, 10, 8, 4, 100, 14, 7, 11, 39, 0, 2, 0, 5, 5, 7, 1, 48, 5, 7, 5, 2, 2, 3, 0, 38, 10, 7, 3, 31, 6, 7, 8, 100, 0, 0, 1, 0, 1, 1, 2, 1, 0, 3, 0, 2, 0, 0, 0, 2, 0, 0, 0, 1, 0, 0, 0, 1, 0, 0, 0, 2, 0, 0, 0, 2, 0, 0, 0, 1, 0, 0, 0, 1, 0, 0, 0, 2, 0, 0, 0, 
98, 1, 0, 0, 0, 0, 0, 0, 0, 0, 0, 0, 0, 1, 0, 1, 2, 0, 0, 0, 0, 1, 0, 0, 0, 100, 3, 2, 4, 26, 5, 4, 3, 6, 7, 3, 3, 100, 6, 5, 5, 31, 1, 1, 1, 3, 4, 3, 2, 45, 2, 3, 1, 16, 9, 3, 1, 28, 15, 10, 12, 27, 7, 9, 4, 100, 1, 0, 0, 1, 2, 1, 1, 7, 3, 1, 2, 0, 0, 0, 0, 2, 0, 0, 0, 3, 0, 0, 0, 0, 0, 0, 0, 1, 0, 0, 0, 1, 0, 0, 0, 0, 0, 0, 0, 1, 0, 0, 0, 0, 0, 0, 0, 
99, 0, 1, 0, 2, 1, 0, 0, 0, 0, 0, 0, 0, 2, 0, 0, 0, 0, 0, 0, 0, 1, 1, 0, 0, 100, 2, 4, 7, 43, 7, 6, 4, 12, 5, 3, 3, 100, 10, 5, 6, 42, 6, 3, 0, 1, 4, 0, 4, 50, 18, 11, 3, 23, 1, 1, 1, 29, 9, 11, 10, 29, 9, 7, 5, 100, 4, 1, 0, 0, 0, 1, 0, 0, 0, 2, 1, 0, 0, 0, 0, 2, 0, 0, 0, 1, 0, 0, 0, 0, 0, 0, 0, 0, 0, 0, 0, 0, 0, 0, 0, 2, 0, 0, 0, 0, 0, 0, 0, 0, 0, 0, 0, 