0, 1, 0, 0, 1, 1, 0, 0, 0, 1, 0, 0, 0, 0, 0, 1, 0, 0, 0, 1, 1, 0, 1, 0, 1, 0, 1, 0, 0, 6, 5, 3, 2, 1, 1, 1, 0, 6, 0, 1, 2, 3, 1, 1, 0, 1, 0, 0, 0, 3, 2, 0, 1, 1, 0, 0, 1, 1, 1, 2, 1, 1, 0, 1, 1, 3, 5, 4, 4, 1, 2, 2, 1, 1, 0, 1, 0, 2, 0, 0, 0, 0, 0, 0, 0, 1, 0, 0, 0, 0, 0, 0, 0, 0, 0, 0, 0, 1, 0, 0, 0, 0, 0, 0, 0, 1, 0, 0, 0, 0, 0, 0, 0, 
1, 0, 0, 1, 1, 0, 0, 0, 1, 0, 1, 0, 0, 1, 0, 1, 0, 1, 1, 1, 0, 0, 0, 1, 0, 1, 4, 2, 0, 0, 0, 0, 0, 2, 1, 2, 0, 0, 1, 1, 1, 3, 2, 3, 0, 1, 2, 0, 0, 1, 0, 1, 0, 0, 1, 0, 0, 3, 2, 3, 4, 0, 2, 0, 0, 0, 0, 1, 0, 3, 1, 1, 0, 5, 2, 1, 2, 0, 0, 0, 0, 1, 0, 0, 0, 0, 0, 0, 0, 1, 0, 0, 0, 5, 0, 0, 0, 0, 0, 0, 0, 0, 0, 0, 0, 2, 0, 0, 0, 0, 0, 0, 0, 
2, 1, 0, 0, 0, 0, 0, 1, 0, 0, 0, 0, 0, 1, 1, 1, 0, 0, 1, 0, 1, 0, 0, 0, 0, 0, 0, 2, 1, 6, 2, 2, 0, 1, 0, 1, 2, 0, 1, 0, 0, 5, 0, 2, 1, 1, 1, 0, 2, 1, 4, 3, 2, 1, 0, 3, 3, 1, 0, 2, 1, 0, 0, 0, 0, 2, 4, 2, 4, 0, 2, 2, 0, 3, 1, 2, 0, 0, 0, 0, 0, 2, 0, 0, 0, 3, 0, 0, 0, 1, 0, 0, 0, 1, 0, 0, 0, 1, 0, 0, 0, 1, 0, 0, 0, 1, 0, 0, 0, 0, 0, 0, 0, 
3, 0, 0, 0, 0, 1, 1, 2, 2, 0, 0, 1, 0, 0, 0, 1, 0, 0, 1, 0, 0, 0, 0, 0, 0, 0, 0, 0, 0, 0, 1, 0, 1, 3, 2, 1, 2, 5, 0, 2, 3, 2, 2, 2, 2, 2, 0, 1, 3, 1, 2, 2, 0, 0, 2, 1, 1, 7, 4, 4, 6, 1, 1, 4, 1, 1, 1, 2, 1, 3, 1, 2, 1, 13, 2, 3, 0, 0, 0, 0, 0, 2, 0, 0, 0, 1, 0, 0, 0, 1, 0, 0, 0, 0, 0, 0, 0, 0, 0, 0, 0, 0, 0, 0, 0, 0, 0, 0, 0, 0, 0, 0, 0, 
4, 1, 2, 0, 1, 0, 0, 1, 0, 0, 0, 0, 0, 0, 0, 0, 0, 2, 1, 2, 1, 0, 0, 1, 0, 0, 1, 2, 4, 1, 0, 2, 1, 3, 1, 0, 3, 0, 0, 0, 0, 3, 3, 2, 2, 0, 1, 1, 1, 1, 0, 0, 0, 1, 1, 1, 4, 2, 1, 2, 2, 7, 5, 1, 0, 10, 2, 0, 1, 2, 3, 2, 2, 16, 2, 0, 0, 0, 0, 0, 0, 0, 0, 0, 0, 0, 0, 0, 0, 2, 0, 0, 0, 2, 0, 0, 0, 1, 0, 0, 0, 0, 0, 0, 0, 1, 0, 0, 0, 0, 0, 0, 0, 
5, 0, 1, 1, 1, 1, 0, 2, 1, 1, 0, 0, 0, 0, 0, 0, 1, 0, 0, 0, 0, 0, 0, 0, 1, 1, 4, 2, 4, 16, 2, 1, 0, 0, 1, 1, 1, 2, 1, 1, 0, 2, 1, 1, 1, 2, 0, 1, 3, 9, 2, 2, 0, 2, 0, 1, 1, 5, 6, 5, 5, 5, 5, 3, 7, 0, 1, 3, 0, 8, 9, 7, 2, 16, 2, 1, 1, 1, 0, 0, 0, 0, 0, 0, 0, 1, 0, 0, 0, 1, 0, 0, 0, 2, 0, 0, 0, 1, 0, 0, 0, 0, 0, 0, 0, 1, 0, 0, 0, 0, 0, 0, 0, 
6, 1, 1, 0, 1, 1, 0, 0, 1, 1, 0, 0, 1, 0, 1, 1, 0, 0, 0, 0, 1, 0, 1, 0, 0, 4, 0, 0, 0, 13, 2, 2, 1, 0, 0, 1, 1, 5, 1, 1, 0, 1, 1, 1, 3, 0, 0, 0, 0, 8, 1, 2, 0, 1, 2, 2, 0, 6, 14, 3, 4, 2, 5, 4, 5, 7, 0, 1, 1, 5, 6, 8, 7, 26, 4, 1, 0, 1, 0, 0, 0, 1, 0, 0, 0, 0, 0, 0, 0, 1, 0, 0, 0, 0, 0, 0, 0, 0, 0, 0, 0, 1, 0, 0, 0, 0, 0, 0, 0, 2, 0, 0, 0, 
7, 0, 0, 0, 0, 1, 0, 0, 0, 1, 0, 0, 0, 1, 0, 0, 0, 1, 3, 0, 0, 1, 1, 0, 0, 0, 0, 1, 0, 4, 4, 4, 0, 1, 0, 0, 1, 2, 4, 2, 0, 0, 1, 0, 0, 0, 0, 0, 0, 3, 3, 1, 2, 11, 1, 1, 1, 4, 4, 12, 10, 5, 3, 6, 6, 7, 1, 2, 3, 3, 2, 4, 6, 30, 1, 1, 1, 0, 0, 0, 0, 2, 0, 0, 0, 1, 0, 0, 0, 1, 0, 0, 0, 1, 0, 0, 0, 0, 0, 0, 0, 1, 0, 0, 0, 0, 0, 0, 0, 0, 0, 0, 0, 
8, 0, 0, 0, 0, 2, 0, 0, 0, 0, 0, 0, 0, 0, 0, 0, 0, 0, 0, 0, 0, 0, 0, 0, 0, 1, 0, 1, 1, 0, 2, 1, 2, 2, 2, 2, 1, 0, 0, 2, 1, 2, 1, 1, 1, 6, 2, 0, 0, 5, 7, 1, 11, 21, 5, 0, 0, 6, 9, 7, 9, 0, 1, 3, 1, 3, 1, 2, 2, 1, 4, 3, 4, 32, 1, 1, 0, 0, 0, 0, 0, 1, 0, 0, 0, 0, 0, 0, 0, 0, 0, 0, 0, 1, 0, 0, 0, 3, 0, 0, 0, 2, 0, 0, 0, 0, 0, 0, 0, 0, 0, 0, 0, 
9, 0, 0, 0, 0, 0, 0, 0, 0, 1, 0, 0, 0, 1, 1, 0, 0, 0, 0, 0, 0, 0, 1, 0, 0, 1, 5, 2, 3, 2, 0, 1, 0, 0, 1, 1, 2, 4, 4, 4, 1, 13, 3, 3, 0, 1, 1, 2, 0, 4, 6, 5, 2, 18, 0, 1, 0, 18, 6, 9, 7, 0, 2, 0, 1, 8, 2, 2, 2, 7, 3, 7, 4, 24, 0, 1, 1, 3, 0, 0, 0, 3, 0, 0, 0, 0, 0, 0, 0, 0, 0, 0, 0, 1, 0, 0, 0, 0, 0, 0, 0, 1, 0, 0, 0, 1, 0, 0, 0, 0, 0, 0, 0, 
10, 0, 0, 0, 1, 0, 0, 0, 0, 0, 0, 1, 0, 1, 0, 0, 0, 0, 0, 0, 0, 0, 2, 0, 0, 1, 0, 1, 0, 5, 5, 6, 6, 0, 1, 0, 1, 1, 2, 2, 1, 18, 0, 1, 1, 1, 0, 1, 1, 12, 4, 4, 5, 17, 3, 1, 1, 9, 6, 9, 8, 11, 4, 1, 2, 22, 1, 1, 3, 3, 8, 7, 4, 15, 1, 2, 1, 0, 0, 0, 0, 3, 0, 0, 0, 1, 0, 0, 0, 0, 0, 0, 0, 0, 0, 0, 0, 1, 0, 0, 0, 0, 0, 0, 0, 1, 0, 0, 0, 0, 0, 0, 0, 
11, 6, 0, 0, 1, 0, 2, 1, 0, 0, 0, 0, 1, 0, 0, 0, 0, 0, 0, 1, 1, 0, 0, 1, 0, 1, 3, 3, 0, 2, 2, 1, 2, 9, 2, 3, 2, 3, 4, 1, 3, 10, 2, 0, 2, 1, 0, 0, 1, 9, 5, 4, 6, 8, 0, 0, 1, 5, 9, 3, 4, 12, 1, 2, 1, 29, 3, 3, 1, 8, 9, 7, 4, 6, 0, 1, 3, 2, 0, 0, 0, 0, 0, 0, 0, 1, 0, 0, 0, 0, 0, 0, 0, 1, 0, 0, 0, 1, 0, 0, 0, 0, 0, 0, 0, 1, 0, 0, 0, 1, 0, 0, 0, 
12, 0, 0, 1, 1, 1, 1, 1, 1, 0, 0, 0, 0, 0, 1, 1, 1, 0, 1, 0, 0, 0, 0, 1, 0, 13, 3, 4, 2, 10, 4, 3, 1, 15, 1, 1, 0, 1, 2, 2, 0, 7, 4, 1, 1, 2, 0, 1, 1, 4, 8, 4, 5, 0, 1, 4, 1, 0, 1, 1, 7, 13, 2, 2, 0, 35, 4, 5, 1, 7, 4, 2, 3, 8, 0, 0, 0, 1, 0, 0, 0, 0, 0, 0, 0, 2, 0, 0, 0, 1, 0, 0, 0, 2, 0, 0, 0, 0, 0, 0, 0, 0, 0, 0, 0, 0, 0, 0, 0, 0, 0, 0, 0, 
13, 9, 2, 1, 0, 0, 1, 1, 0, 0, 0, 1, 0, 0, 0, 1, 1, 0, 0, 0, 0, 0, 1, 0, 1, 4, 5, 4, 5, 3, 4, 0, 0, 6, 1, 1, 1, 3, 3, 1, 0, 9, 3, 2, 3, 0, 1, 0, 2, 12, 2, 5, 5, 1, 2, 1, 1, 2, 2, 1, 3, 8, 3, 2, 3, 37, 2, 0, 1, 6, 2, 3, 6, 2, 4, 2, 0, 1, 0, 0, 0, 0, 0, 0, 0, 0, 0, 0, 0, 0, 0, 0, 0, 1, 0, 0, 0, 0, 0, 0, 0, 1, 0, 0, 0, 0, 0, 0, 0, 1, 0, 0, 0, 
14, 0, 0, 0, 0, 0, 1, 1, 0, 1, 0, 0, 0, 0, 0, 0, 0, 0, 0, 0, 1, 1, 0, 3, 0, 5, 3, 3, 2, 1, 4, 3, 4, 1, 0, 1, 2, 1, 1, 1, 1, 0, 2, 0, 0, 0, 0, 0, 0, 14, 9, 5, 7, 0, 2, 0, 2, 5, 6, 4, 5, 4, 4, 2, 1, 43, 3, 2, 3, 9, 2, 2, 2, 5, 0, 1, 3, 0, 0, 0, 0, 1, 0, 0, 0, 0, 0, 0, 0, 0, 0, 0, 0, 1, 0, 0, 0, 1, 0, 0, 0, 1, 0, 0, 0, 0, 0, 0, 0, 0, 0, 0, 0, 
15, 0, 0, 0, 0, 1, 0, 0, 1, 0, 2, 1, 0, 1, 1, 1, 1, 0, 1, 0, 1, 1, 0, 1, 0, 0, 1, 0, 5, 0, 0, 0, 0, 4, 4, 2, 1, 1, 0, 0, 0, 2, 3, 0, 1, 2, 5, 3, 4, 6, 10, 4, 3, 3, 5, 0, 6, 4, 8, 5, 2, 9, 1, 1, 4, 57, 8, 2, 1, 3, 6, 3, 3, 3, 0, 0, 1, 0, 0, 0, 0, 0, 0, 0, 0, 1, 0, 0, 0, 0, 0, 0, 0, 1, 0, 0, 0, 0, 0, 0, 0, 1, 0, 0, 0, 1, 0, 0, 0, 1, 0, 0, 0, 
16, 1, 3, 1, 1, 0, 0, 0, 0, 1, 0, 1, 0, 2, 1, 2, 0, 0, 0, 0, 0, 0, 0, 0, 0, 3, 0, 0, 0, 4, 2, 2, 1, 0, 0, 2, 1, 2, 1, 0, 0, 1, 2, 2, 1, 8, 1, 2, 0, 6, 6, 2, 9, 2, 0, 1, 1, 5, 6, 6, 3, 19, 5, 1, 2, 59, 1, 3, 0, 7, 6, 5, 5, 11, 2, 1, 3, 1, 0, 0, 0, 0, 0, 0, 0, 2, 0, 0, 0, 2, 0, 0, 0, 1, 0, 0, 0, 0, 0, 0, 0, 0, 0, 0, 0, 2, 0, 0, 0, 2, 0, 0, 0, 
17, 0, 0, 1, 0, 1, 0, 1, 1, 1, 0, 2, 0, 3, 1, 1, 3, 0, 0, 1, 1, 0, 0, 1, 0, 2, 2, 0, 1, 1, 2, 1, 1, 2, 0, 0, 0, 0, 3, 0, 1, 3, 1, 1, 1, 4, 1, 2, 1, 3, 4, 0, 2, 5, 2, 2, 1, 14, 12, 9, 6, 18, 1, 3, 1, 46, 1, 1, 0, 7, 4, 5, 1, 0, 3, 2, 1, 2, 0, 0, 0, 0, 0, 0, 0, 1, 0, 0, 0, 0, 0, 0, 0, 0, 0, 0, 0, 1, 0, 0, 0, 0, 0, 0, 0, 0, 0, 0, 0, 2, 0, 0, 0, 
18, 2, 0, 1, 0, 0, 0, 0, 2, 0, 4, 4, 3, 0, 0, 1, 0, 0, 0, 0, 0, 2, 0, 2, 1, 0, 0, 0, 1, 1, 1, 1, 1, 7, 3, 1, 1, 0, 1, 0, 0, 1, 0, 0, 1, 1, 3, 2, 2, 1, 3, 3, 3, 0, 0, 2, 0, 17, 4, 4, 4, 25, 0, 2, 1, 43, 0, 3, 1, 3, 1, 5, 2, 5, 3, 2, 2, 0, 0, 0, 0, 0, 0, 0, 0, 1, 0, 0, 0, 0, 0, 0, 0, 1, 0, 0, 0, 0, 0, 0, 0, 0, 0, 0, 0, 1, 0, 0, 0, 0, 0, 0, 0, 
19, 1, 1, 1, 1, 0, 0, 0, 0, 0, 0, 0, 1, 0, 0, 0, 0, 0, 0, 0, 0, 0, 1, 0, 1, 4, 4, 0, 4, 1, 2, 0, 1, 9, 2, 0, 2, 1, 2, 0, 0, 1, 2, 0, 0, 1, 0, 0, 0, 1, 1, 0, 2, 0, 1, 2, 1, 21, 7, 8, 5, 31, 2, 2, 1, 41, 2, 3, 3, 3, 7, 3, 4, 6, 3, 1, 5, 0, 0, 0, 0, 1, 0, 0, 0, 1, 0, 0, 0, 0, 0, 0, 0, 0, 0, 0, 0, 0, 0, 0, 0, 0, 0, 0, 0, 0, 0, 0, 0, 0, 0, 0, 0, 
20, 1, 0, 0, 0, 3, 1, 1, 2, 0, 0, 0, 1, 0, 0, 2, 2, 0, 0, 0, 0, 0, 1, 0, 0, 3, 2, 0, 3, 4, 3, 2, 1, 14, 2, 1, 0, 1, 1, 1, 4, 0, 5, 6, 2, 1, 0, 0, 0, 1, 3, 2, 1, 1, 0, 0, 1, 17, 4, 9, 4, 33, 0, 0, 0, 33, 2, 1, 0, 6, 6, 2, 4, 1, 0, 1, 0, 0, 0, 0, 0, 3, 0, 0, 0, 1, 0, 0, 0, 1, 0, 0, 0, 1, 0, 0, 0, 0, 0, 0, 0, 2, 0, 0, 0, 0, 0, 0, 0, 0, 0, 0, 0, 
21, 0, 0, 1, 0, 0, 0, 0, 0, 1, 0, 1, 0, 1, 0, 0, 0, 0, 0, 0, 0, 0, 0, 0, 1, 6, 5, 5, 5, 0, 3, 2, 3, 2, 2, 1, 2, 3, 0, 3, 4, 1, 1, 0, 0, 0, 0, 0, 0, 3, 2, 1, 2, 6, 7, 5, 6, 20, 7, 3, 6, 30, 1, 0, 2, 17, 2, 3, 1, 5, 4, 6, 2, 2, 1, 1, 0, 0, 0, 0, 0, 0, 0, 0, 0, 0, 0, 0, 0, 3, 0, 0, 0, 1, 0, 0, 0, 0, 0, 0, 0, 1, 0, 0, 0, 0, 0, 0, 0, 2, 0, 0, 0, 
22, 1, 0, 0, 0, 1, 0, 1, 1, 0, 0, 2, 1, 0, 0, 1, 0, 0, 1, 0, 0, 0, 0, 0, 0, 2, 3, 1, 0, 5, 3, 6, 4, 6, 3, 1, 5, 1, 0, 0, 1, 7, 6, 1, 1, 1, 0, 0, 1, 0, 2, 1, 2, 14, 5, 7, 4, 17, 5, 5, 3, 19, 0, 1, 3, 16, 6, 4, 0, 1, 1, 2, 2, 11, 2, 0, 1, 1, 0, 0, 0, 1, 0, 0, 0, 0, 0, 0, 0, 0, 0, 0, 0, 2, 0, 0, 0, 0, 0, 0, 0, 0, 0, 0, 0, 0, 0, 0, 0, 2, 0, 0, 0, 
23, 1, 1, 0, 0, 0, 0, 1, 0, 2, 1, 1, 0, 1, 0, 0, 1, 1, 0, 1, 0, 1, 2, 0, 1, 0, 2, 1, 2, 3, 6, 1, 4, 6, 6, 7, 5, 2, 0, 0, 2, 17, 7, 3, 0, 5, 3, 1, 4, 0, 0, 0, 0, 8, 3, 3, 2, 18, 8, 5, 3, 10, 2, 3, 0, 13, 1, 4, 1, 4, 5, 6, 2, 4, 1, 1, 0, 0, 0, 0, 0, 3, 0, 0, 0, 1, 0, 0, 0, 1, 0, 0, 0, 0, 0, 0, 0, 0, 0, 0, 0, 1, 0, 0, 0, 0, 0, 0, 0, 1, 0, 0, 0, 
24, 1, 0, 0, 0, 0, 0, 1, 0, 0, 0, 0, 0, 2, 1, 0, 1, 1, 0, 0, 0, 0, 0, 0, 2, 0, 1, 2, 2, 0, 0, 0, 1, 8, 6, 7, 8, 0, 0, 0, 0, 30, 2, 4, 0, 0, 1, 1, 2, 3, 1, 1, 0, 5, 5, 7, 2, 28, 5, 8, 1, 10, 1, 0, 0, 7, 2, 2, 3, 2, 1, 5, 2, 2, 0, 5, 1, 0, 0, 0, 0, 0, 0, 0, 0, 1, 0, 0, 0, 0, 0, 0, 0, 0, 0, 0, 0, 1, 0, 0, 0, 4, 0, 0, 0, 0, 0, 0, 0, 0, 0, 0, 0, 
25, 0, 0, 1, 0, 3, 0, 1, 1, 0, 1, 0, 0, 1, 0, 0, 0, 0, 0, 0, 0, 1, 0, 0, 0, 1, 1, 1, 0, 1, 0, 0, 0, 20, 6, 3, 0, 3, 5, 7, 4, 38, 7, 4, 1, 2, 0, 1, 0, 1, 2, 1, 0, 3, 7, 4, 6, 16, 3, 7, 6, 20, 4, 2, 3, 0, 0, 0, 0, 0, 3, 0, 2, 3, 1, 5, 3, 1, 0, 0, 0, 2, 0, 0, 0, 1, 0, 0, 0, 0, 0, 0, 0, 1, 0, 0, 0, 1, 0, 0, 0, 0, 0, 0, 0, 0, 0, 0, 0, 0, 0, 0, 0, 
26, 0, 0, 1, 2, 0, 1, 0, 0, 0, 1, 1, 0, 2, 0, 1, 1, 0, 0, 0, 0, 1, 0, 2, 1, 2, 3, 2, 0, 0, 0, 0, 2, 5, 6, 7, 4, 7, 4, 5, 3, 35, 2, 1, 4, 2, 1, 0, 1, 3, 5, 5, 1, 1, 0, 3, 0, 20, 8, 8, 3, 21, 2, 4, 0, 0, 0, 0, 1, 1, 4, 1, 1, 3, 5, 8, 7, 0, 0, 0, 0, 6, 0, 0, 0, 1, 0, 0, 0, 2, 0, 0, 0, 1, 0, 0, 0, 0, 0, 0, 0, 0, 0, 0, 0, 0, 0, 0, 0, 0, 0, 0, 0, 
27, 2, 1, 0, 0, 0, 1, 0, 0, 0, 1, 1, 0, 1, 0, 1, 0, 0, 0, 1, 0, 1, 1, 0, 0, 0, 1, 3, 6, 11, 8, 2, 4, 1, 7, 3, 7, 2, 3, 3, 2, 21, 3, 3, 4, 0, 1, 1, 1, 3, 5, 1, 3, 1, 3, 0, 0, 19, 3, 9, 3, 22, 5, 1, 2, 1, 2, 3, 1, 2, 4, 1, 3, 4, 3, 2, 5, 0, 0, 0, 0, 0, 0, 0, 0, 0, 0, 0, 0, 0, 0, 0, 0, 1, 0, 0, 0, 0, 0, 0, 0, 1, 0, 0, 0, 1, 0, 0, 0, 1, 0, 0, 0, 
28, 1, 1, 1, 0, 0, 0, 0, 1, 0, 0, 0, 1, 0, 0, 0, 0, 0, 0, 0, 0, 0, 0, 1, 1, 3, 4, 5, 5, 21, 1, 1, 8, 8, 6, 3, 4, 3, 9, 3, 7, 8, 2, 2, 2, 3, 3, 1, 1, 3, 2, 5, 0, 7, 0, 2, 3, 23, 5, 3, 4, 12, 1, 2, 1, 0, 1, 1, 2, 2, 3, 2, 6, 3, 1, 1, 0, 1, 0, 0, 0, 0, 0, 0, 0, 0, 0, 0, 0, 0, 0, 0, 0, 1, 0, 0, 0, 1, 0, 0, 0, 0, 0, 0, 0, 0, 0, 0, 0, 1, 0, 0, 0, 
29, 0, 0, 1, 0, 0, 0, 1, 0, 0, 0, 0, 1, 0, 0, 1, 0, 1, 2, 0, 0, 0, 0, 0, 1, 4, 3, 2, 4, 8, 4, 4, 1, 7, 6, 4, 5, 10, 7, 6, 2, 7, 6, 1, 1, 1, 1, 1, 1, 5, 5, 6, 2, 1, 3, 2, 2, 26, 11, 2, 2, 8, 2, 1, 1, 3, 3, 2, 0, 2, 1, 2, 0, 2, 0, 0, 0, 0, 0, 0, 0, 0, 0, 0, 0, 1, 0, 0, 0, 2, 0, 0, 0, 0, 0, 0, 0, 0, 0, 0, 0, 0, 0, 0, 0, 0, 0, 0, 0, 2, 0, 0, 0, 
30, 0, 0, 1, 1, 0, 1, 0, 0, 0, 0, 0, 0, 1, 1, 1, 0, 0, 0, 1, 0, 0, 0, 0, 0, 4, 3, 7, 6, 3, 5, 4, 2, 3, 5, 1, 4, 4, 3, 3, 4, 16, 2, 2, 1, 1, 1, 1, 0, 5, 3, 8, 2, 7, 3, 1, 4, 29, 4, 9, 1, 17, 5, 1, 2, 3, 2, 0, 3, 2, 2, 2, 1, 0, 1, 0, 0, 3, 0, 0, 0, 0, 0, 0, 0, 5, 0, 0, 0, 1, 0, 0, 0, 1, 0, 0, 0, 1, 0, 0, 0, 1, 0, 0, 0, 0, 0, 0, 0, 1, 0, 0, 0, 
31, 1, 1, 0, 0, 2, 0, 0, 1, 0, 1, 0, 1, 1, 0, 0, 0, 0, 0, 1, 0, 3, 1, 1, 0, 14, 3, 2, 0, 3, 7, 3, 6, 2, 9, 1, 3, 4, 4, 5, 1, 18, 4, 1, 2, 0, 0, 0, 0, 1, 1, 4, 4, 2, 1, 4, 1, 16, 3, 3, 9, 32, 1, 2, 1, 5, 0, 1, 0, 0, 0, 0, 0, 0, 1, 0, 1, 2, 0, 0, 0, 1, 0, 0, 0, 1, 0, 0, 0, 0, 0, 0, 0, 1, 0, 0, 0, 0, 0, 0, 0, 0, 0, 0, 0, 0, 0, 0, 0, 0, 0, 0, 0, 
32, 0, 0, 0, 0, 1, 0, 2, 0, 0, 1, 0, 0, 1, 1, 0, 0, 0, 2, 0, 0, 0, 0, 0, 1, 16, 6, 2, 1, 3, 6, 4, 2, 1, 4, 3, 3, 1, 1, 2, 1, 4, 1, 5, 5, 3, 2, 1, 2, 3, 2, 3, 0, 0, 0, 0, 0, 19, 6, 6, 4, 43, 2, 2, 1, 0, 1, 0, 1, 3, 4, 5, 2, 1, 0, 0, 0, 0, 0, 0, 0, 0, 0, 0, 0, 1, 0, 0, 0, 3, 0, 0, 0, 1, 0, 0, 0, 1, 0, 0, 0, 1, 0, 0, 0, 0, 0, 0, 0, 3, 0, 0, 0, 
33, 1, 0, 0, 0, 0, 0, 0, 0, 0, 1, 0, 1, 1, 0, 0, 0, 0, 1, 0, 0, 1, 1, 0, 0, 0, 1, 4, 1, 3, 1, 4, 1, 4, 1, 0, 1, 3, 2, 0, 1, 2, 6, 10, 3, 9, 4, 2, 2, 4, 1, 4, 3, 1, 2, 3, 3, 20, 8, 3, 3, 37, 6, 4, 3, 1, 0, 1, 1, 1, 1, 1, 2, 4, 3, 6, 6, 1, 0, 0, 0, 0, 0, 0, 0, 0, 0, 0, 0, 0, 0, 0, 0, 0, 0, 0, 0, 0, 0, 0, 0, 0, 0, 0, 0, 0, 0, 0, 0, 1, 0, 0, 0, 
34, 0, 0, 1, 0, 1, 0, 0, 0, 1, 0, 0, 0, 0, 0, 0, 0, 0, 1, 1, 0, 2, 1, 1, 0, 2, 2, 2, 1, 5, 7, 3, 1, 2, 2, 0, 1, 0, 0, 0, 0, 7, 8, 11, 4, 0, 0, 0, 0, 2, 2, 4, 3, 2, 0, 2, 0, 30, 11, 7, 6, 56, 0, 2, 1, 0, 1, 1, 0, 1, 2, 2, 0, 4, 3, 5, 5, 0, 0, 0, 0, 2, 0, 0, 0, 4, 0, 0, 0, 0, 0, 0, 0, 1, 0, 0, 0, 0, 0, 0, 0, 1, 0, 0, 0, 1, 0, 0, 0, 2, 0, 0, 0, 
35, 0, 0, 0, 0, 0, 0, 1, 0, 0, 1, 1, 0, 0, 2, 0, 0, 1, 1, 1, 0, 1, 0, 1, 0, 0, 4, 0, 0, 13, 4, 3, 2, 4, 5, 2, 1, 7, 0, 0, 0, 13, 8, 9, 5, 1, 1, 0, 0, 1, 2, 3, 6, 0, 1, 0, 0, 38, 7, 4, 5, 49, 0, 1, 0, 2, 5, 4, 2, 2, 2, 1, 2, 0, 2, 0, 0, 0, 0, 0, 0, 1, 0, 0, 0, 0, 0, 0, 0, 1, 0, 0, 0, 3, 0, 0, 0, 0, 0, 0, 0, 2, 0, 0, 0, 0, 0, 0, 0, 0, 0, 0, 0, 
36, 0, 1, 0, 0, 0, 0, 0, 0, 0, 0, 1, 0, 1, 1, 1, 0, 0, 1, 0, 0, 0, 0, 1, 0, 0, 0, 0, 0, 3, 2, 2, 2, 1, 0, 0, 0, 0, 1, 0, 0, 10, 15, 13, 7, 0, 1, 1, 0, 10, 4, 0, 5, 0, 0, 2, 0, 37, 8, 4, 7, 52, 6, 3, 0, 2, 4, 0, 0, 1, 1, 5, 3, 1, 1, 0, 0, 0, 0, 0, 0, 0, 0, 0, 0, 1, 0, 0, 0, 0, 0, 0, 0, 0, 0, 0, 0, 0, 0, 0, 0, 1, 0, 0, 0, 2, 0, 0, 0, 1, 0, 0, 0, 
37, 1, 0, 0, 0, 0, 0, 1, 0, 0, 0, 0, 0, 3, 1, 2, 0, 0, 1, 0, 0, 2, 1, 1, 0, 0, 0, 1, 1, 0, 7, 6, 5, 8, 5, 4, 3, 4, 1, 0, 0, 11, 11, 3, 12, 1, 0, 1, 0, 3, 1, 1, 4, 1, 1, 4, 2, 33, 2, 6, 9, 50, 0, 1, 0, 4, 2, 2, 7, 0, 1, 2, 2, 4, 1, 4, 2, 0, 0, 0, 0, 1, 0, 0, 0, 0, 0, 0, 0, 0, 0, 0, 0, 0, 0, 0, 0, 1, 0, 0, 0, 1, 0, 0, 0, 1, 0, 0, 0, 0, 0, 0, 0, 
38, 2, 0, 1, 1, 1, 1, 2, 1, 0, 0, 1, 0, 0, 0, 0, 0, 0, 0, 0, 0, 0, 0, 0, 0, 3, 4, 3, 5, 10, 4, 1, 5, 0, 1, 0, 0, 2, 0, 1, 1, 15, 13, 12, 7, 0, 0, 1, 0, 1, 0, 0, 0, 2, 4, 7, 2, 27, 6, 8, 3, 44, 3, 1, 0, 3, 8, 5, 7, 1, 0, 0, 0, 3, 1, 2, 0, 0, 0, 0, 0, 2, 0, 0, 0, 2, 0, 0, 0, 3, 0, 0, 0, 1, 0, 0, 0, 0, 0, 0, 0, 1, 0, 0, 0, 1, 0, 0, 0, 0, 0, 0, 0, 
39, 0, 0, 0, 0, 0, 0, 0, 0, 0, 0, 0, 0, 0, 0, 0, 0, 0, 4, 1, 2, 0, 0, 0, 0, 6, 7, 8, 7, 8, 1, 5, 5, 3, 2, 2, 0, 1, 1, 3, 1, 10, 5, 13, 11, 1, 0, 0, 0, 2, 0, 1, 0, 4, 1, 3, 3, 39, 11, 7, 7, 56, 4, 0, 2, 6, 6, 2, 3, 1, 1, 0, 0, 3, 3, 2, 0, 2, 0, 0, 0, 3, 0, 0, 0, 0, 0, 0, 0, 1, 0, 0, 0, 0, 0, 0, 0, 1, 0, 0, 0, 0, 0, 0, 0, 1, 0, 0, 0, 0, 0, 0, 0, 
40, 0, 0, 0, 1, 6, 0, 1, 0, 1, 0, 0, 0, 0, 2, 0, 2, 1, 0, 0, 1, 0, 0, 0, 0, 4, 9, 6, 9, 14, 10, 2, 3, 10, 0, 2, 0, 0, 1, 0, 3, 6, 7, 3, 11, 2, 1, 2, 0, 7, 5, 2, 0, 2, 2, 10, 3, 50, 5, 7, 2, 52, 1, 2, 1, 0, 0, 0, 0, 1, 0, 0, 3, 0, 0, 1, 1, 1, 0, 0, 0, 1, 0, 0, 0, 1, 0, 0, 0, 1, 0, 0, 0, 1, 0, 0, 0, 0, 0, 0, 0, 0, 0, 0, 0, 1, 0, 0, 0, 0, 0, 0, 0, 
41, 3, 1, 0, 1, 1, 0, 1, 1, 0, 0, 0, 0, 0, 1, 3, 2, 0, 0, 0, 1, 1, 0, 0, 0, 9, 4, 6, 6, 15, 5, 5, 6, 8, 1, 0, 0, 1, 0, 3, 0, 9, 7, 10, 16, 10, 1, 1, 0, 1, 2, 0, 0, 6, 3, 6, 1, 43, 7, 8, 8, 44, 2, 1, 2, 1, 2, 0, 0, 0, 0, 0, 0, 0, 3, 1, 1, 0, 0, 0, 0, 2, 0, 0, 0, 0, 0, 0, 0, 1, 0, 0, 0, 0, 0, 0, 0, 0, 0, 0, 0, 0, 0, 0, 0, 2, 0, 0, 0, 1, 0, 0, 0, 
42, 1, 0, 0, 1, 0, 0, 1, 0, 1, 0, 2, 1, 1, 2, 0, 1, 1, 0, 0, 0, 0, 0, 0, 1, 2, 6, 2, 2, 13, 4, 6, 6, 22, 0, 0, 1, 4, 2, 3, 7, 7, 7, 4, 11, 1, 1, 2, 0, 4, 2, 3, 4, 2, 0, 2, 3, 53, 3, 7, 7, 48, 1, 0, 0, 1, 1, 1, 1, 0, 2, 3, 3, 0, 1, 1, 2, 0, 0, 0, 0, 0, 0, 0, 0, 1, 0, 0, 0, 1, 0, 0, 0, 1, 0, 0, 0, 1, 0, 0, 0, 1, 0, 0, 0, 1, 0, 0, 0, 3, 0, 0, 0, 
43, 2, 1, 0, 1, 1, 0, 0, 1, 0, 0, 0, 0, 1, 0, 0, 1, 0, 0, 0, 1, 0, 0, 0, 0, 4, 2, 1, 3, 2, 6, 5, 5, 14, 1, 0, 0, 3, 9, 2, 2, 15, 9, 10, 4, 1, 0, 0, 0, 3, 0, 2, 1, 2, 3, 2, 1, 57, 9, 6, 5, 45, 1, 1, 1, 5, 2, 4, 0, 3, 2, 3, 2, 1, 1, 4, 3, 1, 0, 0, 0, 1, 0, 0, 0, 2, 0, 0, 0, 0, 0, 0, 0, 0, 0, 0, 0, 0, 0, 0, 0, 1, 0, 0, 0, 0, 0, 0, 0, 0, 0, 0, 0, 
44, 1, 0, 1, 0, 3, 1, 0, 0, 0, 0, 0, 1, 0, 1, 0, 1, 0, 1, 0, 1, 1, 1, 0, 1, 1, 5, 2, 7, 3, 10, 5, 8, 16, 2, 0, 2, 2, 4, 0, 0, 4, 4, 11, 8, 3, 2, 0, 1, 0, 0, 0, 2, 3, 0, 0, 1, 75, 10, 3, 4, 46, 4, 1, 3, 4, 3, 2, 2, 9, 5, 3, 6, 13, 2, 1, 2, 2, 0, 0, 0, 1, 0, 0, 0, 0, 0, 0, 0, 1, 0, 0, 0, 0, 0, 0, 0, 1, 0, 0, 0, 1, 0, 0, 0, 0, 0, 0, 0, 1, 0, 0, 0, 
45, 0, 0, 1, 0, 1, 1, 0, 0, 1, 0, 0, 0, 1, 0, 2, 0, 0, 0, 0, 0, 1, 1, 2, 1, 1, 0, 2, 2, 8, 8, 12, 5, 17, 2, 0, 0, 18, 4, 0, 2, 5, 8, 3, 3, 1, 0, 2, 1, 0, 0, 0, 0, 0, 2, 2, 0, 79, 6, 0, 6, 51, 1, 2, 1, 1, 0, 2, 1, 1, 1, 5, 0, 11, 6, 2, 1, 0, 0, 0, 0, 1, 0, 0, 0, 0, 0, 0, 0, 4, 0, 0, 0, 0, 0, 0, 0, 0, 0, 0, 0, 0, 0, 0, 0, 1, 0, 0, 0, 1, 0, 0, 0, 
46, 1, 0, 0, 0, 1, 2, 0, 0, 1, 1, 0, 0, 1, 0, 0, 1, 1, 1, 1, 0, 1, 0, 0, 0, 1, 2, 0, 2, 1, 3, 2, 9, 16, 3, 3, 0, 28, 0, 1, 1, 3, 2, 1, 1, 8, 9, 0, 0, 1, 6, 1, 0, 0, 1, 1, 0, 71, 3, 11, 6, 41, 3, 0, 1, 0, 0, 0, 0, 4, 4, 7, 1, 7, 4, 2, 0, 1, 0, 0, 0, 0, 0, 0, 0, 4, 0, 0, 0, 1, 0, 0, 0, 1, 0, 0, 0, 1, 0, 0, 0, 1, 0, 0, 0, 0, 0, 0, 0, 2, 0, 0, 0, 
47, 1, 0, 0, 1, 2, 0, 0, 0, 1, 0, 0, 0, 0, 0, 0, 0, 0, 1, 0, 1, 0, 0, 1, 0, 0, 1, 2, 0, 6, 3, 0, 3, 20, 0, 1, 2, 28, 7, 2, 3, 9, 0, 2, 0, 31, 12, 0, 0, 10, 2, 0, 1, 8, 1, 1, 1, 61, 9, 4, 10, 29, 2, 0, 1, 3, 5, 0, 4, 0, 0, 0, 0, 8, 1, 3, 1, 0, 0, 0, 0, 1, 0, 0, 0, 0, 0, 0, 0, 3, 0, 0, 0, 1, 0, 0, 0, 0, 0, 0, 0, 0, 0, 0, 0, 1, 0, 0, 0, 0, 0, 0, 0, 
48, 1, 1, 1, 0, 0, 0, 0, 0, 0, 0, 0, 0, 0, 0, 0, 1, 1, 1, 3, 0, 0, 1, 1, 2, 0, 1, 0, 0, 9, 0, 2, 1, 8, 3, 0, 0, 27, 2, 0, 3, 7, 1, 1, 0, 38, 2, 0, 0, 0, 0, 1, 1, 3, 0, 0, 2, 70, 1, 5, 5, 34, 5, 2, 0, 14, 1, 3, 1, 2, 1, 3, 1, 8, 2, 2, 2, 2, 0, 0, 0, 0, 0, 0, 0, 1, 0, 0, 0, 0, 0, 0, 0, 1, 0, 0, 0, 0, 0, 0, 0, 1, 0, 0, 0, 2, 0, 0, 0, 0, 0, 0, 0, 
49, 0, 0, 0, 0, 0, 0, 0, 0, 0, 1, 0, 0, 1, 0, 0, 0, 0, 0, 2, 1, 1, 0, 0, 0, 2, 2, 3, 3, 3, 0, 1, 2, 13, 1, 0, 0, 32, 1, 0, 1, 4, 3, 7, 3, 35, 0, 1, 1, 1, 2, 4, 3, 1, 1, 0, 0, 66, 9, 6, 3, 24, 2, 2, 0, 18, 6, 1, 0, 9, 4, 1, 1, 13, 5, 2, 3, 1, 0, 0, 0, 0, 0, 0, 0, 1, 0, 0, 0, 1, 0, 0, 0, 0, 0, 0, 0, 0, 0, 0, 0, 0, 0, 0, 0, 1, 0, 0, 0, 2, 0, 0, 0, 
50, 1, 0, 3, 1, 0, 0, 0, 0, 0, 0, 0, 0, 2, 1, 1, 0, 0, 0, 0, 2, 0, 0, 0, 0, 2, 1, 1, 2, 7, 3, 2, 0, 13, 0, 0, 0, 32, 0, 3, 3, 14, 2, 1, 1, 14, 3, 0, 0, 0, 2, 0, 0, 2, 1, 1, 2, 54, 4, 6, 9, 11, 0, 0, 1, 40, 3, 0, 2, 3, 5, 2, 5, 30, 1, 1, 0, 1, 0, 0, 0, 1, 0, 0, 0, 0, 0, 0, 0, 0, 0, 0, 0, 2, 0, 0, 0, 0, 0, 0, 0, 1, 0, 0, 0, 0, 0, 0, 0, 0, 0, 0, 0, 
51, 0, 0, 0, 0, 2, 1, 0, 0, 0, 1, 1, 0, 0, 0, 0, 0, 1, 0, 0, 0, 1, 0, 0, 0, 5, 0, 4, 6, 14, 2, 2, 0, 9, 0, 0, 0, 26, 1, 3, 0, 4, 2, 3, 1, 13, 1, 0, 0, 15, 1, 0, 1, 1, 2, 2, 0, 64, 8, 3, 5, 1, 1, 0, 0, 45, 1, 1, 2, 19, 10, 2, 3, 21, 2, 0, 4, 1, 0, 0, 0, 0, 0, 0, 0, 3, 0, 0, 0, 0, 0, 0, 0, 0, 0, 0, 0, 0, 0, 0, 0, 1, 0, 0, 0, 0, 0, 0, 0, 0, 0, 0, 0, 
52, 0, 0, 0, 0, 1, 3, 1, 0, 0, 0, 0, 0, 0, 0, 0, 0, 0, 0, 0, 1, 0, 2, 0, 1, 9, 6, 6, 4, 12, 4, 0, 0, 12, 3, 0, 0, 25, 1, 1, 0, 1, 2, 2, 0, 7, 1, 1, 1, 14, 1, 3, 0, 3, 0, 1, 1, 61, 7, 11, 4, 3, 0, 0, 1, 56, 0, 0, 1, 24, 2, 2, 1, 24, 4, 3, 1, 2, 0, 0, 0, 2, 0, 0, 0, 1, 0, 0, 0, 0, 0, 0, 0, 0, 0, 0, 0, 2, 0, 0, 0, 0, 0, 0, 0, 0, 0, 0, 0, 1, 0, 0, 0, 
53, 4, 0, 0, 0, 1, 2, 0, 0, 0, 0, 1, 0, 0, 0, 0, 0, 0, 1, 1, 2, 0, 0, 0, 0, 5, 8, 5, 1, 20, 3, 3, 1, 16, 1, 0, 0, 24, 3, 1, 2, 3, 5, 1, 1, 3, 2, 4, 1, 6, 1, 3, 1, 1, 4, 1, 2, 64, 5, 2, 4, 1, 0, 3, 0, 40, 1, 2, 1, 19, 2, 3, 1, 12, 3, 1, 1, 0, 0, 0, 0, 1, 0, 0, 0, 0, 0, 0, 0, 1, 0, 0, 0, 0, 0, 0, 0, 2, 0, 0, 0, 2, 0, 0, 0, 1, 0, 0, 0, 1, 0, 0, 0, 
54, 0, 0, 0, 1, 0, 1, 1, 0, 0, 0, 0, 0, 0, 0, 0, 0, 0, 0, 0, 0, 0, 1, 1, 1, 3, 7, 3, 5, 13, 1, 4, 2, 20, 0, 2, 0, 22, 5, 2, 0, 4, 0, 1, 1, 0, 0, 0, 0, 2, 2, 2, 2, 1, 0, 0, 1, 71, 8, 3, 4, 1, 2, 1, 2, 32, 2, 0, 1, 15, 2, 3, 4, 6, 2, 3, 3, 2, 0, 0, 0, 1, 0, 0, 0, 0, 0, 0, 0, 3, 0, 0, 0, 0, 0, 0, 0, 0, 0, 0, 0, 0, 0, 0, 0, 0, 0, 0, 0, 1, 0, 0, 0, 
55, 1, 1, 2, 0, 0, 2, 0, 0, 0, 0, 0, 0, 0, 0, 0, 1, 2, 1, 3, 0, 0, 0, 0, 0, 7, 6, 3, 5, 17, 2, 3, 1, 18, 0, 1, 0, 32, 4, 1, 1, 1, 0, 0, 0, 1, 0, 0, 1, 4, 9, 3, 2, 1, 3, 1, 3, 52, 14, 7, 5, 1, 2, 1, 3, 29, 3, 0, 1, 11, 5, 1, 2, 15, 4, 2, 2, 2, 0, 0, 0, 1, 0, 0, 0, 0, 0, 0, 0, 1, 0, 0, 0, 0, 0, 0, 0, 0, 0, 0, 0, 0, 0, 0, 0, 1, 0, 0, 0, 1, 0, 0, 0, 
56, 0, 0, 0, 0, 0, 0, 0, 0, 3, 0, 0, 1, 0, 0, 2, 1, 2, 0, 1, 0, 0, 0, 1, 0, 4, 2, 2, 2, 15, 0, 0, 0, 21, 1, 0, 0, 35, 4, 2, 1, 0, 2, 1, 3, 4, 0, 1, 0, 1, 1, 2, 2, 2, 1, 2, 2, 44, 4, 6, 6, 0, 0, 0, 0, 31, 2, 3, 1, 6, 2, 5, 4, 24, 1, 4, 5, 1, 0, 0, 0, 0, 0, 0, 0, 2, 0, 0, 0, 1, 0, 0, 0, 1, 0, 0, 0, 1, 0, 0, 0, 0, 0, 0, 0, 1, 0, 0, 0, 2, 0, 0, 0, 
57, 0, 0, 0, 0, 0, 1, 0, 1, 0, 0, 0, 0, 0, 1, 1, 0, 2, 1, 0, 0, 1, 0, 1, 0, 0, 1, 1, 0, 2, 2, 1, 1, 12, 1, 2, 0, 43, 2, 1, 0, 1, 2, 5, 2, 16, 10, 3, 3, 0, 2, 0, 3, 5, 3, 1, 1, 35, 2, 10, 2, 1, 0, 0, 0, 44, 1, 3, 1, 3, 3, 4, 1, 28, 3, 2, 2, 1, 0, 0, 0, 0, 0, 0, 0, 0, 0, 0, 0, 0, 0, 0, 0, 1, 0, 0, 0, 1, 0, 0, 0, 1, 0, 0, 0, 1, 0, 0, 0, 1, 0, 0, 0, 
58, 0, 0, 0, 0, 3, 0, 1, 1, 1, 0, 0, 0, 0, 1, 0, 0, 0, 0, 1, 2, 0, 0, 0, 0, 5, 1, 6, 1, 7, 4, 0, 1, 14, 1, 0, 0, 33, 6, 2, 2, 1, 6, 2, 2, 35, 13, 1, 0, 3, 4, 1, 1, 1, 1, 0, 0, 42, 8, 4, 4, 0, 0, 1, 2, 57, 1, 1, 1, 10, 0, 1, 2, 27, 2, 6, 3, 0, 0, 0, 0, 0, 0, 0, 0, 2, 0, 0, 0, 0, 0, 0, 0, 2, 0, 0, 0, 0, 0, 0, 0, 1, 0, 0, 0, 0, 0, 0, 0, 1, 0, 0, 0, 
59, 1, 0, 0, 1, 1, 0, 1, 1, 0, 0, 2, 1, 0, 0, 1, 0, 0, 0, 0, 0, 0, 0, 1, 0, 2, 3, 4, 1, 5, 2, 8, 6, 3, 2, 0, 0, 29, 1, 3, 0, 0, 0, 1, 1, 40, 3, 2, 0, 3, 0, 0, 2, 9, 0, 2, 0, 48, 7, 10, 2, 3, 3, 4, 0, 69, 4, 0, 1, 8, 3, 2, 0, 23, 3, 3, 3, 1, 0, 0, 0, 0, 0, 0, 0, 0, 0, 0, 0, 0, 0, 0, 0, 2, 0, 0, 0, 3, 0, 0, 0, 1, 0, 0, 0, 0, 0, 0, 0, 0, 0, 0, 0, 
60, 1, 1, 1, 0, 0, 1, 0, 1, 0, 0, 1, 0, 0, 2, 0, 0, 0, 0, 1, 0, 1, 0, 0, 0, 4, 4, 2, 3, 3, 8, 6, 2, 6, 5, 6, 3, 41, 1, 1, 2, 11, 2, 2, 1, 40, 1, 1, 0, 7, 0, 0, 1, 5, 3, 1, 0, 41, 4, 7, 4, 7, 5, 6, 5, 80, 1, 0, 1, 0, 0, 0, 1, 19, 1, 3, 2, 0, 0, 0, 0, 0, 0, 0, 0, 1, 0, 0, 0, 3, 0, 0, 0, 0, 0, 0, 0, 0, 0, 0, 0, 1, 0, 0, 0, 0, 0, 0, 0, 0, 0, 0, 0, 
61, 1, 1, 0, 1, 1, 1, 1, 0, 0, 1, 1, 0, 0, 0, 0, 0, 0, 0, 0, 0, 0, 1, 0, 0, 2, 4, 1, 4, 4, 7, 4, 2, 20, 4, 3, 6, 42, 5, 2, 1, 5, 2, 0, 0, 42, 2, 0, 2, 8, 0, 1, 0, 29, 1, 0, 0, 47, 5, 5, 12, 8, 2, 7, 4, 55, 2, 2, 2, 0, 0, 2, 1, 39, 3, 2, 0, 3, 0, 0, 0, 1, 0, 0, 0, 0, 0, 0, 0, 1, 0, 0, 0, 1, 0, 0, 0, 1, 0, 0, 0, 1, 0, 0, 0, 0, 0, 0, 0, 0, 0, 0, 0, 
62, 0, 0, 0, 1, 0, 0, 0, 0, 1, 4, 0, 0, 0, 0, 1, 0, 0, 0, 1, 0, 0, 0, 0, 0, 0, 0, 1, 0, 7, 3, 9, 3, 22, 7, 6, 4, 36, 2, 2, 4, 0, 1, 0, 1, 46, 3, 3, 2, 1, 1, 6, 1, 39, 0, 1, 0, 53, 5, 5, 4, 7, 8, 8, 4, 51, 1, 0, 1, 3, 2, 0, 3, 44, 6, 1, 1, 0, 0, 0, 0, 0, 0, 0, 0, 0, 0, 0, 0, 0, 0, 0, 0, 2, 0, 0, 0, 0, 0, 0, 0, 1, 0, 0, 0, 1, 0, 0, 0, 0, 0, 0, 0, 
63, 1, 2, 3, 1, 2, 2, 2, 0, 0, 0, 0, 0, 0, 0, 0, 0, 0, 0, 2, 1, 0, 0, 0, 0, 1, 0, 0, 0, 3, 2, 8, 3, 23, 5, 2, 1, 37, 2, 3, 4, 4, 2, 1, 1, 45, 0, 0, 0, 2, 4, 3, 3, 36, 2, 1, 2, 56, 9, 4, 2, 7, 4, 7, 5, 57, 1, 2, 1, 6, 2, 3, 2, 36, 4, 2, 4, 1, 0, 0, 0, 3, 0, 0, 0, 2, 0, 0, 0, 1, 0, 0, 0, 0, 0, 0, 0, 0, 0, 0, 0, 1, 0, 0, 0, 1, 0, 0, 0, 0, 0, 0, 0, 
64, 3, 1, 3, 1, 0, 0, 1, 0, 0, 0, 1, 1, 0, 0, 0, 0, 0, 0, 0, 1, 1, 1, 0, 0, 1, 0, 3, 3, 7, 2, 7, 5, 14, 1, 1, 1, 51, 2, 3, 5, 0, 0, 2, 0, 45, 1, 2, 2, 0, 0, 1, 0, 45, 1, 0, 0, 54, 12, 12, 3, 12, 7, 9, 5, 63, 2, 0, 2, 1, 0, 1, 0, 30, 1, 6, 2, 0, 0, 0, 0, 0, 0, 0, 0, 0, 0, 0, 0, 1, 0, 0, 0, 0, 0, 0, 0, 2, 0, 0, 0, 0, 0, 0, 0, 0, 0, 0, 0, 0, 0, 0, 0, 
65, 1, 0, 0, 0, 1, 0, 0, 0, 1, 0, 0, 0, 0, 0, 0, 1, 1, 0, 0, 0, 0, 0, 0, 0, 2, 2, 3, 2, 12, 6, 1, 4, 8, 3, 7, 5, 57, 1, 7, 1, 4, 2, 2, 3, 48, 0, 0, 1, 4, 2, 1, 1, 46, 4, 1, 1, 61, 3, 7, 6, 5, 3, 5, 6, 65, 4, 2, 1, 7, 9, 6, 2, 21, 2, 4, 4, 1, 0, 0, 0, 3, 0, 0, 0, 0, 0, 0, 0, 0, 0, 0, 0, 2, 0, 0, 0, 0, 0, 0, 0, 0, 0, 0, 0, 0, 0, 0, 0, 1, 0, 0, 0, 
66, 3, 1, 3, 0, 1, 1, 0, 0, 0, 4, 1, 1, 0, 2, 0, 0, 2, 0, 0, 0, 0, 0, 0, 0, 3, 0, 1, 1, 20, 10, 4, 6, 3, 1, 3, 3, 66, 2, 1, 2, 3, 3, 5, 6, 25, 2, 1, 0, 2, 1, 4, 1, 44, 1, 0, 2, 55, 8, 3, 4, 1, 0, 0, 3, 54, 2, 2, 2, 12, 7, 8, 9, 24, 3, 5, 0, 2, 0, 0, 0, 2, 0, 0, 0, 0, 0, 0, 0, 0, 0, 0, 0, 2, 0, 0, 0, 2, 0, 0, 0, 0, 0, 0, 0, 0, 0, 0, 0, 1, 0, 0, 0, 
67, 0, 0, 0, 0, 0, 0, 1, 0, 0, 0, 0, 2, 0, 0, 1, 0, 0, 0, 0, 0, 0, 0, 0, 0, 0, 0, 0, 0, 21, 3, 4, 3, 8, 3, 2, 4, 44, 4, 1, 1, 5, 5, 4, 1, 25, 4, 3, 0, 0, 0, 0, 0, 52, 1, 1, 1, 50, 6, 4, 8, 5, 4, 2, 4, 65, 3, 2, 3, 9, 3, 7, 9, 30, 1, 1, 6, 0, 0, 0, 0, 0, 0, 0, 0, 1, 0, 0, 0, 0, 0, 0, 0, 1, 0, 0, 0, 0, 0, 0, 0, 0, 0, 0, 0, 0, 0, 0, 0, 1, 0, 0, 0, 
68, 1, 0, 1, 2, 1, 3, 0, 0, 0, 0, 0, 0, 0, 0, 0, 0, 0, 0, 2, 0, 0, 0, 0, 0, 0, 1, 0, 0, 15, 6, 4, 5, 5, 4, 2, 5, 47, 2, 4, 1, 2, 3, 2, 5, 29, 1, 3, 1, 1, 0, 0, 1, 52, 3, 1, 1, 62, 11, 4, 3, 3, 3, 1, 5, 64, 0, 1, 1, 9, 6, 3, 8, 23, 1, 4, 2, 0, 0, 0, 0, 1, 0, 0, 0, 1, 0, 0, 0, 1, 0, 0, 0, 0, 0, 0, 0, 2, 0, 0, 0, 0, 0, 0, 0, 0, 0, 0, 0, 2, 0, 0, 0, 
69, 0, 0, 0, 0, 0, 0, 0, 0, 3, 0, 0, 0, 0, 1, 0, 0, 0, 2, 1, 1, 0, 1, 0, 0, 1, 4, 1, 3, 23, 12, 0, 7, 6, 2, 2, 5, 44, 3, 1, 1, 24, 8, 1, 2, 10, 0, 2, 2, 0, 1, 1, 2, 56, 0, 0, 1, 72, 3, 8, 6, 1, 0, 0, 2, 60, 3, 0, 0, 18, 7, 3, 8, 22, 5, 4, 2, 3, 0, 0, 0, 1, 0, 0, 0, 2, 0, 0, 0, 1, 0, 0, 0, 1, 0, 0, 0, 0, 0, 0, 0, 2, 0, 0, 0, 0, 0, 0, 0, 1, 0, 0, 0, 
70, 0, 0, 1, 0, 1, 2, 1, 0, 1, 0, 0, 1, 1, 0, 0, 0, 0, 0, 0, 0, 1, 0, 2, 0, 12, 2, 3, 5, 19, 9, 3, 2, 2, 3, 2, 3, 41, 3, 2, 3, 26, 6, 4, 1, 5, 1, 0, 3, 1, 4, 4, 8, 44, 2, 1, 0, 72, 2, 2, 1, 1, 2, 0, 0, 54, 1, 1, 0, 27, 15, 8, 4, 38, 3, 2, 4, 0, 0, 0, 0, 0, 0, 0, 0, 0, 0, 0, 0, 0, 0, 0, 0, 0, 0, 0, 0, 2, 0, 0, 0, 2, 0, 0, 0, 1, 0, 0, 0, 0, 0, 0, 0, 
71, 1, 0, 0, 0, 0, 0, 0, 0, 0, 1, 0, 0, 1, 1, 0, 0, 0, 0, 0, 0, 0, 0, 0, 0, 12, 3, 3, 3, 24, 3, 5, 3, 6, 2, 2, 2, 38, 2, 3, 1, 12, 2, 2, 4, 2, 2, 2, 2, 2, 2, 1, 0, 57, 3, 4, 2, 60, 4, 5, 2, 6, 3, 3, 9, 45, 4, 2, 2, 47, 4, 4, 4, 35, 0, 1, 4, 1, 0, 0, 0, 1, 0, 0, 0, 1, 0, 0, 0, 1, 0, 0, 0, 0, 0, 0, 0, 0, 0, 0, 0, 2, 0, 0, 0, 2, 0, 0, 0, 1, 0, 0, 0, 
72, 0, 1, 0, 0, 0, 0, 0, 4, 0, 1, 2, 0, 0, 1, 1, 0, 2, 1, 0, 0, 0, 0, 1, 0, 9, 3, 2, 1, 16, 2, 3, 7, 2, 4, 2, 0, 34, 3, 4, 4, 12, 4, 7, 5, 2, 0, 0, 1, 8, 3, 2, 5, 55, 0, 0, 1, 56, 2, 3, 2, 14, 4, 2, 1, 55, 0, 2, 0, 39, 7, 5, 5, 29, 2, 5, 3, 0, 0, 0, 0, 0, 0, 0, 0, 0, 0, 0, 0, 1, 0, 0, 0, 1, 0, 0, 0, 1, 0, 0, 0, 0, 0, 0, 0, 0, 0, 0, 0, 1, 0, 0, 0, 
73, 2, 2, 3, 1, 0, 0, 1, 0, 0, 2, 0, 0, 1, 2, 0, 0, 0, 0, 1, 0, 0, 0, 0, 1, 1, 0, 0, 3, 11, 8, 3, 7, 6, 2, 3, 6, 40, 4, 1, 2, 6, 4, 5, 4, 3, 2, 2, 0, 10, 3, 5, 0, 65, 2, 0, 1, 39, 3, 5, 6, 1, 0, 1, 1, 51, 1, 1, 0, 40, 4, 4, 4, 32, 1, 2, 2, 0, 0, 0, 0, 4, 0, 0, 0, 1, 0, 0, 0, 0, 0, 0, 0, 0, 0, 0, 0, 1, 0, 0, 0, 0, 0, 0, 0, 0, 0, 0, 0, 1, 0, 0, 0, 
74, 1, 1, 3, 0, 2, 0, 1, 0, 0, 1, 1, 0, 1, 0, 0, 0, 0, 0, 0, 1, 0, 1, 1, 1, 1, 2, 2, 2, 9, 4, 3, 4, 2, 2, 2, 3, 28, 4, 1, 2, 2, 3, 1, 1, 0, 1, 0, 0, 9, 3, 0, 3, 62, 5, 2, 1, 26, 3, 4, 7, 7, 0, 0, 5, 54, 2, 0, 1, 35, 8, 8, 4, 19, 4, 5, 5, 0, 0, 0, 0, 0, 0, 0, 0, 2, 0, 0, 0, 0, 0, 0, 0, 2, 0, 0, 0, 0, 0, 0, 0, 0, 0, 0, 0, 3, 0, 0, 0, 0, 0, 0, 0, 
75, 0, 0, 0, 0, 0, 0, 0, 0, 0, 0, 0, 0, 0, 0, 0, 0, 0, 1, 0, 0, 1, 0, 2, 0, 0, 1, 0, 0, 10, 9, 3, 3, 0, 0, 0, 1, 30, 4, 1, 1, 0, 0, 0, 0, 3, 0, 0, 0, 8, 2, 4, 2, 64, 0, 0, 1, 31, 6, 9, 4, 11, 2, 4, 1, 62, 0, 0, 0, 48, 4, 6, 7, 4, 6, 5, 2, 0, 0, 0, 0, 1, 0, 0, 0, 0, 0, 0, 0, 2, 0, 0, 0, 3, 0, 0, 0, 1, 0, 0, 0, 0, 0, 0, 0, 0, 0, 0, 0, 1, 0, 0, 0, 
76, 0, 0, 1, 1, 0, 0, 0, 0, 0, 0, 0, 2, 2, 2, 0, 2, 1, 0, 0, 0, 1, 0, 0, 0, 3, 3, 3, 2, 3, 2, 5, 2, 3, 3, 4, 4, 38, 4, 3, 2, 3, 1, 0, 1, 0, 2, 1, 1, 3, 7, 4, 2, 54, 5, 2, 0, 30, 5, 5, 4, 15, 1, 1, 1, 59, 2, 1, 0, 48, 4, 4, 4, 4, 0, 0, 2, 0, 0, 0, 0, 0, 0, 0, 0, 1, 0, 0, 0, 0, 0, 0, 0, 1, 0, 0, 0, 1, 0, 0, 0, 0, 0, 0, 0, 0, 0, 0, 0, 1, 0, 0, 0, 
77, 1, 0, 2, 1, 2, 1, 2, 0, 1, 0, 1, 1, 0, 0, 0, 0, 1, 0, 0, 0, 0, 0, 0, 0, 0, 0, 0, 1, 9, 9, 6, 9, 1, 4, 0, 3, 22, 1, 3, 3, 4, 0, 0, 0, 3, 0, 3, 1, 3, 8, 7, 1, 66, 2, 2, 0, 20, 8, 7, 5, 16, 2, 2, 1, 57, 3, 0, 1, 39, 4, 4, 3, 2, 0, 1, 0, 1, 0, 0, 0, 1, 0, 0, 0, 0, 0, 0, 0, 0, 0, 0, 0, 1, 0, 0, 0, 1, 0, 0, 0, 0, 0, 0, 0, 1, 0, 0, 0, 1, 0, 0, 0, 
78, 0, 0, 0, 0, 0, 0, 0, 0, 0, 1, 0, 1, 1, 1, 1, 4, 1, 0, 0, 0, 1, 2, 0, 0, 0, 0, 0, 0, 6, 7, 11, 8, 1, 0, 0, 0, 23, 2, 1, 2, 8, 5, 4, 4, 0, 1, 0, 1, 6, 4, 3, 3, 57, 3, 1, 0, 17, 3, 2, 7, 7, 1, 2, 0, 44, 2, 4, 1, 40, 8, 9, 4, 3, 0, 4, 1, 1, 0, 0, 0, 0, 0, 0, 0, 1, 0, 0, 0, 1, 0, 0, 0, 1, 0, 0, 0, 0, 0, 0, 0, 0, 0, 0, 0, 1, 0, 0, 0, 0, 0, 0, 0, 
79, 1, 1, 0, 1, 0, 0, 0, 2, 0, 0, 0, 0, 1, 0, 1, 1, 0, 0, 0, 0, 0, 1, 0, 0, 3, 1, 0, 0, 10, 13, 13, 4, 3, 0, 1, 0, 21, 1, 1, 3, 15, 6, 2, 1, 1, 2, 1, 3, 5, 3, 4, 2, 69, 9, 3, 1, 6, 4, 4, 9, 1, 1, 0, 0, 44, 2, 5, 0, 57, 5, 4, 9, 0, 0, 0, 0, 0, 0, 0, 0, 1, 0, 0, 0, 0, 0, 0, 0, 0, 0, 0, 0, 1, 0, 0, 0, 0, 0, 0, 0, 1, 0, 0, 0, 1, 0, 0, 0, 0, 0, 0, 0, 
80, 0, 1, 2, 0, 1, 1, 1, 0, 4, 2, 0, 1, 0, 0, 0, 0, 1, 2, 0, 0, 3, 0, 0, 0, 0, 1, 0, 1, 5, 6, 4, 5, 1, 1, 2, 0, 23, 1, 2, 1, 14, 4, 5, 3, 11, 0, 1, 1, 1, 5, 3, 4, 77, 3, 0, 1, 6, 6, 4, 4, 0, 4, 0, 2, 44, 2, 2, 0, 50, 7, 9, 7, 8, 6, 2, 2, 0, 0, 0, 0, 0, 0, 0, 0, 1, 0, 0, 0, 1, 0, 0, 0, 1, 0, 0, 0, 1, 0, 0, 0, 0, 0, 0, 0, 1, 0, 0, 0, 2, 0, 0, 0, 
81, 1, 2, 3, 0, 0, 0, 0, 1, 1, 0, 1, 0, 0, 0, 0, 0, 0, 0, 0, 3, 0, 0, 0, 0, 5, 6, 3, 7, 5, 5, 3, 5, 9, 6, 2, 0, 25, 6, 3, 2, 29, 3, 2, 0, 8, 1, 1, 1, 1, 0, 0, 1, 84, 2, 1, 1, 4, 6, 5, 7, 2, 0, 1, 2, 47, 2, 2, 3, 55, 7, 3, 8, 15, 2, 1, 2, 0, 0, 0, 0, 0, 0, 0, 0, 0, 0, 0, 0, 1, 0, 0, 0, 0, 0, 0, 0, 0, 0, 0, 0, 0, 0, 0, 0, 0, 0, 0, 0, 1, 0, 0, 0, 
82, 3, 0, 2, 0, 0, 0, 0, 0, 0, 0, 0, 1, 0, 0, 0, 1, 0, 0, 0, 0, 0, 1, 0, 0, 4, 1, 5, 3, 6, 13, 9, 10, 15, 0, 1, 0, 32, 5, 1, 3, 18, 6, 5, 4, 10, 1, 1, 0, 0, 0, 1, 2, 93, 3, 0, 1, 4, 6, 5, 4, 2, 0, 1, 0, 37, 1, 3, 0, 56, 7, 8, 3, 12, 1, 2, 3, 1, 0, 0, 0, 1, 0, 0, 0, 3, 0, 0, 0, 0, 0, 0, 0, 0, 0, 0, 0, 0, 0, 0, 0, 0, 0, 0, 0, 0, 0, 0, 0, 1, 0, 0, 0, 
83, 1, 1, 0, 1, 0, 0, 1, 0, 1, 0, 1, 1, 2, 1, 1, 0, 1, 1, 0, 1, 0, 1, 1, 1, 2, 5, 5, 4, 10, 6, 7, 7, 12, 1, 0, 0, 36, 1, 0, 1, 25, 3, 2, 4, 0, 0, 0, 0, 3, 0, 1, 0, 98, 1, 2, 2, 1, 2, 0, 1, 1, 1, 1, 1, 28, 2, 1, 0, 48, 4, 5, 4, 21, 3, 0, 2, 0, 0, 0, 0, 0, 0, 0, 0, 0, 0, 0, 0, 0, 0, 0, 0, 1, 0, 0, 0, 1, 0, 0, 0, 1, 0, 0, 0, 1, 0, 0, 0, 0, 0, 0, 0, 
84, 0, 0, 0, 0, 2, 3, 2, 1, 1, 0, 1, 0, 0, 0, 1, 0, 0, 0, 0, 2, 0, 0, 1, 0, 10, 6, 5, 7, 6, 10, 9, 5, 6, 1, 2, 0, 27, 1, 2, 2, 20, 0, 2, 1, 15, 3, 1, 2, 2, 0, 2, 1, 89, 0, 2, 2, 1, 1, 0, 0, 1, 2, 2, 1, 24, 0, 3, 1, 43, 7, 5, 4, 22, 0, 1, 1, 1, 0, 0, 0, 0, 0, 0, 0, 0, 0, 0, 0, 1, 0, 0, 0, 1, 0, 0, 0, 2, 0, 0, 0, 1, 0, 0, 0, 2, 0, 0, 0, 0, 0, 0, 0, 
85, 0, 0, 0, 0, 0, 1, 1, 0, 0, 0, 0, 1, 2, 1, 0, 0, 0, 0, 2, 1, 1, 0, 0, 4, 9, 9, 12, 9, 15, 6, 14, 11, 4, 1, 2, 1, 35, 3, 3, 6, 2, 2, 1, 2, 9, 1, 0, 0, 2, 3, 3, 2, 87, 0, 0, 1, 4, 2, 4, 1, 2, 5, 4, 2, 17, 3, 3, 0, 40, 7, 9, 5, 3, 4, 2, 1, 0, 0, 0, 0, 0, 0, 0, 0, 1, 0, 0, 0, 1, 0, 0, 0, 1, 0, 0, 0, 1, 0, 0, 0, 1, 0, 0, 0, 0, 0, 0, 0, 2, 0, 0, 0, 
86, 0, 0, 0, 0, 1, 0, 0, 0, 0, 0, 0, 2, 2, 1, 1, 0, 0, 0, 0, 0, 1, 0, 0, 0, 15, 8, 14, 11, 13, 6, 5, 11, 1, 1, 0, 0, 50, 4, 3, 2, 1, 2, 1, 0, 0, 4, 2, 1, 2, 3, 3, 3, 90, 1, 2, 0, 19, 1, 2, 3, 1, 1, 1, 1, 6, 2, 1, 1, 44, 5, 9, 9, 4, 2, 2, 2, 0, 0, 0, 0, 1, 0, 0, 0, 0, 0, 0, 0, 0, 0, 0, 0, 1, 0, 0, 0, 0, 0, 0, 0, 1, 0, 0, 0, 0, 0, 0, 0, 2, 0, 0, 0, 
87, 1, 0, 0, 1, 1, 1, 0, 1, 1, 2, 1, 0, 2, 0, 0, 0, 0, 0, 1, 0, 0, 0, 0, 0, 13, 7, 9, 8, 18, 12, 6, 7, 1, 0, 0, 0, 42, 0, 2, 1, 4, 3, 4, 2, 1, 1, 1, 6, 2, 1, 1, 0, 90, 0, 1, 0, 13, 5, 5, 6, 2, 1, 2, 0, 22, 0, 1, 0, 46, 4, 5, 7, 4, 3, 1, 3, 1, 0, 0, 0, 1, 0, 0, 0, 0, 0, 0, 0, 2, 0, 0, 0, 0, 0, 0, 0, 0, 0, 0, 0, 1, 0, 0, 0, 0, 0, 0, 0, 3, 0, 0, 0, 
88, 0, 1, 0, 0, 0, 1, 1, 1, 0, 0, 0, 0, 0, 0, 0, 1, 1, 4, 4, 2, 0, 1, 1, 0, 5, 7, 9, 13, 21, 5, 11, 5, 1, 1, 0, 0, 20, 5, 7, 0, 9, 5, 4, 2, 19, 6, 5, 2, 0, 0, 0, 0, 85, 2, 1, 0, 8, 2, 3, 0, 3, 3, 2, 3, 21, 3, 1, 2, 44, 4, 0, 6, 10, 5, 1, 3, 0, 0, 0, 0, 1, 0, 0, 0, 0, 0, 0, 0, 0, 0, 0, 0, 2, 0, 0, 0, 0, 0, 0, 0, 0, 0, 0, 0, 0, 0, 0, 0, 1, 0, 0, 0, 
89, 1, 2, 2, 0, 0, 2, 0, 1, 1, 0, 3, 0, 3, 0, 1, 0, 0, 1, 0, 1, 0, 0, 1, 1, 9, 9, 4, 6, 10, 5, 9, 10, 1, 1, 1, 0, 26, 2, 2, 0, 2, 3, 2, 1, 41, 2, 3, 2, 0, 0, 0, 0, 79, 5, 2, 0, 1, 2, 2, 3, 5, 5, 2, 3, 13, 0, 1, 1, 40, 8, 6, 3, 4, 2, 3, 1, 1, 0, 0, 0, 0, 0, 0, 0, 0, 0, 0, 0, 0, 0, 0, 0, 0, 0, 0, 0, 0, 0, 0, 0, 0, 0, 0, 0, 0, 0, 0, 0, 1, 0, 0, 0, 
90, 0, 0, 1, 0, 0, 0, 0, 1, 0, 0, 0, 1, 3, 0, 0, 0, 0, 0, 0, 0, 1, 0, 1, 1, 9, 12, 3, 7, 5, 9, 7, 8, 0, 0, 2, 1, 15, 0, 2, 1, 0, 1, 0, 1, 40, 4, 3, 0, 5, 2, 4, 3, 80, 0, 1, 0, 2, 0, 0, 2, 14, 0, 0, 0, 6, 2, 0, 1, 52, 2, 4, 6, 27, 2, 4, 1, 1, 0, 0, 0, 1, 0, 0, 0, 0, 0, 0, 0, 1, 0, 0, 0, 2, 0, 0, 0, 1, 0, 0, 0, 1, 0, 0, 0, 1, 0, 0, 0, 2, 0, 0, 0, 
91, 1, 0, 0, 1, 0, 0, 1, 1, 1, 0, 0, 0, 1, 0, 0, 3, 0, 0, 0, 0, 0, 2, 2, 0, 5, 4, 7, 13, 15, 10, 6, 8, 5, 5, 2, 3, 6, 2, 2, 3, 0, 0, 0, 0, 46, 5, 1, 3, 4, 4, 4, 8, 65, 0, 1, 0, 0, 0, 1, 1, 3, 2, 3, 0, 1, 2, 2, 0, 31, 7, 1, 10, 33, 1, 1, 1, 2, 0, 0, 0, 1, 0, 0, 0, 3, 0, 0, 0, 3, 0, 0, 0, 1, 0, 0, 0, 2, 0, 0, 0, 0, 0, 0, 0, 1, 0, 0, 0, 1, 0, 0, 0, 
92, 5, 0, 2, 0, 2, 3, 1, 2, 0, 2, 0, 0, 2, 0, 0, 0, 0, 0, 1, 0, 0, 0, 0, 0, 10, 6, 5, 6, 11, 5, 7, 6, 5, 5, 3, 4, 11, 2, 4, 0, 0, 0, 1, 2, 57, 2, 3, 4, 0, 1, 1, 0, 61, 1, 2, 1, 0, 2, 1, 0, 10, 1, 1, 0, 1, 2, 3, 0, 42, 2, 11, 4, 41, 5, 1, 0, 1, 0, 0, 0, 0, 0, 0, 0, 0, 0, 0, 0, 0, 0, 0, 0, 1, 0, 0, 0, 1, 0, 0, 0, 1, 0, 0, 0, 0, 0, 0, 0, 0, 0, 0, 0, 
93, 3, 0, 0, 0, 1, 0, 0, 0, 0, 0, 0, 0, 0, 2, 0, 0, 1, 0, 0, 1, 0, 1, 0, 0, 6, 7, 2, 2, 6, 10, 8, 7, 1, 2, 4, 0, 10, 2, 4, 2, 0, 1, 1, 1, 66, 2, 2, 2, 1, 0, 0, 1, 54, 0, 0, 3, 0, 0, 1, 2, 11, 3, 1, 0, 3, 2, 1, 1, 35, 8, 3, 8, 48, 0, 3, 0, 1, 0, 0, 0, 1, 0, 0, 0, 2, 0, 0, 0, 1, 0, 0, 0, 0, 0, 0, 0, 0, 0, 0, 0, 2, 0, 0, 0, 1, 0, 0, 0, 2, 0, 0, 0, 
94, 0, 0, 0, 0, 0, 0, 0, 0, 1, 0, 2, 1, 1, 1, 1, 0, 2, 1, 1, 0, 0, 0, 0, 0, 4, 2, 2, 3, 7, 13, 10, 9, 0, 0, 4, 3, 5, 2, 4, 1, 10, 1, 2, 2, 60, 7, 3, 4, 1, 1, 2, 1, 56, 0, 2, 1, 4, 0, 1, 1, 11, 1, 1, 1, 5, 0, 1, 0, 30, 5, 9, 2, 43, 1, 0, 1, 0, 0, 0, 0, 1, 0, 0, 0, 1, 0, 0, 0, 0, 0, 0, 0, 2, 0, 0, 0, 0, 0, 0, 0, 0, 0, 0, 0, 2, 0, 0, 0, 0, 0, 0, 0, 
95, 0, 0, 0, 0, 0, 0, 1, 0, 2, 1, 1, 0, 0, 2, 0, 0, 0, 0, 1, 0, 0, 1, 1, 2, 2, 1, 2, 4, 11, 9, 8, 8, 0, 0, 0, 0, 4, 4, 1, 1, 3, 2, 2, 0, 72, 6, 4, 2, 1, 0, 1, 0, 55, 0, 2, 3, 6, 3, 1, 0, 23, 2, 2, 2, 0, 0, 0, 0, 28, 10, 9, 8, 37, 0, 2, 0, 2, 0, 0, 0, 1, 0, 0, 0, 0, 0, 0, 0, 1, 0, 0, 0, 1, 0, 0, 0, 1, 0, 0, 0, 1, 0, 0, 0, 0, 0, 0, 0, 1, 0, 0, 0, 
96, 2, 0, 0, 0, 0, 0, 0, 0, 1, 0, 0, 0, 0, 0, 3, 0, 0, 0, 0, 0, 1, 0, 1, 2, 4, 1, 3, 4, 11, 8, 15, 7, 3, 5, 4, 3, 3, 4, 2, 0, 0, 3, 0, 1, 82, 3, 8, 1, 1, 0, 4, 0, 48, 1, 0, 1, 2, 1, 0, 3, 27, 5, 3, 0, 4, 2, 2, 3, 38, 7, 5, 9, 29, 3, 0, 0, 1, 0, 0, 0, 2, 0, 0, 0, 0, 0, 0, 0, 0, 0, 0, 0, 1, 0, 0, 0, 2, 0, 0, 0, 0, 0, 0, 0, 1, 0, 0, 0, 0, 0, 0, 0, 
97, 2, 1, 2, 4, 0, 0, 0, 0, 0, 1, 1, 0, 0, 1, 1, 0, 0, 1, 3, 0, 0, 2, 0, 0, 9, 4, 3, 2, 5, 15, 12, 8, 7, 6, 2, 1, 0, 0, 0, 0, 8, 3, 0, 1, 91, 6, 4, 5, 1, 0, 1, 0, 43, 2, 1, 0, 9, 2, 4, 1, 23, 1, 5, 0, 7, 5, 4, 5, 44, 7, 7, 4, 17, 3, 2, 1, 0, 0, 0, 0, 0, 0, 0, 0, 0, 0, 0, 0, 0, 0, 0, 0, 0, 0, 0, 0, 0, 0, 0, 0, 0, 0, 0, 0, 0, 0, 0, 0, 0, 0, 0, 0, 
98, 0, 0, 2, 1, 0, 0, 0, 0, 1, 2, 1, 0, 0, 1, 1, 0, 1, 0, 0, 1, 2, 1, 1, 0, 4, 5, 10, 4, 8, 7, 6, 7, 6, 4, 6, 7, 1, 0, 0, 0, 2, 0, 0, 1, 80, 6, 4, 4, 3, 1, 1, 2, 48, 1, 0, 0, 2, 0, 1, 3, 28, 4, 2, 6, 13, 3, 9, 6, 47, 4, 8, 4, 21, 6, 3, 2, 1, 0, 0, 0, 1, 0, 0, 0, 2, 0, 0, 0, 2, 0, 0, 0, 0, 0, 0, 0, 0, 0, 0, 0, 0, 0, 0, 0, 1, 0, 0, 0, 1, 0, 0, 0, 
99, 0, 0, 1, 0, 0, 1, 2, 0, 0, 1, 0, 1, 0, 0, 0, 0, 1, 0, 0, 0, 0, 1, 1, 0, 3, 6, 6, 2, 5, 5, 8, 5, 5, 7, 6, 6, 1, 2, 2, 0, 1, 0, 0, 0, 81, 1, 0, 1, 0, 1, 1, 2, 31, 1, 1, 3, 8, 6, 2, 2, 32, 5, 2, 0, 11, 9, 7, 6, 43, 16, 7, 6, 22, 1, 0, 0, 1, 0, 0, 0, 0, 0, 0, 0, 2, 0, 0, 0, 1, 0, 0, 0, 0, 0, 0, 0, 0, 0, 0, 0, 0, 0, 0, 0, 2, 0, 0, 0, 1, 0, 0, 0, 