0, 0, 1, 4, 0, 2, 0, 1, 0, 0, 0, 1, 0, 0, 0, 0, 0, 0, 0, 0, 1, 1, 2, 1, 1, 0, 0, 1, 0, 1, 1, 0, 0, 1, 0, 1, 2, 4, 1, 1, 1, 4, 0, 0, 0, 1, 1, 1, 2, 2, 0, 0, 0, 0, 0, 0, 1, 3, 1, 1, 0, 0, 1, 0, 0, 0, 0, 0, 0, 0, 0, 0, 0, 2, 1, 3, 1, 1, 0, 0, 0, 2, 0, 0, 0, 0, 0, 0, 0, 1, 0, 0, 0, 0, 0, 0, 0, 1, 0, 0, 0, 0, 0, 0, 0, 0, 0, 0, 0, 3, 0, 0, 0, 
1, 1, 0, 0, 0, 0, 1, 0, 1, 0, 0, 0, 0, 0, 1, 0, 0, 0, 0, 0, 0, 0, 0, 0, 0, 0, 0, 2, 0, 1, 1, 0, 1, 2, 2, 0, 2, 1, 3, 1, 2, 6, 2, 2, 1, 1, 1, 0, 0, 2, 3, 2, 2, 0, 4, 4, 2, 1, 1, 0, 1, 2, 0, 4, 0, 3, 6, 2, 0, 8, 7, 3, 2, 3, 0, 1, 1, 2, 0, 0, 0, 0, 0, 0, 0, 0, 0, 0, 0, 0, 0, 0, 0, 1, 0, 0, 0, 2, 0, 0, 0, 0, 0, 0, 0, 1, 0, 0, 0, 0, 0, 0, 0, 
2, 1, 1, 0, 0, 0, 1, 0, 0, 2, 2, 1, 0, 1, 0, 1, 0, 0, 0, 0, 0, 1, 2, 0, 0, 6, 1, 5, 2, 0, 0, 2, 1, 5, 2, 4, 1, 0, 1, 1, 0, 14, 0, 0, 0, 0, 0, 1, 1, 7, 1, 2, 2, 0, 2, 3, 0, 2, 2, 4, 1, 6, 1, 0, 1, 0, 2, 4, 1, 10, 1, 1, 1, 1, 3, 2, 2, 0, 0, 0, 0, 1, 0, 0, 0, 0, 0, 0, 0, 1, 0, 0, 0, 1, 0, 0, 0, 0, 0, 0, 0, 0, 0, 0, 0, 1, 0, 0, 0, 0, 0, 0, 0, 
3, 0, 0, 0, 0, 0, 0, 1, 0, 0, 1, 1, 1, 0, 0, 0, 0, 2, 0, 0, 1, 0, 1, 0, 0, 3, 4, 4, 1, 4, 1, 5, 0, 4, 2, 0, 2, 4, 5, 1, 1, 0, 2, 0, 1, 0, 3, 1, 0, 10, 3, 3, 1, 0, 1, 0, 0, 2, 0, 1, 2, 13, 2, 3, 0, 3, 4, 2, 4, 25, 1, 4, 1, 4, 7, 6, 6, 1, 0, 0, 0, 1, 0, 0, 0, 1, 0, 0, 0, 0, 0, 0, 0, 1, 0, 0, 0, 4, 0, 0, 0, 0, 0, 0, 0, 0, 0, 0, 0, 1, 0, 0, 0, 
4, 0, 1, 0, 1, 0, 0, 0, 1, 0, 0, 0, 0, 0, 0, 0, 0, 2, 1, 0, 0, 0, 0, 0, 0, 3, 4, 2, 3, 1, 3, 0, 3, 2, 0, 2, 2, 11, 1, 2, 3, 0, 2, 0, 0, 3, 0, 1, 1, 0, 0, 1, 1, 0, 0, 0, 0, 9, 1, 0, 0, 9, 2, 0, 0, 4, 2, 2, 2, 17, 6, 6, 2, 5, 4, 8, 6, 0, 0, 0, 0, 0, 0, 0, 0, 1, 0, 0, 0, 2, 0, 0, 0, 1, 0, 0, 0, 0, 0, 0, 0, 2, 0, 0, 0, 1, 0, 0, 0, 0, 0, 0, 0, 
5, 1, 1, 0, 0, 0, 0, 0, 0, 0, 0, 0, 0, 0, 1, 0, 1, 1, 1, 1, 1, 0, 1, 1, 2, 4, 4, 4, 4, 4, 2, 1, 1, 9, 1, 2, 2, 9, 3, 0, 2, 3, 4, 2, 1, 15, 6, 0, 0, 0, 1, 1, 0, 4, 5, 1, 1, 0, 0, 1, 0, 5, 1, 1, 0, 2, 1, 1, 1, 13, 3, 1, 1, 4, 4, 1, 6, 1, 0, 0, 0, 0, 0, 0, 0, 0, 0, 0, 0, 3, 0, 0, 0, 1, 0, 0, 0, 1, 0, 0, 0, 0, 0, 0, 0, 0, 0, 0, 0, 1, 0, 0, 0, 
6, 1, 0, 2, 0, 0, 0, 0, 0, 0, 0, 0, 1, 3, 1, 1, 2, 0, 0, 1, 0, 0, 0, 1, 0, 11, 3, 5, 4, 4, 0, 1, 2, 5, 2, 0, 2, 3, 2, 4, 1, 6, 4, 3, 2, 15, 0, 0, 1, 3, 4, 1, 0, 4, 2, 2, 5, 1, 0, 1, 2, 1, 1, 1, 3, 2, 1, 2, 0, 2, 4, 4, 3, 5, 3, 3, 1, 2, 0, 0, 0, 1, 0, 0, 0, 0, 0, 0, 0, 0, 0, 0, 0, 1, 0, 0, 0, 0, 0, 0, 0, 0, 0, 0, 0, 1, 0, 0, 0, 0, 0, 0, 0, 
7, 0, 1, 0, 0, 0, 0, 0, 0, 0, 0, 0, 0, 1, 0, 0, 0, 0, 0, 1, 2, 0, 0, 1, 0, 16, 5, 6, 2, 1, 1, 0, 1, 2, 1, 2, 2, 3, 1, 4, 0, 8, 2, 2, 7, 0, 2, 0, 0, 2, 0, 1, 3, 0, 2, 0, 2, 0, 3, 0, 1, 3, 2, 4, 2, 0, 0, 0, 1, 2, 1, 4, 3, 5, 3, 0, 4, 0, 0, 0, 0, 0, 0, 0, 0, 0, 0, 0, 0, 0, 0, 0, 0, 0, 0, 0, 0, 1, 0, 0, 0, 2, 0, 0, 0, 1, 0, 0, 0, 0, 0, 0, 0, 
8, 1, 1, 0, 0, 0, 0, 1, 3, 1, 1, 1, 0, 0, 0, 0, 0, 0, 1, 0, 0, 2, 1, 1, 0, 23, 1, 5, 4, 1, 0, 1, 2, 8, 4, 2, 0, 0, 1, 1, 0, 1, 6, 4, 4, 5, 1, 1, 2, 1, 0, 1, 1, 1, 1, 1, 1, 3, 3, 2, 2, 1, 0, 0, 0, 2, 5, 4, 3, 3, 0, 6, 2, 1, 1, 2, 1, 1, 0, 0, 0, 1, 0, 0, 0, 0, 0, 0, 0, 1, 0, 0, 0, 0, 0, 0, 0, 0, 0, 0, 0, 0, 0, 0, 0, 0, 0, 0, 0, 4, 0, 0, 0, 
9, 1, 2, 0, 0, 0, 0, 0, 1, 0, 1, 1, 2, 1, 0, 0, 0, 0, 0, 0, 0, 0, 0, 0, 0, 29, 2, 1, 2, 0, 0, 1, 2, 6, 1, 2, 3, 0, 0, 1, 1, 12, 5, 6, 1, 3, 2, 2, 3, 1, 3, 2, 1, 0, 0, 0, 0, 1, 3, 1, 0, 9, 0, 0, 3, 13, 3, 3, 4, 2, 2, 2, 3, 0, 0, 0, 0, 1, 0, 0, 0, 3, 0, 0, 0, 6, 0, 0, 0, 2, 0, 0, 0, 1, 0, 0, 0, 1, 0, 0, 0, 0, 0, 0, 0, 0, 0, 0, 0, 2, 0, 0, 0, 
10, 1, 0, 1, 0, 1, 0, 0, 0, 0, 1, 1, 1, 0, 0, 2, 0, 1, 0, 0, 0, 0, 0, 0, 0, 16, 1, 1, 3, 0, 0, 1, 1, 2, 2, 1, 5, 2, 0, 7, 3, 3, 10, 8, 5, 4, 5, 8, 6, 3, 2, 1, 3, 6, 1, 4, 4, 3, 5, 2, 4, 5, 0, 0, 0, 9, 13, 5, 6, 1, 2, 2, 0, 0, 1, 0, 2, 1, 0, 0, 0, 0, 0, 0, 0, 0, 0, 0, 0, 0, 0, 0, 0, 2, 0, 0, 0, 0, 0, 0, 0, 1, 0, 0, 0, 1, 0, 0, 0, 1, 0, 0, 0, 
11, 0, 0, 0, 0, 0, 0, 1, 0, 0, 0, 1, 0, 1, 0, 1, 1, 1, 1, 1, 3, 0, 0, 0, 1, 4, 6, 6, 5, 2, 1, 1, 2, 1, 1, 0, 0, 1, 1, 3, 3, 6, 5, 12, 7, 3, 0, 4, 1, 0, 0, 1, 0, 6, 5, 2, 6, 3, 2, 0, 3, 1, 3, 1, 1, 6, 3, 6, 3, 13, 4, 4, 0, 2, 0, 0, 3, 0, 0, 0, 0, 0, 0, 0, 0, 2, 0, 0, 0, 0, 0, 0, 0, 0, 0, 0, 0, 1, 0, 0, 0, 1, 0, 0, 0, 0, 0, 0, 0, 1, 0, 0, 0, 
12, 0, 1, 2, 2, 0, 0, 0, 2, 0, 0, 0, 0, 0, 0, 0, 0, 0, 0, 0, 0, 0, 1, 1, 1, 2, 3, 1, 3, 0, 2, 1, 1, 4, 9, 0, 0, 4, 3, 3, 4, 5, 10, 9, 6, 5, 3, 3, 6, 9, 0, 0, 0, 4, 5, 5, 3, 3, 7, 3, 3, 8, 6, 5, 2, 1, 1, 4, 6, 11, 1, 1, 0, 7, 1, 1, 3, 1, 0, 0, 0, 1, 0, 0, 0, 0, 0, 0, 0, 0, 0, 0, 0, 0, 0, 0, 0, 2, 0, 0, 0, 2, 0, 0, 0, 1, 0, 0, 0, 0, 0, 0, 0, 
13, 2, 0, 2, 2, 1, 0, 1, 1, 0, 0, 0, 1, 1, 0, 4, 0, 1, 0, 0, 0, 0, 0, 0, 1, 3, 3, 2, 2, 2, 2, 2, 2, 21, 1, 1, 0, 5, 3, 3, 3, 13, 6, 7, 1, 8, 7, 3, 4, 0, 0, 2, 0, 2, 3, 3, 4, 2, 10, 10, 8, 3, 8, 4, 8, 3, 2, 4, 1, 2, 3, 4, 2, 3, 1, 2, 1, 5, 0, 0, 0, 1, 0, 0, 0, 1, 0, 0, 0, 0, 0, 0, 0, 0, 0, 0, 0, 0, 0, 0, 0, 0, 0, 0, 0, 0, 0, 0, 0, 0, 0, 0, 0, 
14, 0, 0, 0, 1, 1, 0, 1, 0, 1, 0, 1, 1, 1, 1, 0, 0, 0, 0, 0, 0, 0, 1, 0, 0, 3, 1, 1, 3, 2, 3, 3, 5, 23, 6, 2, 4, 9, 6, 5, 4, 5, 9, 3, 4, 10, 8, 4, 0, 6, 0, 4, 0, 1, 2, 2, 4, 3, 8, 7, 6, 6, 7, 7, 5, 1, 2, 2, 3, 17, 10, 4, 5, 5, 4, 1, 2, 2, 0, 0, 0, 0, 0, 0, 0, 1, 0, 0, 0, 1, 0, 0, 0, 0, 0, 0, 0, 0, 0, 0, 0, 1, 0, 0, 0, 1, 0, 0, 0, 0, 0, 0, 0, 
15, 0, 0, 0, 0, 1, 0, 0, 0, 0, 1, 0, 1, 0, 1, 0, 0, 1, 2, 0, 2, 0, 1, 1, 1, 3, 1, 2, 1, 2, 1, 2, 0, 31, 3, 1, 0, 7, 5, 5, 5, 6, 4, 2, 5, 19, 3, 3, 3, 3, 4, 0, 1, 0, 2, 1, 0, 9, 7, 6, 3, 27, 5, 4, 2, 1, 1, 0, 0, 34, 4, 4, 2, 0, 0, 0, 0, 0, 0, 0, 0, 1, 0, 0, 0, 1, 0, 0, 0, 2, 0, 0, 0, 1, 0, 0, 0, 1, 0, 0, 0, 0, 0, 0, 0, 5, 0, 0, 0, 0, 0, 0, 0, 
16, 2, 1, 1, 1, 0, 0, 0, 0, 2, 3, 0, 2, 0, 0, 1, 1, 0, 0, 1, 0, 1, 1, 0, 1, 2, 5, 1, 2, 2, 8, 1, 7, 36, 4, 1, 1, 2, 5, 3, 8, 6, 6, 4, 5, 6, 3, 3, 0, 1, 3, 1, 1, 4, 0, 2, 3, 6, 4, 5, 4, 9, 11, 4, 1, 0, 1, 0, 0, 46, 6, 3, 2, 2, 0, 1, 1, 0, 0, 0, 0, 0, 0, 0, 0, 1, 0, 0, 0, 1, 0, 0, 0, 4, 0, 0, 0, 1, 0, 0, 0, 2, 0, 0, 0, 1, 0, 0, 0, 0, 0, 0, 0, 
17, 0, 1, 0, 1, 1, 0, 0, 0, 0, 0, 0, 0, 1, 1, 0, 0, 0, 0, 0, 0, 0, 1, 1, 0, 1, 0, 1, 0, 6, 8, 2, 2, 23, 1, 0, 1, 13, 6, 10, 9, 4, 6, 0, 8, 1, 2, 0, 2, 2, 0, 0, 1, 6, 7, 3, 1, 7, 10, 6, 5, 17, 8, 2, 4, 3, 5, 1, 2, 59, 1, 7, 2, 2, 6, 5, 4, 1, 0, 0, 0, 0, 0, 0, 0, 0, 0, 0, 0, 1, 0, 0, 0, 1, 0, 0, 0, 2, 0, 0, 0, 0, 0, 0, 0, 3, 0, 0, 0, 0, 0, 0, 0, 
18, 0, 0, 0, 0, 2, 1, 0, 0, 0, 0, 0, 0, 4, 2, 0, 3, 0, 0, 0, 0, 0, 0, 0, 0, 7, 7, 6, 5, 2, 5, 4, 2, 6, 2, 1, 2, 16, 4, 5, 4, 6, 5, 4, 5, 12, 4, 3, 1, 2, 4, 2, 0, 22, 4, 3, 3, 5, 6, 7, 5, 7, 7, 6, 5, 0, 5, 1, 3, 43, 3, 3, 1, 5, 4, 5, 5, 0, 0, 0, 0, 0, 0, 0, 0, 1, 0, 0, 0, 1, 0, 0, 0, 1, 0, 0, 0, 1, 0, 0, 0, 0, 0, 0, 0, 2, 0, 0, 0, 0, 0, 0, 0, 
19, 1, 1, 1, 0, 2, 4, 1, 1, 0, 0, 0, 0, 0, 0, 0, 0, 0, 1, 0, 1, 0, 0, 0, 1, 25, 4, 6, 2, 1, 2, 2, 2, 3, 1, 0, 2, 8, 5, 10, 4, 2, 3, 6, 0, 14, 1, 1, 2, 9, 2, 0, 1, 20, 6, 6, 1, 4, 2, 4, 2, 16, 8, 4, 8, 0, 0, 1, 1, 49, 5, 2, 5, 5, 6, 1, 4, 4, 0, 0, 0, 1, 0, 0, 0, 0, 0, 0, 0, 0, 0, 0, 0, 1, 0, 0, 0, 1, 0, 0, 0, 2, 0, 0, 0, 0, 0, 0, 0, 0, 0, 0, 0, 
20, 0, 0, 0, 0, 1, 2, 0, 1, 0, 0, 0, 0, 0, 0, 1, 0, 1, 1, 0, 2, 0, 0, 1, 0, 31, 6, 3, 5, 0, 3, 1, 1, 8, 8, 7, 6, 7, 4, 5, 3, 10, 2, 4, 3, 19, 0, 0, 1, 10, 2, 2, 2, 16, 3, 1, 4, 1, 0, 0, 2, 15, 3, 5, 7, 2, 1, 1, 3, 50, 2, 5, 3, 10, 8, 9, 6, 2, 0, 0, 0, 1, 0, 0, 0, 1, 0, 0, 0, 0, 0, 0, 0, 0, 0, 0, 0, 2, 0, 0, 0, 2, 0, 0, 0, 0, 0, 0, 0, 0, 0, 0, 0, 
21, 0, 1, 1, 1, 1, 1, 0, 0, 0, 0, 0, 1, 0, 0, 1, 1, 0, 0, 0, 0, 0, 0, 0, 0, 23, 3, 3, 1, 4, 0, 1, 0, 21, 6, 4, 2, 5, 5, 2, 6, 2, 3, 1, 2, 9, 4, 4, 4, 17, 1, 1, 5, 11, 2, 2, 3, 4, 2, 0, 4, 15, 4, 4, 6, 0, 0, 0, 0, 45, 9, 1, 2, 12, 9, 11, 12, 0, 0, 0, 0, 0, 0, 0, 0, 1, 0, 0, 0, 1, 0, 0, 0, 3, 0, 0, 0, 1, 0, 0, 0, 0, 0, 0, 0, 1, 0, 0, 0, 3, 0, 0, 0, 
22, 0, 0, 1, 0, 0, 0, 0, 0, 0, 0, 0, 0, 0, 0, 0, 2, 0, 0, 1, 1, 0, 0, 0, 0, 16, 6, 6, 0, 3, 2, 1, 0, 6, 2, 2, 3, 15, 6, 0, 6, 4, 1, 1, 1, 12, 2, 3, 2, 13, 1, 2, 6, 9, 7, 2, 1, 3, 11, 4, 4, 9, 3, 7, 6, 3, 2, 0, 1, 49, 3, 3, 5, 19, 18, 9, 8, 0, 0, 0, 0, 0, 0, 0, 0, 2, 0, 0, 0, 1, 0, 0, 0, 1, 0, 0, 0, 0, 0, 0, 0, 0, 0, 0, 0, 2, 0, 0, 0, 0, 0, 0, 0, 
23, 1, 2, 0, 0, 0, 1, 0, 0, 0, 0, 0, 1, 0, 0, 1, 2, 0, 0, 1, 0, 0, 0, 0, 0, 3, 11, 7, 3, 1, 0, 0, 2, 2, 2, 0, 0, 8, 1, 0, 3, 2, 0, 2, 0, 12, 0, 2, 2, 19, 1, 2, 0, 6, 3, 4, 2, 5, 15, 3, 5, 14, 7, 7, 1, 5, 2, 1, 0, 57, 1, 4, 3, 26, 15, 8, 13, 4, 0, 0, 0, 2, 0, 0, 0, 0, 0, 0, 0, 0, 0, 0, 0, 1, 0, 0, 0, 1, 0, 0, 0, 0, 0, 0, 0, 2, 0, 0, 0, 1, 0, 0, 0, 
24, 0, 0, 2, 0, 0, 0, 0, 0, 1, 0, 1, 0, 0, 1, 0, 0, 0, 1, 0, 0, 0, 0, 1, 1, 7, 7, 3, 6, 9, 1, 1, 1, 2, 2, 5, 3, 1, 1, 4, 4, 2, 3, 2, 1, 10, 1, 0, 1, 23, 4, 3, 1, 4, 2, 2, 2, 10, 8, 7, 5, 4, 5, 7, 6, 4, 5, 9, 5, 55, 1, 3, 4, 34, 10, 12, 7, 0, 0, 0, 0, 0, 0, 0, 0, 1, 0, 0, 0, 4, 0, 0, 0, 2, 0, 0, 0, 0, 0, 0, 0, 2, 0, 0, 0, 0, 0, 0, 0, 0, 0, 0, 0, 
25, 2, 1, 0, 0, 0, 1, 0, 2, 0, 0, 0, 0, 1, 1, 2, 0, 1, 1, 0, 0, 2, 0, 1, 0, 8, 2, 7, 5, 0, 0, 1, 0, 0, 2, 3, 2, 4, 3, 5, 2, 2, 4, 2, 1, 17, 1, 0, 0, 25, 1, 3, 3, 4, 2, 8, 2, 8, 5, 9, 6, 5, 3, 2, 3, 7, 3, 13, 4, 45, 2, 0, 4, 25, 13, 15, 6, 0, 0, 0, 0, 1, 0, 0, 0, 2, 0, 0, 0, 1, 0, 0, 0, 0, 0, 0, 0, 0, 0, 0, 0, 0, 0, 0, 0, 2, 0, 0, 0, 1, 0, 0, 0, 
26, 1, 0, 0, 0, 1, 1, 0, 0, 0, 0, 0, 0, 0, 0, 0, 1, 3, 0, 0, 0, 0, 0, 0, 1, 12, 4, 3, 1, 0, 5, 2, 2, 1, 0, 2, 1, 4, 2, 4, 5, 4, 3, 2, 0, 10, 1, 0, 0, 22, 3, 2, 2, 9, 5, 4, 2, 3, 7, 4, 3, 1, 5, 2, 3, 8, 13, 9, 3, 42, 1, 0, 3, 19, 9, 9, 7, 0, 0, 0, 0, 3, 0, 0, 0, 0, 0, 0, 0, 1, 0, 0, 0, 0, 0, 0, 0, 0, 0, 0, 0, 1, 0, 0, 0, 1, 0, 0, 0, 0, 0, 0, 0, 
27, 1, 1, 2, 1, 3, 2, 0, 1, 1, 0, 0, 2, 1, 1, 0, 0, 0, 0, 0, 1, 0, 1, 0, 0, 10, 13, 8, 5, 6, 3, 1, 1, 11, 0, 1, 0, 3, 5, 6, 4, 2, 2, 2, 1, 0, 0, 0, 0, 17, 1, 0, 1, 7, 7, 6, 2, 3, 4, 3, 0, 7, 3, 2, 7, 15, 1, 7, 7, 39, 7, 4, 2, 4, 9, 8, 5, 0, 0, 0, 0, 1, 0, 0, 0, 1, 0, 0, 0, 1, 0, 0, 0, 0, 0, 0, 0, 1, 0, 0, 0, 0, 0, 0, 0, 2, 0, 0, 0, 0, 0, 0, 0, 
28, 0, 0, 0, 0, 4, 1, 1, 2, 0, 1, 0, 0, 0, 1, 1, 0, 0, 0, 0, 0, 0, 0, 0, 0, 25, 10, 6, 8, 4, 3, 1, 1, 8, 2, 0, 0, 2, 2, 4, 7, 2, 1, 0, 0, 3, 3, 2, 1, 17, 5, 2, 0, 8, 8, 4, 3, 3, 4, 2, 2, 3, 3, 5, 4, 9, 10, 11, 6, 43, 3, 1, 4, 18, 12, 8, 5, 0, 0, 0, 0, 3, 0, 0, 0, 1, 0, 0, 0, 4, 0, 0, 0, 2, 0, 0, 0, 1, 0, 0, 0, 0, 0, 0, 0, 0, 0, 0, 0, 1, 0, 0, 0, 
29, 0, 0, 0, 0, 0, 0, 2, 0, 1, 0, 0, 0, 0, 0, 0, 1, 0, 2, 0, 0, 1, 0, 1, 0, 40, 13, 7, 7, 14, 1, 1, 1, 5, 0, 3, 0, 0, 0, 0, 0, 3, 4, 2, 4, 9, 2, 2, 1, 9, 3, 2, 1, 5, 6, 7, 3, 1, 1, 3, 1, 2, 2, 2, 1, 27, 9, 7, 12, 25, 1, 4, 1, 14, 17, 10, 14, 1, 0, 0, 0, 3, 0, 0, 0, 0, 0, 0, 0, 1, 0, 0, 0, 1, 0, 0, 0, 1, 0, 0, 0, 0, 0, 0, 0, 2, 0, 0, 0, 0, 0, 0, 0, 
30, 2, 0, 2, 0, 1, 2, 1, 0, 1, 1, 0, 0, 2, 2, 3, 2, 1, 0, 0, 1, 0, 0, 0, 0, 35, 6, 8, 4, 6, 2, 0, 4, 0, 0, 1, 0, 0, 1, 0, 1, 3, 3, 7, 3, 16, 3, 1, 0, 14, 3, 1, 0, 3, 4, 2, 2, 3, 1, 1, 2, 6, 5, 3, 6, 24, 12, 7, 3, 16, 3, 2, 3, 18, 13, 14, 14, 0, 0, 0, 0, 3, 0, 0, 0, 0, 0, 0, 0, 1, 0, 0, 0, 1, 0, 0, 0, 0, 0, 0, 0, 3, 0, 0, 0, 1, 0, 0, 0, 1, 0, 0, 0, 
31, 1, 0, 1, 0, 0, 0, 3, 1, 0, 3, 0, 1, 0, 1, 0, 0, 0, 0, 0, 1, 0, 0, 1, 0, 31, 7, 4, 10, 3, 5, 5, 5, 2, 2, 0, 0, 2, 3, 3, 4, 14, 3, 6, 5, 8, 1, 0, 2, 15, 1, 0, 0, 0, 0, 0, 3, 0, 1, 1, 1, 15, 9, 1, 3, 9, 16, 4, 7, 18, 5, 2, 6, 22, 18, 13, 13, 0, 0, 0, 0, 0, 0, 0, 0, 1, 0, 0, 0, 1, 0, 0, 0, 0, 0, 0, 0, 2, 0, 0, 0, 2, 0, 0, 0, 1, 0, 0, 0, 0, 0, 0, 0, 
32, 1, 0, 0, 2, 0, 3, 0, 1, 0, 1, 0, 0, 0, 0, 0, 1, 1, 0, 0, 0, 0, 1, 0, 2, 21, 10, 6, 9, 1, 0, 1, 0, 1, 1, 1, 4, 9, 5, 6, 2, 13, 4, 5, 6, 18, 2, 0, 0, 2, 2, 1, 0, 4, 5, 2, 1, 1, 2, 3, 2, 17, 3, 2, 1, 9, 12, 9, 7, 21, 3, 3, 1, 19, 13, 12, 9, 0, 0, 0, 0, 0, 0, 0, 0, 1, 0, 0, 0, 1, 0, 0, 0, 0, 0, 0, 0, 4, 0, 0, 0, 0, 0, 0, 0, 0, 0, 0, 0, 2, 0, 0, 0, 
33, 0, 0, 0, 0, 0, 0, 0, 0, 0, 0, 0, 2, 0, 1, 0, 1, 0, 1, 1, 0, 0, 0, 0, 0, 34, 4, 6, 7, 1, 5, 2, 1, 4, 1, 2, 2, 8, 7, 3, 1, 4, 3, 2, 8, 17, 2, 1, 2, 1, 2, 0, 1, 2, 5, 2, 0, 13, 5, 2, 0, 5, 5, 5, 1, 8, 12, 10, 8, 21, 4, 2, 1, 14, 17, 16, 17, 0, 0, 0, 0, 0, 0, 0, 0, 0, 0, 0, 0, 0, 0, 0, 0, 1, 0, 0, 0, 1, 0, 0, 0, 1, 0, 0, 0, 0, 0, 0, 0, 0, 0, 0, 0, 
34, 0, 0, 2, 1, 0, 2, 1, 0, 0, 0, 0, 0, 1, 1, 2, 0, 0, 1, 1, 0, 0, 2, 0, 0, 17, 7, 8, 6, 8, 3, 2, 7, 0, 3, 0, 2, 11, 10, 3, 2, 2, 2, 0, 1, 27, 1, 1, 1, 4, 2, 2, 2, 1, 3, 0, 0, 2, 0, 0, 1, 4, 9, 4, 7, 11, 7, 11, 12, 15, 2, 1, 5, 15, 12, 7, 11, 1, 0, 0, 0, 2, 0, 0, 0, 2, 0, 0, 0, 4, 0, 0, 0, 2, 0, 0, 0, 0, 0, 0, 0, 0, 0, 0, 0, 0, 0, 0, 0, 2, 0, 0, 0, 
35, 0, 0, 1, 0, 0, 1, 0, 0, 0, 0, 0, 0, 2, 0, 1, 1, 0, 1, 0, 0, 0, 2, 0, 1, 16, 9, 7, 2, 4, 5, 5, 3, 0, 0, 0, 0, 9, 10, 4, 2, 2, 0, 2, 1, 22, 1, 1, 1, 3, 0, 1, 0, 4, 6, 2, 2, 6, 5, 3, 0, 15, 8, 8, 10, 9, 8, 15, 10, 14, 5, 3, 3, 11, 11, 10, 7, 0, 0, 0, 0, 1, 0, 0, 0, 0, 0, 0, 0, 1, 0, 0, 0, 0, 0, 0, 0, 2, 0, 0, 0, 0, 0, 0, 0, 0, 0, 0, 0, 1, 0, 0, 0, 
36, 2, 3, 1, 0, 1, 0, 0, 0, 0, 0, 0, 0, 0, 0, 0, 2, 0, 0, 0, 0, 0, 1, 0, 1, 11, 12, 7, 11, 5, 2, 4, 5, 1, 4, 3, 2, 18, 3, 6, 6, 6, 5, 3, 3, 13, 2, 0, 2, 0, 0, 0, 0, 1, 1, 0, 3, 15, 3, 5, 5, 8, 10, 9, 5, 14, 8, 10, 9, 16, 0, 3, 2, 6, 13, 11, 4, 0, 0, 0, 0, 0, 0, 0, 0, 1, 0, 0, 0, 1, 0, 0, 0, 0, 0, 0, 0, 0, 0, 0, 0, 2, 0, 0, 0, 2, 0, 0, 0, 1, 0, 0, 0, 
37, 0, 0, 0, 1, 0, 0, 0, 0, 1, 0, 0, 0, 1, 0, 0, 1, 0, 1, 0, 1, 0, 0, 0, 0, 22, 6, 6, 7, 3, 3, 0, 3, 2, 3, 1, 0, 32, 4, 4, 2, 5, 3, 2, 4, 6, 1, 0, 1, 1, 1, 0, 0, 0, 4, 3, 0, 18, 2, 1, 6, 5, 6, 3, 7, 15, 12, 10, 9, 20, 2, 2, 3, 9, 5, 6, 5, 0, 0, 0, 0, 3, 0, 0, 0, 0, 0, 0, 0, 1, 0, 0, 0, 2, 0, 0, 0, 0, 0, 0, 0, 1, 0, 0, 0, 2, 0, 0, 0, 1, 0, 0, 0, 
38, 1, 0, 1, 1, 1, 1, 2, 0, 0, 0, 0, 0, 0, 0, 1, 0, 0, 1, 0, 0, 0, 0, 0, 0, 20, 5, 8, 7, 1, 0, 1, 1, 2, 3, 3, 0, 46, 4, 3, 3, 5, 6, 10, 2, 1, 0, 1, 0, 5, 6, 1, 2, 12, 2, 2, 1, 13, 4, 4, 2, 3, 10, 12, 5, 10, 13, 16, 16, 22, 1, 4, 1, 6, 3, 2, 4, 1, 0, 0, 0, 1, 0, 0, 0, 1, 0, 0, 0, 3, 0, 0, 0, 1, 0, 0, 0, 0, 0, 0, 0, 1, 0, 0, 0, 3, 0, 0, 0, 1, 0, 0, 0, 
39, 5, 1, 0, 1, 0, 1, 1, 1, 0, 0, 0, 0, 0, 0, 0, 1, 3, 0, 1, 1, 0, 1, 3, 0, 21, 9, 8, 3, 3, 1, 0, 2, 0, 0, 0, 0, 58, 13, 4, 3, 5, 5, 2, 4, 1, 5, 1, 2, 2, 4, 3, 1, 3, 3, 1, 0, 7, 0, 1, 2, 5, 3, 2, 4, 14, 13, 9, 13, 25, 3, 4, 1, 15, 5, 1, 2, 1, 0, 0, 0, 0, 0, 0, 0, 3, 0, 0, 0, 4, 0, 0, 0, 0, 0, 0, 0, 3, 0, 0, 0, 0, 0, 0, 0, 2, 0, 0, 0, 0, 0, 0, 0, 
40, 2, 1, 2, 1, 1, 1, 1, 0, 0, 2, 2, 0, 1, 0, 1, 1, 0, 0, 0, 0, 0, 1, 0, 0, 12, 9, 7, 4, 6, 6, 1, 8, 2, 3, 1, 1, 61, 7, 5, 4, 3, 4, 4, 4, 18, 6, 3, 3, 6, 4, 7, 1, 3, 2, 1, 2, 4, 7, 7, 1, 0, 0, 1, 1, 16, 11, 5, 14, 15, 2, 3, 4, 15, 5, 3, 2, 2, 0, 0, 0, 1, 0, 0, 0, 2, 0, 0, 0, 2, 0, 0, 0, 1, 0, 0, 0, 0, 0, 0, 0, 0, 0, 0, 0, 0, 0, 0, 0, 0, 0, 0, 0, 
41, 0, 0, 1, 0, 0, 2, 0, 0, 1, 2, 1, 0, 0, 0, 0, 0, 1, 0, 0, 0, 1, 0, 2, 0, 13, 11, 8, 5, 6, 3, 3, 1, 1, 3, 2, 4, 65, 6, 3, 3, 1, 3, 1, 2, 20, 5, 2, 0, 5, 6, 4, 5, 13, 0, 3, 2, 0, 0, 0, 0, 3, 0, 2, 2, 15, 12, 8, 6, 22, 1, 2, 6, 3, 2, 5, 2, 3, 0, 0, 0, 2, 0, 0, 0, 0, 0, 0, 0, 0, 0, 0, 0, 0, 0, 0, 0, 1, 0, 0, 0, 0, 0, 0, 0, 0, 0, 0, 0, 0, 0, 0, 0, 
42, 0, 0, 2, 0, 1, 0, 1, 0, 0, 0, 0, 0, 0, 2, 1, 0, 0, 0, 1, 0, 0, 1, 1, 0, 13, 6, 8, 11, 1, 4, 2, 2, 0, 3, 2, 1, 54, 2, 4, 3, 3, 4, 2, 0, 14, 0, 1, 1, 6, 7, 6, 8, 19, 2, 4, 0, 2, 0, 1, 1, 4, 2, 4, 1, 16, 18, 25, 16, 11, 1, 1, 2, 0, 3, 1, 1, 0, 0, 0, 0, 0, 0, 0, 0, 0, 0, 0, 0, 1, 0, 0, 0, 1, 0, 0, 0, 1, 0, 0, 0, 0, 0, 0, 0, 1, 0, 0, 0, 1, 0, 0, 0, 
43, 3, 2, 1, 0, 0, 1, 0, 0, 3, 0, 1, 1, 0, 0, 0, 0, 0, 0, 0, 1, 0, 1, 2, 0, 15, 17, 7, 6, 9, 1, 1, 4, 6, 1, 0, 0, 43, 5, 4, 5, 4, 4, 2, 4, 9, 6, 1, 0, 24, 8, 5, 8, 30, 1, 2, 3, 0, 0, 2, 0, 9, 0, 2, 2, 30, 25, 11, 11, 13, 3, 2, 3, 3, 4, 6, 2, 2, 0, 0, 0, 0, 0, 0, 0, 0, 0, 0, 0, 0, 0, 0, 0, 0, 0, 0, 0, 0, 0, 0, 0, 1, 0, 0, 0, 1, 0, 0, 0, 0, 0, 0, 0, 
44, 0, 0, 2, 0, 1, 0, 0, 0, 2, 0, 4, 0, 0, 0, 0, 0, 0, 0, 0, 0, 0, 0, 0, 0, 14, 11, 15, 14, 10, 2, 2, 1, 15, 0, 0, 2, 42, 7, 3, 2, 0, 1, 1, 3, 26, 4, 3, 4, 20, 9, 5, 1, 20, 8, 2, 4, 2, 2, 4, 2, 15, 5, 2, 1, 28, 22, 10, 14, 12, 2, 4, 3, 7, 10, 5, 1, 0, 0, 0, 0, 0, 0, 0, 0, 1, 0, 0, 0, 2, 0, 0, 0, 0, 0, 0, 0, 1, 0, 0, 0, 1, 0, 0, 0, 3, 0, 0, 0, 1, 0, 0, 0, 
45, 12, 2, 0, 1, 0, 0, 0, 1, 1, 0, 0, 0, 0, 0, 2, 0, 1, 0, 0, 0, 0, 0, 1, 0, 11, 12, 13, 10, 4, 6, 5, 2, 22, 0, 0, 0, 36, 2, 3, 5, 0, 1, 0, 0, 36, 0, 1, 0, 19, 9, 5, 4, 20, 2, 5, 2, 12, 2, 1, 0, 16, 0, 0, 0, 15, 9, 12, 13, 12, 2, 7, 0, 4, 8, 6, 10, 1, 0, 0, 0, 0, 0, 0, 0, 0, 0, 0, 0, 1, 0, 0, 0, 2, 0, 0, 0, 0, 0, 0, 0, 1, 0, 0, 0, 0, 0, 0, 0, 0, 0, 0, 0, 
46, 1, 1, 2, 2, 4, 3, 0, 1, 0, 1, 0, 1, 0, 0, 0, 0, 0, 0, 0, 0, 0, 0, 0, 0, 10, 10, 8, 13, 1, 1, 2, 0, 19, 2, 0, 0, 35, 6, 3, 10, 2, 1, 2, 0, 23, 5, 1, 1, 14, 2, 7, 4, 32, 1, 5, 0, 13, 3, 0, 2, 7, 1, 2, 3, 13, 14, 9, 10, 12, 2, 2, 2, 10, 8, 8, 5, 1, 0, 0, 0, 0, 0, 0, 0, 1, 0, 0, 0, 0, 0, 0, 0, 0, 0, 0, 0, 0, 0, 0, 0, 1, 0, 0, 0, 1, 0, 0, 0, 0, 0, 0, 0, 
47, 1, 0, 0, 1, 0, 0, 0, 0, 0, 0, 0, 0, 0, 1, 0, 0, 0, 0, 0, 0, 0, 0, 1, 0, 16, 13, 10, 8, 3, 1, 0, 3, 20, 3, 0, 1, 28, 5, 3, 2, 1, 0, 1, 0, 23, 1, 2, 1, 15, 7, 6, 4, 22, 1, 3, 3, 2, 4, 2, 3, 3, 0, 2, 3, 11, 23, 10, 6, 1, 0, 0, 0, 11, 9, 9, 8, 1, 0, 0, 0, 2, 0, 0, 0, 0, 0, 0, 0, 2, 0, 0, 0, 1, 0, 0, 0, 1, 0, 0, 0, 0, 0, 0, 0, 2, 0, 0, 0, 1, 0, 0, 0, 
48, 1, 1, 1, 2, 0, 0, 0, 0, 0, 1, 0, 0, 2, 0, 2, 0, 2, 0, 0, 1, 0, 1, 0, 1, 15, 18, 8, 10, 7, 9, 6, 2, 12, 2, 3, 1, 31, 4, 10, 2, 2, 0, 2, 1, 15, 3, 0, 2, 10, 8, 6, 5, 18, 2, 5, 0, 8, 0, 1, 0, 5, 4, 0, 4, 21, 22, 10, 14, 1, 0, 2, 1, 3, 5, 5, 4, 1, 0, 0, 0, 1, 0, 0, 0, 0, 0, 0, 0, 0, 0, 0, 0, 2, 0, 0, 0, 0, 0, 0, 0, 3, 0, 0, 0, 0, 0, 0, 0, 1, 0, 0, 0, 
49, 0, 0, 3, 1, 1, 2, 1, 1, 0, 2, 0, 1, 1, 1, 2, 2, 3, 3, 0, 0, 0, 0, 0, 0, 12, 11, 15, 13, 7, 8, 1, 6, 21, 0, 0, 1, 44, 1, 5, 6, 1, 2, 1, 2, 10, 0, 0, 2, 22, 5, 4, 1, 15, 1, 2, 3, 1, 2, 1, 2, 1, 1, 0, 1, 39, 7, 9, 8, 3, 3, 3, 0, 5, 4, 0, 2, 1, 0, 0, 0, 1, 0, 0, 0, 1, 0, 0, 0, 1, 0, 0, 0, 3, 0, 0, 0, 0, 0, 0, 0, 1, 0, 0, 0, 3, 0, 0, 0, 0, 0, 0, 0, 
50, 3, 2, 2, 3, 1, 0, 0, 0, 0, 0, 1, 1, 2, 0, 1, 0, 0, 1, 0, 0, 1, 1, 1, 1, 15, 16, 20, 13, 6, 3, 3, 2, 11, 2, 6, 0, 37, 8, 11, 3, 7, 2, 0, 1, 15, 3, 0, 2, 18, 5, 4, 8, 21, 3, 2, 3, 10, 1, 0, 0, 2, 1, 2, 2, 24, 9, 10, 7, 4, 1, 0, 1, 2, 1, 1, 2, 0, 0, 0, 0, 2, 0, 0, 0, 1, 0, 0, 0, 1, 0, 0, 0, 0, 0, 0, 0, 0, 0, 0, 0, 0, 0, 0, 0, 0, 0, 0, 0, 1, 0, 0, 0, 
51, 2, 1, 0, 1, 2, 3, 0, 0, 3, 1, 1, 1, 0, 1, 0, 1, 0, 0, 0, 0, 0, 1, 1, 1, 21, 22, 8, 11, 2, 2, 2, 1, 5, 2, 0, 0, 41, 10, 6, 7, 13, 3, 0, 0, 15, 1, 0, 2, 14, 1, 5, 3, 23, 6, 3, 0, 0, 0, 0, 1, 5, 4, 2, 6, 32, 11, 17, 12, 3, 1, 0, 2, 3, 1, 3, 0, 0, 0, 0, 0, 1, 0, 0, 0, 0, 0, 0, 0, 2, 0, 0, 0, 0, 0, 0, 0, 4, 0, 0, 0, 0, 0, 0, 0, 2, 0, 0, 0, 1, 0, 0, 0, 
52, 1, 1, 1, 0, 0, 0, 1, 2, 0, 0, 0, 1, 0, 0, 0, 0, 0, 0, 1, 0, 0, 2, 1, 1, 27, 11, 13, 22, 12, 2, 3, 1, 23, 1, 0, 1, 48, 3, 6, 5, 20, 0, 2, 0, 5, 1, 2, 1, 6, 6, 5, 5, 23, 3, 1, 3, 4, 1, 1, 0, 0, 4, 2, 2, 49, 5, 10, 8, 1, 3, 0, 0, 1, 0, 2, 2, 0, 0, 0, 0, 1, 0, 0, 0, 3, 0, 0, 0, 2, 0, 0, 0, 1, 0, 0, 0, 0, 0, 0, 0, 0, 0, 0, 0, 0, 0, 0, 0, 1, 0, 0, 0, 
53, 0, 1, 0, 0, 1, 0, 1, 1, 0, 1, 1, 0, 0, 0, 1, 0, 0, 1, 1, 0, 0, 0, 0, 1, 24, 11, 19, 16, 0, 0, 2, 0, 37, 0, 2, 0, 53, 2, 5, 5, 19, 1, 0, 0, 11, 1, 4, 2, 6, 7, 4, 1, 20, 7, 2, 4, 3, 1, 3, 1, 3, 5, 1, 1, 35, 11, 9, 10, 1, 0, 1, 1, 0, 0, 0, 1, 1, 0, 0, 0, 0, 0, 0, 0, 1, 0, 0, 0, 0, 0, 0, 0, 4, 0, 0, 0, 2, 0, 0, 0, 0, 0, 0, 0, 0, 0, 0, 0, 0, 0, 0, 0, 
54, 0, 1, 0, 1, 0, 0, 0, 0, 0, 0, 1, 0, 0, 0, 0, 0, 0, 1, 1, 0, 0, 0, 0, 0, 31, 8, 16, 17, 4, 0, 3, 1, 45, 1, 1, 0, 58, 6, 2, 5, 11, 1, 2, 0, 0, 0, 1, 1, 1, 4, 3, 1, 9, 2, 3, 5, 0, 0, 0, 1, 11, 1, 3, 2, 27, 16, 10, 5, 2, 0, 2, 1, 1, 0, 7, 1, 0, 0, 0, 0, 1, 0, 0, 0, 0, 0, 0, 0, 1, 0, 0, 0, 1, 0, 0, 0, 3, 0, 0, 0, 1, 0, 0, 0, 0, 0, 0, 0, 0, 0, 0, 0, 
55, 1, 0, 0, 1, 0, 1, 0, 0, 0, 1, 1, 1, 0, 1, 0, 0, 0, 1, 0, 0, 1, 0, 3, 0, 36, 8, 13, 10, 0, 1, 1, 3, 29, 0, 0, 0, 39, 2, 6, 4, 9, 1, 1, 0, 6, 6, 0, 0, 4, 4, 6, 1, 14, 3, 3, 2, 1, 1, 1, 0, 8, 0, 3, 1, 29, 9, 9, 14, 0, 1, 2, 1, 4, 4, 4, 5, 3, 0, 0, 0, 0, 0, 0, 0, 0, 0, 0, 0, 1, 0, 0, 0, 1, 0, 0, 0, 0, 0, 0, 0, 0, 0, 0, 0, 1, 0, 0, 0, 0, 0, 0, 0, 
56, 0, 1, 0, 0, 0, 1, 2, 0, 0, 1, 2, 0, 1, 1, 1, 0, 0, 0, 1, 1, 0, 0, 0, 0, 26, 13, 10, 17, 7, 1, 0, 0, 33, 1, 0, 0, 48, 13, 2, 4, 0, 3, 2, 0, 0, 1, 1, 1, 11, 3, 2, 4, 16, 1, 3, 2, 0, 1, 0, 1, 6, 1, 0, 2, 34, 9, 15, 14, 7, 0, 0, 0, 5, 5, 2, 2, 3, 0, 0, 0, 0, 0, 0, 0, 1, 0, 0, 0, 1, 0, 0, 0, 0, 0, 0, 0, 0, 0, 0, 0, 0, 0, 0, 0, 0, 0, 0, 0, 0, 0, 0, 0, 
57, 1, 0, 1, 1, 2, 0, 1, 1, 1, 0, 0, 0, 0, 0, 0, 0, 0, 0, 1, 0, 0, 0, 0, 0, 11, 20, 12, 10, 4, 0, 0, 2, 24, 0, 0, 0, 48, 6, 6, 3, 1, 4, 2, 0, 1, 2, 2, 2, 28, 2, 2, 4, 7, 4, 5, 1, 0, 4, 2, 0, 0, 0, 0, 1, 29, 16, 11, 14, 15, 1, 2, 0, 6, 4, 5, 2, 1, 0, 0, 0, 2, 0, 0, 0, 2, 0, 0, 0, 1, 0, 0, 0, 2, 0, 0, 0, 2, 0, 0, 0, 0, 0, 0, 0, 1, 0, 0, 0, 1, 0, 0, 0, 
58, 0, 0, 0, 1, 1, 1, 0, 0, 2, 0, 0, 0, 2, 0, 1, 2, 0, 0, 0, 1, 1, 1, 1, 0, 15, 16, 15, 12, 8, 2, 1, 1, 33, 0, 1, 0, 50, 2, 6, 6, 7, 4, 2, 3, 0, 0, 1, 1, 18, 0, 2, 2, 4, 2, 3, 0, 4, 4, 6, 1, 3, 2, 4, 1, 21, 9, 5, 6, 3, 1, 2, 1, 1, 1, 2, 1, 1, 0, 0, 0, 0, 0, 0, 0, 2, 0, 0, 0, 1, 0, 0, 0, 3, 0, 0, 0, 1, 0, 0, 0, 0, 0, 0, 0, 1, 0, 0, 0, 1, 0, 0, 0, 
59, 1, 1, 0, 0, 0, 0, 0, 0, 1, 1, 1, 0, 0, 0, 0, 3, 0, 0, 0, 1, 0, 0, 0, 0, 18, 21, 23, 13, 11, 0, 1, 0, 37, 2, 2, 1, 54, 3, 5, 5, 8, 5, 7, 5, 1, 1, 1, 1, 9, 2, 3, 5, 1, 2, 0, 3, 7, 5, 3, 5, 0, 0, 0, 0, 7, 13, 6, 6, 4, 3, 2, 0, 4, 2, 1, 1, 0, 0, 0, 0, 1, 0, 0, 0, 1, 0, 0, 0, 0, 0, 0, 0, 0, 0, 0, 0, 0, 0, 0, 0, 1, 0, 0, 0, 0, 0, 0, 0, 0, 0, 0, 0, 
60, 1, 0, 0, 0, 0, 1, 0, 0, 2, 1, 2, 2, 1, 1, 2, 0, 0, 0, 2, 0, 0, 0, 0, 0, 29, 17, 14, 10, 5, 0, 1, 3, 35, 0, 0, 0, 53, 2, 5, 4, 8, 5, 9, 5, 3, 2, 0, 1, 5, 5, 0, 2, 3, 2, 5, 7, 1, 0, 1, 1, 13, 3, 7, 1, 2, 6, 6, 3, 0, 1, 0, 0, 0, 0, 0, 0, 2, 0, 0, 0, 0, 0, 0, 0, 1, 0, 0, 0, 1, 0, 0, 0, 0, 0, 0, 0, 1, 0, 0, 0, 1, 0, 0, 0, 1, 0, 0, 0, 0, 0, 0, 0, 
61, 2, 0, 0, 1, 0, 1, 0, 0, 0, 0, 0, 1, 1, 0, 0, 0, 0, 1, 3, 0, 0, 0, 0, 0, 21, 18, 15, 18, 2, 1, 1, 1, 36, 0, 0, 0, 48, 7, 3, 3, 13, 6, 9, 8, 20, 3, 2, 3, 1, 2, 2, 3, 3, 2, 6, 3, 0, 0, 0, 0, 4, 0, 4, 3, 0, 2, 0, 1, 5, 2, 2, 7, 1, 0, 3, 0, 0, 0, 0, 0, 1, 0, 0, 0, 0, 0, 0, 0, 0, 0, 0, 0, 0, 0, 0, 0, 1, 0, 0, 0, 0, 0, 0, 0, 2, 0, 0, 0, 1, 0, 0, 0, 
62, 1, 1, 1, 1, 2, 1, 0, 0, 0, 0, 0, 1, 0, 0, 1, 0, 0, 0, 0, 1, 1, 1, 0, 0, 23, 22, 21, 19, 7, 4, 2, 1, 28, 1, 1, 0, 40, 5, 4, 5, 7, 4, 8, 6, 26, 0, 0, 0, 1, 5, 2, 3, 2, 3, 0, 3, 9, 0, 2, 0, 19, 5, 2, 5, 2, 1, 0, 2, 2, 4, 5, 4, 1, 2, 0, 3, 3, 0, 0, 0, 0, 0, 0, 0, 3, 0, 0, 0, 1, 0, 0, 0, 0, 0, 0, 0, 1, 0, 0, 0, 1, 0, 0, 0, 0, 0, 0, 0, 1, 0, 0, 0, 
63, 0, 0, 0, 0, 1, 1, 0, 0, 0, 0, 0, 0, 0, 0, 0, 0, 0, 0, 0, 0, 0, 0, 0, 0, 39, 18, 17, 15, 23, 3, 2, 0, 28, 2, 0, 0, 30, 0, 8, 1, 1, 6, 7, 4, 26, 0, 0, 0, 4, 4, 0, 0, 4, 3, 5, 4, 8, 4, 0, 2, 23, 6, 2, 2, 2, 1, 0, 1, 5, 2, 1, 6, 0, 1, 0, 0, 0, 0, 0, 0, 0, 0, 0, 0, 0, 0, 0, 0, 0, 0, 0, 0, 1, 0, 0, 0, 0, 0, 0, 0, 1, 0, 0, 0, 0, 0, 0, 0, 5, 0, 0, 0, 
64, 0, 2, 0, 1, 1, 0, 0, 1, 0, 2, 0, 1, 1, 0, 0, 1, 1, 2, 0, 0, 0, 0, 0, 1, 26, 20, 22, 14, 17, 2, 1, 2, 17, 1, 1, 1, 25, 7, 4, 2, 4, 5, 8, 4, 16, 0, 1, 1, 6, 4, 3, 2, 12, 1, 2, 2, 6, 4, 4, 0, 20, 3, 3, 3, 2, 1, 1, 4, 5, 2, 2, 5, 1, 0, 0, 1, 1, 0, 0, 0, 0, 0, 0, 0, 0, 0, 0, 0, 3, 0, 0, 0, 1, 0, 0, 0, 1, 0, 0, 0, 0, 0, 0, 0, 0, 0, 0, 0, 2, 0, 0, 0, 
65, 5, 1, 1, 1, 0, 1, 1, 1, 1, 0, 0, 0, 0, 0, 0, 1, 1, 0, 0, 0, 0, 0, 0, 0, 26, 17, 16, 15, 3, 4, 7, 1, 26, 0, 0, 0, 25, 2, 5, 2, 2, 3, 6, 4, 2, 0, 1, 0, 12, 3, 2, 4, 0, 0, 1, 0, 12, 1, 0, 1, 13, 4, 3, 7, 3, 1, 1, 1, 4, 5, 6, 5, 2, 2, 1, 4, 1, 0, 0, 0, 4, 0, 0, 0, 1, 0, 0, 0, 1, 0, 0, 0, 0, 0, 0, 0, 1, 0, 0, 0, 1, 0, 0, 0, 1, 0, 0, 0, 0, 0, 0, 0, 
66, 0, 1, 0, 1, 0, 0, 2, 0, 1, 0, 0, 1, 1, 0, 2, 2, 1, 0, 0, 0, 0, 2, 0, 0, 24, 13, 11, 9, 0, 0, 0, 0, 23, 3, 1, 1, 22, 6, 2, 2, 8, 9, 8, 3, 0, 0, 2, 0, 7, 3, 3, 2, 3, 2, 1, 2, 7, 2, 1, 0, 7, 5, 1, 1, 1, 0, 1, 0, 6, 10, 9, 5, 14, 4, 4, 2, 1, 0, 0, 0, 4, 0, 0, 0, 1, 0, 0, 0, 1, 0, 0, 0, 0, 0, 0, 0, 1, 0, 0, 0, 1, 0, 0, 0, 0, 0, 0, 0, 1, 0, 0, 0, 
67, 0, 1, 0, 1, 1, 0, 0, 0, 1, 0, 0, 0, 0, 0, 0, 1, 0, 0, 0, 1, 2, 0, 0, 0, 12, 14, 14, 16, 0, 0, 2, 0, 24, 1, 0, 0, 32, 6, 4, 5, 16, 8, 7, 6, 1, 1, 0, 0, 3, 2, 3, 1, 3, 5, 1, 3, 11, 6, 2, 1, 1, 2, 0, 1, 13, 3, 0, 1, 9, 5, 0, 4, 7, 3, 2, 4, 0, 0, 0, 0, 1, 0, 0, 0, 0, 0, 0, 0, 2, 0, 0, 0, 0, 0, 0, 0, 1, 0, 0, 0, 0, 0, 0, 0, 1, 0, 0, 0, 3, 0, 0, 0, 
68, 0, 0, 0, 1, 0, 0, 0, 0, 1, 1, 1, 0, 0, 0, 1, 1, 1, 0, 0, 0, 0, 1, 0, 0, 19, 20, 13, 15, 0, 4, 0, 4, 20, 5, 1, 1, 29, 3, 7, 1, 6, 10, 3, 8, 0, 0, 0, 0, 3, 6, 4, 5, 0, 0, 1, 2, 10, 0, 4, 2, 2, 1, 0, 0, 0, 1, 0, 1, 4, 2, 0, 4, 10, 1, 2, 1, 1, 0, 0, 0, 0, 0, 0, 0, 1, 0, 0, 0, 0, 0, 0, 0, 0, 0, 0, 0, 0, 0, 0, 0, 0, 0, 0, 0, 0, 0, 0, 0, 2, 0, 0, 0, 
69, 2, 0, 0, 1, 0, 1, 1, 1, 0, 0, 2, 1, 1, 0, 0, 0, 2, 1, 0, 1, 0, 0, 0, 0, 14, 15, 19, 19, 2, 1, 2, 0, 23, 0, 3, 1, 34, 2, 5, 4, 3, 2, 4, 8, 2, 2, 1, 4, 3, 3, 1, 0, 3, 4, 3, 1, 10, 0, 2, 1, 1, 2, 3, 1, 0, 0, 0, 0, 5, 6, 7, 1, 1, 2, 0, 0, 0, 0, 0, 0, 3, 0, 0, 0, 1, 0, 0, 0, 2, 0, 0, 0, 0, 0, 0, 0, 3, 0, 0, 0, 2, 0, 0, 0, 0, 0, 0, 0, 0, 0, 0, 0, 
70, 2, 3, 2, 1, 0, 2, 0, 0, 0, 1, 0, 1, 0, 0, 0, 0, 2, 0, 2, 0, 0, 3, 3, 1, 16, 16, 9, 22, 5, 2, 0, 0, 28, 0, 0, 0, 35, 7, 6, 6, 0, 1, 1, 0, 0, 2, 2, 0, 1, 2, 0, 2, 23, 3, 4, 2, 12, 2, 1, 1, 1, 0, 0, 0, 5, 2, 0, 3, 15, 8, 3, 2, 0, 1, 2, 0, 0, 0, 0, 0, 0, 0, 0, 0, 0, 0, 0, 0, 1, 0, 0, 0, 0, 0, 0, 0, 1, 0, 0, 0, 2, 0, 0, 0, 0, 0, 0, 0, 0, 0, 0, 0, 
71, 0, 2, 0, 0, 0, 1, 0, 1, 1, 1, 1, 1, 0, 1, 1, 0, 0, 1, 0, 0, 0, 0, 0, 0, 13, 14, 9, 11, 4, 3, 0, 0, 12, 1, 1, 0, 37, 6, 5, 3, 7, 3, 8, 2, 1, 6, 2, 2, 6, 2, 0, 0, 29, 3, 2, 1, 2, 1, 1, 0, 3, 1, 0, 0, 0, 1, 0, 0, 23, 3, 4, 6, 3, 2, 2, 2, 0, 0, 0, 0, 0, 0, 0, 0, 1, 0, 0, 0, 0, 0, 0, 0, 0, 0, 0, 0, 0, 0, 0, 0, 1, 0, 0, 0, 0, 0, 0, 0, 0, 0, 0, 0, 
72, 0, 1, 0, 1, 0, 0, 0, 0, 0, 1, 0, 0, 1, 4, 0, 0, 1, 0, 0, 0, 0, 1, 0, 0, 19, 13, 13, 10, 12, 3, 1, 0, 0, 1, 0, 0, 27, 9, 9, 4, 6, 1, 3, 1, 3, 5, 1, 1, 4, 0, 0, 0, 27, 3, 6, 4, 1, 7, 3, 4, 0, 2, 4, 1, 1, 1, 2, 1, 24, 1, 2, 0, 3, 1, 2, 1, 1, 0, 0, 0, 2, 0, 0, 0, 1, 0, 0, 0, 0, 0, 0, 0, 0, 0, 0, 0, 1, 0, 0, 0, 1, 0, 0, 0, 0, 0, 0, 0, 0, 0, 0, 0, 
73, 0, 2, 0, 0, 2, 3, 1, 0, 0, 1, 0, 1, 1, 0, 0, 2, 2, 1, 0, 0, 0, 0, 0, 0, 12, 19, 14, 18, 21, 10, 0, 1, 2, 2, 0, 1, 44, 6, 6, 5, 17, 3, 3, 2, 0, 1, 0, 0, 1, 2, 1, 0, 16, 8, 1, 6, 0, 1, 1, 1, 6, 1, 1, 2, 2, 5, 2, 1, 10, 3, 1, 0, 12, 1, 3, 0, 0, 0, 0, 0, 1, 0, 0, 0, 2, 0, 0, 0, 1, 0, 0, 0, 0, 0, 0, 0, 1, 0, 0, 0, 1, 0, 0, 0, 1, 0, 0, 0, 0, 0, 0, 0, 
74, 1, 0, 0, 0, 1, 0, 0, 0, 0, 1, 0, 0, 0, 0, 1, 0, 1, 1, 0, 0, 1, 0, 1, 0, 13, 13, 13, 17, 24, 0, 1, 1, 16, 0, 0, 1, 60, 3, 3, 5, 11, 3, 2, 1, 6, 2, 1, 1, 1, 1, 0, 1, 19, 4, 1, 5, 3, 2, 1, 1, 2, 2, 0, 2, 1, 1, 2, 1, 5, 6, 6, 10, 11, 2, 0, 0, 1, 0, 0, 0, 2, 0, 0, 0, 1, 0, 0, 0, 0, 0, 0, 0, 1, 0, 0, 0, 0, 0, 0, 0, 1, 0, 0, 0, 0, 0, 0, 0, 2, 0, 0, 0, 
75, 0, 1, 2, 0, 0, 0, 0, 0, 1, 0, 0, 0, 0, 0, 0, 0, 0, 0, 0, 1, 0, 0, 0, 1, 21, 14, 19, 9, 20, 2, 2, 0, 33, 1, 1, 0, 55, 6, 2, 5, 3, 2, 3, 3, 0, 0, 0, 0, 2, 6, 5, 3, 1, 2, 4, 1, 9, 11, 4, 2, 2, 0, 2, 0, 1, 1, 0, 1, 8, 7, 5, 5, 13, 1, 2, 1, 2, 0, 0, 0, 1, 0, 0, 0, 0, 0, 0, 0, 2, 0, 0, 0, 0, 0, 0, 0, 0, 0, 0, 0, 1, 0, 0, 0, 1, 0, 0, 0, 0, 0, 0, 0, 
76, 0, 1, 1, 0, 0, 0, 0, 0, 0, 0, 1, 0, 0, 1, 1, 0, 2, 1, 0, 0, 0, 0, 2, 0, 24, 8, 7, 7, 21, 2, 0, 1, 22, 2, 2, 2, 63, 9, 5, 5, 4, 3, 3, 2, 2, 2, 0, 2, 11, 1, 3, 3, 1, 1, 1, 2, 19, 6, 3, 0, 2, 2, 3, 3, 2, 2, 3, 3, 7, 8, 4, 9, 14, 3, 3, 2, 1, 0, 0, 0, 1, 0, 0, 0, 0, 0, 0, 0, 0, 0, 0, 0, 1, 0, 0, 0, 1, 0, 0, 0, 1, 0, 0, 0, 2, 0, 0, 0, 1, 0, 0, 0, 
77, 1, 1, 0, 2, 3, 0, 0, 0, 0, 1, 0, 0, 0, 0, 0, 0, 0, 0, 0, 0, 0, 0, 1, 1, 9, 12, 17, 6, 17, 0, 0, 2, 16, 1, 1, 0, 69, 4, 3, 4, 8, 3, 2, 3, 9, 0, 1, 1, 14, 3, 5, 5, 1, 0, 1, 0, 17, 2, 3, 1, 5, 2, 4, 4, 5, 1, 2, 3, 8, 9, 7, 3, 25, 4, 1, 0, 1, 0, 0, 0, 3, 0, 0, 0, 1, 0, 0, 0, 1, 0, 0, 0, 0, 0, 0, 0, 1, 0, 0, 0, 2, 0, 0, 0, 1, 0, 0, 0, 1, 0, 0, 0, 
78, 3, 2, 0, 6, 1, 0, 0, 0, 0, 1, 0, 2, 0, 0, 0, 1, 1, 0, 1, 0, 0, 0, 0, 0, 15, 21, 10, 7, 1, 0, 0, 1, 10, 1, 1, 1, 60, 8, 1, 3, 1, 2, 1, 2, 2, 3, 2, 4, 8, 1, 7, 2, 2, 2, 3, 1, 16, 6, 4, 3, 10, 4, 5, 2, 9, 3, 3, 4, 8, 5, 9, 3, 26, 2, 1, 2, 0, 0, 0, 0, 0, 0, 0, 0, 2, 0, 0, 0, 3, 0, 0, 0, 0, 0, 0, 0, 0, 0, 0, 0, 1, 0, 0, 0, 2, 0, 0, 0, 1, 0, 0, 0, 
79, 0, 0, 1, 0, 0, 0, 0, 1, 0, 1, 1, 0, 3, 1, 0, 0, 0, 0, 0, 0, 0, 1, 1, 1, 16, 13, 10, 8, 5, 5, 1, 0, 10, 6, 0, 1, 50, 4, 2, 7, 6, 4, 7, 3, 9, 9, 4, 2, 1, 2, 2, 2, 3, 1, 2, 0, 22, 2, 2, 2, 24, 6, 5, 2, 8, 4, 4, 6, 6, 6, 3, 5, 20, 1, 1, 0, 3, 0, 0, 0, 0, 0, 0, 0, 0, 0, 0, 0, 1, 0, 0, 0, 0, 0, 0, 0, 3, 0, 0, 0, 0, 0, 0, 0, 1, 0, 0, 0, 0, 0, 0, 0, 
80, 0, 1, 2, 1, 0, 0, 0, 1, 1, 0, 0, 1, 0, 0, 0, 1, 2, 0, 0, 3, 1, 0, 0, 1, 21, 17, 6, 12, 2, 3, 3, 2, 11, 1, 1, 1, 50, 3, 4, 4, 6, 2, 1, 0, 15, 5, 6, 1, 7, 0, 0, 0, 2, 1, 0, 6, 11, 3, 3, 1, 30, 1, 0, 5, 3, 8, 4, 7, 11, 3, 4, 3, 13, 0, 2, 1, 0, 0, 0, 0, 0, 0, 0, 0, 1, 0, 0, 0, 0, 0, 0, 0, 0, 0, 0, 0, 0, 0, 0, 0, 1, 0, 0, 0, 0, 0, 0, 0, 1, 0, 0, 0, 
81, 1, 0, 0, 0, 0, 4, 2, 0, 1, 2, 0, 1, 0, 3, 1, 0, 0, 0, 0, 0, 1, 2, 0, 0, 26, 16, 12, 15, 8, 0, 1, 0, 7, 2, 2, 0, 36, 7, 4, 2, 5, 2, 2, 1, 2, 2, 3, 3, 4, 1, 2, 0, 7, 4, 1, 2, 9, 1, 1, 2, 25, 2, 3, 2, 11, 12, 10, 7, 17, 3, 8, 2, 10, 2, 5, 1, 1, 0, 0, 0, 0, 0, 0, 0, 1, 0, 0, 0, 0, 0, 0, 0, 3, 0, 0, 0, 1, 0, 0, 0, 1, 0, 0, 0, 1, 0, 0, 0, 1, 0, 0, 0, 
82, 0, 0, 3, 0, 0, 1, 1, 0, 0, 1, 0, 0, 1, 0, 0, 0, 0, 0, 0, 0, 2, 1, 1, 0, 37, 16, 6, 9, 14, 0, 2, 0, 11, 3, 2, 2, 31, 3, 7, 3, 2, 3, 1, 0, 3, 3, 3, 3, 15, 0, 0, 0, 0, 5, 3, 1, 12, 4, 5, 2, 22, 2, 5, 2, 11, 13, 4, 12, 19, 5, 3, 7, 17, 1, 0, 0, 1, 0, 0, 0, 1, 0, 0, 0, 0, 0, 0, 0, 0, 0, 0, 0, 1, 0, 0, 0, 0, 0, 0, 0, 1, 0, 0, 0, 1, 0, 0, 0, 2, 0, 0, 0, 
83, 3, 0, 2, 0, 1, 1, 0, 1, 0, 1, 0, 0, 0, 0, 0, 0, 1, 1, 0, 0, 1, 0, 2, 0, 38, 13, 12, 5, 2, 2, 3, 5, 2, 1, 1, 3, 34, 1, 5, 4, 3, 0, 4, 0, 1, 2, 1, 1, 11, 0, 2, 0, 0, 0, 0, 2, 7, 2, 7, 5, 20, 5, 5, 6, 10, 5, 6, 6, 31, 4, 11, 2, 30, 2, 2, 0, 2, 0, 0, 0, 0, 0, 0, 0, 0, 0, 0, 0, 0, 0, 0, 0, 1, 0, 0, 0, 1, 0, 0, 0, 0, 0, 0, 0, 1, 0, 0, 0, 2, 0, 0, 0, 
84, 2, 0, 2, 3, 4, 1, 5, 3, 0, 1, 1, 1, 0, 0, 0, 0, 0, 0, 0, 1, 0, 0, 0, 0, 35, 14, 12, 12, 2, 3, 5, 4, 12, 1, 0, 0, 35, 5, 6, 0, 1, 0, 0, 2, 1, 2, 1, 1, 12, 0, 1, 0, 0, 0, 2, 0, 1, 1, 2, 2, 26, 10, 3, 1, 2, 2, 6, 4, 45, 5, 9, 5, 23, 5, 1, 2, 0, 0, 0, 0, 0, 0, 0, 0, 2, 0, 0, 0, 0, 0, 0, 0, 0, 0, 0, 0, 0, 0, 0, 0, 0, 0, 0, 0, 2, 0, 0, 0, 1, 0, 0, 0, 
85, 0, 1, 1, 0, 1, 0, 1, 0, 0, 1, 0, 0, 0, 1, 1, 1, 0, 0, 0, 0, 0, 0, 0, 0, 38, 8, 9, 8, 1, 2, 2, 5, 2, 2, 0, 2, 42, 5, 7, 2, 5, 2, 3, 3, 4, 3, 6, 0, 4, 0, 0, 0, 2, 1, 3, 4, 2, 3, 0, 1, 32, 1, 2, 6, 3, 3, 4, 1, 40, 3, 2, 8, 17, 2, 1, 2, 1, 0, 0, 0, 0, 0, 0, 0, 0, 0, 0, 0, 0, 0, 0, 0, 0, 0, 0, 0, 1, 0, 0, 0, 0, 0, 0, 0, 0, 0, 0, 0, 0, 0, 0, 0, 
86, 1, 0, 2, 3, 0, 1, 0, 0, 1, 0, 0, 0, 1, 2, 1, 0, 0, 0, 1, 0, 0, 0, 0, 0, 24, 9, 8, 6, 0, 2, 2, 0, 2, 2, 1, 2, 50, 7, 9, 5, 0, 0, 3, 1, 6, 5, 3, 5, 0, 4, 1, 1, 4, 2, 0, 1, 1, 3, 5, 2, 32, 0, 1, 3, 3, 2, 2, 1, 35, 5, 5, 7, 5, 2, 2, 2, 0, 0, 0, 0, 2, 0, 0, 0, 1, 0, 0, 0, 3, 0, 0, 0, 0, 0, 0, 0, 0, 0, 0, 0, 0, 0, 0, 0, 2, 0, 0, 0, 1, 0, 0, 0, 
87, 0, 2, 1, 1, 0, 0, 0, 0, 0, 0, 0, 0, 0, 0, 0, 0, 1, 1, 0, 1, 0, 2, 1, 0, 21, 15, 10, 9, 0, 2, 0, 1, 0, 0, 0, 0, 59, 8, 4, 2, 0, 0, 0, 0, 18, 4, 5, 1, 2, 5, 3, 0, 0, 0, 1, 1, 1, 3, 1, 1, 24, 2, 3, 5, 4, 4, 5, 3, 25, 5, 2, 3, 29, 5, 3, 2, 1, 0, 0, 0, 0, 0, 0, 0, 0, 0, 0, 0, 2, 0, 0, 0, 0, 0, 0, 0, 0, 0, 0, 0, 0, 0, 0, 0, 1, 0, 0, 0, 1, 0, 0, 0, 
88, 0, 0, 0, 0, 0, 3, 0, 1, 1, 0, 1, 0, 0, 0, 0, 0, 1, 1, 0, 2, 0, 2, 0, 0, 17, 14, 12, 12, 4, 2, 1, 1, 1, 4, 5, 1, 61, 5, 6, 3, 2, 7, 3, 3, 22, 3, 2, 4, 3, 1, 0, 1, 0, 0, 0, 0, 4, 1, 1, 0, 29, 1, 4, 1, 0, 0, 0, 1, 20, 5, 2, 5, 30, 4, 2, 3, 0, 0, 0, 0, 1, 0, 0, 0, 1, 0, 0, 0, 1, 0, 0, 0, 1, 0, 0, 0, 0, 0, 0, 0, 0, 0, 0, 0, 0, 0, 0, 0, 3, 0, 0, 0, 
89, 0, 2, 0, 0, 0, 0, 0, 0, 0, 0, 1, 1, 0, 0, 1, 0, 0, 1, 0, 1, 1, 0, 0, 0, 25, 13, 11, 10, 20, 7, 1, 0, 0, 0, 0, 1, 60, 7, 4, 3, 3, 1, 4, 5, 18, 5, 4, 3, 1, 0, 1, 0, 2, 1, 0, 2, 3, 6, 2, 2, 21, 5, 6, 2, 4, 4, 2, 4, 14, 6, 3, 3, 49, 0, 0, 3, 1, 0, 0, 0, 1, 0, 0, 0, 0, 0, 0, 0, 0, 0, 0, 0, 1, 0, 0, 0, 3, 0, 0, 0, 0, 0, 0, 0, 1, 0, 0, 0, 0, 0, 0, 0, 
90, 0, 0, 1, 0, 1, 1, 0, 1, 1, 0, 0, 0, 0, 0, 0, 0, 2, 1, 0, 1, 0, 0, 1, 1, 23, 12, 18, 5, 19, 0, 0, 0, 1, 1, 2, 4, 57, 6, 5, 5, 1, 0, 2, 2, 11, 2, 7, 3, 2, 0, 0, 0, 1, 1, 3, 2, 4, 1, 1, 2, 33, 9, 2, 1, 2, 5, 5, 2, 24, 6, 1, 2, 39, 1, 2, 0, 1, 0, 0, 0, 0, 0, 0, 0, 1, 0, 0, 0, 2, 0, 0, 0, 1, 0, 0, 0, 1, 0, 0, 0, 0, 0, 0, 0, 2, 0, 0, 0, 0, 0, 0, 0, 
91, 0, 0, 0, 0, 0, 0, 1, 0, 0, 0, 0, 0, 1, 1, 1, 0, 0, 0, 0, 0, 0, 1, 1, 1, 19, 12, 10, 12, 19, 2, 4, 1, 6, 5, 5, 5, 59, 7, 5, 1, 2, 1, 0, 0, 7, 3, 7, 5, 1, 4, 2, 0, 9, 2, 2, 5, 1, 0, 0, 0, 36, 2, 4, 3, 0, 0, 0, 0, 16, 3, 5, 3, 35, 2, 2, 0, 3, 0, 0, 0, 1, 0, 0, 0, 0, 0, 0, 0, 0, 0, 0, 0, 0, 0, 0, 0, 0, 0, 0, 0, 0, 0, 0, 0, 0, 0, 0, 0, 2, 0, 0, 0, 
92, 1, 1, 1, 1, 1, 1, 1, 0, 2, 0, 0, 0, 1, 2, 1, 0, 1, 0, 0, 0, 0, 0, 0, 0, 18, 14, 7, 13, 18, 0, 2, 0, 6, 7, 6, 7, 45, 6, 2, 3, 2, 2, 10, 0, 6, 6, 5, 5, 6, 5, 7, 5, 1, 5, 4, 3, 1, 0, 1, 1, 24, 5, 3, 3, 10, 2, 0, 1, 28, 6, 4, 4, 36, 0, 1, 2, 2, 0, 0, 0, 1, 0, 0, 0, 0, 0, 0, 0, 0, 0, 0, 0, 0, 0, 0, 0, 1, 0, 0, 0, 0, 0, 0, 0, 1, 0, 0, 0, 1, 0, 0, 0, 
93, 1, 4, 0, 0, 2, 1, 0, 0, 0, 0, 1, 0, 0, 1, 0, 0, 0, 0, 0, 0, 0, 1, 0, 0, 16, 15, 8, 9, 19, 2, 0, 0, 12, 12, 11, 5, 52, 5, 3, 4, 2, 6, 5, 2, 1, 9, 3, 3, 12, 13, 11, 2, 3, 0, 5, 3, 5, 2, 2, 0, 18, 5, 4, 7, 10, 4, 1, 0, 35, 6, 2, 4, 22, 1, 1, 0, 2, 0, 0, 0, 0, 0, 0, 0, 0, 0, 0, 0, 2, 0, 0, 0, 1, 0, 0, 0, 1, 0, 0, 0, 0, 0, 0, 0, 0, 0, 0, 0, 1, 0, 0, 0, 
94, 1, 1, 0, 2, 0, 1, 1, 0, 0, 0, 0, 0, 1, 1, 0, 0, 0, 1, 1, 0, 0, 0, 0, 0, 15, 13, 11, 10, 14, 0, 1, 1, 15, 10, 12, 5, 56, 5, 3, 4, 10, 3, 4, 2, 3, 2, 3, 2, 14, 6, 10, 12, 1, 1, 1, 3, 2, 5, 5, 5, 23, 9, 2, 3, 19, 7, 3, 0, 22, 7, 6, 3, 14, 3, 2, 1, 0, 0, 0, 0, 1, 0, 0, 0, 0, 0, 0, 0, 0, 0, 0, 0, 2, 0, 0, 0, 1, 0, 0, 0, 0, 0, 0, 0, 1, 0, 0, 0, 2, 0, 0, 0, 
95, 3, 1, 4, 1, 1, 0, 0, 1, 1, 0, 2, 0, 7, 0, 0, 1, 0, 0, 0, 0, 0, 0, 0, 1, 10, 7, 10, 9, 20, 2, 4, 0, 12, 13, 9, 5, 64, 4, 6, 5, 23, 3, 4, 0, 0, 2, 3, 1, 9, 14, 8, 10, 0, 0, 0, 0, 0, 0, 0, 1, 21, 5, 2, 3, 22, 2, 1, 2, 26, 3, 5, 0, 14, 4, 0, 1, 0, 0, 0, 0, 2, 0, 0, 0, 0, 0, 0, 0, 2, 0, 0, 0, 0, 0, 0, 0, 3, 0, 0, 0, 1, 0, 0, 0, 1, 0, 0, 0, 0, 0, 0, 0, 
96, 0, 1, 0, 0, 0, 0, 0, 0, 0, 1, 0, 1, 0, 1, 1, 0, 0, 0, 0, 0, 1, 1, 1, 0, 15, 10, 4, 7, 35, 1, 1, 0, 10, 6, 10, 6, 64, 1, 3, 5, 19, 1, 0, 4, 1, 2, 1, 2, 10, 6, 9, 6, 2, 0, 1, 0, 1, 5, 3, 4, 17, 3, 6, 2, 16, 1, 0, 1, 27, 10, 4, 5, 13, 2, 5, 4, 0, 0, 0, 0, 3, 0, 0, 0, 1, 0, 0, 0, 0, 0, 0, 0, 0, 0, 0, 0, 1, 0, 0, 0, 1, 0, 0, 0, 0, 0, 0, 0, 1, 0, 0, 0, 
97, 1, 1, 1, 1, 1, 0, 1, 3, 0, 1, 0, 0, 2, 1, 1, 2, 0, 1, 0, 0, 0, 1, 0, 0, 6, 3, 7, 4, 21, 0, 0, 0, 8, 8, 8, 13, 65, 2, 4, 6, 13, 7, 4, 2, 4, 1, 1, 0, 7, 11, 5, 6, 3, 0, 3, 1, 4, 5, 1, 7, 21, 4, 3, 3, 24, 6, 1, 2, 28, 4, 4, 3, 7, 2, 2, 2, 1, 0, 0, 0, 0, 0, 0, 0, 0, 0, 0, 0, 0, 0, 0, 0, 1, 0, 0, 0, 0, 0, 0, 0, 0, 0, 0, 0, 1, 0, 0, 0, 0, 0, 0, 0, 
98, 0, 0, 2, 2, 1, 0, 0, 1, 0, 0, 0, 0, 2, 0, 0, 0, 1, 0, 1, 1, 2, 0, 0, 1, 9, 9, 5, 1, 11, 0, 1, 3, 9, 12, 9, 17, 62, 4, 8, 5, 23, 2, 3, 5, 0, 0, 0, 0, 14, 9, 13, 6, 1, 2, 2, 2, 4, 5, 3, 4, 29, 5, 0, 7, 26, 2, 1, 1, 28, 2, 5, 3, 17, 3, 3, 1, 1, 0, 0, 0, 0, 0, 0, 0, 0, 0, 0, 0, 0, 0, 0, 0, 1, 0, 0, 0, 0, 0, 0, 0, 2, 0, 0, 0, 1, 0, 0, 0, 1, 0, 0, 0, 
99, 0, 1, 0, 1, 1, 0, 0, 1, 0, 0, 0, 0, 2, 0, 2, 0, 1, 1, 0, 0, 0, 0, 1, 0, 5, 5, 7, 7, 21, 1, 4, 0, 13, 13, 15, 6, 63, 4, 5, 3, 10, 2, 3, 0, 4, 2, 4, 0, 23, 9, 7, 4, 1, 1, 2, 1, 7, 4, 2, 2, 45, 5, 3, 4, 37, 0, 1, 2, 29, 4, 5, 3, 3, 1, 2, 3, 2, 0, 0, 0, 0, 0, 0, 0, 1, 0, 0, 0, 0, 0, 0, 0, 1, 0, 0, 0, 0, 0, 0, 0, 1, 0, 0, 0, 3, 0, 0, 0, 0, 0, 0, 0, 