0, 0, 0, 0, 0, 0, 1, 0, 0, 0, 0, 0, 0, 1, 1, 0, 1, 0, 0, 0, 1, 0, 0, 0, 0, 0, 0, 1, 2, 5, 3, 5, 3, 0, 0, 0, 0, 0, 0, 0, 0, 4, 4, 2, 3, 1, 1, 2, 0, 0, 2, 0, 2, 4, 1, 1, 0, 0, 0, 0, 2, 2, 0, 0, 0, 1, 2, 0, 0, 1, 0, 1, 3, 1, 0, 1, 0, 0, 0, 0, 0, 0, 0, 0, 0, 1, 0, 0, 0, 0, 0, 0, 0, 1, 0, 0, 0, 1, 0, 0, 0, 2, 0, 0, 0, 0, 0, 0, 0, 1, 0, 0, 0, 
1, 0, 0, 0, 0, 0, 0, 1, 0, 0, 1, 0, 1, 0, 0, 0, 0, 0, 0, 1, 1, 1, 0, 0, 0, 0, 1, 4, 2, 16, 5, 2, 3, 2, 1, 2, 1, 0, 1, 1, 0, 3, 4, 0, 1, 0, 1, 0, 0, 7, 4, 1, 0, 2, 0, 1, 0, 1, 2, 0, 0, 1, 1, 0, 2, 0, 1, 1, 1, 4, 1, 2, 1, 2, 0, 4, 5, 0, 0, 0, 0, 0, 0, 0, 0, 2, 0, 0, 0, 1, 0, 0, 0, 0, 0, 0, 0, 1, 0, 0, 0, 0, 0, 0, 0, 2, 0, 0, 0, 0, 0, 0, 0, 
2, 0, 2, 0, 0, 0, 0, 0, 0, 0, 0, 0, 0, 3, 1, 1, 0, 0, 0, 1, 0, 0, 0, 0, 0, 6, 3, 1, 1, 14, 3, 0, 3, 2, 2, 3, 2, 2, 4, 4, 1, 3, 3, 0, 0, 4, 0, 2, 0, 12, 0, 0, 3, 2, 4, 4, 0, 0, 1, 0, 1, 0, 1, 4, 0, 1, 0, 1, 1, 0, 0, 1, 0, 14, 9, 3, 3, 0, 0, 0, 0, 0, 0, 0, 0, 0, 0, 0, 0, 0, 0, 0, 0, 0, 0, 0, 0, 1, 0, 0, 0, 2, 0, 0, 0, 0, 0, 0, 0, 0, 0, 0, 0, 
3, 2, 0, 1, 0, 0, 1, 1, 1, 2, 2, 2, 0, 0, 1, 0, 0, 0, 0, 0, 0, 0, 1, 0, 0, 10, 2, 1, 1, 18, 8, 3, 4, 3, 0, 8, 4, 0, 0, 1, 0, 2, 1, 2, 0, 0, 1, 2, 0, 17, 3, 1, 0, 5, 6, 7, 7, 0, 1, 0, 0, 1, 1, 0, 0, 0, 1, 2, 2, 1, 0, 0, 0, 6, 1, 2, 11, 0, 0, 0, 0, 1, 0, 0, 0, 0, 0, 0, 0, 0, 0, 0, 0, 0, 0, 0, 0, 1, 0, 0, 0, 2, 0, 0, 0, 2, 0, 0, 0, 0, 0, 0, 0, 
4, 0, 0, 0, 1, 0, 0, 0, 0, 1, 0, 0, 0, 0, 0, 1, 0, 0, 1, 2, 1, 0, 0, 1, 0, 1, 0, 1, 0, 17, 1, 3, 2, 6, 2, 5, 4, 3, 1, 2, 1, 2, 3, 0, 2, 4, 0, 3, 1, 16, 5, 2, 0, 3, 2, 9, 2, 2, 1, 2, 0, 0, 2, 3, 0, 3, 6, 6, 3, 8, 1, 2, 8, 5, 5, 4, 3, 1, 0, 0, 0, 2, 0, 0, 0, 0, 0, 0, 0, 0, 0, 0, 0, 0, 0, 0, 0, 0, 0, 0, 0, 0, 0, 0, 0, 1, 0, 0, 0, 0, 0, 0, 0, 
5, 0, 1, 1, 0, 0, 1, 0, 0, 1, 1, 3, 0, 1, 2, 0, 0, 1, 2, 1, 0, 1, 1, 2, 0, 2, 3, 3, 1, 20, 3, 2, 2, 2, 4, 7, 6, 0, 0, 1, 1, 1, 2, 4, 0, 0, 1, 1, 0, 18, 1, 0, 2, 16, 3, 2, 2, 3, 0, 2, 1, 3, 1, 1, 0, 18, 9, 3, 3, 0, 0, 0, 0, 3, 6, 3, 2, 0, 0, 0, 0, 0, 0, 0, 0, 0, 0, 0, 0, 0, 0, 0, 0, 0, 0, 0, 0, 1, 0, 0, 0, 1, 0, 0, 0, 1, 0, 0, 0, 0, 0, 0, 0, 
6, 0, 1, 0, 0, 1, 0, 0, 0, 0, 1, 0, 0, 0, 2, 0, 0, 1, 0, 0, 0, 0, 0, 0, 1, 1, 0, 2, 3, 20, 4, 4, 4, 8, 4, 6, 9, 0, 1, 0, 0, 4, 2, 5, 0, 2, 3, 1, 5, 19, 0, 0, 2, 17, 2, 2, 4, 1, 3, 0, 0, 8, 3, 1, 3, 27, 4, 4, 7, 2, 0, 1, 0, 2, 0, 0, 1, 0, 0, 0, 0, 1, 0, 0, 0, 2, 0, 0, 0, 1, 0, 0, 0, 0, 0, 0, 0, 0, 0, 0, 0, 0, 0, 0, 0, 0, 0, 0, 0, 1, 0, 0, 0, 
7, 0, 1, 0, 0, 0, 0, 0, 0, 0, 0, 0, 0, 0, 0, 1, 1, 1, 0, 0, 0, 0, 1, 0, 0, 5, 1, 1, 1, 25, 5, 1, 4, 10, 5, 3, 5, 0, 1, 1, 0, 1, 4, 1, 2, 3, 3, 2, 1, 11, 1, 1, 1, 11, 6, 4, 3, 0, 1, 0, 0, 3, 5, 2, 2, 22, 3, 5, 3, 2, 3, 2, 1, 3, 0, 2, 0, 1, 0, 0, 0, 2, 0, 0, 0, 0, 0, 0, 0, 1, 0, 0, 0, 0, 0, 0, 0, 0, 0, 0, 0, 0, 0, 0, 0, 1, 0, 0, 0, 0, 0, 0, 0, 
8, 0, 1, 0, 2, 1, 0, 0, 1, 1, 0, 1, 0, 0, 0, 0, 1, 1, 0, 0, 0, 1, 0, 0, 2, 1, 1, 4, 1, 31, 4, 6, 5, 8, 5, 4, 4, 4, 5, 2, 4, 4, 2, 5, 4, 0, 2, 4, 2, 2, 0, 0, 0, 11, 4, 2, 4, 4, 1, 1, 0, 0, 0, 2, 0, 18, 2, 8, 2, 1, 0, 0, 1, 1, 1, 2, 0, 0, 0, 0, 0, 0, 0, 0, 0, 0, 0, 0, 0, 0, 0, 0, 0, 0, 0, 0, 0, 0, 0, 0, 0, 1, 0, 0, 0, 1, 0, 0, 0, 0, 0, 0, 0, 
9, 0, 0, 0, 0, 0, 0, 0, 0, 0, 0, 0, 2, 0, 0, 0, 0, 0, 1, 0, 1, 0, 0, 0, 1, 2, 3, 3, 2, 32, 6, 2, 3, 13, 8, 7, 4, 1, 1, 1, 2, 5, 9, 12, 7, 2, 0, 0, 0, 2, 4, 1, 2, 8, 1, 2, 4, 2, 2, 2, 5, 2, 0, 0, 0, 26, 4, 3, 2, 1, 0, 0, 0, 2, 5, 4, 1, 1, 0, 0, 0, 1, 0, 0, 0, 1, 0, 0, 0, 0, 0, 0, 0, 1, 0, 0, 0, 1, 0, 0, 0, 0, 0, 0, 0, 0, 0, 0, 0, 0, 0, 0, 0, 
10, 1, 3, 1, 0, 0, 0, 0, 0, 0, 0, 1, 0, 1, 1, 0, 1, 0, 0, 0, 0, 0, 1, 0, 1, 0, 0, 0, 0, 23, 6, 2, 2, 6, 8, 10, 3, 11, 0, 3, 1, 20, 6, 6, 6, 2, 2, 1, 1, 1, 1, 1, 1, 6, 5, 4, 6, 5, 1, 3, 0, 2, 4, 4, 3, 19, 7, 4, 2, 4, 0, 3, 3, 14, 2, 2, 1, 2, 0, 0, 0, 0, 0, 0, 0, 0, 0, 0, 0, 0, 0, 0, 0, 0, 0, 0, 0, 0, 0, 0, 0, 0, 0, 0, 0, 0, 0, 0, 0, 0, 0, 0, 0, 
11, 0, 0, 1, 1, 0, 0, 0, 0, 5, 0, 0, 0, 1, 1, 1, 0, 0, 0, 0, 1, 1, 0, 0, 0, 0, 1, 1, 0, 23, 4, 2, 2, 1, 3, 5, 6, 25, 1, 2, 2, 9, 9, 7, 5, 4, 2, 6, 6, 1, 0, 2, 0, 2, 1, 1, 1, 3, 2, 2, 3, 1, 4, 3, 3, 17, 6, 3, 2, 1, 5, 4, 2, 2, 3, 3, 0, 1, 0, 0, 0, 0, 0, 0, 0, 0, 0, 0, 0, 1, 0, 0, 0, 1, 0, 0, 0, 0, 0, 0, 0, 1, 0, 0, 0, 3, 0, 0, 0, 0, 0, 0, 0, 
12, 0, 0, 1, 1, 0, 0, 1, 0, 0, 0, 0, 0, 3, 2, 0, 0, 2, 0, 1, 1, 1, 1, 1, 0, 2, 2, 1, 2, 1, 2, 3, 6, 2, 4, 5, 2, 19, 2, 2, 4, 25, 8, 10, 13, 4, 2, 3, 3, 1, 2, 1, 2, 3, 3, 5, 0, 0, 0, 0, 0, 2, 1, 4, 2, 15, 10, 3, 6, 2, 0, 0, 1, 3, 3, 5, 1, 1, 0, 0, 0, 0, 0, 0, 0, 4, 0, 0, 0, 0, 0, 0, 0, 0, 0, 0, 0, 1, 0, 0, 0, 0, 0, 0, 0, 1, 0, 0, 0, 0, 0, 0, 0, 
13, 1, 0, 1, 0, 1, 0, 0, 0, 1, 0, 1, 0, 0, 0, 0, 1, 0, 1, 0, 1, 0, 0, 1, 0, 0, 3, 0, 0, 1, 3, 3, 3, 2, 1, 3, 3, 27, 0, 3, 3, 16, 4, 8, 6, 4, 10, 6, 4, 2, 5, 8, 4, 3, 2, 4, 0, 2, 2, 4, 0, 6, 0, 0, 0, 20, 2, 6, 3, 4, 2, 1, 1, 0, 0, 2, 2, 0, 0, 0, 0, 0, 0, 0, 0, 1, 0, 0, 0, 0, 0, 0, 0, 0, 0, 0, 0, 1, 0, 0, 0, 1, 0, 0, 0, 2, 0, 0, 0, 2, 0, 0, 0, 
14, 1, 0, 1, 1, 0, 0, 0, 0, 2, 0, 0, 1, 0, 0, 0, 0, 1, 0, 0, 0, 0, 0, 0, 2, 2, 1, 0, 2, 5, 7, 3, 7, 2, 2, 2, 2, 25, 2, 1, 0, 19, 9, 11, 9, 5, 4, 4, 10, 15, 7, 5, 9, 3, 0, 1, 1, 1, 0, 1, 0, 1, 2, 2, 0, 21, 4, 3, 3, 2, 0, 1, 0, 9, 2, 0, 3, 1, 0, 0, 0, 0, 0, 0, 0, 0, 0, 0, 0, 3, 0, 0, 0, 0, 0, 0, 0, 1, 0, 0, 0, 0, 0, 0, 0, 0, 0, 0, 0, 1, 0, 0, 0, 
15, 1, 0, 0, 0, 0, 0, 0, 0, 0, 0, 1, 0, 1, 0, 0, 2, 1, 0, 0, 1, 1, 0, 0, 0, 4, 3, 2, 0, 12, 0, 2, 2, 1, 1, 2, 1, 39, 0, 1, 0, 10, 15, 11, 14, 11, 5, 5, 5, 17, 3, 10, 9, 7, 2, 3, 1, 0, 3, 0, 0, 0, 0, 1, 0, 34, 9, 5, 4, 1, 0, 0, 1, 3, 2, 2, 1, 2, 0, 0, 0, 0, 0, 0, 0, 0, 0, 0, 0, 1, 0, 0, 0, 1, 0, 0, 0, 0, 0, 0, 0, 1, 0, 0, 0, 1, 0, 0, 0, 0, 0, 0, 0, 
16, 1, 1, 1, 0, 0, 0, 1, 1, 0, 0, 0, 0, 0, 0, 0, 0, 0, 0, 1, 0, 0, 0, 0, 0, 1, 1, 3, 1, 4, 1, 5, 5, 2, 1, 2, 1, 38, 0, 1, 0, 13, 9, 21, 16, 4, 4, 5, 7, 23, 9, 6, 7, 4, 2, 2, 5, 5, 3, 1, 1, 1, 0, 0, 0, 35, 3, 3, 0, 0, 0, 2, 1, 2, 3, 1, 1, 3, 0, 0, 0, 1, 0, 0, 0, 0, 0, 0, 0, 0, 0, 0, 0, 1, 0, 0, 0, 3, 0, 0, 0, 1, 0, 0, 0, 0, 0, 0, 0, 3, 0, 0, 0, 
17, 1, 1, 2, 0, 3, 2, 1, 2, 1, 0, 0, 0, 0, 0, 0, 0, 0, 0, 0, 0, 0, 0, 0, 0, 0, 4, 2, 2, 22, 6, 6, 2, 2, 2, 3, 2, 29, 2, 1, 2, 13, 14, 9, 15, 5, 3, 5, 3, 20, 7, 7, 7, 6, 1, 7, 6, 0, 0, 1, 0, 0, 1, 0, 0, 34, 10, 3, 4, 1, 1, 0, 0, 0, 1, 0, 1, 0, 0, 0, 0, 1, 0, 0, 0, 1, 0, 0, 0, 0, 0, 0, 0, 0, 0, 0, 0, 1, 0, 0, 0, 0, 0, 0, 0, 0, 0, 0, 0, 2, 0, 0, 0, 
18, 0, 0, 0, 0, 0, 0, 0, 0, 3, 0, 0, 0, 0, 0, 1, 1, 0, 0, 0, 0, 0, 1, 0, 2, 0, 1, 0, 0, 36, 5, 4, 4, 0, 7, 3, 0, 28, 3, 2, 2, 9, 5, 12, 8, 10, 9, 8, 4, 18, 8, 3, 4, 10, 4, 10, 9, 2, 4, 0, 0, 0, 1, 0, 1, 40, 6, 4, 4, 1, 2, 4, 2, 0, 0, 2, 1, 0, 0, 0, 0, 0, 0, 0, 0, 1, 0, 0, 0, 0, 0, 0, 0, 0, 0, 0, 0, 1, 0, 0, 0, 0, 0, 0, 0, 2, 0, 0, 0, 0, 0, 0, 0, 
19, 1, 0, 0, 1, 1, 1, 2, 1, 1, 0, 0, 0, 0, 1, 1, 0, 0, 0, 0, 0, 0, 0, 0, 0, 1, 2, 1, 1, 26, 5, 5, 4, 3, 1, 0, 3, 30, 0, 2, 1, 26, 9, 5, 8, 10, 4, 9, 8, 9, 4, 8, 8, 19, 5, 6, 2, 0, 0, 2, 0, 0, 1, 0, 0, 36, 2, 5, 7, 1, 1, 1, 0, 3, 3, 3, 3, 1, 0, 0, 0, 0, 0, 0, 0, 1, 0, 0, 0, 3, 0, 0, 0, 0, 0, 0, 0, 0, 0, 0, 0, 2, 0, 0, 0, 1, 0, 0, 0, 0, 0, 0, 0, 
20, 1, 0, 1, 1, 0, 0, 0, 0, 0, 0, 0, 0, 0, 0, 0, 0, 1, 0, 0, 0, 1, 0, 0, 1, 0, 0, 1, 1, 18, 3, 3, 4, 0, 0, 2, 0, 21, 1, 1, 2, 26, 6, 9, 11, 8, 4, 4, 2, 8, 6, 8, 7, 14, 1, 8, 2, 10, 9, 5, 1, 0, 1, 3, 1, 39, 6, 3, 5, 0, 0, 1, 0, 5, 7, 2, 2, 1, 0, 0, 0, 2, 0, 0, 0, 0, 0, 0, 0, 0, 0, 0, 0, 0, 0, 0, 0, 0, 0, 0, 0, 1, 0, 0, 0, 0, 0, 0, 0, 3, 0, 0, 0, 
21, 1, 2, 3, 3, 2, 0, 2, 1, 0, 0, 1, 0, 3, 2, 0, 0, 0, 0, 0, 0, 0, 1, 0, 0, 0, 0, 0, 0, 8, 4, 6, 1, 0, 1, 0, 5, 38, 1, 0, 0, 20, 6, 10, 8, 3, 1, 3, 5, 7, 11, 3, 9, 6, 5, 4, 3, 26, 1, 1, 2, 2, 2, 0, 0, 48, 6, 7, 6, 0, 0, 0, 0, 3, 2, 0, 1, 0, 0, 0, 0, 1, 0, 0, 0, 2, 0, 0, 0, 2, 0, 0, 0, 0, 0, 0, 0, 1, 0, 0, 0, 0, 0, 0, 0, 1, 0, 0, 0, 3, 0, 0, 0, 
22, 1, 1, 0, 1, 0, 1, 1, 0, 1, 0, 0, 0, 0, 1, 0, 1, 0, 0, 2, 1, 0, 0, 0, 0, 2, 1, 4, 1, 3, 4, 5, 0, 0, 2, 1, 0, 36, 1, 1, 1, 20, 7, 10, 6, 4, 1, 3, 0, 8, 4, 7, 8, 4, 1, 5, 3, 20, 3, 2, 4, 5, 2, 1, 4, 46, 8, 7, 3, 0, 0, 3, 1, 2, 4, 1, 2, 0, 0, 0, 0, 3, 0, 0, 0, 0, 0, 0, 0, 0, 0, 0, 0, 1, 0, 0, 0, 1, 0, 0, 0, 1, 0, 0, 0, 1, 0, 0, 0, 1, 0, 0, 0, 
23, 0, 0, 0, 0, 1, 0, 2, 0, 0, 0, 1, 0, 0, 0, 0, 2, 0, 0, 0, 0, 1, 0, 1, 1, 3, 3, 4, 6, 1, 3, 7, 2, 2, 2, 3, 2, 22, 1, 0, 0, 29, 10, 14, 7, 0, 1, 0, 1, 6, 2, 6, 3, 1, 1, 1, 0, 29, 2, 2, 0, 2, 3, 4, 6, 44, 5, 0, 5, 3, 2, 1, 3, 6, 3, 4, 3, 1, 0, 0, 0, 0, 0, 0, 0, 0, 0, 0, 0, 0, 0, 0, 0, 1, 0, 0, 0, 0, 0, 0, 0, 2, 0, 0, 0, 0, 0, 0, 0, 1, 0, 0, 0, 
24, 0, 1, 1, 1, 1, 1, 2, 0, 1, 0, 0, 0, 1, 0, 0, 0, 0, 0, 0, 0, 0, 0, 1, 0, 4, 5, 3, 4, 3, 1, 4, 3, 3, 3, 1, 1, 10, 2, 0, 0, 24, 8, 4, 8, 1, 1, 3, 2, 6, 1, 4, 7, 1, 0, 0, 0, 24, 2, 3, 1, 2, 3, 2, 0, 31, 7, 5, 1, 0, 0, 0, 1, 1, 1, 5, 1, 2, 0, 0, 0, 0, 0, 0, 0, 0, 0, 0, 0, 1, 0, 0, 0, 2, 0, 0, 0, 1, 0, 0, 0, 0, 0, 0, 0, 0, 0, 0, 0, 1, 0, 0, 0, 
25, 1, 1, 2, 1, 2, 0, 0, 0, 3, 3, 0, 0, 1, 0, 0, 1, 0, 0, 0, 0, 0, 1, 0, 1, 1, 2, 4, 2, 2, 6, 3, 6, 3, 1, 1, 0, 1, 2, 3, 1, 22, 9, 3, 9, 5, 4, 1, 3, 8, 8, 8, 4, 0, 0, 1, 0, 27, 6, 0, 3, 1, 3, 1, 1, 18, 2, 3, 4, 0, 0, 0, 1, 0, 0, 1, 0, 0, 0, 0, 0, 0, 0, 0, 0, 0, 0, 0, 0, 1, 0, 0, 0, 2, 0, 0, 0, 0, 0, 0, 0, 0, 0, 0, 0, 0, 0, 0, 0, 1, 0, 0, 0, 
26, 2, 1, 0, 3, 1, 0, 0, 0, 0, 0, 1, 0, 1, 0, 1, 0, 0, 0, 2, 0, 1, 0, 0, 1, 4, 3, 4, 7, 3, 5, 1, 4, 1, 2, 0, 1, 3, 2, 2, 2, 13, 6, 9, 2, 3, 6, 2, 2, 9, 8, 11, 6, 1, 1, 1, 0, 37, 2, 3, 1, 1, 1, 0, 0, 23, 5, 1, 5, 0, 0, 2, 0, 4, 10, 0, 3, 0, 0, 0, 0, 0, 0, 0, 0, 2, 0, 0, 0, 0, 0, 0, 0, 1, 0, 0, 0, 0, 0, 0, 0, 0, 0, 0, 0, 0, 0, 0, 0, 0, 0, 0, 0, 
27, 0, 1, 3, 0, 0, 0, 0, 1, 1, 0, 0, 0, 0, 2, 1, 1, 0, 0, 1, 1, 0, 1, 0, 0, 4, 5, 4, 5, 6, 8, 3, 4, 5, 0, 5, 1, 2, 7, 1, 3, 4, 4, 2, 3, 22, 9, 11, 6, 9, 8, 6, 8, 1, 1, 0, 0, 30, 3, 2, 3, 0, 0, 0, 0, 20, 2, 5, 6, 1, 1, 0, 1, 4, 5, 0, 3, 0, 0, 0, 0, 0, 0, 0, 0, 2, 0, 0, 0, 1, 0, 0, 0, 2, 0, 0, 0, 0, 0, 0, 0, 2, 0, 0, 0, 0, 0, 0, 0, 0, 0, 0, 0, 
28, 1, 0, 0, 0, 1, 0, 0, 0, 0, 0, 0, 0, 0, 0, 0, 0, 0, 0, 1, 3, 0, 0, 0, 0, 6, 2, 6, 8, 6, 1, 7, 9, 0, 0, 1, 0, 6, 4, 2, 4, 4, 1, 3, 3, 31, 15, 6, 8, 4, 8, 8, 6, 2, 7, 4, 2, 29, 3, 2, 4, 0, 1, 0, 1, 15, 6, 3, 2, 3, 2, 1, 2, 6, 4, 4, 6, 0, 0, 0, 0, 1, 0, 0, 0, 2, 0, 0, 0, 0, 0, 0, 0, 1, 0, 0, 0, 0, 0, 0, 0, 0, 0, 0, 0, 0, 0, 0, 0, 3, 0, 0, 0, 
29, 0, 0, 1, 0, 2, 1, 1, 1, 0, 0, 0, 0, 0, 1, 0, 1, 0, 1, 0, 0, 2, 2, 2, 0, 9, 8, 9, 7, 9, 13, 7, 7, 3, 2, 3, 3, 1, 3, 1, 3, 7, 2, 2, 1, 36, 14, 10, 12, 1, 4, 5, 6, 8, 1, 1, 1, 35, 7, 2, 3, 0, 1, 3, 1, 17, 5, 2, 2, 1, 0, 0, 0, 0, 0, 0, 0, 0, 0, 0, 0, 2, 0, 0, 0, 0, 0, 0, 0, 0, 0, 0, 0, 1, 0, 0, 0, 1, 0, 0, 0, 0, 0, 0, 0, 1, 0, 0, 0, 3, 0, 0, 0, 
30, 0, 1, 0, 0, 2, 1, 1, 3, 3, 1, 0, 0, 0, 1, 2, 0, 0, 1, 2, 0, 0, 0, 0, 0, 12, 9, 5, 4, 12, 7, 5, 9, 4, 3, 2, 1, 2, 5, 3, 2, 1, 2, 1, 0, 37, 7, 13, 7, 2, 1, 5, 4, 0, 1, 4, 1, 49, 1, 1, 0, 10, 4, 4, 3, 14, 2, 2, 5, 3, 5, 2, 3, 1, 1, 2, 0, 0, 0, 0, 0, 3, 0, 0, 0, 0, 0, 0, 0, 0, 0, 0, 0, 2, 0, 0, 0, 0, 0, 0, 0, 1, 0, 0, 0, 0, 0, 0, 0, 0, 0, 0, 0, 
31, 0, 0, 0, 0, 2, 1, 2, 2, 0, 0, 1, 0, 0, 1, 1, 0, 0, 0, 0, 1, 0, 0, 0, 0, 7, 6, 7, 4, 18, 10, 12, 3, 1, 3, 2, 3, 0, 1, 1, 0, 0, 0, 3, 0, 34, 12, 8, 8, 1, 1, 0, 0, 5, 1, 5, 6, 38, 6, 2, 1, 13, 5, 6, 2, 20, 3, 4, 3, 0, 0, 1, 1, 0, 4, 3, 2, 1, 0, 0, 0, 0, 0, 0, 0, 1, 0, 0, 0, 1, 0, 0, 0, 0, 0, 0, 0, 1, 0, 0, 0, 0, 0, 0, 0, 1, 0, 0, 0, 1, 0, 0, 0, 
32, 1, 1, 1, 0, 5, 1, 2, 2, 2, 1, 1, 0, 3, 2, 2, 0, 1, 0, 0, 0, 1, 0, 0, 0, 15, 10, 6, 7, 6, 7, 5, 6, 2, 4, 3, 1, 5, 5, 3, 2, 2, 1, 2, 3, 38, 8, 4, 9, 9, 4, 1, 2, 5, 7, 7, 5, 23, 4, 1, 1, 10, 2, 1, 4, 20, 7, 5, 2, 1, 1, 0, 0, 2, 2, 2, 4, 1, 0, 0, 0, 0, 0, 0, 0, 1, 0, 0, 0, 0, 0, 0, 0, 1, 0, 0, 0, 1, 0, 0, 0, 0, 0, 0, 0, 0, 0, 0, 0, 0, 0, 0, 0, 
33, 0, 0, 0, 0, 1, 0, 1, 1, 0, 0, 1, 1, 1, 0, 2, 1, 0, 0, 1, 1, 1, 2, 1, 0, 27, 7, 4, 5, 4, 6, 5, 3, 0, 0, 2, 0, 4, 6, 3, 3, 6, 5, 5, 7, 46, 9, 7, 13, 4, 0, 2, 2, 6, 2, 6, 6, 17, 1, 2, 1, 9, 3, 3, 6, 21, 4, 3, 2, 0, 0, 1, 0, 3, 4, 4, 1, 0, 0, 0, 0, 1, 0, 0, 0, 2, 0, 0, 0, 0, 0, 0, 0, 0, 0, 0, 0, 0, 0, 0, 0, 3, 0, 0, 0, 0, 0, 0, 0, 1, 0, 0, 0, 
34, 2, 0, 0, 0, 0, 2, 0, 0, 1, 1, 0, 0, 0, 0, 1, 0, 2, 0, 0, 1, 1, 0, 0, 1, 28, 4, 7, 2, 15, 7, 5, 8, 1, 0, 1, 2, 0, 1, 0, 0, 4, 8, 5, 3, 52, 21, 15, 8, 3, 0, 0, 0, 2, 2, 2, 3, 16, 4, 0, 1, 11, 3, 3, 1, 23, 2, 5, 3, 1, 1, 2, 0, 7, 7, 4, 2, 1, 0, 0, 0, 2, 0, 0, 0, 1, 0, 0, 0, 0, 0, 0, 0, 0, 0, 0, 0, 5, 0, 0, 0, 3, 0, 0, 0, 2, 0, 0, 0, 0, 0, 0, 0, 
35, 0, 0, 0, 0, 0, 0, 1, 1, 1, 0, 0, 0, 0, 0, 1, 1, 1, 0, 0, 0, 2, 0, 0, 0, 14, 7, 3, 5, 10, 6, 8, 6, 7, 1, 1, 1, 2, 0, 0, 0, 2, 0, 0, 0, 69, 10, 5, 8, 6, 2, 0, 0, 9, 1, 2, 0, 13, 4, 0, 1, 4, 6, 0, 1, 33, 6, 8, 2, 0, 1, 1, 2, 12, 3, 2, 4, 0, 0, 0, 0, 0, 0, 0, 0, 1, 0, 0, 0, 2, 0, 0, 0, 1, 0, 0, 0, 1, 0, 0, 0, 1, 0, 0, 0, 0, 0, 0, 0, 2, 0, 0, 0, 
36, 0, 0, 1, 0, 0, 0, 1, 1, 1, 0, 0, 0, 0, 0, 1, 1, 0, 0, 0, 0, 0, 0, 0, 1, 9, 7, 7, 5, 9, 16, 13, 14, 4, 2, 2, 1, 0, 1, 1, 1, 8, 1, 2, 0, 60, 7, 17, 9, 16, 2, 0, 1, 12, 2, 0, 1, 15, 3, 1, 3, 4, 4, 4, 2, 39, 3, 5, 2, 1, 0, 0, 0, 16, 5, 2, 6, 1, 0, 0, 0, 1, 0, 0, 0, 0, 0, 0, 0, 2, 0, 0, 0, 3, 0, 0, 0, 1, 0, 0, 0, 1, 0, 0, 0, 1, 0, 0, 0, 2, 0, 0, 0, 
37, 1, 0, 0, 0, 1, 0, 0, 0, 0, 3, 2, 0, 1, 0, 0, 0, 0, 0, 1, 0, 1, 0, 0, 0, 26, 5, 5, 6, 23, 14, 4, 12, 4, 4, 5, 1, 7, 0, 1, 0, 1, 1, 3, 2, 54, 11, 10, 12, 8, 2, 0, 2, 8, 3, 0, 0, 16, 3, 3, 1, 5, 2, 3, 5, 30, 7, 0, 4, 2, 0, 0, 2, 12, 4, 4, 1, 1, 0, 0, 0, 2, 0, 0, 0, 1, 0, 0, 0, 1, 0, 0, 0, 1, 0, 0, 0, 1, 0, 0, 0, 0, 0, 0, 0, 1, 0, 0, 0, 0, 0, 0, 0, 
38, 0, 0, 4, 1, 0, 0, 1, 0, 0, 0, 0, 0, 1, 0, 1, 1, 1, 0, 0, 0, 0, 0, 0, 0, 32, 5, 7, 2, 17, 9, 9, 13, 4, 4, 3, 3, 6, 1, 4, 0, 1, 0, 0, 0, 66, 11, 10, 6, 6, 0, 0, 1, 3, 0, 0, 0, 15, 1, 2, 1, 2, 0, 3, 2, 20, 6, 4, 0, 0, 0, 0, 0, 12, 3, 2, 3, 0, 0, 0, 0, 1, 0, 0, 0, 0, 0, 0, 0, 2, 0, 0, 0, 1, 0, 0, 0, 0, 0, 0, 0, 1, 0, 0, 0, 1, 0, 0, 0, 2, 0, 0, 0, 
39, 1, 0, 1, 0, 0, 1, 1, 0, 1, 0, 0, 0, 1, 1, 2, 0, 0, 0, 0, 0, 0, 0, 0, 1, 28, 7, 11, 6, 23, 10, 6, 12, 19, 7, 2, 1, 13, 1, 1, 1, 2, 1, 0, 1, 63, 8, 10, 9, 10, 11, 2, 2, 0, 0, 1, 0, 15, 5, 2, 0, 5, 4, 0, 2, 27, 7, 2, 4, 0, 2, 3, 0, 0, 0, 2, 0, 1, 0, 0, 0, 1, 0, 0, 0, 2, 0, 0, 0, 0, 0, 0, 0, 1, 0, 0, 0, 1, 0, 0, 0, 0, 0, 0, 0, 1, 0, 0, 0, 0, 0, 0, 0, 
40, 0, 0, 0, 0, 0, 2, 0, 0, 1, 0, 1, 0, 0, 0, 0, 0, 0, 0, 1, 1, 0, 0, 0, 0, 41, 11, 6, 6, 38, 10, 7, 11, 13, 6, 8, 5, 1, 1, 1, 1, 3, 4, 4, 0, 73, 11, 7, 8, 0, 2, 0, 2, 1, 1, 1, 0, 15, 1, 3, 2, 18, 6, 0, 1, 30, 5, 1, 2, 2, 5, 1, 2, 1, 0, 1, 0, 0, 0, 0, 0, 0, 0, 0, 0, 0, 0, 0, 0, 0, 0, 0, 0, 0, 0, 0, 0, 1, 0, 0, 0, 2, 0, 0, 0, 4, 0, 0, 0, 1, 0, 0, 0, 
41, 0, 0, 1, 0, 0, 0, 1, 0, 0, 0, 0, 0, 0, 1, 0, 0, 2, 0, 0, 0, 0, 0, 0, 0, 46, 5, 11, 3, 35, 15, 12, 9, 24, 8, 8, 2, 3, 4, 3, 1, 0, 0, 0, 0, 85, 20, 8, 12, 1, 1, 2, 0, 0, 0, 0, 0, 10, 9, 2, 2, 18, 0, 1, 2, 27, 4, 8, 0, 0, 0, 0, 1, 2, 1, 1, 1, 0, 0, 0, 0, 0, 0, 0, 0, 2, 0, 0, 0, 0, 0, 0, 0, 2, 0, 0, 0, 3, 0, 0, 0, 2, 0, 0, 0, 0, 0, 0, 0, 1, 0, 0, 0, 
42, 0, 0, 0, 0, 3, 1, 0, 0, 0, 1, 0, 0, 0, 1, 0, 0, 1, 2, 0, 0, 0, 0, 0, 1, 56, 6, 2, 7, 39, 13, 9, 6, 35, 7, 6, 3, 0, 1, 1, 0, 2, 6, 2, 0, 95, 9, 11, 12, 15, 3, 0, 0, 0, 1, 2, 2, 32, 1, 1, 2, 30, 2, 4, 1, 51, 6, 4, 1, 1, 0, 1, 1, 2, 1, 5, 0, 0, 0, 0, 0, 1, 0, 0, 0, 0, 0, 0, 0, 0, 0, 0, 0, 0, 0, 0, 0, 1, 0, 0, 0, 3, 0, 0, 0, 0, 0, 0, 0, 1, 0, 0, 0, 
43, 0, 0, 1, 0, 5, 4, 0, 1, 0, 0, 1, 0, 0, 0, 0, 0, 0, 0, 0, 0, 1, 0, 0, 1, 50, 6, 6, 1, 48, 12, 10, 2, 31, 5, 4, 8, 2, 0, 0, 1, 5, 0, 2, 0, 87, 10, 9, 10, 10, 1, 3, 0, 5, 2, 2, 5, 35, 3, 2, 1, 36, 1, 3, 1, 48, 10, 5, 5, 1, 0, 4, 0, 1, 2, 0, 2, 2, 0, 0, 0, 0, 0, 0, 0, 0, 0, 0, 0, 1, 0, 0, 0, 0, 0, 0, 0, 3, 0, 0, 0, 1, 0, 0, 0, 1, 0, 0, 0, 1, 0, 0, 0, 
44, 0, 3, 0, 1, 0, 0, 0, 1, 0, 4, 2, 3, 1, 1, 1, 0, 0, 0, 2, 1, 0, 0, 0, 0, 43, 6, 6, 4, 48, 8, 8, 10, 23, 4, 2, 5, 1, 3, 3, 2, 2, 1, 0, 0, 84, 9, 6, 8, 16, 1, 0, 0, 8, 4, 3, 2, 40, 2, 1, 2, 35, 3, 1, 3, 51, 0, 4, 3, 7, 2, 4, 4, 10, 0, 1, 0, 1, 0, 0, 0, 0, 0, 0, 0, 1, 0, 0, 0, 1, 0, 0, 0, 1, 0, 0, 0, 0, 0, 0, 0, 2, 0, 0, 0, 1, 0, 0, 0, 0, 0, 0, 0, 
45, 1, 0, 0, 0, 0, 0, 0, 0, 0, 1, 0, 0, 1, 0, 0, 0, 1, 1, 0, 0, 1, 2, 1, 1, 35, 6, 3, 6, 39, 17, 14, 9, 20, 2, 2, 5, 1, 2, 5, 4, 8, 0, 0, 2, 80, 10, 9, 5, 12, 2, 0, 0, 15, 1, 3, 5, 42, 4, 1, 2, 32, 3, 0, 1, 40, 2, 3, 3, 1, 1, 0, 1, 27, 1, 0, 0, 2, 0, 0, 0, 2, 0, 0, 0, 1, 0, 0, 0, 1, 0, 0, 0, 1, 0, 0, 0, 0, 0, 0, 0, 0, 0, 0, 0, 2, 0, 0, 0, 0, 0, 0, 0, 
46, 0, 0, 0, 0, 4, 1, 1, 1, 1, 1, 1, 0, 0, 0, 1, 0, 0, 0, 2, 0, 1, 1, 0, 0, 40, 8, 4, 4, 46, 10, 9, 10, 20, 1, 3, 6, 7, 3, 4, 1, 0, 1, 0, 0, 79, 6, 7, 6, 11, 0, 1, 0, 19, 1, 1, 4, 54, 2, 3, 1, 20, 0, 1, 2, 28, 3, 2, 6, 0, 2, 0, 2, 25, 1, 3, 1, 2, 0, 0, 0, 1, 0, 0, 0, 1, 0, 0, 0, 2, 0, 0, 0, 0, 0, 0, 0, 0, 0, 0, 0, 0, 0, 0, 0, 1, 0, 0, 0, 0, 0, 0, 0, 
47, 0, 0, 1, 0, 0, 1, 1, 0, 0, 0, 0, 0, 0, 1, 2, 1, 1, 1, 1, 0, 0, 0, 0, 0, 40, 8, 3, 6, 36, 12, 6, 10, 15, 6, 3, 4, 8, 5, 2, 1, 2, 3, 4, 6, 78, 9, 8, 7, 6, 1, 2, 5, 13, 2, 3, 2, 58, 3, 3, 2, 14, 1, 3, 1, 14, 4, 3, 2, 2, 0, 2, 1, 24, 2, 0, 0, 1, 0, 0, 0, 1, 0, 0, 0, 1, 0, 0, 0, 1, 0, 0, 0, 1, 0, 0, 0, 1, 0, 0, 0, 0, 0, 0, 0, 1, 0, 0, 0, 1, 0, 0, 0, 
48, 0, 0, 0, 0, 3, 0, 0, 0, 1, 1, 0, 2, 0, 0, 0, 0, 0, 0, 0, 0, 0, 0, 0, 1, 36, 10, 10, 6, 33, 10, 15, 7, 18, 8, 7, 5, 9, 4, 2, 4, 13, 2, 6, 5, 58, 7, 8, 6, 6, 1, 0, 2, 3, 1, 5, 2, 61, 4, 0, 0, 9, 2, 0, 2, 10, 2, 3, 0, 3, 0, 0, 0, 18, 2, 0, 3, 2, 0, 0, 0, 1, 0, 0, 0, 1, 0, 0, 0, 1, 0, 0, 0, 0, 0, 0, 0, 1, 0, 0, 0, 1, 0, 0, 0, 0, 0, 0, 0, 1, 0, 0, 0, 
49, 1, 1, 1, 1, 0, 0, 0, 0, 3, 0, 0, 0, 0, 1, 1, 0, 2, 2, 5, 1, 0, 0, 0, 0, 40, 9, 5, 6, 33, 15, 11, 11, 22, 4, 4, 6, 13, 9, 4, 4, 10, 13, 2, 6, 56, 16, 5, 7, 3, 5, 4, 1, 6, 6, 6, 2, 57, 3, 3, 0, 0, 0, 0, 0, 5, 6, 1, 4, 0, 0, 3, 1, 13, 5, 0, 0, 0, 0, 0, 0, 0, 0, 0, 0, 0, 0, 0, 0, 2, 0, 0, 0, 1, 0, 0, 0, 0, 0, 0, 0, 1, 0, 0, 0, 1, 0, 0, 0, 0, 0, 0, 0, 
50, 0, 0, 1, 1, 1, 1, 3, 0, 0, 1, 0, 0, 1, 0, 0, 0, 0, 0, 3, 1, 0, 1, 0, 0, 31, 8, 2, 1, 48, 10, 9, 7, 26, 7, 3, 4, 17, 4, 4, 2, 13, 4, 6, 3, 42, 6, 7, 7, 1, 7, 4, 4, 6, 1, 4, 2, 50, 2, 1, 0, 1, 4, 0, 1, 8, 7, 3, 4, 4, 1, 0, 0, 13, 3, 1, 1, 0, 0, 0, 0, 1, 0, 0, 0, 1, 0, 0, 0, 1, 0, 0, 0, 1, 0, 0, 0, 0, 0, 0, 0, 0, 0, 0, 0, 1, 0, 0, 0, 2, 0, 0, 0, 
51, 0, 0, 0, 0, 1, 2, 0, 1, 3, 3, 0, 2, 1, 0, 2, 0, 1, 1, 0, 0, 1, 1, 0, 0, 17, 6, 3, 4, 56, 17, 11, 11, 10, 2, 5, 5, 16, 3, 1, 2, 12, 6, 7, 4, 29, 9, 9, 8, 3, 11, 6, 4, 5, 7, 4, 5, 62, 4, 2, 2, 0, 0, 0, 2, 9, 7, 4, 4, 1, 1, 2, 0, 21, 0, 2, 1, 1, 0, 0, 0, 0, 0, 0, 0, 0, 0, 0, 0, 1, 0, 0, 0, 1, 0, 0, 0, 1, 0, 0, 0, 1, 0, 0, 0, 2, 0, 0, 0, 0, 0, 0, 0, 
52, 1, 0, 0, 1, 0, 1, 0, 0, 0, 0, 0, 0, 0, 0, 1, 0, 2, 1, 0, 0, 1, 0, 0, 0, 19, 5, 6, 6, 73, 13, 3, 11, 7, 3, 3, 4, 17, 1, 3, 1, 11, 3, 8, 7, 26, 13, 13, 14, 4, 6, 14, 3, 3, 2, 5, 3, 67, 1, 5, 1, 3, 0, 3, 0, 7, 4, 3, 6, 1, 1, 1, 1, 19, 0, 1, 0, 1, 0, 0, 0, 0, 0, 0, 0, 0, 0, 0, 0, 2, 0, 0, 0, 0, 0, 0, 0, 1, 0, 0, 0, 2, 0, 0, 0, 0, 0, 0, 0, 0, 0, 0, 0, 
53, 1, 0, 0, 0, 0, 0, 1, 1, 0, 0, 0, 0, 0, 0, 1, 0, 0, 0, 0, 0, 0, 0, 0, 0, 18, 10, 10, 3, 64, 8, 8, 10, 3, 1, 2, 2, 28, 2, 2, 3, 7, 5, 6, 4, 45, 4, 8, 6, 6, 11, 3, 8, 1, 2, 6, 1, 63, 3, 1, 0, 0, 0, 0, 0, 4, 4, 8, 1, 1, 1, 1, 2, 9, 2, 1, 0, 2, 0, 0, 0, 0, 0, 0, 0, 2, 0, 0, 0, 1, 0, 0, 0, 0, 0, 0, 0, 1, 0, 0, 0, 0, 0, 0, 0, 1, 0, 0, 0, 1, 0, 0, 0, 
54, 0, 0, 1, 0, 0, 1, 0, 2, 1, 0, 0, 0, 1, 0, 0, 0, 2, 2, 1, 0, 0, 0, 1, 0, 20, 5, 7, 7, 48, 14, 10, 7, 5, 4, 5, 2, 18, 3, 6, 1, 14, 5, 3, 5, 36, 6, 8, 8, 4, 2, 2, 3, 12, 5, 3, 2, 66, 3, 1, 0, 4, 1, 2, 3, 6, 6, 2, 6, 9, 4, 4, 1, 19, 2, 0, 0, 2, 0, 0, 0, 1, 0, 0, 0, 2, 0, 0, 0, 2, 0, 0, 0, 3, 0, 0, 0, 0, 0, 0, 0, 0, 0, 0, 0, 1, 0, 0, 0, 0, 0, 0, 0, 
55, 0, 0, 1, 0, 1, 0, 0, 0, 0, 1, 1, 0, 1, 0, 0, 0, 0, 2, 1, 0, 1, 1, 1, 1, 19, 7, 6, 6, 52, 9, 11, 8, 0, 0, 0, 1, 4, 1, 3, 3, 14, 6, 8, 6, 39, 11, 12, 8, 3, 3, 1, 7, 19, 7, 3, 6, 70, 3, 2, 1, 1, 0, 3, 2, 5, 11, 6, 8, 2, 1, 1, 1, 10, 1, 1, 0, 0, 0, 0, 0, 2, 0, 0, 0, 0, 0, 0, 0, 0, 0, 0, 0, 0, 0, 0, 0, 1, 0, 0, 0, 0, 0, 0, 0, 0, 0, 0, 0, 0, 0, 0, 0, 
56, 2, 1, 1, 0, 3, 1, 2, 2, 0, 0, 1, 0, 1, 0, 0, 0, 5, 0, 0, 0, 0, 0, 0, 2, 22, 4, 4, 8, 49, 15, 11, 9, 1, 0, 0, 1, 4, 4, 2, 1, 20, 4, 5, 5, 42, 8, 11, 5, 3, 4, 7, 2, 24, 0, 3, 3, 84, 3, 2, 0, 1, 0, 0, 0, 2, 6, 2, 5, 1, 2, 3, 3, 2, 0, 1, 0, 2, 0, 0, 0, 0, 0, 0, 0, 0, 0, 0, 0, 1, 0, 0, 0, 0, 0, 0, 0, 1, 0, 0, 0, 1, 0, 0, 0, 0, 0, 0, 0, 2, 0, 0, 0, 
57, 1, 0, 0, 0, 0, 0, 2, 1, 0, 1, 1, 1, 0, 1, 0, 2, 0, 0, 0, 1, 1, 0, 0, 0, 22, 6, 9, 7, 56, 9, 9, 9, 0, 2, 0, 1, 2, 1, 5, 4, 6, 9, 7, 7, 29, 9, 9, 8, 6, 6, 4, 6, 24, 4, 0, 3, 83, 5, 3, 0, 0, 0, 0, 0, 1, 2, 2, 5, 1, 0, 1, 0, 0, 1, 1, 0, 1, 0, 0, 0, 0, 0, 0, 0, 2, 0, 0, 0, 0, 0, 0, 0, 1, 0, 0, 0, 1, 0, 0, 0, 0, 0, 0, 0, 0, 0, 0, 0, 0, 0, 0, 0, 
58, 0, 0, 0, 1, 2, 2, 2, 1, 2, 0, 1, 2, 0, 0, 0, 0, 0, 2, 0, 1, 0, 1, 0, 0, 19, 6, 4, 8, 54, 13, 5, 15, 1, 1, 0, 0, 4, 4, 6, 4, 14, 4, 8, 4, 19, 6, 10, 5, 4, 3, 5, 4, 10, 0, 3, 4, 84, 4, 6, 1, 3, 3, 0, 0, 3, 3, 1, 6, 0, 1, 0, 0, 0, 4, 1, 1, 0, 0, 0, 0, 1, 0, 0, 0, 2, 0, 0, 0, 1, 0, 0, 0, 0, 0, 0, 0, 0, 0, 0, 0, 0, 0, 0, 0, 1, 0, 0, 0, 1, 0, 0, 0, 
59, 1, 1, 0, 1, 0, 0, 3, 0, 0, 1, 0, 0, 1, 1, 0, 0, 1, 0, 0, 1, 1, 0, 0, 1, 12, 5, 3, 5, 44, 8, 10, 7, 1, 1, 0, 0, 6, 3, 7, 3, 8, 8, 9, 4, 16, 14, 7, 3, 1, 4, 3, 2, 9, 3, 0, 2, 79, 3, 0, 2, 2, 1, 0, 1, 15, 9, 8, 4, 0, 1, 0, 0, 6, 2, 0, 1, 0, 0, 0, 0, 0, 0, 0, 0, 0, 0, 0, 0, 0, 0, 0, 0, 1, 0, 0, 0, 3, 0, 0, 0, 2, 0, 0, 0, 0, 0, 0, 0, 0, 0, 0, 0, 
60, 0, 1, 0, 0, 0, 0, 0, 0, 1, 3, 0, 0, 0, 0, 1, 0, 2, 1, 0, 0, 0, 0, 0, 1, 11, 4, 3, 4, 43, 8, 3, 11, 1, 1, 1, 2, 16, 9, 10, 7, 4, 7, 3, 6, 5, 10, 6, 5, 3, 1, 2, 2, 5, 2, 2, 0, 72, 2, 1, 1, 1, 3, 3, 1, 12, 7, 7, 4, 4, 0, 0, 0, 6, 2, 0, 1, 0, 0, 0, 0, 2, 0, 0, 0, 0, 0, 0, 0, 1, 0, 0, 0, 0, 0, 0, 0, 1, 0, 0, 0, 0, 0, 0, 0, 0, 0, 0, 0, 1, 0, 0, 0, 
61, 2, 1, 0, 0, 0, 1, 0, 0, 0, 0, 1, 0, 0, 2, 2, 1, 2, 0, 1, 0, 0, 0, 0, 0, 9, 10, 7, 3, 23, 13, 6, 14, 1, 1, 0, 0, 33, 6, 8, 3, 6, 5, 6, 5, 6, 8, 4, 5, 5, 1, 1, 1, 4, 2, 0, 1, 62, 3, 5, 1, 3, 1, 2, 2, 6, 2, 3, 4, 0, 0, 2, 0, 10, 5, 5, 1, 0, 0, 0, 0, 2, 0, 0, 0, 0, 0, 0, 0, 0, 0, 0, 0, 2, 0, 0, 0, 0, 0, 0, 0, 0, 0, 0, 0, 3, 0, 0, 0, 0, 0, 0, 0, 
62, 0, 0, 0, 2, 1, 0, 2, 1, 1, 0, 1, 2, 0, 1, 0, 0, 0, 2, 1, 0, 1, 0, 0, 0, 12, 10, 10, 4, 31, 9, 10, 5, 2, 1, 1, 1, 27, 6, 4, 8, 21, 3, 3, 6, 2, 3, 6, 8, 16, 0, 0, 1, 3, 0, 2, 2, 61, 1, 3, 1, 9, 2, 4, 2, 3, 5, 7, 4, 1, 0, 1, 1, 17, 2, 1, 0, 1, 0, 0, 0, 1, 0, 0, 0, 1, 0, 0, 0, 0, 0, 0, 0, 1, 0, 0, 0, 0, 0, 0, 0, 0, 0, 0, 0, 0, 0, 0, 0, 0, 0, 0, 0, 
63, 0, 0, 0, 0, 0, 1, 0, 1, 1, 2, 0, 0, 0, 0, 0, 1, 0, 2, 3, 2, 1, 2, 0, 1, 11, 5, 0, 5, 32, 8, 9, 12, 3, 0, 1, 2, 20, 7, 6, 2, 28, 11, 5, 6, 7, 3, 2, 1, 2, 0, 1, 3, 2, 1, 1, 0, 53, 0, 1, 0, 6, 3, 1, 1, 13, 8, 8, 2, 0, 1, 0, 0, 15, 3, 0, 1, 0, 0, 0, 0, 0, 0, 0, 0, 1, 0, 0, 0, 2, 0, 0, 0, 1, 0, 0, 0, 2, 0, 0, 0, 0, 0, 0, 0, 0, 0, 0, 0, 0, 0, 0, 0, 
64, 1, 0, 1, 0, 2, 0, 0, 0, 1, 0, 0, 0, 0, 1, 0, 0, 0, 0, 1, 1, 0, 0, 0, 0, 13, 12, 8, 6, 34, 11, 16, 6, 1, 1, 0, 1, 20, 7, 2, 4, 33, 7, 5, 3, 0, 0, 1, 1, 8, 8, 3, 1, 1, 1, 0, 2, 44, 1, 3, 1, 3, 6, 3, 3, 11, 5, 6, 3, 1, 3, 3, 4, 12, 2, 1, 1, 2, 0, 0, 0, 1, 0, 0, 0, 1, 0, 0, 0, 0, 0, 0, 0, 1, 0, 0, 0, 0, 0, 0, 0, 0, 0, 0, 0, 0, 0, 0, 0, 0, 0, 0, 0, 
65, 1, 1, 1, 0, 0, 3, 0, 0, 0, 0, 0, 1, 2, 0, 0, 0, 1, 1, 2, 0, 2, 1, 0, 0, 14, 7, 10, 6, 41, 11, 12, 7, 0, 1, 1, 1, 9, 6, 5, 9, 39, 5, 4, 2, 1, 3, 3, 1, 18, 7, 4, 0, 0, 0, 1, 0, 31, 2, 2, 0, 6, 3, 5, 3, 19, 4, 5, 1, 0, 0, 0, 0, 16, 0, 1, 0, 0, 0, 0, 0, 0, 0, 0, 0, 0, 0, 0, 0, 0, 0, 0, 0, 1, 0, 0, 0, 3, 0, 0, 0, 2, 0, 0, 0, 0, 0, 0, 0, 1, 0, 0, 0, 
66, 0, 0, 0, 0, 3, 5, 0, 0, 0, 0, 0, 0, 3, 0, 0, 1, 0, 0, 0, 0, 0, 0, 1, 0, 4, 7, 5, 9, 37, 10, 11, 7, 8, 0, 1, 1, 22, 5, 5, 5, 34, 1, 6, 7, 2, 1, 1, 1, 17, 1, 7, 3, 2, 2, 3, 0, 37, 4, 2, 3, 1, 3, 0, 1, 20, 4, 4, 5, 0, 0, 1, 1, 2, 0, 0, 1, 1, 0, 0, 0, 1, 0, 0, 0, 0, 0, 0, 0, 0, 0, 0, 0, 0, 0, 0, 0, 2, 0, 0, 0, 0, 0, 0, 0, 2, 0, 0, 0, 0, 0, 0, 0, 
67, 0, 0, 1, 0, 2, 0, 0, 1, 1, 1, 0, 0, 0, 1, 0, 0, 0, 1, 2, 0, 0, 0, 0, 0, 5, 5, 5, 5, 33, 9, 10, 6, 13, 3, 1, 0, 8, 6, 8, 3, 44, 6, 3, 3, 4, 1, 5, 2, 10, 0, 4, 3, 0, 1, 1, 0, 34, 1, 1, 1, 2, 3, 3, 0, 23, 4, 2, 2, 0, 0, 1, 5, 2, 5, 2, 1, 0, 0, 0, 0, 1, 0, 0, 0, 0, 0, 0, 0, 0, 0, 0, 0, 1, 0, 0, 0, 2, 0, 0, 0, 0, 0, 0, 0, 0, 0, 0, 0, 0, 0, 0, 0, 
68, 0, 0, 0, 0, 1, 0, 0, 1, 0, 1, 0, 2, 0, 1, 0, 2, 1, 0, 0, 1, 0, 0, 0, 2, 17, 2, 8, 10, 24, 7, 7, 13, 26, 1, 0, 0, 10, 5, 5, 7, 28, 6, 4, 6, 6, 8, 8, 4, 0, 0, 0, 1, 0, 2, 0, 1, 33, 1, 2, 5, 3, 1, 2, 1, 13, 4, 5, 1, 2, 0, 0, 0, 4, 3, 1, 4, 0, 0, 0, 0, 1, 0, 0, 0, 0, 0, 0, 0, 0, 0, 0, 0, 0, 0, 0, 0, 0, 0, 0, 0, 0, 0, 0, 0, 0, 0, 0, 0, 1, 0, 0, 0, 
69, 0, 0, 0, 0, 2, 0, 0, 1, 0, 0, 0, 0, 1, 0, 0, 1, 1, 0, 0, 0, 0, 1, 0, 0, 11, 12, 8, 12, 27, 13, 11, 8, 17, 0, 0, 1, 8, 3, 9, 3, 23, 6, 5, 4, 12, 4, 2, 3, 0, 1, 0, 0, 2, 0, 1, 1, 31, 4, 1, 2, 4, 2, 0, 0, 2, 1, 4, 3, 1, 1, 2, 1, 7, 5, 3, 1, 0, 0, 0, 0, 2, 0, 0, 0, 0, 0, 0, 0, 0, 0, 0, 0, 3, 0, 0, 0, 0, 0, 0, 0, 4, 0, 0, 0, 2, 0, 0, 0, 1, 0, 0, 0, 
70, 0, 0, 1, 1, 0, 0, 1, 1, 0, 1, 2, 0, 0, 0, 0, 0, 1, 1, 0, 0, 0, 1, 0, 0, 21, 11, 11, 11, 37, 17, 10, 9, 21, 0, 0, 0, 4, 7, 10, 10, 14, 4, 8, 4, 13, 9, 2, 1, 0, 3, 2, 0, 0, 0, 1, 1, 39, 8, 3, 1, 3, 0, 0, 1, 3, 1, 1, 3, 1, 1, 2, 3, 4, 4, 5, 2, 3, 0, 0, 0, 0, 0, 0, 0, 1, 0, 0, 0, 2, 0, 0, 0, 0, 0, 0, 0, 1, 0, 0, 0, 0, 0, 0, 0, 0, 0, 0, 0, 0, 0, 0, 0, 
71, 0, 0, 4, 0, 1, 1, 2, 2, 0, 0, 0, 0, 0, 0, 0, 0, 0, 0, 1, 0, 0, 0, 1, 1, 27, 7, 8, 9, 48, 9, 9, 10, 22, 1, 1, 0, 13, 7, 4, 6, 9, 6, 3, 3, 31, 5, 2, 8, 1, 0, 1, 1, 2, 4, 2, 4, 29, 3, 2, 0, 0, 0, 2, 0, 2, 1, 4, 2, 2, 1, 2, 1, 5, 6, 1, 4, 0, 0, 0, 0, 1, 0, 0, 0, 1, 0, 0, 0, 0, 0, 0, 0, 4, 0, 0, 0, 0, 0, 0, 0, 0, 0, 0, 0, 0, 0, 0, 0, 1, 0, 0, 0, 
72, 0, 1, 0, 0, 1, 0, 0, 0, 1, 0, 0, 1, 0, 0, 0, 0, 0, 0, 1, 0, 1, 0, 0, 0, 34, 9, 8, 15, 37, 10, 10, 10, 17, 0, 0, 1, 11, 10, 5, 8, 6, 4, 5, 9, 20, 10, 6, 2, 1, 2, 2, 2, 14, 3, 3, 2, 15, 2, 1, 0, 0, 0, 0, 2, 1, 1, 0, 2, 13, 1, 1, 0, 1, 3, 0, 2, 4, 0, 0, 0, 1, 0, 0, 0, 0, 0, 0, 0, 0, 0, 0, 0, 1, 0, 0, 0, 0, 0, 0, 0, 2, 0, 0, 0, 1, 0, 0, 0, 0, 0, 0, 0, 
73, 1, 3, 0, 1, 1, 2, 0, 0, 0, 0, 0, 0, 1, 1, 0, 0, 0, 0, 0, 0, 1, 1, 0, 0, 57, 12, 7, 11, 39, 17, 9, 6, 17, 0, 0, 0, 20, 3, 11, 6, 2, 10, 9, 7, 20, 2, 1, 0, 3, 2, 0, 1, 14, 4, 3, 0, 10, 1, 0, 2, 2, 1, 3, 0, 1, 0, 0, 0, 3, 1, 1, 2, 0, 0, 0, 0, 1, 0, 0, 0, 2, 0, 0, 0, 0, 0, 0, 0, 0, 0, 0, 0, 0, 0, 0, 0, 1, 0, 0, 0, 0, 0, 0, 0, 0, 0, 0, 0, 2, 0, 0, 0, 
74, 1, 0, 1, 0, 0, 1, 0, 0, 1, 2, 0, 0, 0, 1, 0, 0, 2, 1, 3, 1, 0, 2, 0, 0, 64, 13, 6, 9, 43, 7, 8, 10, 13, 0, 1, 1, 17, 2, 8, 3, 5, 6, 5, 6, 16, 6, 2, 4, 4, 1, 3, 1, 17, 5, 8, 3, 1, 2, 5, 1, 1, 1, 0, 0, 4, 6, 6, 4, 11, 1, 1, 0, 1, 0, 0, 0, 3, 0, 0, 0, 1, 0, 0, 0, 4, 0, 0, 0, 0, 0, 0, 0, 0, 0, 0, 0, 2, 0, 0, 0, 0, 0, 0, 0, 0, 0, 0, 0, 0, 0, 0, 0, 
75, 2, 1, 1, 1, 0, 0, 0, 0, 2, 0, 0, 0, 0, 0, 0, 0, 1, 0, 0, 0, 1, 0, 1, 1, 56, 14, 11, 4, 48, 9, 5, 12, 6, 0, 3, 3, 20, 5, 5, 6, 12, 8, 8, 9, 16, 3, 5, 3, 1, 3, 1, 1, 14, 4, 2, 4, 7, 1, 2, 2, 0, 1, 1, 1, 11, 10, 12, 6, 17, 0, 0, 1, 4, 3, 2, 0, 2, 0, 0, 0, 1, 0, 0, 0, 0, 0, 0, 0, 0, 0, 0, 0, 0, 0, 0, 0, 0, 0, 0, 0, 1, 0, 0, 0, 2, 0, 0, 0, 0, 0, 0, 0, 
76, 1, 0, 2, 0, 0, 0, 0, 3, 2, 3, 0, 0, 0, 0, 0, 0, 0, 1, 0, 0, 0, 0, 0, 1, 65, 11, 11, 7, 44, 9, 9, 6, 11, 1, 6, 3, 35, 10, 7, 7, 9, 7, 14, 9, 24, 5, 1, 4, 1, 4, 1, 1, 23, 5, 0, 2, 1, 2, 2, 2, 2, 4, 1, 1, 11, 7, 6, 3, 2, 0, 0, 0, 3, 4, 2, 2, 1, 0, 0, 0, 0, 0, 0, 0, 1, 0, 0, 0, 1, 0, 0, 0, 0, 0, 0, 0, 1, 0, 0, 0, 0, 0, 0, 0, 1, 0, 0, 0, 0, 0, 0, 0, 
77, 0, 1, 0, 1, 0, 0, 0, 0, 1, 0, 0, 1, 0, 0, 1, 0, 1, 1, 0, 0, 1, 1, 2, 0, 62, 13, 11, 10, 37, 10, 17, 8, 15, 0, 2, 1, 38, 10, 3, 4, 8, 6, 3, 6, 32, 6, 0, 4, 3, 4, 3, 4, 19, 2, 3, 3, 8, 2, 0, 1, 1, 5, 2, 4, 7, 11, 11, 9, 2, 2, 0, 0, 4, 3, 3, 5, 0, 0, 0, 0, 0, 0, 0, 0, 3, 0, 0, 0, 2, 0, 0, 0, 1, 0, 0, 0, 1, 0, 0, 0, 0, 0, 0, 0, 0, 0, 0, 0, 0, 0, 0, 0, 
78, 0, 4, 4, 1, 0, 0, 2, 0, 0, 0, 0, 0, 2, 1, 0, 1, 0, 0, 0, 1, 0, 0, 0, 0, 55, 6, 13, 6, 43, 15, 6, 9, 25, 4, 4, 0, 32, 6, 7, 6, 3, 4, 4, 2, 34, 6, 7, 4, 6, 6, 3, 4, 15, 3, 5, 5, 4, 0, 0, 0, 3, 9, 2, 2, 14, 9, 5, 8, 2, 3, 4, 1, 1, 1, 4, 2, 1, 0, 0, 0, 1, 0, 0, 0, 0, 0, 0, 0, 0, 0, 0, 0, 0, 0, 0, 0, 1, 0, 0, 0, 0, 0, 0, 0, 2, 0, 0, 0, 0, 0, 0, 0, 
79, 2, 5, 3, 0, 2, 2, 2, 0, 0, 0, 0, 0, 0, 0, 1, 0, 1, 0, 0, 1, 0, 0, 0, 0, 59, 7, 3, 10, 34, 8, 5, 11, 31, 5, 2, 1, 41, 10, 8, 4, 2, 3, 3, 4, 38, 3, 5, 5, 4, 8, 3, 8, 12, 4, 3, 2, 2, 0, 0, 0, 8, 4, 8, 6, 15, 13, 6, 7, 4, 1, 4, 2, 4, 2, 1, 1, 2, 0, 0, 0, 1, 0, 0, 0, 1, 0, 0, 0, 1, 0, 0, 0, 1, 0, 0, 0, 1, 0, 0, 0, 2, 0, 0, 0, 1, 0, 0, 0, 0, 0, 0, 0, 
80, 1, 1, 1, 1, 0, 3, 0, 1, 1, 1, 2, 1, 0, 2, 0, 0, 1, 1, 0, 1, 0, 0, 0, 0, 45, 11, 10, 9, 21, 7, 14, 11, 33, 8, 5, 2, 48, 4, 12, 5, 0, 0, 1, 1, 45, 3, 0, 2, 2, 4, 2, 4, 4, 1, 1, 2, 0, 1, 0, 1, 14, 13, 8, 9, 10, 4, 5, 6, 4, 1, 1, 2, 9, 4, 8, 0, 1, 0, 0, 0, 0, 0, 0, 0, 0, 0, 0, 0, 0, 0, 0, 0, 2, 0, 0, 0, 1, 0, 0, 0, 0, 0, 0, 0, 0, 0, 0, 0, 0, 0, 0, 0, 
81, 0, 0, 0, 0, 3, 1, 1, 2, 1, 1, 0, 1, 0, 1, 1, 0, 0, 0, 0, 0, 0, 1, 1, 0, 63, 20, 10, 11, 24, 10, 18, 7, 29, 2, 2, 1, 45, 4, 7, 6, 5, 2, 3, 1, 21, 2, 0, 3, 2, 0, 0, 0, 7, 6, 2, 2, 3, 1, 3, 0, 16, 11, 9, 7, 1, 4, 3, 4, 5, 2, 1, 0, 0, 0, 2, 0, 0, 0, 0, 0, 2, 0, 0, 0, 1, 0, 0, 0, 2, 0, 0, 0, 1, 0, 0, 0, 0, 0, 0, 0, 0, 0, 0, 0, 1, 0, 0, 0, 0, 0, 0, 0, 
82, 1, 2, 1, 0, 0, 0, 1, 2, 0, 1, 0, 0, 1, 1, 0, 0, 1, 2, 1, 0, 0, 0, 0, 0, 61, 14, 5, 4, 33, 20, 11, 10, 13, 3, 1, 2, 42, 5, 8, 3, 1, 3, 3, 3, 29, 12, 2, 6, 0, 0, 0, 0, 9, 3, 3, 3, 2, 1, 1, 0, 25, 6, 7, 9, 8, 5, 1, 1, 12, 0, 2, 2, 0, 2, 3, 2, 1, 0, 0, 0, 0, 0, 0, 0, 2, 0, 0, 0, 0, 0, 0, 0, 0, 0, 0, 0, 0, 0, 0, 0, 0, 0, 0, 0, 0, 0, 0, 0, 0, 0, 0, 0, 
83, 1, 1, 1, 0, 0, 0, 0, 0, 0, 0, 0, 0, 1, 0, 1, 0, 2, 0, 0, 1, 2, 0, 1, 0, 56, 7, 15, 10, 47, 13, 10, 11, 20, 1, 3, 2, 44, 12, 6, 7, 1, 2, 1, 1, 26, 6, 5, 2, 0, 1, 1, 2, 5, 3, 4, 1, 2, 0, 1, 0, 23, 9, 4, 5, 6, 3, 6, 4, 11, 1, 0, 1, 6, 4, 4, 5, 3, 0, 0, 0, 2, 0, 0, 0, 1, 0, 0, 0, 1, 0, 0, 0, 0, 0, 0, 0, 1, 0, 0, 0, 0, 0, 0, 0, 0, 0, 0, 0, 2, 0, 0, 0, 
84, 0, 0, 0, 0, 1, 0, 0, 0, 0, 0, 0, 0, 0, 0, 0, 1, 0, 0, 0, 0, 0, 0, 1, 1, 72, 15, 6, 10, 34, 10, 8, 10, 20, 0, 0, 0, 49, 5, 5, 5, 2, 0, 1, 0, 32, 2, 5, 2, 5, 7, 3, 7, 14, 5, 1, 9, 2, 2, 1, 2, 6, 13, 8, 7, 6, 3, 2, 1, 5, 0, 1, 1, 3, 0, 0, 1, 0, 0, 0, 0, 1, 0, 0, 0, 2, 0, 0, 0, 0, 0, 0, 0, 1, 0, 0, 0, 0, 0, 0, 0, 0, 0, 0, 0, 3, 0, 0, 0, 0, 0, 0, 0, 
85, 1, 0, 0, 0, 1, 0, 3, 1, 0, 2, 0, 0, 1, 0, 3, 0, 0, 0, 0, 1, 1, 2, 0, 0, 68, 7, 7, 11, 38, 8, 11, 12, 8, 1, 0, 3, 25, 3, 5, 4, 1, 2, 3, 0, 33, 2, 7, 3, 4, 8, 6, 4, 10, 2, 1, 3, 4, 2, 2, 3, 8, 9, 12, 16, 12, 1, 3, 2, 1, 1, 0, 1, 4, 4, 0, 2, 1, 0, 0, 0, 0, 0, 0, 0, 0, 0, 0, 0, 1, 0, 0, 0, 0, 0, 0, 0, 0, 0, 0, 0, 0, 0, 0, 0, 0, 0, 0, 0, 0, 0, 0, 0, 
86, 2, 2, 0, 2, 0, 0, 0, 0, 0, 0, 0, 0, 0, 0, 0, 0, 0, 0, 0, 0, 0, 0, 0, 0, 60, 6, 9, 7, 37, 13, 9, 9, 5, 6, 3, 0, 18, 1, 7, 3, 1, 4, 1, 2, 33, 5, 4, 5, 7, 3, 8, 3, 6, 10, 3, 5, 1, 1, 0, 2, 19, 11, 10, 5, 19, 2, 1, 1, 1, 1, 5, 1, 1, 1, 0, 0, 0, 0, 0, 0, 1, 0, 0, 0, 0, 0, 0, 0, 3, 0, 0, 0, 2, 0, 0, 0, 1, 0, 0, 0, 0, 0, 0, 0, 1, 0, 0, 0, 2, 0, 0, 0, 
87, 0, 1, 1, 1, 0, 1, 1, 0, 0, 0, 2, 0, 1, 0, 0, 1, 0, 0, 0, 0, 0, 0, 0, 1, 58, 11, 6, 6, 28, 10, 11, 11, 2, 2, 2, 4, 3, 3, 7, 6, 0, 1, 0, 1, 34, 6, 2, 6, 2, 0, 0, 0, 13, 5, 4, 2, 2, 3, 2, 1, 11, 11, 8, 10, 31, 3, 0, 0, 1, 0, 2, 0, 2, 1, 4, 2, 0, 0, 0, 0, 0, 0, 0, 0, 0, 0, 0, 0, 0, 0, 0, 0, 2, 0, 0, 0, 0, 0, 0, 0, 1, 0, 0, 0, 3, 0, 0, 0, 1, 0, 0, 0, 
88, 3, 0, 0, 1, 1, 0, 0, 0, 1, 0, 0, 1, 0, 0, 1, 1, 2, 1, 1, 0, 0, 0, 0, 0, 59, 9, 11, 8, 31, 17, 7, 8, 5, 7, 4, 2, 6, 4, 7, 2, 8, 5, 6, 4, 29, 6, 3, 5, 0, 0, 0, 1, 5, 6, 8, 4, 0, 0, 0, 0, 9, 5, 6, 5, 33, 4, 6, 0, 6, 0, 0, 0, 1, 0, 1, 0, 0, 0, 0, 0, 0, 0, 0, 0, 1, 0, 0, 0, 1, 0, 0, 0, 0, 0, 0, 0, 2, 0, 0, 0, 1, 0, 0, 0, 0, 0, 0, 0, 1, 0, 0, 0, 
89, 0, 0, 0, 0, 0, 1, 0, 0, 1, 0, 1, 2, 1, 2, 0, 0, 0, 0, 0, 0, 1, 0, 0, 1, 54, 11, 9, 9, 45, 9, 6, 10, 2, 1, 3, 1, 8, 5, 7, 7, 4, 4, 4, 4, 23, 1, 3, 2, 0, 0, 0, 2, 9, 6, 2, 2, 5, 3, 4, 2, 7, 2, 1, 2, 36, 3, 1, 1, 1, 0, 0, 0, 4, 0, 2, 6, 0, 0, 0, 0, 0, 0, 0, 0, 0, 0, 0, 0, 0, 0, 0, 0, 1, 0, 0, 0, 1, 0, 0, 0, 1, 0, 0, 0, 0, 0, 0, 0, 1, 0, 0, 0, 
90, 0, 0, 0, 0, 1, 1, 0, 2, 1, 2, 2, 0, 0, 0, 0, 0, 1, 0, 0, 0, 4, 0, 1, 0, 60, 7, 9, 6, 39, 8, 12, 11, 1, 0, 3, 0, 2, 5, 7, 4, 3, 5, 0, 0, 5, 1, 2, 2, 1, 0, 1, 0, 5, 7, 4, 6, 6, 5, 4, 4, 9, 7, 4, 7, 41, 10, 0, 1, 1, 1, 1, 2, 8, 4, 1, 5, 1, 0, 0, 0, 1, 0, 0, 0, 0, 0, 0, 0, 0, 0, 0, 0, 1, 0, 0, 0, 1, 0, 0, 0, 1, 0, 0, 0, 0, 0, 0, 0, 0, 0, 0, 0, 
91, 0, 0, 0, 0, 1, 2, 0, 1, 0, 2, 1, 1, 0, 0, 0, 0, 1, 0, 0, 0, 0, 0, 0, 0, 53, 10, 9, 7, 45, 16, 7, 9, 5, 0, 0, 1, 1, 1, 0, 1, 0, 0, 0, 0, 7, 2, 3, 3, 3, 4, 2, 0, 3, 1, 4, 2, 5, 1, 4, 3, 11, 12, 7, 10, 43, 4, 1, 2, 0, 2, 1, 2, 18, 1, 1, 4, 0, 0, 0, 0, 0, 0, 0, 0, 0, 0, 0, 0, 1, 0, 0, 0, 1, 0, 0, 0, 0, 0, 0, 0, 2, 0, 0, 0, 1, 0, 0, 0, 2, 0, 0, 0, 
92, 0, 0, 0, 0, 1, 1, 1, 0, 0, 2, 0, 0, 5, 3, 0, 0, 0, 0, 2, 0, 0, 0, 0, 1, 46, 10, 8, 10, 47, 11, 5, 12, 1, 2, 2, 2, 1, 0, 1, 0, 8, 1, 3, 2, 14, 1, 1, 5, 2, 1, 1, 5, 1, 3, 3, 4, 7, 6, 2, 2, 1, 9, 10, 6, 62, 2, 1, 2, 2, 1, 1, 1, 5, 5, 1, 2, 1, 0, 0, 0, 0, 0, 0, 0, 0, 0, 0, 0, 0, 0, 0, 0, 2, 0, 0, 0, 2, 0, 0, 0, 0, 0, 0, 0, 3, 0, 0, 0, 1, 0, 0, 0, 
93, 5, 2, 0, 0, 0, 1, 0, 0, 0, 0, 0, 0, 1, 0, 1, 1, 2, 0, 1, 0, 0, 0, 0, 2, 56, 16, 9, 4, 51, 11, 8, 8, 3, 5, 5, 6, 2, 1, 1, 3, 16, 3, 0, 2, 8, 2, 3, 2, 4, 2, 0, 0, 9, 4, 1, 1, 2, 9, 5, 0, 3, 9, 6, 5, 59, 6, 1, 2, 2, 1, 2, 3, 4, 5, 2, 2, 0, 0, 0, 0, 1, 0, 0, 0, 0, 0, 0, 0, 1, 0, 0, 0, 1, 0, 0, 0, 1, 0, 0, 0, 2, 0, 0, 0, 0, 0, 0, 0, 2, 0, 0, 0, 
94, 2, 3, 1, 0, 0, 2, 1, 0, 0, 0, 0, 1, 1, 0, 1, 1, 0, 1, 0, 0, 1, 0, 0, 1, 52, 19, 5, 13, 46, 17, 11, 5, 4, 4, 5, 2, 1, 3, 2, 1, 23, 2, 0, 1, 4, 3, 1, 3, 0, 0, 0, 1, 0, 1, 1, 0, 5, 6, 4, 4, 5, 6, 3, 4, 63, 0, 3, 1, 1, 0, 2, 1, 5, 3, 7, 2, 0, 0, 0, 0, 1, 0, 0, 0, 2, 0, 0, 0, 0, 0, 0, 0, 1, 0, 0, 0, 0, 0, 0, 0, 0, 0, 0, 0, 1, 0, 0, 0, 1, 0, 0, 0, 
95, 1, 2, 2, 0, 0, 1, 0, 0, 0, 0, 0, 0, 0, 0, 0, 0, 1, 0, 0, 0, 0, 0, 1, 0, 72, 11, 6, 9, 54, 15, 6, 6, 1, 1, 1, 1, 1, 4, 2, 3, 20, 3, 0, 0, 5, 4, 1, 3, 0, 0, 0, 0, 0, 0, 0, 1, 6, 1, 3, 8, 5, 5, 2, 3, 69, 9, 3, 0, 1, 2, 1, 0, 1, 0, 0, 0, 0, 0, 0, 0, 3, 0, 0, 0, 0, 0, 0, 0, 1, 0, 0, 0, 0, 0, 0, 0, 1, 0, 0, 0, 0, 0, 0, 0, 1, 0, 0, 0, 0, 0, 0, 0, 
96, 1, 1, 0, 0, 0, 2, 0, 1, 0, 0, 0, 0, 1, 0, 0, 0, 0, 3, 0, 0, 0, 0, 1, 0, 82, 14, 12, 10, 56, 7, 10, 9, 3, 5, 2, 1, 7, 4, 1, 3, 27, 2, 1, 2, 2, 5, 4, 3, 0, 0, 0, 0, 6, 6, 5, 2, 2, 5, 5, 1, 4, 2, 2, 0, 73, 0, 1, 0, 3, 1, 3, 3, 2, 3, 2, 2, 0, 0, 0, 0, 0, 0, 0, 0, 1, 0, 0, 0, 1, 0, 0, 0, 1, 0, 0, 0, 3, 0, 0, 0, 1, 0, 0, 0, 0, 0, 0, 0, 1, 0, 0, 0, 
97, 0, 0, 1, 0, 0, 1, 0, 0, 1, 1, 0, 0, 0, 2, 0, 0, 0, 0, 0, 0, 0, 0, 1, 0, 94, 6, 9, 4, 51, 9, 8, 5, 1, 1, 2, 0, 0, 0, 2, 1, 25, 1, 1, 0, 3, 3, 4, 2, 2, 2, 1, 2, 9, 1, 4, 2, 7, 3, 3, 2, 2, 1, 1, 0, 75, 2, 4, 4, 4, 0, 1, 2, 3, 1, 2, 1, 1, 0, 0, 0, 1, 0, 0, 0, 1, 0, 0, 0, 1, 0, 0, 0, 2, 0, 0, 0, 0, 0, 0, 0, 0, 0, 0, 0, 2, 0, 0, 0, 0, 0, 0, 0, 
98, 0, 1, 2, 2, 0, 0, 0, 0, 1, 0, 1, 0, 1, 0, 0, 0, 3, 2, 1, 1, 0, 0, 0, 0, 82, 6, 6, 9, 51, 11, 6, 8, 4, 2, 4, 0, 1, 2, 0, 2, 19, 5, 1, 1, 2, 0, 0, 1, 3, 10, 6, 2, 3, 4, 2, 3, 1, 1, 0, 0, 0, 1, 1, 1, 68, 2, 1, 1, 2, 2, 0, 5, 7, 3, 3, 4, 1, 0, 0, 0, 2, 0, 0, 0, 1, 0, 0, 0, 1, 0, 0, 0, 0, 0, 0, 0, 1, 0, 0, 0, 1, 0, 0, 0, 0, 0, 0, 0, 0, 0, 0, 0, 
99, 1, 0, 1, 1, 0, 0, 1, 2, 0, 0, 2, 1, 0, 0, 0, 2, 0, 1, 0, 1, 0, 0, 0, 1, 72, 16, 11, 6, 47, 18, 15, 7, 0, 1, 1, 1, 0, 0, 1, 1, 25, 1, 0, 0, 1, 0, 2, 1, 14, 7, 7, 11, 3, 0, 0, 0, 4, 3, 0, 2, 0, 0, 0, 2, 76, 2, 4, 1, 6, 3, 3, 3, 6, 2, 1, 0, 0, 0, 0, 0, 0, 0, 0, 0, 0, 0, 0, 0, 0, 0, 0, 0, 2, 0, 0, 0, 0, 0, 0, 0, 0, 0, 0, 0, 3, 0, 0, 0, 0, 0, 0, 0, 