0, 0, 0, 0, 0, 0, 1, 0, 1, 1, 0, 1, 0, 1, 0, 1, 0, 0, 0, 0, 0, 0, 0, 2, 1, 2, 0, 1, 1, 0, 0, 1, 0, 1, 1, 0, 0, 1, 1, 1, 1, 0, 0, 1, 0, 1, 0, 1, 0, 1, 1, 1, 1, 6, 6, 2, 3, 7, 3, 5, 2, 0, 0, 0, 1, 1, 1, 1, 3, 6, 2, 2, 2, 1, 0, 2, 0, 0, 0, 0, 0, 2, 0, 0, 0, 0, 0, 0, 0, 1, 0, 0, 0, 1, 0, 0, 0, 0, 0, 0, 0, 2, 0, 0, 0, 1, 0, 0, 0, 0, 0, 0, 0, 
1, 0, 1, 1, 0, 0, 0, 0, 0, 0, 0, 0, 0, 1, 1, 0, 1, 0, 0, 0, 1, 0, 1, 0, 0, 2, 1, 3, 1, 1, 6, 2, 3, 1, 2, 2, 0, 3, 1, 2, 2, 2, 2, 1, 0, 2, 4, 3, 4, 0, 1, 0, 0, 0, 4, 5, 1, 3, 1, 2, 0, 7, 0, 0, 2, 9, 3, 1, 1, 3, 6, 1, 2, 0, 1, 1, 0, 1, 0, 0, 0, 0, 0, 0, 0, 0, 0, 0, 0, 1, 0, 0, 0, 1, 0, 0, 0, 0, 0, 0, 0, 1, 0, 0, 0, 2, 0, 0, 0, 0, 0, 0, 0, 
2, 0, 0, 0, 0, 1, 1, 0, 0, 1, 2, 2, 1, 0, 0, 0, 1, 0, 0, 0, 0, 0, 0, 1, 0, 2, 1, 0, 0, 9, 2, 5, 3, 8, 5, 3, 7, 20, 8, 4, 2, 2, 2, 1, 2, 0, 0, 1, 0, 2, 1, 0, 2, 3, 5, 2, 6, 2, 0, 1, 1, 11, 1, 1, 1, 0, 0, 0, 0, 0, 1, 3, 2, 0, 1, 3, 1, 0, 0, 0, 0, 0, 0, 0, 0, 2, 0, 0, 0, 1, 0, 0, 0, 0, 0, 0, 0, 0, 0, 0, 0, 0, 0, 0, 0, 0, 0, 0, 0, 1, 0, 0, 0, 
3, 0, 1, 0, 0, 0, 1, 0, 0, 0, 0, 1, 0, 0, 0, 0, 0, 0, 0, 0, 0, 1, 1, 2, 3, 0, 0, 1, 3, 13, 3, 2, 2, 4, 5, 1, 1, 17, 4, 5, 3, 5, 2, 2, 2, 1, 2, 2, 2, 1, 2, 0, 3, 7, 4, 5, 7, 8, 0, 0, 0, 15, 0, 1, 0, 3, 4, 1, 0, 0, 2, 2, 2, 0, 1, 0, 0, 0, 0, 0, 0, 1, 0, 0, 0, 0, 0, 0, 0, 0, 0, 0, 0, 0, 0, 0, 0, 1, 0, 0, 0, 2, 0, 0, 0, 2, 0, 0, 0, 1, 0, 0, 0, 
4, 0, 0, 0, 1, 0, 0, 0, 0, 0, 0, 1, 0, 0, 2, 1, 0, 0, 1, 0, 1, 0, 0, 0, 0, 2, 2, 0, 0, 26, 6, 1, 1, 2, 3, 3, 4, 19, 2, 0, 4, 11, 2, 0, 2, 3, 5, 5, 1, 2, 3, 1, 2, 9, 2, 5, 3, 12, 1, 1, 2, 5, 0, 0, 1, 6, 1, 2, 0, 1, 0, 0, 0, 1, 2, 1, 1, 0, 0, 0, 0, 1, 0, 0, 0, 2, 0, 0, 0, 1, 0, 0, 0, 0, 0, 0, 0, 4, 0, 0, 0, 0, 0, 0, 0, 0, 0, 0, 0, 0, 0, 0, 0, 
5, 0, 1, 0, 1, 0, 0, 0, 0, 0, 0, 2, 1, 1, 0, 1, 0, 1, 1, 0, 0, 0, 0, 1, 0, 0, 1, 1, 4, 29, 3, 2, 3, 3, 1, 1, 0, 23, 4, 3, 2, 2, 3, 2, 3, 5, 4, 3, 2, 0, 0, 0, 1, 7, 2, 7, 7, 14, 0, 0, 0, 4, 1, 4, 1, 1, 1, 0, 2, 3, 1, 3, 2, 2, 0, 2, 0, 1, 0, 0, 0, 2, 0, 0, 0, 1, 0, 0, 0, 0, 0, 0, 0, 0, 0, 0, 0, 1, 0, 0, 0, 1, 0, 0, 0, 1, 0, 0, 0, 0, 0, 0, 0, 
6, 0, 1, 0, 1, 0, 0, 0, 1, 0, 0, 0, 0, 1, 0, 0, 1, 1, 0, 0, 1, 3, 1, 1, 0, 6, 2, 3, 0, 22, 4, 2, 1, 11, 2, 0, 1, 25, 3, 4, 2, 2, 2, 5, 4, 1, 2, 4, 4, 1, 0, 0, 1, 14, 9, 4, 3, 0, 1, 4, 2, 0, 1, 0, 2, 0, 0, 0, 1, 1, 0, 0, 0, 8, 0, 0, 0, 1, 0, 0, 0, 2, 0, 0, 0, 2, 0, 0, 0, 0, 0, 0, 0, 1, 0, 0, 0, 1, 0, 0, 0, 0, 0, 0, 0, 0, 0, 0, 0, 1, 0, 0, 0, 
7, 0, 0, 0, 0, 0, 0, 0, 0, 0, 0, 0, 0, 0, 0, 1, 0, 0, 1, 0, 0, 1, 0, 0, 0, 13, 1, 4, 3, 24, 3, 7, 3, 15, 0, 0, 1, 26, 5, 2, 8, 5, 1, 3, 1, 2, 4, 3, 1, 0, 5, 3, 2, 3, 2, 5, 7, 2, 1, 1, 0, 8, 3, 5, 5, 1, 0, 0, 0, 9, 0, 0, 0, 0, 0, 0, 1, 2, 0, 0, 0, 2, 0, 0, 0, 0, 0, 0, 0, 0, 0, 0, 0, 0, 0, 0, 0, 1, 0, 0, 0, 0, 0, 0, 0, 0, 0, 0, 0, 1, 0, 0, 0, 
8, 0, 0, 1, 0, 0, 0, 0, 0, 1, 0, 0, 1, 0, 2, 0, 0, 1, 0, 0, 1, 0, 0, 0, 0, 17, 2, 2, 4, 27, 3, 3, 1, 3, 2, 1, 0, 24, 1, 2, 5, 0, 0, 0, 1, 5, 6, 3, 4, 1, 0, 1, 0, 3, 3, 0, 0, 2, 1, 0, 2, 3, 4, 2, 0, 3, 3, 2, 3, 2, 3, 0, 1, 10, 5, 1, 1, 0, 0, 0, 0, 0, 0, 0, 0, 1, 0, 0, 0, 0, 0, 0, 0, 2, 0, 0, 0, 0, 0, 0, 0, 1, 0, 0, 0, 1, 0, 0, 0, 0, 0, 0, 0, 
9, 0, 0, 0, 0, 1, 0, 2, 0, 1, 0, 1, 1, 0, 0, 0, 0, 0, 0, 1, 0, 2, 2, 0, 3, 8, 1, 4, 2, 12, 4, 2, 1, 10, 1, 1, 1, 38, 2, 3, 0, 0, 1, 0, 0, 2, 6, 1, 0, 2, 0, 3, 0, 2, 4, 2, 3, 0, 1, 0, 0, 0, 0, 0, 0, 6, 2, 6, 3, 13, 3, 2, 3, 16, 3, 2, 0, 1, 0, 0, 0, 0, 0, 0, 0, 0, 0, 0, 0, 0, 0, 0, 0, 0, 0, 0, 0, 0, 0, 0, 0, 0, 0, 0, 0, 1, 0, 0, 0, 2, 0, 0, 0, 
10, 0, 0, 1, 1, 1, 1, 0, 1, 0, 0, 1, 0, 0, 1, 0, 1, 0, 0, 0, 0, 0, 0, 1, 0, 0, 0, 0, 2, 4, 3, 3, 4, 12, 3, 2, 0, 53, 2, 6, 3, 7, 0, 0, 0, 1, 1, 1, 1, 0, 1, 0, 0, 0, 1, 0, 3, 6, 2, 5, 3, 1, 0, 0, 0, 8, 4, 0, 2, 16, 1, 3, 1, 26, 4, 3, 3, 2, 0, 0, 0, 1, 0, 0, 0, 1, 0, 0, 0, 0, 0, 0, 0, 1, 0, 0, 0, 0, 0, 0, 0, 0, 0, 0, 0, 1, 0, 0, 0, 2, 0, 0, 0, 
11, 0, 0, 0, 0, 0, 0, 0, 0, 0, 0, 0, 0, 0, 0, 0, 3, 0, 0, 0, 0, 1, 0, 0, 0, 1, 3, 1, 2, 2, 1, 1, 1, 15, 0, 0, 0, 60, 0, 3, 4, 9, 1, 0, 0, 0, 0, 1, 0, 2, 0, 1, 2, 0, 2, 1, 0, 5, 6, 3, 3, 7, 6, 0, 1, 1, 0, 1, 1, 8, 1, 1, 0, 25, 1, 2, 1, 2, 0, 0, 0, 1, 0, 0, 0, 1, 0, 0, 0, 0, 0, 0, 0, 3, 0, 0, 0, 3, 0, 0, 0, 0, 0, 0, 0, 2, 0, 0, 0, 2, 0, 0, 0, 
12, 0, 0, 0, 0, 0, 1, 1, 0, 2, 0, 1, 1, 0, 0, 0, 0, 0, 0, 1, 0, 1, 1, 0, 0, 1, 0, 0, 0, 4, 1, 0, 0, 10, 1, 0, 0, 57, 7, 6, 0, 0, 0, 1, 0, 2, 0, 0, 1, 1, 2, 1, 1, 1, 1, 1, 1, 2, 4, 4, 6, 14, 1, 0, 0, 0, 1, 0, 0, 2, 3, 0, 0, 12, 6, 2, 4, 2, 0, 0, 0, 0, 0, 0, 0, 0, 0, 0, 0, 2, 0, 0, 0, 1, 0, 0, 0, 2, 0, 0, 0, 2, 0, 0, 0, 0, 0, 0, 0, 3, 0, 0, 0, 
13, 0, 0, 1, 0, 0, 0, 2, 1, 0, 1, 0, 0, 0, 1, 1, 0, 0, 0, 0, 1, 0, 0, 0, 0, 2, 0, 1, 1, 1, 0, 0, 1, 2, 3, 0, 5, 54, 1, 3, 2, 3, 5, 3, 1, 9, 3, 0, 1, 0, 1, 1, 0, 0, 0, 0, 2, 3, 6, 4, 3, 2, 1, 0, 0, 10, 3, 4, 1, 6, 11, 2, 3, 15, 2, 1, 2, 0, 0, 0, 0, 0, 0, 0, 0, 0, 0, 0, 0, 1, 0, 0, 0, 1, 0, 0, 0, 1, 0, 0, 0, 2, 0, 0, 0, 0, 0, 0, 0, 0, 0, 0, 0, 
14, 0, 1, 0, 1, 0, 0, 0, 0, 0, 0, 1, 0, 0, 1, 1, 1, 0, 0, 0, 0, 0, 0, 1, 0, 2, 2, 0, 2, 2, 1, 1, 2, 0, 0, 2, 1, 52, 7, 0, 4, 2, 4, 3, 0, 6, 1, 1, 0, 2, 5, 5, 0, 3, 1, 1, 0, 12, 4, 1, 1, 1, 0, 0, 0, 3, 3, 3, 0, 8, 7, 0, 4, 4, 3, 0, 1, 0, 0, 0, 0, 1, 0, 0, 0, 1, 0, 0, 0, 0, 0, 0, 0, 0, 0, 0, 0, 2, 0, 0, 0, 1, 0, 0, 0, 2, 0, 0, 0, 2, 0, 0, 0, 
15, 0, 0, 0, 0, 1, 0, 0, 0, 0, 1, 0, 0, 1, 0, 0, 0, 3, 1, 0, 1, 0, 0, 0, 0, 1, 1, 5, 2, 0, 2, 3, 2, 3, 1, 2, 3, 54, 1, 2, 1, 5, 1, 1, 2, 1, 0, 1, 0, 0, 0, 0, 0, 2, 4, 3, 2, 1, 3, 1, 1, 5, 0, 3, 1, 2, 0, 3, 1, 4, 2, 3, 0, 12, 1, 1, 2, 1, 0, 0, 0, 2, 0, 0, 0, 0, 0, 0, 0, 0, 0, 0, 0, 1, 0, 0, 0, 2, 0, 0, 0, 0, 0, 0, 0, 0, 0, 0, 0, 2, 0, 0, 0, 
16, 0, 1, 4, 0, 4, 1, 0, 1, 0, 0, 0, 0, 0, 0, 2, 0, 0, 0, 0, 0, 0, 0, 0, 0, 1, 1, 1, 0, 5, 1, 3, 2, 2, 1, 0, 1, 45, 4, 4, 4, 4, 1, 3, 5, 1, 1, 1, 1, 0, 1, 0, 0, 2, 0, 0, 0, 1, 1, 1, 1, 7, 2, 4, 0, 4, 5, 4, 3, 12, 2, 0, 0, 18, 4, 1, 2, 1, 0, 0, 0, 0, 0, 0, 0, 1, 0, 0, 0, 0, 0, 0, 0, 0, 0, 0, 0, 1, 0, 0, 0, 0, 0, 0, 0, 0, 0, 0, 0, 0, 0, 0, 0, 
17, 0, 0, 1, 0, 0, 2, 0, 0, 0, 0, 0, 0, 1, 1, 1, 1, 0, 1, 1, 1, 0, 0, 0, 1, 1, 1, 2, 0, 5, 6, 4, 3, 2, 1, 3, 2, 56, 4, 1, 2, 1, 0, 0, 0, 3, 3, 0, 3, 1, 0, 2, 1, 3, 0, 0, 0, 1, 0, 4, 2, 14, 0, 2, 2, 10, 0, 2, 2, 0, 3, 3, 1, 16, 3, 1, 1, 1, 0, 0, 0, 2, 0, 0, 0, 1, 0, 0, 0, 3, 0, 0, 0, 0, 0, 0, 0, 1, 0, 0, 0, 2, 0, 0, 0, 2, 0, 0, 0, 0, 0, 0, 0, 
18, 0, 0, 0, 0, 0, 1, 0, 1, 2, 0, 0, 0, 0, 0, 0, 0, 0, 0, 2, 0, 0, 0, 0, 1, 3, 3, 2, 0, 5, 9, 4, 6, 1, 0, 0, 0, 80, 4, 2, 2, 0, 0, 0, 2, 3, 5, 2, 1, 2, 0, 2, 0, 0, 0, 0, 1, 14, 11, 4, 0, 13, 3, 1, 1, 2, 2, 1, 4, 0, 2, 3, 0, 11, 4, 1, 1, 0, 0, 0, 0, 1, 0, 0, 0, 2, 0, 0, 0, 1, 0, 0, 0, 2, 0, 0, 0, 0, 0, 0, 0, 0, 0, 0, 0, 0, 0, 0, 0, 1, 0, 0, 0, 
19, 1, 0, 1, 0, 0, 0, 1, 0, 0, 0, 0, 0, 0, 0, 0, 0, 0, 0, 1, 0, 0, 0, 0, 0, 11, 1, 2, 2, 4, 4, 5, 6, 8, 8, 3, 1, 85, 2, 5, 2, 0, 0, 1, 0, 1, 5, 3, 4, 5, 3, 3, 8, 1, 0, 1, 0, 27, 7, 1, 2, 20, 1, 0, 1, 2, 1, 1, 0, 4, 3, 2, 3, 13, 2, 4, 1, 3, 0, 0, 0, 0, 0, 0, 0, 1, 0, 0, 0, 2, 0, 0, 0, 1, 0, 0, 0, 0, 0, 0, 0, 0, 0, 0, 0, 0, 0, 0, 0, 0, 0, 0, 0, 
20, 0, 0, 0, 0, 0, 0, 0, 0, 1, 1, 0, 0, 0, 0, 1, 0, 0, 0, 1, 1, 0, 0, 1, 2, 9, 2, 0, 3, 3, 3, 4, 5, 3, 2, 3, 2, 84, 7, 4, 6, 1, 0, 0, 1, 13, 3, 2, 2, 3, 2, 0, 2, 3, 4, 0, 2, 20, 3, 3, 1, 21, 1, 1, 0, 1, 1, 1, 0, 2, 0, 0, 0, 6, 1, 3, 0, 0, 0, 0, 0, 1, 0, 0, 0, 1, 0, 0, 0, 0, 0, 0, 0, 2, 0, 0, 0, 1, 0, 0, 0, 0, 0, 0, 0, 0, 0, 0, 0, 0, 0, 0, 0, 
21, 1, 0, 1, 1, 0, 0, 0, 1, 3, 0, 3, 0, 1, 0, 0, 0, 0, 0, 0, 0, 0, 1, 0, 0, 14, 1, 2, 3, 2, 9, 3, 6, 1, 4, 5, 5, 87, 3, 2, 6, 3, 1, 6, 2, 12, 4, 2, 3, 6, 3, 4, 5, 0, 0, 0, 1, 6, 1, 2, 4, 3, 0, 1, 2, 1, 1, 1, 0, 0, 1, 1, 1, 3, 8, 1, 8, 0, 0, 0, 0, 0, 0, 0, 0, 0, 0, 0, 0, 2, 0, 0, 0, 0, 0, 0, 0, 2, 0, 0, 0, 0, 0, 0, 0, 0, 0, 0, 0, 0, 0, 0, 0, 
22, 1, 0, 0, 0, 1, 0, 1, 0, 0, 1, 0, 0, 0, 0, 0, 0, 0, 0, 0, 0, 1, 0, 0, 1, 17, 2, 0, 2, 3, 4, 4, 2, 5, 5, 5, 3, 92, 2, 2, 4, 2, 1, 3, 0, 9, 3, 6, 2, 6, 6, 9, 8, 0, 1, 1, 0, 18, 1, 2, 4, 0, 0, 0, 1, 1, 3, 5, 3, 3, 4, 2, 6, 1, 5, 2, 3, 1, 0, 0, 0, 3, 0, 0, 0, 0, 0, 0, 0, 0, 0, 0, 0, 2, 0, 0, 0, 1, 0, 0, 0, 1, 0, 0, 0, 1, 0, 0, 0, 0, 0, 0, 0, 
23, 0, 0, 0, 0, 0, 1, 0, 0, 0, 1, 0, 0, 1, 0, 0, 1, 1, 0, 0, 0, 0, 0, 0, 1, 16, 5, 1, 4, 1, 2, 0, 0, 11, 9, 3, 6, 98, 1, 5, 2, 0, 1, 1, 0, 18, 1, 2, 1, 2, 5, 7, 5, 2, 4, 0, 2, 25, 5, 2, 2, 1, 1, 0, 1, 1, 0, 3, 3, 10, 6, 6, 1, 1, 0, 2, 2, 0, 0, 0, 0, 3, 0, 0, 0, 0, 0, 0, 0, 0, 0, 0, 0, 0, 0, 0, 0, 2, 0, 0, 0, 0, 0, 0, 0, 0, 0, 0, 0, 1, 0, 0, 0, 
24, 0, 0, 1, 0, 0, 0, 0, 2, 1, 1, 0, 0, 0, 0, 0, 0, 0, 0, 0, 0, 0, 1, 1, 0, 20, 2, 4, 0, 1, 0, 0, 0, 7, 13, 7, 9, 98, 5, 4, 4, 0, 0, 1, 2, 15, 5, 1, 2, 3, 5, 0, 2, 8, 6, 3, 4, 24, 1, 0, 2, 5, 2, 4, 2, 4, 5, 4, 3, 13, 4, 7, 3, 10, 1, 1, 2, 3, 0, 0, 0, 2, 0, 0, 0, 0, 0, 0, 0, 0, 0, 0, 0, 0, 0, 0, 0, 0, 0, 0, 0, 2, 0, 0, 0, 0, 0, 0, 0, 0, 0, 0, 0, 
25, 0, 0, 1, 0, 1, 0, 0, 0, 1, 0, 0, 0, 1, 0, 1, 0, 0, 0, 0, 0, 0, 0, 1, 0, 20, 2, 5, 1, 0, 0, 1, 0, 11, 8, 6, 6, 93, 3, 1, 1, 2, 5, 0, 4, 17, 1, 3, 1, 1, 1, 1, 0, 7, 4, 7, 9, 12, 1, 1, 2, 2, 11, 3, 6, 9, 3, 1, 6, 9, 3, 4, 4, 2, 0, 2, 0, 2, 0, 0, 0, 1, 0, 0, 0, 1, 0, 0, 0, 2, 0, 0, 0, 0, 0, 0, 0, 1, 0, 0, 0, 0, 0, 0, 0, 3, 0, 0, 0, 1, 0, 0, 0, 
26, 0, 0, 0, 0, 0, 1, 3, 0, 0, 0, 0, 0, 0, 2, 0, 0, 1, 2, 4, 0, 1, 1, 1, 2, 25, 0, 3, 3, 0, 1, 3, 1, 14, 7, 11, 5, 81, 3, 5, 3, 9, 2, 8, 7, 14, 3, 2, 3, 2, 5, 5, 2, 18, 1, 3, 6, 2, 2, 3, 4, 11, 8, 5, 4, 1, 1, 1, 0, 6, 6, 5, 2, 9, 1, 4, 0, 0, 0, 0, 0, 1, 0, 0, 0, 0, 0, 0, 0, 0, 0, 0, 0, 0, 0, 0, 0, 0, 0, 0, 0, 0, 0, 0, 0, 3, 0, 0, 0, 0, 0, 0, 0, 
27, 0, 0, 0, 0, 1, 0, 0, 0, 0, 0, 0, 0, 2, 2, 2, 0, 0, 0, 0, 0, 0, 1, 1, 0, 12, 1, 6, 3, 0, 2, 4, 1, 14, 8, 14, 14, 98, 4, 2, 4, 4, 0, 5, 3, 7, 2, 7, 2, 1, 3, 3, 2, 14, 11, 6, 6, 3, 1, 1, 1, 12, 6, 3, 2, 1, 0, 1, 1, 6, 8, 6, 5, 20, 3, 0, 0, 1, 0, 0, 0, 1, 0, 0, 0, 1, 0, 0, 0, 1, 0, 0, 0, 1, 0, 0, 0, 1, 0, 0, 0, 1, 0, 0, 0, 0, 0, 0, 0, 2, 0, 0, 0, 
28, 0, 0, 0, 1, 1, 0, 0, 0, 0, 0, 0, 1, 0, 0, 0, 0, 0, 1, 0, 2, 1, 1, 0, 0, 24, 9, 0, 1, 5, 2, 2, 1, 24, 12, 12, 12, 93, 7, 1, 2, 0, 0, 0, 1, 28, 0, 4, 4, 6, 3, 3, 0, 25, 4, 3, 2, 0, 3, 0, 3, 11, 4, 4, 2, 2, 2, 2, 1, 3, 5, 3, 2, 19, 0, 2, 0, 0, 0, 0, 0, 2, 0, 0, 0, 2, 0, 0, 0, 1, 0, 0, 0, 2, 0, 0, 0, 1, 0, 0, 0, 0, 0, 0, 0, 0, 0, 0, 0, 1, 0, 0, 0, 
29, 0, 0, 0, 0, 0, 0, 1, 0, 1, 0, 1, 0, 0, 0, 0, 1, 0, 0, 0, 0, 2, 0, 0, 0, 16, 3, 2, 2, 0, 1, 2, 1, 28, 14, 12, 13, 91, 6, 2, 2, 6, 6, 6, 5, 19, 5, 2, 4, 14, 2, 1, 1, 10, 6, 5, 8, 3, 2, 4, 0, 3, 2, 4, 5, 1, 1, 5, 2, 7, 3, 2, 0, 2, 1, 0, 1, 0, 0, 0, 0, 0, 0, 0, 0, 0, 0, 0, 0, 0, 0, 0, 0, 1, 0, 0, 0, 2, 0, 0, 0, 1, 0, 0, 0, 2, 0, 0, 0, 1, 0, 0, 0, 
30, 1, 0, 1, 1, 0, 0, 0, 0, 0, 0, 0, 0, 0, 0, 0, 1, 1, 0, 0, 2, 0, 0, 0, 0, 16, 1, 3, 0, 6, 2, 2, 0, 34, 15, 12, 8, 85, 2, 1, 1, 24, 3, 3, 2, 2, 3, 3, 1, 8, 4, 1, 0, 7, 7, 7, 4, 3, 4, 5, 5, 2, 2, 2, 1, 1, 2, 6, 0, 19, 2, 3, 2, 1, 1, 0, 2, 1, 0, 0, 0, 2, 0, 0, 0, 1, 0, 0, 0, 1, 0, 0, 0, 2, 0, 0, 0, 0, 0, 0, 0, 2, 0, 0, 0, 0, 0, 0, 0, 1, 0, 0, 0, 
31, 0, 0, 0, 0, 0, 0, 0, 0, 0, 1, 1, 0, 0, 0, 0, 0, 1, 0, 0, 1, 0, 0, 0, 1, 5, 2, 1, 2, 1, 1, 3, 1, 41, 14, 12, 4, 73, 4, 5, 2, 17, 2, 2, 1, 0, 0, 1, 0, 2, 0, 1, 1, 13, 7, 11, 2, 5, 5, 1, 2, 8, 3, 3, 2, 0, 4, 2, 0, 38, 0, 0, 2, 3, 7, 3, 3, 1, 0, 0, 0, 1, 0, 0, 0, 2, 0, 0, 0, 1, 0, 0, 0, 2, 0, 0, 0, 2, 0, 0, 0, 0, 0, 0, 0, 0, 0, 0, 0, 0, 0, 0, 0, 
32, 0, 0, 1, 1, 1, 0, 0, 1, 0, 0, 0, 0, 0, 1, 0, 0, 0, 0, 0, 1, 1, 0, 0, 2, 0, 0, 1, 0, 0, 0, 0, 0, 38, 9, 7, 8, 80, 4, 1, 3, 16, 4, 4, 0, 4, 3, 3, 3, 1, 1, 0, 0, 6, 7, 6, 3, 3, 1, 3, 2, 3, 3, 4, 3, 11, 1, 3, 3, 36, 3, 2, 0, 1, 0, 1, 0, 0, 0, 0, 0, 0, 0, 0, 0, 0, 0, 0, 0, 0, 0, 0, 0, 1, 0, 0, 0, 3, 0, 0, 0, 0, 0, 0, 0, 1, 0, 0, 0, 2, 0, 0, 0, 
33, 2, 0, 1, 0, 0, 0, 1, 0, 1, 0, 1, 0, 0, 1, 2, 0, 0, 0, 0, 0, 1, 0, 0, 1, 4, 6, 3, 4, 2, 1, 1, 2, 34, 10, 10, 10, 72, 3, 2, 2, 25, 14, 3, 2, 2, 0, 2, 2, 0, 0, 0, 0, 1, 5, 6, 5, 2, 0, 3, 2, 8, 5, 6, 4, 1, 1, 1, 1, 38, 3, 2, 1, 2, 0, 0, 1, 0, 0, 0, 0, 2, 0, 0, 0, 1, 0, 0, 0, 1, 0, 0, 0, 0, 0, 0, 0, 0, 0, 0, 0, 0, 0, 0, 0, 2, 0, 0, 0, 0, 0, 0, 0, 
34, 0, 0, 1, 0, 2, 1, 0, 0, 0, 0, 0, 0, 2, 2, 0, 2, 0, 1, 0, 0, 0, 0, 0, 0, 8, 2, 3, 0, 4, 1, 3, 1, 26, 11, 17, 14, 63, 5, 3, 1, 23, 3, 3, 2, 0, 0, 0, 0, 1, 0, 0, 0, 2, 10, 4, 5, 7, 3, 1, 1, 4, 6, 8, 1, 13, 4, 4, 4, 35, 5, 0, 2, 5, 0, 1, 3, 1, 0, 0, 0, 1, 0, 0, 0, 1, 0, 0, 0, 0, 0, 0, 0, 2, 0, 0, 0, 1, 0, 0, 0, 0, 0, 0, 0, 2, 0, 0, 0, 6, 0, 0, 0, 
35, 0, 2, 0, 1, 3, 1, 3, 1, 0, 0, 1, 1, 2, 1, 1, 2, 1, 0, 0, 0, 1, 1, 0, 1, 3, 2, 1, 4, 2, 2, 4, 5, 28, 5, 17, 8, 64, 0, 1, 1, 20, 1, 3, 2, 2, 0, 1, 0, 0, 0, 1, 0, 2, 4, 1, 2, 11, 1, 3, 1, 0, 0, 1, 4, 22, 6, 6, 1, 52, 0, 1, 0, 0, 5, 0, 2, 3, 0, 0, 0, 1, 0, 0, 0, 0, 0, 0, 0, 2, 0, 0, 0, 1, 0, 0, 0, 0, 0, 0, 0, 2, 0, 0, 0, 2, 0, 0, 0, 1, 0, 0, 0, 
36, 0, 0, 1, 1, 1, 1, 0, 1, 0, 0, 0, 0, 0, 0, 0, 0, 0, 0, 0, 0, 0, 0, 0, 0, 3, 2, 5, 5, 3, 1, 3, 0, 27, 8, 17, 9, 61, 2, 3, 5, 8, 1, 4, 3, 6, 4, 3, 1, 3, 3, 4, 2, 14, 3, 2, 1, 3, 0, 0, 2, 5, 1, 6, 1, 19, 9, 4, 3, 56, 2, 0, 0, 0, 0, 2, 0, 1, 0, 0, 0, 0, 0, 0, 0, 1, 0, 0, 0, 0, 0, 0, 0, 0, 0, 0, 0, 1, 0, 0, 0, 0, 0, 0, 0, 0, 0, 0, 0, 0, 0, 0, 0, 
37, 3, 1, 1, 2, 1, 1, 0, 0, 1, 0, 1, 0, 2, 0, 0, 0, 0, 0, 1, 0, 0, 2, 2, 2, 11, 4, 3, 2, 0, 0, 0, 0, 20, 10, 8, 7, 64, 3, 0, 2, 25, 2, 4, 2, 25, 0, 1, 0, 2, 2, 0, 5, 18, 6, 2, 2, 1, 1, 0, 1, 0, 0, 0, 0, 15, 2, 2, 0, 61, 4, 1, 0, 3, 4, 6, 1, 0, 0, 0, 0, 0, 0, 0, 0, 0, 0, 0, 0, 0, 0, 0, 0, 1, 0, 0, 0, 1, 0, 0, 0, 1, 0, 0, 0, 0, 0, 0, 0, 4, 0, 0, 0, 
38, 2, 0, 0, 1, 0, 0, 0, 1, 1, 2, 0, 0, 0, 2, 1, 0, 0, 0, 0, 0, 0, 0, 0, 2, 7, 4, 1, 5, 14, 1, 1, 0, 28, 10, 13, 9, 59, 3, 2, 3, 24, 2, 3, 2, 25, 0, 1, 0, 1, 0, 0, 0, 35, 4, 0, 1, 3, 3, 0, 3, 0, 3, 1, 2, 1, 1, 3, 3, 52, 1, 1, 0, 0, 1, 1, 1, 1, 0, 0, 0, 2, 0, 0, 0, 1, 0, 0, 0, 0, 0, 0, 0, 1, 0, 0, 0, 0, 0, 0, 0, 0, 0, 0, 0, 0, 0, 0, 0, 2, 0, 0, 0, 
39, 0, 0, 0, 0, 0, 0, 1, 0, 0, 0, 0, 0, 0, 0, 0, 0, 0, 0, 0, 0, 0, 1, 1, 1, 10, 2, 6, 3, 6, 2, 1, 1, 25, 14, 11, 10, 67, 4, 3, 2, 13, 3, 3, 2, 24, 1, 1, 3, 0, 1, 0, 2, 20, 2, 2, 0, 2, 2, 5, 1, 6, 5, 0, 1, 4, 3, 5, 2, 47, 2, 1, 1, 1, 1, 1, 0, 1, 0, 0, 0, 4, 0, 0, 0, 0, 0, 0, 0, 0, 0, 0, 0, 3, 0, 0, 0, 1, 0, 0, 0, 0, 0, 0, 0, 0, 0, 0, 0, 0, 0, 0, 0, 
40, 0, 0, 0, 1, 0, 1, 0, 0, 0, 0, 0, 0, 0, 1, 0, 0, 2, 0, 1, 3, 1, 2, 1, 1, 11, 6, 3, 3, 21, 0, 2, 0, 14, 11, 9, 13, 70, 3, 2, 1, 5, 2, 2, 2, 12, 1, 1, 1, 5, 0, 1, 0, 12, 2, 2, 2, 0, 0, 0, 0, 1, 0, 0, 1, 3, 3, 6, 1, 51, 4, 2, 1, 1, 1, 2, 2, 0, 0, 0, 0, 4, 0, 0, 0, 1, 0, 0, 0, 1, 0, 0, 0, 0, 0, 0, 0, 1, 0, 0, 0, 1, 0, 0, 0, 0, 0, 0, 0, 3, 0, 0, 0, 
41, 5, 5, 3, 3, 0, 0, 1, 1, 0, 0, 1, 0, 0, 0, 1, 2, 0, 0, 1, 0, 0, 0, 0, 0, 9, 5, 3, 1, 24, 3, 1, 1, 11, 18, 18, 9, 59, 1, 4, 3, 3, 4, 3, 4, 16, 1, 2, 3, 1, 1, 0, 0, 16, 1, 0, 1, 1, 0, 5, 0, 4, 1, 2, 1, 12, 6, 3, 2, 61, 3, 0, 0, 3, 3, 5, 3, 1, 0, 0, 0, 0, 0, 0, 0, 0, 0, 0, 0, 1, 0, 0, 0, 1, 0, 0, 0, 1, 0, 0, 0, 1, 0, 0, 0, 1, 0, 0, 0, 0, 0, 0, 0, 
42, 2, 0, 0, 0, 2, 0, 1, 2, 1, 0, 0, 0, 0, 1, 0, 0, 1, 0, 0, 1, 4, 0, 0, 0, 1, 1, 1, 1, 27, 1, 4, 1, 13, 20, 15, 10, 58, 8, 5, 2, 3, 1, 3, 3, 14, 0, 1, 1, 2, 0, 3, 2, 23, 4, 1, 0, 0, 1, 1, 0, 0, 2, 0, 2, 5, 1, 4, 3, 68, 3, 1, 0, 8, 2, 2, 4, 0, 0, 0, 0, 0, 0, 0, 0, 0, 0, 0, 0, 1, 0, 0, 0, 0, 0, 0, 0, 0, 0, 0, 0, 1, 0, 0, 0, 0, 0, 0, 0, 0, 0, 0, 0, 
43, 1, 1, 1, 0, 0, 0, 0, 0, 1, 2, 1, 1, 0, 0, 0, 0, 0, 0, 0, 0, 0, 0, 0, 0, 5, 1, 1, 2, 14, 0, 2, 1, 18, 18, 11, 9, 62, 6, 4, 5, 1, 1, 1, 3, 6, 3, 0, 2, 2, 3, 2, 3, 32, 1, 3, 2, 4, 3, 5, 7, 1, 4, 3, 3, 6, 3, 0, 2, 68, 2, 1, 3, 5, 3, 6, 3, 0, 0, 0, 0, 0, 0, 0, 0, 0, 0, 0, 0, 2, 0, 0, 0, 0, 0, 0, 0, 0, 0, 0, 0, 2, 0, 0, 0, 3, 0, 0, 0, 0, 0, 0, 0, 
44, 2, 0, 1, 0, 2, 0, 1, 1, 0, 0, 0, 0, 0, 1, 0, 0, 0, 1, 0, 0, 3, 1, 0, 1, 1, 0, 2, 3, 6, 0, 1, 1, 16, 12, 15, 8, 69, 5, 1, 4, 0, 2, 5, 2, 0, 2, 1, 1, 2, 1, 7, 0, 35, 4, 0, 2, 4, 4, 2, 4, 1, 0, 0, 0, 5, 1, 2, 3, 66, 1, 0, 2, 5, 5, 3, 3, 0, 0, 0, 0, 0, 0, 0, 0, 1, 0, 0, 0, 1, 0, 0, 0, 2, 0, 0, 0, 2, 0, 0, 0, 3, 0, 0, 0, 0, 0, 0, 0, 0, 0, 0, 0, 
45, 2, 0, 3, 0, 2, 1, 1, 2, 0, 0, 1, 0, 0, 0, 0, 0, 0, 0, 0, 0, 1, 0, 1, 0, 2, 4, 0, 2, 15, 0, 1, 1, 15, 8, 10, 15, 65, 1, 4, 3, 0, 1, 0, 1, 2, 3, 0, 2, 0, 0, 0, 0, 35, 2, 2, 2, 2, 2, 2, 2, 1, 0, 0, 0, 2, 1, 5, 4, 61, 1, 0, 0, 2, 3, 4, 4, 0, 0, 0, 0, 0, 0, 0, 0, 0, 0, 0, 0, 1, 0, 0, 0, 1, 0, 0, 0, 1, 0, 0, 0, 0, 0, 0, 0, 0, 0, 0, 0, 1, 0, 0, 0, 
46, 0, 0, 1, 1, 2, 2, 1, 1, 1, 1, 1, 1, 0, 2, 1, 0, 3, 0, 1, 0, 1, 0, 0, 0, 2, 2, 4, 1, 0, 2, 4, 1, 5, 9, 15, 14, 59, 4, 4, 1, 1, 2, 0, 0, 2, 2, 1, 1, 8, 4, 2, 3, 37, 0, 0, 4, 6, 4, 2, 3, 0, 2, 2, 0, 2, 4, 1, 1, 53, 1, 0, 1, 1, 1, 0, 1, 1, 0, 0, 0, 0, 0, 0, 0, 0, 0, 0, 0, 2, 0, 0, 0, 0, 0, 0, 0, 0, 0, 0, 0, 0, 0, 0, 0, 0, 0, 0, 0, 1, 0, 0, 0, 
47, 0, 0, 0, 0, 2, 1, 0, 0, 1, 0, 1, 2, 2, 0, 0, 1, 0, 0, 1, 1, 1, 1, 1, 0, 3, 3, 2, 4, 5, 1, 4, 2, 7, 9, 10, 6, 65, 6, 3, 2, 0, 1, 0, 2, 2, 3, 1, 3, 7, 3, 3, 0, 37, 0, 2, 1, 7, 1, 3, 1, 1, 0, 0, 1, 2, 2, 0, 2, 48, 2, 2, 3, 0, 2, 0, 0, 1, 0, 0, 0, 1, 0, 0, 0, 0, 0, 0, 0, 0, 0, 0, 0, 2, 0, 0, 0, 2, 0, 0, 0, 2, 0, 0, 0, 2, 0, 0, 0, 1, 0, 0, 0, 
48, 0, 0, 0, 0, 0, 1, 0, 0, 1, 0, 0, 0, 0, 0, 0, 1, 1, 0, 0, 0, 0, 0, 0, 0, 2, 3, 7, 1, 2, 2, 4, 1, 8, 5, 5, 6, 74, 6, 1, 0, 1, 0, 1, 2, 3, 2, 1, 4, 8, 2, 1, 3, 39, 2, 2, 2, 1, 0, 0, 1, 9, 2, 2, 2, 2, 3, 1, 3, 54, 2, 1, 1, 0, 1, 0, 0, 0, 0, 0, 0, 1, 0, 0, 0, 2, 0, 0, 0, 2, 0, 0, 0, 1, 0, 0, 0, 4, 0, 0, 0, 2, 0, 0, 0, 2, 0, 0, 0, 0, 0, 0, 0, 
49, 1, 1, 1, 1, 0, 1, 3, 0, 1, 1, 0, 0, 0, 0, 0, 0, 0, 0, 0, 0, 0, 1, 0, 0, 11, 3, 1, 0, 1, 0, 0, 0, 12, 7, 3, 6, 70, 4, 2, 1, 3, 3, 3, 2, 2, 7, 7, 5, 7, 1, 5, 1, 31, 2, 3, 1, 2, 2, 0, 1, 11, 5, 2, 2, 6, 3, 4, 2, 40, 1, 0, 2, 11, 4, 2, 0, 4, 0, 0, 0, 1, 0, 0, 0, 1, 0, 0, 0, 0, 0, 0, 0, 1, 0, 0, 0, 1, 0, 0, 0, 0, 0, 0, 0, 0, 0, 0, 0, 1, 0, 0, 0, 
50, 0, 0, 0, 1, 0, 0, 0, 1, 0, 0, 1, 0, 0, 1, 1, 1, 1, 0, 0, 0, 0, 1, 1, 0, 18, 0, 4, 0, 7, 1, 3, 0, 8, 3, 10, 4, 69, 6, 1, 3, 11, 9, 9, 4, 2, 2, 2, 2, 2, 2, 3, 0, 29, 1, 1, 1, 0, 2, 0, 2, 15, 1, 4, 2, 9, 7, 5, 3, 29, 0, 1, 0, 13, 4, 2, 0, 0, 0, 0, 0, 2, 0, 0, 0, 3, 0, 0, 0, 0, 0, 0, 0, 0, 0, 0, 0, 0, 0, 0, 0, 1, 0, 0, 0, 2, 0, 0, 0, 0, 0, 0, 0, 
51, 0, 0, 1, 0, 0, 1, 0, 0, 0, 0, 0, 0, 0, 0, 0, 2, 1, 1, 0, 2, 0, 1, 0, 0, 11, 4, 1, 3, 11, 0, 1, 0, 4, 10, 5, 4, 61, 6, 3, 2, 29, 7, 8, 4, 3, 4, 4, 1, 4, 1, 2, 2, 27, 4, 2, 1, 2, 2, 2, 2, 12, 1, 1, 3, 14, 6, 5, 6, 26, 0, 2, 2, 22, 5, 0, 3, 0, 0, 0, 0, 0, 0, 0, 0, 0, 0, 0, 0, 0, 0, 0, 0, 3, 0, 0, 0, 1, 0, 0, 0, 0, 0, 0, 0, 2, 0, 0, 0, 1, 0, 0, 0, 
52, 2, 0, 2, 0, 1, 0, 0, 0, 0, 0, 0, 0, 3, 1, 0, 1, 1, 1, 0, 1, 0, 0, 1, 1, 9, 2, 1, 0, 1, 0, 1, 1, 1, 2, 2, 5, 59, 6, 5, 3, 38, 3, 3, 3, 2, 1, 2, 4, 2, 1, 0, 0, 33, 3, 0, 1, 1, 0, 1, 2, 19, 1, 4, 1, 14, 5, 5, 5, 40, 2, 2, 0, 35, 1, 1, 3, 2, 0, 0, 0, 0, 0, 0, 0, 1, 0, 0, 0, 2, 0, 0, 0, 0, 0, 0, 0, 0, 0, 0, 0, 2, 0, 0, 0, 2, 0, 0, 0, 0, 0, 0, 0, 
53, 0, 1, 2, 0, 0, 1, 1, 0, 0, 0, 0, 1, 1, 1, 1, 1, 0, 0, 1, 0, 0, 0, 0, 0, 1, 3, 0, 3, 3, 2, 1, 0, 3, 4, 1, 0, 68, 1, 3, 0, 25, 7, 5, 3, 5, 6, 6, 5, 1, 0, 0, 1, 34, 4, 1, 0, 3, 1, 0, 1, 12, 3, 3, 2, 19, 5, 8, 3, 39, 3, 0, 1, 40, 1, 0, 2, 0, 0, 0, 0, 0, 0, 0, 0, 0, 0, 0, 0, 0, 0, 0, 0, 0, 0, 0, 0, 2, 0, 0, 0, 2, 0, 0, 0, 0, 0, 0, 0, 2, 0, 0, 0, 
54, 1, 0, 1, 1, 0, 0, 0, 1, 0, 0, 1, 0, 0, 1, 2, 0, 3, 0, 0, 0, 0, 0, 0, 2, 1, 0, 1, 0, 3, 3, 5, 1, 1, 0, 0, 0, 62, 2, 3, 1, 35, 3, 7, 1, 3, 2, 3, 3, 3, 1, 3, 1, 19, 0, 4, 1, 6, 2, 4, 4, 15, 1, 4, 3, 20, 10, 4, 7, 33, 3, 0, 1, 37, 0, 1, 2, 0, 0, 0, 0, 1, 0, 0, 0, 0, 0, 0, 0, 0, 0, 0, 0, 0, 0, 0, 0, 0, 0, 0, 0, 0, 0, 0, 0, 1, 0, 0, 0, 1, 0, 0, 0, 
55, 0, 1, 1, 1, 1, 0, 2, 0, 1, 0, 2, 1, 0, 0, 0, 0, 1, 1, 0, 0, 0, 0, 0, 1, 1, 2, 2, 1, 1, 0, 2, 2, 1, 5, 3, 4, 55, 6, 2, 1, 37, 5, 6, 3, 13, 4, 1, 3, 1, 1, 3, 0, 10, 1, 0, 3, 0, 2, 0, 1, 22, 3, 0, 0, 37, 6, 4, 5, 30, 1, 2, 0, 36, 6, 1, 2, 0, 0, 0, 0, 0, 0, 0, 0, 1, 0, 0, 0, 3, 0, 0, 0, 1, 0, 0, 0, 0, 0, 0, 0, 0, 0, 0, 0, 0, 0, 0, 0, 0, 0, 0, 0, 
56, 1, 1, 1, 0, 0, 0, 0, 0, 0, 0, 0, 0, 1, 0, 0, 1, 0, 0, 0, 1, 0, 1, 0, 0, 0, 0, 0, 0, 4, 2, 2, 0, 10, 5, 3, 1, 61, 2, 1, 1, 34, 2, 5, 5, 15, 5, 3, 0, 0, 3, 1, 0, 12, 2, 2, 0, 10, 2, 8, 1, 25, 3, 5, 2, 33, 4, 7, 2, 37, 2, 2, 0, 42, 2, 2, 1, 0, 0, 0, 0, 1, 0, 0, 0, 1, 0, 0, 0, 0, 0, 0, 0, 0, 0, 0, 0, 1, 0, 0, 0, 0, 0, 0, 0, 1, 0, 0, 0, 2, 0, 0, 0, 
57, 1, 0, 1, 0, 0, 0, 0, 1, 0, 0, 0, 0, 0, 0, 1, 1, 0, 1, 0, 0, 0, 0, 0, 1, 3, 8, 3, 3, 17, 0, 2, 0, 12, 5, 1, 1, 39, 3, 1, 3, 36, 6, 3, 3, 20, 5, 2, 0, 2, 1, 3, 1, 12, 2, 3, 1, 12, 1, 2, 2, 22, 6, 5, 2, 35, 11, 3, 8, 35, 7, 1, 1, 38, 3, 0, 2, 0, 0, 0, 0, 1, 0, 0, 0, 0, 0, 0, 0, 1, 0, 0, 0, 0, 0, 0, 0, 1, 0, 0, 0, 2, 0, 0, 0, 1, 0, 0, 0, 0, 0, 0, 0, 
58, 0, 0, 0, 1, 1, 1, 0, 0, 2, 1, 1, 0, 0, 1, 0, 0, 0, 0, 0, 0, 1, 0, 0, 0, 8, 6, 9, 4, 14, 2, 0, 0, 6, 4, 2, 3, 49, 4, 4, 2, 21, 8, 5, 7, 12, 1, 2, 4, 3, 2, 0, 0, 13, 3, 1, 0, 4, 5, 1, 2, 18, 4, 3, 3, 45, 11, 4, 2, 54, 3, 0, 1, 37, 1, 1, 3, 0, 0, 0, 0, 0, 0, 0, 0, 2, 0, 0, 0, 0, 0, 0, 0, 0, 0, 0, 0, 0, 0, 0, 0, 2, 0, 0, 0, 0, 0, 0, 0, 1, 0, 0, 0, 
59, 0, 0, 0, 0, 0, 0, 0, 0, 0, 0, 0, 0, 1, 3, 0, 0, 0, 0, 0, 0, 2, 2, 0, 0, 7, 8, 5, 10, 23, 1, 3, 1, 1, 2, 1, 0, 44, 4, 1, 5, 30, 3, 4, 8, 9, 1, 4, 2, 6, 2, 2, 3, 17, 2, 4, 1, 1, 5, 2, 2, 17, 2, 2, 0, 59, 3, 4, 6, 44, 4, 3, 1, 28, 3, 0, 2, 1, 0, 0, 0, 0, 0, 0, 0, 1, 0, 0, 0, 0, 0, 0, 0, 0, 0, 0, 0, 1, 0, 0, 0, 0, 0, 0, 0, 0, 0, 0, 0, 2, 0, 0, 0, 
60, 0, 0, 1, 1, 0, 0, 0, 0, 0, 1, 0, 0, 0, 1, 2, 0, 0, 0, 0, 0, 0, 0, 2, 0, 5, 8, 7, 4, 37, 1, 1, 1, 1, 1, 1, 2, 42, 2, 4, 1, 28, 4, 6, 4, 14, 2, 1, 4, 1, 2, 0, 1, 11, 0, 2, 0, 6, 3, 3, 4, 10, 6, 3, 1, 63, 3, 8, 5, 37, 1, 4, 0, 4, 1, 3, 1, 4, 0, 0, 0, 2, 0, 0, 0, 0, 0, 0, 0, 2, 0, 0, 0, 1, 0, 0, 0, 1, 0, 0, 0, 3, 0, 0, 0, 2, 0, 0, 0, 1, 0, 0, 0, 
61, 0, 1, 0, 0, 0, 0, 1, 0, 0, 1, 0, 0, 3, 0, 0, 0, 1, 1, 2, 1, 0, 1, 0, 0, 1, 3, 6, 2, 39, 1, 0, 1, 4, 2, 2, 1, 41, 1, 5, 6, 26, 7, 9, 5, 11, 6, 2, 0, 5, 4, 4, 1, 7, 4, 2, 7, 3, 0, 2, 2, 8, 0, 3, 1, 50, 3, 4, 3, 53, 0, 4, 1, 2, 3, 3, 2, 0, 0, 0, 0, 0, 0, 0, 0, 1, 0, 0, 0, 1, 0, 0, 0, 0, 0, 0, 0, 1, 0, 0, 0, 0, 0, 0, 0, 0, 0, 0, 0, 0, 0, 0, 0, 
62, 1, 2, 1, 0, 1, 0, 0, 0, 0, 1, 3, 1, 1, 0, 1, 1, 2, 0, 0, 0, 0, 0, 1, 0, 0, 1, 2, 1, 21, 0, 0, 2, 5, 4, 6, 4, 61, 6, 6, 2, 41, 9, 8, 3, 21, 4, 1, 1, 1, 4, 5, 1, 16, 3, 3, 2, 1, 2, 2, 1, 7, 3, 1, 1, 41, 7, 3, 3, 55, 1, 0, 0, 9, 12, 6, 4, 2, 0, 0, 0, 2, 0, 0, 0, 0, 0, 0, 0, 2, 0, 0, 0, 0, 0, 0, 0, 0, 0, 0, 0, 1, 0, 0, 0, 0, 0, 0, 0, 0, 0, 0, 0, 
63, 0, 0, 0, 0, 0, 0, 0, 0, 1, 0, 0, 1, 0, 2, 2, 2, 1, 0, 0, 0, 0, 1, 0, 1, 10, 2, 3, 1, 6, 0, 2, 0, 15, 5, 6, 8, 76, 4, 4, 2, 39, 8, 3, 3, 17, 2, 3, 2, 2, 1, 2, 0, 23, 4, 2, 1, 1, 3, 1, 2, 0, 0, 1, 0, 42, 8, 7, 5, 48, 1, 1, 1, 17, 1, 8, 6, 1, 0, 0, 0, 1, 0, 0, 0, 1, 0, 0, 0, 0, 0, 0, 0, 0, 0, 0, 0, 2, 0, 0, 0, 1, 0, 0, 0, 0, 0, 0, 0, 0, 0, 0, 0, 
64, 0, 0, 1, 0, 1, 0, 0, 0, 1, 0, 0, 1, 2, 0, 0, 2, 0, 0, 0, 0, 1, 2, 0, 0, 0, 3, 1, 3, 2, 3, 2, 1, 16, 5, 8, 5, 100, 0, 5, 2, 40, 8, 7, 5, 2, 3, 4, 2, 1, 1, 0, 2, 28, 2, 0, 1, 1, 2, 1, 0, 4, 0, 0, 1, 39, 7, 5, 3, 39, 1, 0, 3, 35, 3, 5, 6, 0, 0, 0, 0, 0, 0, 0, 0, 0, 0, 0, 0, 1, 0, 0, 0, 1, 0, 0, 0, 0, 0, 0, 0, 0, 0, 0, 0, 1, 0, 0, 0, 1, 0, 0, 0, 
65, 0, 0, 1, 1, 0, 1, 0, 0, 1, 0, 0, 1, 2, 1, 0, 0, 1, 0, 0, 1, 2, 2, 0, 0, 2, 1, 0, 2, 3, 2, 2, 3, 9, 6, 7, 2, 93, 2, 1, 2, 41, 5, 8, 12, 14, 5, 3, 3, 5, 3, 0, 3, 29, 2, 0, 1, 2, 6, 7, 4, 2, 0, 1, 0, 46, 6, 10, 7, 48, 5, 1, 0, 29, 6, 3, 2, 2, 0, 0, 0, 0, 0, 0, 0, 0, 0, 0, 0, 1, 0, 0, 0, 0, 0, 0, 0, 2, 0, 0, 0, 1, 0, 0, 0, 1, 0, 0, 0, 0, 0, 0, 0, 
66, 0, 0, 0, 0, 1, 1, 1, 2, 0, 1, 0, 1, 1, 1, 0, 0, 0, 0, 0, 0, 0, 0, 1, 0, 1, 2, 3, 1, 1, 4, 2, 2, 5, 2, 8, 3, 94, 5, 2, 7, 39, 3, 4, 2, 15, 4, 0, 2, 2, 1, 2, 1, 31, 2, 2, 2, 8, 9, 5, 8, 4, 1, 5, 2, 60, 3, 5, 8, 35, 0, 0, 0, 21, 3, 5, 2, 1, 0, 0, 0, 5, 0, 0, 0, 0, 0, 0, 0, 0, 0, 0, 0, 1, 0, 0, 0, 0, 0, 0, 0, 1, 0, 0, 0, 0, 0, 0, 0, 1, 0, 0, 0, 
67, 2, 0, 0, 0, 0, 1, 1, 0, 0, 1, 0, 0, 0, 1, 1, 2, 1, 0, 1, 0, 0, 0, 0, 2, 2, 1, 3, 2, 0, 3, 3, 3, 4, 6, 4, 8, 100, 5, 4, 3, 26, 6, 6, 4, 21, 3, 1, 2, 0, 1, 0, 1, 1, 1, 1, 5, 6, 10, 5, 2, 9, 5, 1, 2, 74, 6, 8, 6, 29, 1, 2, 1, 22, 1, 4, 4, 0, 0, 0, 0, 1, 0, 0, 0, 1, 0, 0, 0, 0, 0, 0, 0, 0, 0, 0, 0, 0, 0, 0, 0, 1, 0, 0, 0, 0, 0, 0, 0, 0, 0, 0, 0, 
68, 1, 0, 1, 0, 0, 0, 0, 0, 0, 0, 0, 0, 0, 0, 0, 0, 0, 0, 0, 0, 0, 0, 1, 1, 0, 1, 0, 2, 0, 3, 2, 3, 3, 8, 8, 10, 100, 5, 3, 1, 16, 8, 9, 9, 3, 2, 1, 1, 1, 2, 4, 3, 9, 4, 2, 7, 7, 5, 6, 3, 1, 2, 1, 1, 77, 5, 7, 3, 27, 1, 1, 1, 19, 2, 6, 0, 2, 0, 0, 0, 1, 0, 0, 0, 0, 0, 0, 0, 0, 0, 0, 0, 0, 0, 0, 0, 0, 0, 0, 0, 0, 0, 0, 0, 1, 0, 0, 0, 2, 0, 0, 0, 
69, 0, 1, 0, 2, 0, 2, 0, 0, 0, 0, 1, 0, 0, 0, 0, 0, 1, 0, 0, 0, 0, 2, 0, 0, 0, 2, 0, 0, 5, 1, 2, 0, 4, 7, 2, 1, 100, 1, 3, 2, 36, 6, 4, 3, 3, 2, 1, 3, 16, 15, 6, 6, 12, 3, 3, 4, 3, 4, 5, 2, 0, 1, 1, 0, 68, 9, 12, 3, 37, 5, 3, 0, 16, 4, 1, 4, 2, 0, 0, 0, 0, 0, 0, 0, 2, 0, 0, 0, 0, 0, 0, 0, 0, 0, 0, 0, 0, 0, 0, 0, 1, 0, 0, 0, 0, 0, 0, 0, 0, 0, 0, 0, 
70, 3, 1, 2, 1, 1, 1, 0, 0, 0, 0, 1, 0, 3, 1, 0, 0, 0, 0, 1, 1, 0, 0, 0, 1, 0, 2, 1, 0, 7, 3, 2, 4, 1, 4, 4, 3, 89, 1, 1, 3, 33, 6, 16, 6, 1, 2, 5, 3, 25, 6, 3, 3, 6, 5, 3, 4, 6, 4, 3, 3, 8, 3, 0, 1, 50, 6, 5, 3, 40, 1, 0, 0, 15, 3, 11, 4, 1, 0, 0, 0, 3, 0, 0, 0, 1, 0, 0, 0, 0, 0, 0, 0, 1, 0, 0, 0, 0, 0, 0, 0, 2, 0, 0, 0, 0, 0, 0, 0, 0, 0, 0, 0, 
71, 3, 0, 1, 0, 0, 0, 2, 0, 0, 1, 4, 0, 1, 1, 0, 0, 0, 1, 1, 0, 0, 0, 0, 0, 2, 2, 3, 2, 1, 3, 0, 1, 0, 0, 0, 0, 90, 4, 4, 3, 44, 9, 8, 1, 7, 4, 5, 2, 17, 4, 5, 5, 7, 4, 10, 6, 11, 4, 3, 3, 1, 3, 1, 8, 54, 6, 5, 6, 42, 2, 4, 1, 24, 6, 5, 5, 0, 0, 0, 0, 1, 0, 0, 0, 1, 0, 0, 0, 1, 0, 0, 0, 1, 0, 0, 0, 1, 0, 0, 0, 0, 0, 0, 0, 0, 0, 0, 0, 1, 0, 0, 0, 
72, 1, 0, 2, 3, 0, 0, 0, 0, 1, 1, 2, 1, 0, 1, 0, 0, 1, 0, 0, 0, 0, 0, 0, 0, 10, 3, 0, 2, 0, 1, 1, 0, 0, 1, 1, 0, 84, 9, 3, 0, 52, 5, 6, 1, 6, 4, 2, 4, 10, 4, 6, 8, 4, 5, 2, 5, 3, 3, 3, 4, 11, 2, 4, 1, 63, 8, 6, 3, 39, 3, 1, 3, 30, 3, 8, 2, 3, 0, 0, 0, 0, 0, 0, 0, 0, 0, 0, 0, 0, 0, 0, 0, 3, 0, 0, 0, 1, 0, 0, 0, 0, 0, 0, 0, 0, 0, 0, 0, 1, 0, 0, 0, 
73, 1, 1, 3, 2, 0, 1, 1, 0, 1, 0, 0, 0, 0, 0, 0, 0, 1, 1, 1, 0, 1, 0, 0, 4, 20, 2, 2, 1, 1, 1, 0, 1, 5, 0, 0, 1, 79, 1, 2, 1, 46, 10, 2, 5, 4, 2, 3, 4, 6, 4, 6, 3, 5, 4, 3, 3, 7, 2, 3, 1, 4, 5, 7, 1, 60, 7, 5, 4, 60, 4, 0, 1, 17, 9, 1, 4, 0, 0, 0, 0, 1, 0, 0, 0, 0, 0, 0, 0, 0, 0, 0, 0, 0, 0, 0, 0, 0, 0, 0, 0, 0, 0, 0, 0, 1, 0, 0, 0, 1, 0, 0, 0, 
74, 2, 0, 1, 0, 6, 3, 0, 0, 0, 0, 0, 0, 3, 1, 2, 4, 0, 3, 3, 1, 0, 0, 0, 1, 16, 1, 0, 1, 3, 1, 0, 1, 2, 0, 0, 0, 71, 2, 0, 4, 54, 6, 4, 4, 6, 4, 4, 5, 4, 1, 3, 4, 3, 4, 3, 4, 3, 5, 1, 3, 1, 3, 1, 1, 77, 6, 5, 6, 54, 5, 1, 1, 13, 7, 1, 1, 3, 0, 0, 0, 0, 0, 0, 0, 1, 0, 0, 0, 1, 0, 0, 0, 1, 0, 0, 0, 1, 0, 0, 0, 0, 0, 0, 0, 0, 0, 0, 0, 0, 0, 0, 0, 
75, 1, 1, 1, 0, 0, 0, 0, 0, 1, 0, 1, 0, 0, 2, 1, 0, 0, 0, 1, 0, 1, 0, 0, 1, 17, 3, 2, 2, 0, 1, 0, 0, 2, 3, 3, 2, 70, 4, 5, 2, 53, 6, 6, 3, 3, 6, 7, 2, 5, 8, 4, 5, 15, 4, 3, 7, 2, 3, 4, 1, 5, 2, 4, 4, 87, 7, 3, 3, 68, 11, 2, 1, 4, 3, 3, 2, 1, 0, 0, 0, 0, 0, 0, 0, 1, 0, 0, 0, 0, 0, 0, 0, 1, 0, 0, 0, 1, 0, 0, 0, 1, 0, 0, 0, 3, 0, 0, 0, 0, 0, 0, 0, 
76, 0, 0, 0, 0, 0, 0, 0, 0, 0, 0, 2, 1, 1, 1, 0, 1, 1, 1, 1, 0, 0, 0, 0, 0, 12, 2, 1, 1, 0, 1, 0, 0, 4, 2, 2, 1, 66, 4, 3, 2, 47, 7, 8, 8, 8, 9, 2, 5, 5, 6, 4, 4, 16, 3, 3, 5, 3, 1, 0, 2, 10, 2, 2, 0, 84, 4, 4, 4, 79, 4, 2, 0, 1, 1, 0, 0, 1, 0, 0, 0, 2, 0, 0, 0, 1, 0, 0, 0, 3, 0, 0, 0, 0, 0, 0, 0, 2, 0, 0, 0, 1, 0, 0, 0, 3, 0, 0, 0, 0, 0, 0, 0, 
77, 0, 1, 0, 0, 0, 3, 4, 1, 1, 0, 0, 0, 1, 0, 0, 0, 0, 0, 0, 0, 0, 1, 1, 0, 2, 0, 1, 1, 1, 2, 1, 2, 6, 3, 2, 1, 74, 2, 4, 2, 38, 8, 11, 5, 13, 6, 5, 6, 4, 2, 2, 3, 13, 13, 4, 1, 2, 3, 0, 3, 12, 1, 3, 3, 72, 3, 6, 8, 87, 2, 0, 3, 0, 0, 1, 0, 0, 0, 0, 0, 2, 0, 0, 0, 0, 0, 0, 0, 2, 0, 0, 0, 0, 0, 0, 0, 0, 0, 0, 0, 0, 0, 0, 0, 1, 0, 0, 0, 1, 0, 0, 0, 
78, 0, 3, 1, 0, 0, 0, 0, 0, 0, 0, 0, 0, 0, 0, 0, 2, 1, 0, 0, 1, 0, 0, 0, 1, 12, 6, 6, 2, 0, 1, 2, 2, 1, 2, 2, 3, 77, 4, 2, 3, 37, 5, 4, 3, 7, 8, 4, 2, 0, 0, 0, 0, 13, 9, 7, 1, 6, 1, 2, 2, 18, 2, 3, 5, 77, 6, 8, 3, 86, 1, 2, 1, 0, 2, 2, 0, 0, 0, 0, 0, 2, 0, 0, 0, 0, 0, 0, 0, 2, 0, 0, 0, 1, 0, 0, 0, 0, 0, 0, 0, 0, 0, 0, 0, 0, 0, 0, 0, 0, 0, 0, 0, 
79, 0, 1, 0, 0, 0, 0, 0, 1, 1, 0, 0, 0, 1, 1, 0, 0, 1, 0, 1, 0, 1, 0, 0, 0, 11, 6, 2, 0, 1, 6, 6, 4, 2, 0, 0, 3, 71, 7, 2, 3, 27, 6, 9, 3, 1, 1, 2, 1, 1, 3, 2, 3, 24, 6, 5, 7, 1, 4, 1, 1, 24, 0, 2, 3, 83, 3, 5, 2, 91, 3, 3, 0, 0, 1, 0, 0, 0, 0, 0, 0, 0, 0, 0, 0, 2, 0, 0, 0, 1, 0, 0, 0, 2, 0, 0, 0, 0, 0, 0, 0, 0, 0, 0, 0, 0, 0, 0, 0, 1, 0, 0, 0, 
80, 4, 1, 2, 1, 0, 0, 1, 0, 1, 0, 0, 0, 0, 1, 0, 0, 0, 0, 0, 2, 0, 0, 1, 0, 17, 6, 2, 1, 2, 3, 5, 5, 1, 0, 3, 3, 78, 2, 6, 3, 21, 5, 3, 4, 0, 0, 3, 0, 1, 5, 4, 2, 39, 9, 3, 7, 9, 3, 3, 1, 21, 1, 0, 1, 84, 10, 8, 5, 94, 1, 2, 1, 1, 1, 3, 1, 0, 0, 0, 0, 1, 0, 0, 0, 2, 0, 0, 0, 1, 0, 0, 0, 2, 0, 0, 0, 1, 0, 0, 0, 0, 0, 0, 0, 0, 0, 0, 0, 1, 0, 0, 0, 
81, 2, 1, 2, 0, 0, 0, 0, 2, 0, 1, 0, 0, 3, 0, 0, 1, 0, 0, 1, 0, 2, 0, 0, 0, 16, 9, 1, 1, 7, 3, 4, 5, 3, 3, 2, 0, 76, 4, 2, 5, 33, 10, 3, 5, 4, 3, 0, 0, 11, 10, 2, 5, 52, 3, 5, 8, 0, 0, 0, 1, 9, 3, 1, 2, 88, 3, 8, 4, 91, 2, 3, 0, 0, 0, 1, 0, 1, 0, 0, 0, 0, 0, 0, 0, 1, 0, 0, 0, 2, 0, 0, 0, 0, 0, 0, 0, 1, 0, 0, 0, 2, 0, 0, 0, 0, 0, 0, 0, 1, 0, 0, 0, 
82, 3, 2, 0, 1, 1, 0, 0, 0, 0, 1, 1, 0, 0, 1, 0, 0, 0, 0, 1, 0, 1, 3, 0, 0, 9, 7, 1, 1, 12, 10, 4, 5, 0, 0, 2, 2, 70, 1, 2, 6, 40, 4, 1, 3, 4, 1, 1, 1, 26, 4, 1, 3, 66, 3, 1, 1, 0, 1, 1, 2, 5, 0, 1, 2, 93, 11, 5, 3, 84, 1, 0, 1, 2, 3, 1, 3, 0, 0, 0, 0, 1, 0, 0, 0, 3, 0, 0, 0, 0, 0, 0, 0, 3, 0, 0, 0, 1, 0, 0, 0, 0, 0, 0, 0, 0, 0, 0, 0, 3, 0, 0, 0, 
83, 1, 0, 0, 1, 4, 5, 0, 0, 0, 0, 0, 0, 0, 1, 0, 0, 0, 0, 0, 0, 0, 0, 0, 0, 0, 0, 2, 1, 19, 9, 2, 5, 2, 0, 0, 0, 75, 6, 2, 1, 38, 12, 2, 5, 0, 1, 0, 1, 29, 6, 6, 1, 59, 6, 3, 5, 0, 4, 0, 1, 3, 1, 1, 1, 99, 1, 2, 4, 71, 6, 2, 2, 7, 10, 1, 6, 1, 0, 0, 0, 1, 0, 0, 0, 1, 0, 0, 0, 1, 0, 0, 0, 1, 0, 0, 0, 1, 0, 0, 0, 0, 0, 0, 0, 1, 0, 0, 0, 0, 0, 0, 0, 
84, 1, 0, 0, 0, 4, 1, 2, 1, 1, 0, 0, 1, 0, 0, 0, 0, 0, 0, 0, 0, 0, 1, 0, 0, 7, 1, 2, 1, 26, 0, 6, 6, 1, 1, 0, 1, 70, 3, 2, 3, 37, 6, 5, 6, 6, 2, 5, 3, 28, 9, 5, 2, 51, 4, 4, 4, 0, 1, 1, 5, 4, 2, 2, 4, 95, 4, 6, 7, 77, 5, 1, 3, 18, 6, 2, 5, 0, 0, 0, 0, 0, 0, 0, 0, 0, 0, 0, 0, 3, 0, 0, 0, 0, 0, 0, 0, 0, 0, 0, 0, 0, 0, 0, 0, 2, 0, 0, 0, 1, 0, 0, 0, 
85, 0, 0, 0, 0, 0, 1, 0, 0, 2, 0, 0, 1, 1, 0, 0, 0, 1, 0, 0, 0, 0, 0, 0, 1, 2, 1, 0, 2, 29, 4, 6, 8, 1, 3, 3, 0, 61, 4, 1, 2, 45, 13, 3, 4, 2, 0, 0, 1, 23, 7, 5, 0, 56, 7, 4, 1, 0, 2, 0, 2, 6, 3, 1, 3, 98, 5, 3, 5, 79, 2, 1, 1, 19, 5, 4, 5, 2, 0, 0, 0, 2, 0, 0, 0, 0, 0, 0, 0, 0, 0, 0, 0, 0, 0, 0, 0, 1, 0, 0, 0, 0, 0, 0, 0, 0, 0, 0, 0, 1, 0, 0, 0, 
86, 0, 0, 1, 0, 0, 0, 0, 0, 1, 0, 0, 1, 1, 0, 1, 1, 1, 0, 0, 1, 1, 0, 0, 2, 3, 1, 4, 2, 37, 5, 8, 7, 0, 0, 5, 0, 60, 1, 2, 3, 39, 8, 3, 2, 4, 3, 2, 4, 12, 3, 3, 3, 50, 1, 3, 3, 2, 1, 2, 2, 3, 0, 4, 5, 98, 5, 7, 5, 72, 3, 2, 2, 32, 5, 1, 3, 0, 0, 0, 0, 1, 0, 0, 0, 0, 0, 0, 0, 1, 0, 0, 0, 0, 0, 0, 0, 0, 0, 0, 0, 0, 0, 0, 0, 0, 0, 0, 0, 1, 0, 0, 0, 
87, 1, 1, 2, 0, 0, 0, 2, 0, 2, 0, 0, 0, 2, 1, 1, 0, 0, 1, 0, 0, 0, 0, 1, 0, 0, 2, 0, 2, 47, 3, 5, 4, 0, 1, 0, 1, 59, 3, 1, 2, 46, 4, 5, 5, 0, 0, 1, 1, 7, 2, 7, 0, 40, 4, 7, 1, 3, 0, 1, 3, 3, 3, 1, 3, 100, 4, 2, 8, 76, 1, 1, 0, 44, 3, 1, 1, 1, 0, 0, 0, 4, 0, 0, 0, 0, 0, 0, 0, 0, 0, 0, 0, 3, 0, 0, 0, 0, 0, 0, 0, 0, 0, 0, 0, 0, 0, 0, 0, 0, 0, 0, 0, 
88, 0, 1, 1, 0, 0, 0, 1, 0, 0, 0, 0, 1, 0, 0, 0, 0, 1, 2, 0, 0, 0, 0, 0, 0, 7, 2, 3, 3, 29, 6, 3, 3, 4, 3, 2, 2, 55, 2, 2, 1, 42, 4, 6, 2, 1, 2, 2, 2, 1, 0, 2, 3, 33, 4, 3, 3, 2, 1, 3, 1, 0, 5, 1, 3, 100, 4, 5, 2, 54, 0, 2, 1, 50, 3, 0, 3, 0, 0, 0, 0, 4, 0, 0, 0, 3, 0, 0, 0, 0, 0, 0, 0, 0, 0, 0, 0, 0, 0, 0, 0, 1, 0, 0, 0, 1, 0, 0, 0, 1, 0, 0, 0, 
89, 0, 0, 0, 0, 0, 0, 0, 0, 0, 1, 2, 1, 1, 3, 2, 1, 4, 2, 1, 0, 0, 0, 1, 1, 5, 3, 3, 1, 14, 8, 2, 0, 6, 2, 3, 3, 39, 6, 5, 1, 38, 3, 7, 4, 0, 1, 1, 1, 2, 1, 0, 1, 28, 9, 2, 0, 5, 3, 5, 1, 0, 1, 0, 1, 100, 6, 2, 4, 61, 0, 1, 0, 50, 1, 1, 3, 1, 0, 0, 0, 0, 0, 0, 0, 2, 0, 0, 0, 0, 0, 0, 0, 0, 0, 0, 0, 1, 0, 0, 0, 4, 0, 0, 0, 0, 0, 0, 0, 1, 0, 0, 0, 
90, 3, 0, 0, 0, 0, 0, 0, 0, 1, 0, 0, 0, 0, 0, 1, 0, 0, 0, 0, 0, 0, 0, 0, 0, 4, 4, 1, 0, 29, 5, 2, 2, 7, 3, 0, 2, 44, 3, 2, 2, 27, 6, 4, 5, 2, 1, 1, 0, 1, 2, 1, 1, 8, 4, 1, 3, 5, 11, 4, 7, 2, 2, 1, 0, 100, 5, 5, 3, 59, 2, 0, 1, 36, 4, 9, 1, 1, 0, 0, 0, 0, 0, 0, 0, 2, 0, 0, 0, 0, 0, 0, 0, 0, 0, 0, 0, 1, 0, 0, 0, 0, 0, 0, 0, 0, 0, 0, 0, 1, 0, 0, 0, 
91, 0, 0, 0, 0, 1, 0, 0, 1, 0, 0, 0, 0, 0, 1, 1, 0, 0, 0, 0, 0, 0, 0, 0, 0, 6, 3, 1, 3, 21, 3, 6, 3, 13, 9, 4, 4, 43, 7, 3, 4, 24, 4, 2, 7, 6, 2, 5, 0, 0, 1, 4, 1, 10, 8, 3, 4, 8, 3, 5, 9, 0, 1, 0, 0, 100, 5, 5, 4, 46, 4, 0, 2, 42, 2, 1, 3, 1, 0, 0, 0, 0, 0, 0, 0, 0, 0, 0, 0, 1, 0, 0, 0, 4, 0, 0, 0, 2, 0, 0, 0, 0, 0, 0, 0, 0, 0, 0, 0, 1, 0, 0, 0, 
92, 0, 1, 1, 0, 2, 0, 0, 1, 0, 1, 0, 1, 1, 0, 0, 0, 0, 1, 0, 0, 1, 0, 0, 2, 3, 1, 2, 1, 17, 7, 3, 9, 19, 2, 2, 1, 36, 1, 1, 0, 6, 7, 8, 5, 0, 3, 3, 3, 0, 1, 0, 2, 9, 3, 3, 5, 3, 2, 9, 5, 3, 0, 2, 0, 100, 7, 6, 1, 43, 0, 4, 2, 41, 3, 1, 5, 4, 0, 0, 0, 1, 0, 0, 0, 2, 0, 0, 0, 1, 0, 0, 0, 1, 0, 0, 0, 2, 0, 0, 0, 2, 0, 0, 0, 1, 0, 0, 0, 0, 0, 0, 0, 
93, 1, 1, 2, 1, 1, 1, 0, 0, 1, 1, 1, 2, 1, 4, 0, 0, 0, 0, 0, 0, 1, 1, 1, 0, 6, 3, 6, 6, 16, 7, 1, 2, 21, 1, 0, 1, 22, 1, 3, 7, 10, 4, 4, 5, 2, 2, 0, 3, 1, 2, 1, 2, 12, 4, 2, 3, 5, 10, 3, 5, 1, 1, 0, 0, 100, 8, 3, 3, 37, 5, 4, 1, 37, 3, 5, 0, 3, 0, 0, 0, 1, 0, 0, 0, 2, 0, 0, 0, 1, 0, 0, 0, 0, 0, 0, 0, 0, 0, 0, 0, 0, 0, 0, 0, 0, 0, 0, 0, 0, 0, 0, 0, 
94, 1, 0, 2, 1, 0, 1, 0, 0, 0, 0, 0, 0, 0, 0, 0, 0, 0, 3, 0, 0, 0, 0, 0, 0, 2, 3, 2, 0, 30, 5, 0, 3, 14, 3, 2, 1, 31, 2, 1, 4, 2, 3, 1, 1, 0, 0, 1, 0, 10, 1, 1, 0, 11, 5, 2, 3, 10, 9, 4, 5, 1, 0, 1, 0, 100, 3, 6, 5, 37, 2, 1, 1, 32, 3, 6, 6, 0, 0, 0, 0, 1, 0, 0, 0, 4, 0, 0, 0, 0, 0, 0, 0, 0, 0, 0, 0, 0, 0, 0, 0, 2, 0, 0, 0, 0, 0, 0, 0, 1, 0, 0, 0, 
95, 0, 0, 0, 0, 1, 0, 1, 1, 2, 0, 0, 0, 0, 0, 0, 0, 2, 0, 0, 0, 0, 0, 0, 0, 5, 2, 2, 1, 28, 1, 1, 6, 16, 1, 4, 0, 27, 3, 2, 0, 2, 2, 0, 1, 0, 0, 0, 0, 6, 2, 1, 1, 8, 3, 5, 2, 4, 7, 10, 15, 4, 1, 0, 0, 100, 4, 5, 5, 27, 7, 1, 0, 44, 1, 4, 5, 3, 0, 0, 0, 0, 0, 0, 0, 0, 0, 0, 0, 0, 0, 0, 0, 1, 0, 0, 0, 1, 0, 0, 0, 0, 0, 0, 0, 0, 0, 0, 0, 0, 0, 0, 0, 
96, 0, 1, 0, 0, 1, 1, 0, 2, 1, 0, 1, 0, 1, 3, 1, 1, 1, 1, 1, 0, 0, 0, 1, 1, 6, 0, 6, 5, 19, 3, 3, 6, 7, 4, 1, 3, 21, 2, 2, 2, 2, 1, 1, 6, 1, 1, 1, 0, 0, 1, 1, 0, 1, 2, 2, 1, 13, 10, 13, 14, 12, 4, 2, 7, 100, 7, 5, 6, 13, 1, 1, 0, 44, 2, 0, 2, 0, 0, 0, 0, 1, 0, 0, 0, 3, 0, 0, 0, 2, 0, 0, 0, 0, 0, 0, 0, 1, 0, 0, 0, 0, 0, 0, 0, 1, 0, 0, 0, 2, 0, 0, 0, 
97, 1, 0, 0, 1, 0, 0, 0, 0, 0, 0, 0, 0, 0, 1, 0, 0, 0, 0, 0, 1, 0, 0, 0, 0, 4, 3, 3, 2, 10, 3, 8, 2, 14, 5, 2, 0, 26, 3, 6, 1, 0, 1, 0, 0, 2, 0, 0, 0, 9, 2, 1, 0, 0, 0, 0, 0, 11, 7, 8, 10, 12, 7, 1, 3, 100, 7, 6, 5, 5, 5, 1, 1, 39, 4, 5, 4, 1, 0, 0, 0, 0, 0, 0, 0, 2, 0, 0, 0, 0, 0, 0, 0, 2, 0, 0, 0, 2, 0, 0, 0, 1, 0, 0, 0, 2, 0, 0, 0, 0, 0, 0, 0, 
98, 0, 0, 0, 0, 2, 0, 0, 0, 1, 1, 1, 0, 1, 0, 1, 0, 0, 0, 1, 0, 0, 0, 1, 1, 3, 6, 6, 5, 16, 3, 7, 4, 23, 6, 1, 2, 39, 3, 4, 1, 2, 5, 3, 4, 2, 4, 1, 0, 12, 1, 0, 0, 6, 4, 4, 1, 5, 8, 9, 6, 21, 10, 5, 3, 100, 4, 3, 1, 7, 0, 2, 2, 29, 3, 3, 4, 1, 0, 0, 0, 1, 0, 0, 0, 0, 0, 0, 0, 3, 0, 0, 0, 0, 0, 0, 0, 1, 0, 0, 0, 1, 0, 0, 0, 0, 0, 0, 0, 1, 0, 0, 0, 
99, 1, 2, 0, 0, 0, 0, 0, 0, 0, 0, 1, 0, 6, 0, 1, 4, 0, 0, 1, 0, 0, 0, 0, 0, 5, 6, 9, 5, 14, 4, 3, 4, 29, 1, 1, 1, 41, 4, 2, 2, 7, 1, 2, 1, 0, 1, 0, 1, 8, 1, 1, 0, 6, 8, 4, 3, 11, 9, 10, 7, 26, 4, 3, 6, 100, 5, 5, 4, 15, 1, 0, 1, 29, 4, 5, 6, 0, 0, 0, 0, 1, 0, 0, 0, 3, 0, 0, 0, 1, 0, 0, 0, 0, 0, 0, 0, 0, 0, 0, 0, 0, 0, 0, 0, 0, 0, 0, 0, 0, 0, 0, 0, 