0, 2, 0, 0, 0, 4, 0, 1, 3, 0, 0, 0, 0, 1, 0, 0, 2, 0, 0, 0, 0, 0, 0, 0, 0, 4, 1, 3, 4, 0, 2, 0, 1, 0, 2, 0, 1, 0, 0, 0, 0, 1, 0, 1, 0, 1, 0, 2, 2, 2, 1, 1, 3, 3, 5, 0, 2, 0, 2, 0, 3, 0, 0, 2, 1, 3, 0, 0, 1, 4, 2, 1, 5, 0, 1, 2, 2, 0, 0, 0, 0, 1, 0, 0, 0, 1, 0, 0, 0, 0, 0, 0, 0, 1, 0, 0, 0, 2, 0, 0, 0, 0, 0, 0, 0, 0, 0, 0, 0, 1, 0, 0, 0, 
1, 0, 0, 1, 1, 0, 1, 0, 1, 1, 0, 0, 0, 1, 1, 2, 1, 0, 0, 0, 0, 0, 0, 1, 0, 8, 3, 1, 0, 3, 2, 2, 2, 1, 0, 0, 0, 3, 2, 0, 0, 4, 0, 2, 0, 2, 3, 3, 1, 1, 1, 2, 1, 0, 1, 0, 0, 0, 2, 1, 0, 1, 3, 4, 2, 3, 1, 2, 3, 2, 4, 3, 1, 5, 3, 1, 1, 1, 0, 0, 0, 0, 0, 0, 0, 1, 0, 0, 0, 0, 0, 0, 0, 0, 0, 0, 0, 2, 0, 0, 0, 1, 0, 0, 0, 1, 0, 0, 0, 1, 0, 0, 0, 
2, 1, 1, 1, 1, 0, 1, 0, 0, 0, 0, 1, 1, 0, 0, 0, 0, 1, 0, 0, 1, 0, 0, 0, 0, 1, 0, 1, 0, 4, 5, 2, 1, 2, 5, 0, 2, 8, 1, 0, 0, 0, 1, 0, 0, 3, 4, 3, 2, 6, 3, 2, 5, 3, 0, 0, 1, 1, 2, 1, 1, 9, 0, 0, 1, 1, 0, 1, 0, 0, 0, 1, 1, 10, 0, 0, 0, 0, 0, 0, 0, 0, 0, 0, 0, 1, 0, 0, 0, 0, 0, 0, 0, 1, 0, 0, 0, 1, 0, 0, 0, 1, 0, 0, 0, 2, 0, 0, 0, 1, 0, 0, 0, 
3, 0, 0, 0, 0, 1, 1, 2, 0, 0, 0, 0, 1, 0, 0, 0, 0, 1, 2, 2, 0, 0, 0, 0, 0, 1, 5, 0, 0, 2, 1, 4, 1, 0, 0, 0, 1, 0, 0, 0, 0, 3, 1, 0, 2, 5, 7, 4, 6, 4, 6, 3, 3, 0, 1, 0, 2, 2, 5, 5, 2, 7, 0, 0, 1, 2, 1, 2, 0, 2, 4, 2, 1, 4, 0, 2, 1, 0, 0, 0, 0, 2, 0, 0, 0, 1, 0, 0, 0, 0, 0, 0, 0, 1, 0, 0, 0, 1, 0, 0, 0, 1, 0, 0, 0, 1, 0, 0, 0, 0, 0, 0, 0, 
4, 2, 0, 1, 2, 0, 0, 0, 2, 1, 3, 1, 0, 2, 1, 0, 0, 0, 0, 1, 0, 1, 1, 0, 0, 9, 2, 4, 4, 0, 2, 2, 1, 3, 1, 0, 0, 1, 1, 0, 0, 0, 2, 1, 2, 5, 2, 1, 2, 5, 2, 1, 3, 4, 4, 2, 2, 4, 0, 5, 4, 2, 3, 0, 1, 0, 1, 1, 6, 4, 0, 0, 0, 1, 2, 6, 6, 0, 0, 0, 0, 1, 0, 0, 0, 0, 0, 0, 0, 1, 0, 0, 0, 0, 0, 0, 0, 1, 0, 0, 0, 0, 0, 0, 0, 0, 0, 0, 0, 0, 0, 0, 0, 
5, 0, 1, 0, 2, 0, 0, 0, 0, 1, 0, 0, 1, 1, 1, 0, 0, 0, 0, 0, 0, 1, 2, 1, 0, 15, 3, 3, 6, 3, 1, 0, 0, 0, 4, 4, 1, 0, 1, 0, 2, 3, 2, 2, 0, 4, 3, 8, 4, 1, 1, 0, 0, 1, 1, 2, 0, 1, 0, 1, 1, 0, 1, 0, 0, 1, 0, 0, 0, 0, 3, 1, 3, 3, 0, 1, 4, 1, 0, 0, 0, 2, 0, 0, 0, 0, 0, 0, 0, 1, 0, 0, 0, 3, 0, 0, 0, 2, 0, 0, 0, 0, 0, 0, 0, 1, 0, 0, 0, 0, 0, 0, 0, 
6, 0, 0, 1, 2, 2, 0, 0, 1, 0, 0, 1, 0, 0, 1, 0, 0, 0, 0, 0, 0, 0, 1, 0, 0, 3, 2, 0, 1, 1, 2, 1, 1, 2, 0, 0, 0, 2, 0, 0, 0, 0, 1, 1, 2, 8, 6, 9, 9, 4, 4, 1, 0, 1, 2, 1, 1, 2, 2, 1, 1, 0, 0, 0, 1, 1, 0, 1, 1, 3, 2, 0, 6, 3, 3, 1, 2, 0, 0, 0, 0, 0, 0, 0, 0, 0, 0, 0, 0, 1, 0, 0, 0, 1, 0, 0, 0, 0, 0, 0, 0, 1, 0, 0, 0, 1, 0, 0, 0, 1, 0, 0, 0, 
7, 1, 0, 1, 1, 1, 3, 0, 1, 1, 0, 0, 1, 0, 0, 0, 1, 0, 0, 0, 0, 1, 2, 0, 1, 0, 0, 1, 0, 2, 3, 4, 0, 0, 2, 0, 2, 0, 0, 0, 4, 2, 0, 2, 2, 18, 6, 5, 8, 6, 3, 1, 2, 3, 2, 2, 1, 9, 0, 0, 1, 4, 0, 1, 1, 1, 0, 0, 0, 3, 6, 2, 0, 1, 1, 0, 0, 0, 0, 0, 0, 1, 0, 0, 0, 3, 0, 0, 0, 1, 0, 0, 0, 1, 0, 0, 0, 0, 0, 0, 0, 1, 0, 0, 0, 2, 0, 0, 0, 2, 0, 0, 0, 
8, 2, 1, 4, 1, 0, 0, 1, 0, 1, 0, 3, 0, 0, 0, 0, 0, 1, 0, 1, 1, 0, 0, 1, 0, 4, 2, 1, 1, 8, 5, 3, 5, 1, 1, 0, 0, 1, 1, 2, 0, 4, 2, 3, 1, 35, 5, 6, 4, 0, 3, 2, 2, 0, 0, 1, 2, 10, 0, 2, 5, 0, 1, 1, 2, 13, 0, 0, 0, 3, 1, 1, 5, 1, 1, 0, 0, 0, 0, 0, 0, 1, 0, 0, 0, 0, 0, 0, 0, 1, 0, 0, 0, 1, 0, 0, 0, 0, 0, 0, 0, 2, 0, 0, 0, 3, 0, 0, 0, 0, 0, 0, 0, 
9, 1, 0, 0, 0, 0, 1, 0, 0, 5, 1, 0, 0, 0, 0, 0, 0, 0, 0, 1, 1, 1, 0, 3, 1, 1, 0, 0, 1, 6, 3, 1, 3, 0, 0, 0, 1, 1, 1, 1, 3, 3, 4, 3, 2, 36, 6, 3, 4, 6, 2, 1, 1, 3, 2, 1, 0, 22, 2, 0, 1, 5, 2, 1, 2, 6, 3, 0, 0, 1, 0, 1, 2, 0, 0, 1, 0, 4, 0, 0, 0, 0, 0, 0, 0, 1, 0, 0, 0, 0, 0, 0, 0, 1, 0, 0, 0, 0, 0, 0, 0, 0, 0, 0, 0, 1, 0, 0, 0, 2, 0, 0, 0, 
10, 0, 1, 1, 0, 0, 0, 1, 0, 0, 0, 0, 0, 0, 1, 0, 0, 0, 1, 0, 0, 0, 0, 0, 0, 1, 0, 1, 0, 2, 0, 0, 0, 0, 0, 1, 4, 2, 1, 3, 0, 3, 2, 1, 1, 40, 13, 7, 3, 3, 3, 1, 3, 4, 2, 1, 0, 27, 1, 1, 1, 2, 5, 7, 3, 2, 0, 1, 1, 3, 0, 2, 2, 1, 2, 4, 1, 0, 0, 0, 0, 0, 0, 0, 0, 0, 0, 0, 0, 4, 0, 0, 0, 1, 0, 0, 0, 0, 0, 0, 0, 0, 0, 0, 0, 0, 0, 0, 0, 0, 0, 0, 0, 
11, 0, 0, 1, 1, 0, 0, 0, 0, 2, 0, 0, 0, 0, 3, 0, 1, 0, 0, 0, 0, 0, 0, 0, 0, 0, 2, 0, 0, 4, 4, 1, 0, 5, 5, 3, 3, 4, 4, 0, 7, 1, 1, 0, 1, 38, 5, 3, 5, 4, 4, 5, 3, 1, 2, 1, 1, 16, 0, 0, 1, 7, 13, 7, 5, 3, 1, 0, 0, 4, 6, 4, 7, 1, 1, 0, 0, 0, 0, 0, 0, 0, 0, 0, 0, 0, 0, 0, 0, 0, 0, 0, 0, 0, 0, 0, 0, 3, 0, 0, 0, 0, 0, 0, 0, 1, 0, 0, 0, 2, 0, 0, 0, 
12, 5, 1, 0, 3, 0, 1, 0, 1, 1, 0, 0, 1, 0, 0, 3, 0, 0, 1, 0, 1, 0, 3, 0, 0, 0, 0, 2, 2, 3, 1, 0, 0, 1, 2, 6, 3, 2, 4, 3, 3, 1, 2, 2, 3, 30, 3, 4, 3, 6, 2, 4, 2, 0, 1, 0, 1, 12, 1, 1, 3, 4, 5, 7, 6, 0, 0, 0, 0, 9, 8, 6, 5, 0, 2, 0, 0, 0, 0, 0, 0, 0, 0, 0, 0, 1, 0, 0, 0, 0, 0, 0, 0, 0, 0, 0, 0, 1, 0, 0, 0, 1, 0, 0, 0, 0, 0, 0, 0, 0, 0, 0, 0, 
13, 3, 1, 5, 3, 0, 1, 0, 0, 0, 0, 1, 0, 0, 0, 0, 0, 1, 1, 0, 1, 0, 0, 1, 1, 1, 0, 0, 1, 4, 4, 1, 0, 1, 0, 0, 0, 1, 0, 1, 1, 2, 4, 1, 2, 21, 5, 5, 5, 1, 6, 1, 2, 0, 0, 0, 1, 0, 3, 3, 1, 2, 6, 5, 3, 3, 1, 1, 0, 4, 6, 3, 4, 1, 1, 0, 0, 2, 0, 0, 0, 0, 0, 0, 0, 3, 0, 0, 0, 1, 0, 0, 0, 0, 0, 0, 0, 1, 0, 0, 0, 1, 0, 0, 0, 0, 0, 0, 0, 0, 0, 0, 0, 
14, 0, 1, 3, 2, 0, 1, 0, 1, 0, 1, 1, 0, 2, 3, 0, 0, 0, 1, 0, 0, 2, 1, 0, 0, 1, 1, 0, 0, 1, 3, 1, 0, 0, 2, 0, 0, 2, 2, 2, 4, 0, 1, 1, 0, 19, 6, 9, 6, 3, 2, 2, 2, 1, 0, 0, 0, 1, 0, 1, 6, 4, 4, 5, 4, 1, 1, 1, 0, 8, 3, 5, 4, 8, 4, 2, 0, 2, 0, 0, 0, 0, 0, 0, 0, 0, 0, 0, 0, 1, 0, 0, 0, 0, 0, 0, 0, 0, 0, 0, 0, 0, 0, 0, 0, 1, 0, 0, 0, 0, 0, 0, 0, 
15, 0, 0, 0, 1, 1, 1, 0, 0, 0, 0, 0, 1, 0, 0, 0, 0, 0, 0, 1, 0, 0, 1, 0, 0, 1, 1, 3, 0, 6, 1, 1, 0, 3, 2, 1, 3, 1, 4, 0, 0, 4, 3, 6, 3, 9, 3, 4, 0, 0, 0, 0, 2, 6, 1, 5, 2, 0, 0, 0, 0, 6, 2, 4, 3, 4, 2, 2, 2, 5, 5, 2, 5, 2, 0, 2, 1, 0, 0, 0, 0, 1, 0, 0, 0, 2, 0, 0, 0, 1, 0, 0, 0, 1, 0, 0, 0, 1, 0, 0, 0, 1, 0, 0, 0, 1, 0, 0, 0, 0, 0, 0, 0, 
16, 0, 1, 0, 1, 0, 0, 0, 0, 1, 0, 0, 0, 0, 0, 0, 0, 2, 1, 0, 0, 0, 0, 0, 0, 21, 3, 4, 2, 1, 0, 2, 2, 10, 1, 3, 2, 5, 1, 6, 1, 2, 6, 5, 7, 2, 2, 4, 1, 0, 1, 0, 0, 6, 3, 4, 5, 3, 0, 4, 2, 1, 1, 0, 0, 14, 1, 0, 1, 0, 3, 4, 3, 6, 2, 5, 1, 0, 0, 0, 0, 0, 0, 0, 0, 2, 0, 0, 0, 0, 0, 0, 0, 2, 0, 0, 0, 0, 0, 0, 0, 0, 0, 0, 0, 0, 0, 0, 0, 0, 0, 0, 0, 
17, 1, 1, 0, 0, 1, 0, 0, 1, 0, 0, 0, 0, 1, 1, 0, 0, 1, 2, 1, 0, 0, 1, 0, 1, 38, 4, 0, 1, 0, 1, 0, 0, 14, 1, 0, 0, 17, 0, 1, 0, 12, 8, 11, 10, 16, 2, 1, 1, 0, 0, 1, 0, 6, 7, 4, 3, 1, 0, 2, 1, 15, 1, 1, 0, 2, 3, 0, 0, 2, 0, 1, 0, 0, 1, 0, 1, 1, 0, 0, 0, 1, 0, 0, 0, 0, 0, 0, 0, 0, 0, 0, 0, 0, 0, 0, 0, 0, 0, 0, 0, 3, 0, 0, 0, 0, 0, 0, 0, 0, 0, 0, 0, 
18, 2, 1, 2, 2, 0, 0, 0, 0, 0, 0, 0, 0, 0, 1, 1, 0, 1, 0, 0, 2, 1, 0, 0, 0, 49, 1, 0, 3, 0, 0, 1, 3, 2, 3, 2, 2, 21, 1, 0, 1, 15, 6, 11, 7, 8, 3, 5, 1, 3, 0, 1, 2, 3, 2, 3, 2, 7, 1, 2, 4, 19, 0, 1, 0, 4, 1, 2, 0, 0, 0, 0, 0, 2, 2, 1, 3, 2, 0, 0, 0, 2, 0, 0, 0, 1, 0, 0, 0, 3, 0, 0, 0, 1, 0, 0, 0, 0, 0, 0, 0, 0, 0, 0, 0, 0, 0, 0, 0, 1, 0, 0, 0, 
19, 1, 0, 1, 0, 0, 0, 0, 0, 0, 1, 0, 0, 1, 1, 1, 1, 1, 0, 0, 0, 0, 0, 0, 1, 43, 1, 2, 0, 0, 0, 0, 2, 2, 1, 1, 1, 23, 0, 0, 0, 14, 9, 8, 11, 18, 3, 2, 6, 0, 0, 1, 3, 0, 0, 1, 3, 1, 0, 1, 1, 19, 2, 1, 0, 1, 1, 2, 0, 3, 1, 0, 0, 1, 0, 0, 0, 1, 0, 0, 0, 0, 0, 0, 0, 1, 0, 0, 0, 0, 0, 0, 0, 0, 0, 0, 0, 0, 0, 0, 0, 0, 0, 0, 0, 0, 0, 0, 0, 1, 0, 0, 0, 
20, 2, 0, 1, 2, 1, 0, 2, 0, 0, 0, 0, 0, 1, 0, 0, 0, 0, 0, 0, 0, 0, 0, 3, 0, 43, 3, 6, 0, 3, 1, 0, 0, 0, 2, 0, 2, 5, 1, 3, 3, 7, 4, 6, 5, 18, 3, 3, 3, 2, 1, 1, 2, 9, 0, 0, 1, 4, 0, 3, 1, 23, 4, 2, 1, 6, 2, 9, 3, 3, 1, 1, 3, 0, 0, 0, 1, 2, 0, 0, 0, 0, 0, 0, 0, 0, 0, 0, 0, 1, 0, 0, 0, 0, 0, 0, 0, 0, 0, 0, 0, 0, 0, 0, 0, 1, 0, 0, 0, 1, 0, 0, 0, 
21, 0, 0, 1, 0, 3, 0, 0, 0, 0, 0, 0, 0, 0, 0, 1, 1, 0, 0, 1, 1, 0, 0, 0, 0, 44, 1, 1, 2, 13, 2, 0, 2, 1, 3, 3, 2, 3, 0, 2, 3, 10, 6, 6, 7, 13, 0, 3, 3, 3, 2, 0, 0, 2, 3, 5, 0, 2, 0, 0, 1, 30, 1, 0, 0, 0, 1, 0, 1, 2, 2, 2, 1, 0, 0, 2, 0, 1, 0, 0, 0, 0, 0, 0, 0, 2, 0, 0, 0, 1, 0, 0, 0, 1, 0, 0, 0, 1, 0, 0, 0, 2, 0, 0, 0, 1, 0, 0, 0, 2, 0, 0, 0, 
22, 1, 2, 1, 0, 2, 0, 2, 0, 1, 1, 0, 0, 1, 0, 1, 1, 0, 1, 0, 0, 0, 0, 0, 0, 44, 6, 2, 1, 12, 0, 1, 4, 11, 2, 3, 0, 4, 1, 2, 1, 3, 7, 5, 3, 17, 5, 3, 1, 13, 6, 4, 2, 3, 1, 1, 3, 2, 2, 2, 1, 27, 0, 0, 0, 0, 3, 4, 1, 0, 0, 0, 2, 0, 0, 1, 0, 0, 0, 0, 0, 0, 0, 0, 0, 0, 0, 0, 0, 1, 0, 0, 0, 1, 0, 0, 0, 0, 0, 0, 0, 0, 0, 0, 0, 0, 0, 0, 0, 0, 0, 0, 0, 
23, 0, 1, 0, 0, 0, 0, 0, 0, 1, 0, 1, 0, 1, 0, 0, 0, 0, 0, 1, 0, 3, 1, 0, 0, 60, 0, 4, 2, 4, 1, 0, 2, 0, 2, 2, 0, 1, 2, 1, 4, 7, 6, 5, 9, 28, 3, 4, 5, 7, 5, 2, 7, 0, 1, 1, 1, 2, 4, 2, 3, 21, 0, 0, 0, 1, 2, 0, 2, 0, 1, 1, 0, 2, 1, 0, 1, 0, 0, 0, 0, 2, 0, 0, 0, 0, 0, 0, 0, 1, 0, 0, 0, 1, 0, 0, 0, 0, 0, 0, 0, 2, 0, 0, 0, 0, 0, 0, 0, 0, 0, 0, 0, 
24, 8, 0, 0, 0, 0, 0, 0, 1, 0, 0, 0, 0, 0, 0, 0, 0, 2, 1, 0, 2, 1, 1, 0, 1, 56, 4, 3, 3, 3, 5, 4, 1, 1, 7, 3, 2, 3, 5, 2, 3, 4, 5, 5, 8, 24, 1, 2, 2, 9, 7, 6, 3, 1, 3, 3, 1, 4, 4, 3, 2, 8, 0, 0, 1, 0, 1, 0, 1, 7, 10, 4, 1, 1, 3, 2, 3, 2, 0, 0, 0, 0, 0, 0, 0, 0, 0, 0, 0, 0, 0, 0, 0, 0, 0, 0, 0, 1, 0, 0, 0, 0, 0, 0, 0, 2, 0, 0, 0, 0, 0, 0, 0, 
25, 1, 0, 0, 0, 0, 0, 0, 0, 0, 0, 0, 0, 0, 1, 0, 1, 0, 1, 0, 0, 1, 0, 0, 0, 57, 10, 1, 1, 15, 4, 2, 2, 7, 3, 6, 5, 2, 5, 2, 2, 16, 4, 9, 11, 8, 4, 4, 2, 2, 1, 3, 4, 6, 3, 1, 0, 4, 4, 0, 3, 1, 1, 0, 1, 14, 0, 2, 2, 4, 7, 5, 2, 1, 0, 2, 3, 0, 0, 0, 0, 1, 0, 0, 0, 0, 0, 0, 0, 4, 0, 0, 0, 1, 0, 0, 0, 2, 0, 0, 0, 2, 0, 0, 0, 0, 0, 0, 0, 1, 0, 0, 0, 
26, 1, 0, 1, 1, 1, 0, 0, 0, 0, 0, 1, 0, 0, 0, 0, 0, 0, 0, 0, 0, 1, 1, 0, 1, 64, 1, 2, 2, 15, 4, 3, 3, 15, 2, 2, 1, 10, 2, 1, 3, 11, 7, 9, 9, 18, 5, 3, 2, 0, 0, 3, 0, 9, 0, 1, 2, 0, 1, 0, 0, 3, 2, 0, 1, 20, 2, 2, 0, 7, 5, 9, 5, 4, 0, 2, 2, 4, 0, 0, 0, 1, 0, 0, 0, 1, 0, 0, 0, 0, 0, 0, 0, 2, 0, 0, 0, 1, 0, 0, 0, 2, 0, 0, 0, 0, 0, 0, 0, 0, 0, 0, 0, 
27, 1, 0, 1, 1, 1, 0, 1, 1, 0, 0, 1, 1, 2, 1, 0, 1, 0, 0, 0, 0, 0, 0, 0, 1, 76, 2, 2, 3, 30, 4, 2, 3, 4, 4, 6, 2, 10, 5, 2, 2, 7, 6, 8, 5, 12, 2, 0, 4, 1, 0, 1, 1, 1, 0, 3, 2, 2, 1, 1, 3, 0, 0, 0, 1, 24, 3, 3, 2, 2, 1, 6, 4, 4, 2, 0, 4, 0, 0, 0, 0, 0, 0, 0, 0, 0, 0, 0, 0, 1, 0, 0, 0, 0, 0, 0, 0, 1, 0, 0, 0, 1, 0, 0, 0, 1, 0, 0, 0, 1, 0, 0, 0, 
28, 0, 0, 0, 0, 0, 0, 0, 1, 0, 0, 0, 0, 0, 0, 0, 0, 1, 0, 0, 1, 0, 0, 0, 0, 89, 3, 0, 3, 35, 3, 2, 2, 3, 1, 1, 0, 19, 2, 2, 3, 8, 4, 7, 4, 13, 2, 5, 2, 3, 0, 0, 0, 0, 1, 1, 0, 11, 3, 5, 5, 1, 2, 4, 1, 10, 0, 1, 1, 3, 5, 1, 6, 5, 2, 3, 5, 3, 0, 0, 0, 1, 0, 0, 0, 1, 0, 0, 0, 0, 0, 0, 0, 2, 0, 0, 0, 1, 0, 0, 0, 1, 0, 0, 0, 1, 0, 0, 0, 0, 0, 0, 0, 
29, 1, 1, 2, 5, 0, 1, 0, 1, 0, 0, 0, 1, 0, 1, 0, 0, 1, 0, 0, 0, 0, 0, 1, 0, 81, 3, 1, 2, 29, 3, 5, 1, 1, 0, 2, 1, 12, 2, 0, 2, 6, 8, 3, 4, 23, 2, 2, 1, 3, 0, 0, 0, 2, 0, 1, 4, 7, 1, 3, 2, 2, 4, 4, 2, 0, 0, 0, 0, 2, 8, 2, 1, 4, 5, 5, 1, 2, 0, 0, 0, 1, 0, 0, 0, 1, 0, 0, 0, 0, 0, 0, 0, 0, 0, 0, 0, 2, 0, 0, 0, 1, 0, 0, 0, 1, 0, 0, 0, 0, 0, 0, 0, 
30, 1, 0, 2, 0, 2, 0, 0, 0, 0, 0, 1, 0, 0, 0, 0, 0, 1, 0, 0, 0, 0, 0, 2, 2, 63, 4, 2, 0, 40, 4, 2, 2, 2, 0, 1, 2, 1, 0, 3, 1, 3, 5, 0, 3, 28, 4, 2, 2, 0, 0, 1, 0, 12, 1, 1, 1, 2, 1, 2, 3, 5, 1, 3, 4, 1, 0, 0, 0, 0, 0, 0, 2, 0, 2, 0, 0, 1, 0, 0, 0, 0, 0, 0, 0, 2, 0, 0, 0, 3, 0, 0, 0, 0, 0, 0, 0, 2, 0, 0, 0, 0, 0, 0, 0, 1, 0, 0, 0, 1, 0, 0, 0, 
31, 0, 1, 0, 0, 1, 0, 0, 1, 0, 0, 0, 0, 1, 0, 2, 1, 1, 0, 0, 0, 0, 0, 1, 0, 71, 0, 2, 2, 43, 0, 4, 2, 4, 0, 0, 2, 1, 4, 5, 5, 0, 0, 0, 1, 19, 4, 2, 4, 0, 2, 1, 1, 10, 1, 2, 1, 4, 0, 1, 0, 1, 0, 0, 0, 3, 4, 0, 4, 0, 0, 0, 0, 1, 0, 0, 1, 0, 0, 0, 0, 2, 0, 0, 0, 0, 0, 0, 0, 0, 0, 0, 0, 1, 0, 0, 0, 0, 0, 0, 0, 3, 0, 0, 0, 0, 0, 0, 0, 2, 0, 0, 0, 
32, 1, 0, 0, 3, 0, 0, 0, 0, 1, 2, 0, 2, 2, 0, 0, 0, 0, 0, 0, 0, 0, 0, 0, 0, 71, 2, 1, 1, 40, 3, 1, 4, 3, 0, 2, 2, 0, 0, 3, 4, 0, 0, 0, 0, 25, 2, 2, 3, 0, 0, 0, 0, 3, 1, 4, 1, 1, 0, 1, 3, 0, 0, 0, 0, 6, 8, 7, 7, 2, 1, 1, 1, 6, 4, 5, 2, 1, 0, 0, 0, 0, 0, 0, 0, 1, 0, 0, 0, 0, 0, 0, 0, 0, 0, 0, 0, 0, 0, 0, 0, 0, 0, 0, 0, 1, 0, 0, 0, 3, 0, 0, 0, 
33, 0, 3, 1, 1, 1, 0, 1, 1, 0, 1, 0, 1, 1, 1, 1, 0, 1, 0, 0, 0, 0, 1, 1, 0, 80, 4, 4, 2, 41, 4, 4, 4, 3, 0, 0, 0, 2, 0, 0, 1, 2, 4, 6, 4, 11, 1, 1, 4, 2, 3, 2, 2, 3, 3, 2, 2, 5, 2, 4, 0, 0, 1, 0, 1, 13, 5, 5, 4, 4, 0, 0, 1, 3, 10, 5, 4, 0, 0, 0, 0, 0, 0, 0, 0, 0, 0, 0, 0, 0, 0, 0, 0, 0, 0, 0, 0, 1, 0, 0, 0, 0, 0, 0, 0, 0, 0, 0, 0, 1, 0, 0, 0, 
34, 2, 0, 0, 1, 2, 1, 5, 1, 0, 0, 0, 0, 1, 0, 0, 0, 1, 1, 3, 1, 0, 0, 0, 1, 85, 5, 0, 2, 46, 5, 2, 4, 8, 3, 3, 0, 0, 0, 0, 0, 5, 6, 4, 4, 4, 0, 3, 2, 2, 0, 1, 0, 0, 0, 1, 0, 22, 1, 0, 0, 1, 1, 2, 1, 6, 7, 4, 4, 10, 0, 0, 2, 5, 3, 3, 8, 0, 0, 0, 0, 0, 0, 0, 0, 1, 0, 0, 0, 0, 0, 0, 0, 0, 0, 0, 0, 1, 0, 0, 0, 4, 0, 0, 0, 0, 0, 0, 0, 1, 0, 0, 0, 
35, 1, 0, 2, 1, 1, 0, 1, 3, 0, 0, 0, 0, 0, 0, 0, 2, 0, 1, 0, 0, 0, 1, 0, 0, 99, 2, 0, 0, 56, 5, 0, 3, 9, 0, 1, 1, 0, 0, 0, 1, 0, 1, 2, 3, 0, 1, 0, 1, 0, 0, 0, 0, 1, 0, 0, 0, 21, 0, 1, 0, 4, 5, 5, 2, 2, 5, 3, 3, 11, 1, 0, 1, 2, 1, 0, 6, 0, 0, 0, 0, 0, 0, 0, 0, 1, 0, 0, 0, 2, 0, 0, 0, 0, 0, 0, 0, 1, 0, 0, 0, 0, 0, 0, 0, 3, 0, 0, 0, 1, 0, 0, 0, 
36, 0, 0, 0, 2, 0, 0, 1, 0, 1, 0, 0, 0, 5, 0, 1, 0, 1, 0, 0, 0, 0, 0, 0, 0, 90, 2, 2, 3, 39, 5, 1, 1, 0, 1, 1, 0, 0, 1, 0, 2, 1, 1, 0, 1, 12, 5, 3, 3, 9, 1, 1, 0, 10, 6, 8, 3, 15, 1, 0, 0, 1, 1, 7, 3, 3, 7, 3, 3, 11, 0, 1, 0, 10, 6, 5, 4, 2, 0, 0, 0, 0, 0, 0, 0, 3, 0, 0, 0, 2, 0, 0, 0, 3, 0, 0, 0, 1, 0, 0, 0, 3, 0, 0, 0, 1, 0, 0, 0, 1, 0, 0, 0, 
37, 3, 1, 5, 0, 0, 1, 0, 1, 0, 1, 0, 0, 1, 1, 1, 0, 0, 0, 0, 0, 1, 0, 0, 0, 92, 1, 1, 2, 35, 4, 7, 2, 0, 3, 3, 1, 0, 1, 1, 0, 0, 0, 0, 1, 36, 1, 1, 0, 2, 2, 2, 2, 19, 4, 3, 2, 1, 0, 0, 0, 2, 4, 3, 3, 4, 3, 2, 2, 3, 3, 2, 0, 10, 1, 1, 0, 0, 0, 0, 0, 0, 0, 0, 0, 0, 0, 0, 0, 0, 0, 0, 0, 0, 0, 0, 0, 0, 0, 0, 0, 0, 0, 0, 0, 0, 0, 0, 0, 0, 0, 0, 0, 
38, 2, 0, 1, 2, 0, 0, 0, 0, 0, 1, 1, 0, 1, 1, 2, 0, 1, 0, 1, 1, 1, 0, 2, 0, 76, 1, 3, 2, 34, 4, 4, 1, 6, 4, 3, 3, 3, 3, 5, 4, 1, 0, 0, 0, 32, 2, 0, 1, 2, 4, 2, 2, 11, 6, 7, 4, 4, 0, 1, 3, 9, 4, 3, 2, 0, 1, 3, 0, 3, 5, 3, 4, 2, 2, 2, 1, 2, 0, 0, 0, 1, 0, 0, 0, 1, 0, 0, 0, 0, 0, 0, 0, 2, 0, 0, 0, 1, 0, 0, 0, 0, 0, 0, 0, 0, 0, 0, 0, 0, 0, 0, 0, 
39, 0, 0, 1, 0, 0, 1, 0, 0, 0, 0, 0, 0, 2, 0, 1, 1, 1, 1, 1, 0, 1, 0, 0, 0, 75, 2, 1, 2, 47, 3, 4, 1, 17, 11, 1, 1, 1, 2, 3, 2, 2, 2, 3, 1, 31, 2, 1, 0, 3, 2, 4, 1, 19, 8, 6, 5, 3, 4, 2, 5, 17, 4, 0, 5, 0, 0, 0, 1, 1, 0, 1, 0, 0, 2, 1, 1, 0, 0, 0, 0, 0, 0, 0, 0, 5, 0, 0, 0, 0, 0, 0, 0, 1, 0, 0, 0, 0, 0, 0, 0, 1, 0, 0, 0, 1, 0, 0, 0, 3, 0, 0, 0, 
40, 1, 0, 1, 0, 0, 0, 0, 1, 0, 1, 0, 0, 0, 0, 1, 0, 0, 0, 0, 1, 1, 0, 1, 0, 65, 15, 0, 2, 56, 0, 4, 1, 17, 3, 4, 1, 4, 1, 0, 4, 4, 1, 0, 0, 37, 2, 3, 4, 0, 1, 0, 1, 27, 8, 7, 5, 8, 1, 0, 2, 26, 3, 2, 0, 1, 0, 0, 0, 2, 1, 5, 2, 0, 0, 0, 0, 0, 0, 0, 0, 0, 0, 0, 0, 1, 0, 0, 0, 3, 0, 0, 0, 0, 0, 0, 0, 1, 0, 0, 0, 1, 0, 0, 0, 1, 0, 0, 0, 0, 0, 0, 0, 
41, 0, 0, 0, 0, 1, 0, 1, 0, 0, 0, 1, 1, 0, 0, 0, 0, 2, 2, 3, 0, 0, 2, 2, 0, 69, 3, 2, 5, 49, 3, 3, 3, 22, 6, 3, 2, 5, 1, 1, 3, 1, 2, 2, 1, 43, 4, 2, 1, 2, 0, 0, 2, 25, 2, 2, 4, 3, 4, 3, 3, 21, 3, 3, 3, 3, 0, 1, 0, 1, 0, 0, 0, 1, 1, 0, 0, 0, 0, 0, 0, 2, 0, 0, 0, 0, 0, 0, 0, 0, 0, 0, 0, 0, 0, 0, 0, 1, 0, 0, 0, 2, 0, 0, 0, 0, 0, 0, 0, 0, 0, 0, 0, 
42, 2, 2, 0, 2, 1, 1, 1, 0, 0, 0, 0, 0, 0, 0, 0, 1, 0, 0, 0, 0, 0, 0, 0, 0, 75, 0, 2, 1, 50, 3, 2, 5, 18, 1, 1, 0, 5, 2, 1, 1, 2, 5, 2, 4, 50, 7, 1, 2, 0, 0, 0, 1, 12, 5, 7, 6, 7, 4, 3, 3, 11, 3, 2, 1, 7, 1, 2, 2, 0, 0, 0, 0, 1, 2, 0, 0, 1, 0, 0, 0, 0, 0, 0, 0, 2, 0, 0, 0, 0, 0, 0, 0, 0, 0, 0, 0, 0, 0, 0, 0, 1, 0, 0, 0, 2, 0, 0, 0, 1, 0, 0, 0, 
43, 2, 0, 0, 1, 1, 0, 1, 0, 1, 0, 0, 0, 0, 0, 0, 1, 0, 1, 1, 0, 0, 1, 0, 0, 67, 4, 4, 2, 39, 6, 4, 6, 10, 2, 1, 1, 0, 1, 5, 2, 1, 1, 0, 0, 53, 1, 1, 1, 0, 0, 0, 1, 18, 7, 4, 4, 11, 4, 4, 1, 2, 3, 1, 2, 17, 0, 0, 2, 3, 1, 2, 1, 1, 1, 4, 1, 0, 0, 0, 0, 2, 0, 0, 0, 0, 0, 0, 0, 3, 0, 0, 0, 0, 0, 0, 0, 0, 0, 0, 0, 0, 0, 0, 0, 0, 0, 0, 0, 4, 0, 0, 0, 
44, 1, 0, 0, 0, 1, 1, 1, 1, 0, 0, 0, 1, 0, 1, 1, 0, 0, 0, 1, 0, 0, 0, 0, 1, 69, 1, 6, 3, 51, 7, 4, 1, 11, 3, 2, 4, 20, 3, 2, 7, 0, 1, 0, 0, 40, 3, 4, 2, 2, 1, 2, 0, 3, 0, 3, 2, 19, 0, 5, 1, 1, 3, 2, 1, 21, 2, 1, 0, 3, 2, 2, 3, 2, 2, 2, 1, 0, 0, 0, 0, 0, 0, 0, 0, 2, 0, 0, 0, 0, 0, 0, 0, 1, 0, 0, 0, 3, 0, 0, 0, 0, 0, 0, 0, 2, 0, 0, 0, 1, 0, 0, 0, 
45, 0, 0, 0, 1, 1, 0, 1, 0, 3, 0, 2, 1, 0, 0, 1, 1, 0, 0, 0, 0, 0, 1, 1, 0, 88, 5, 4, 4, 57, 2, 1, 4, 0, 1, 2, 0, 23, 4, 5, 3, 0, 0, 1, 0, 37, 1, 1, 3, 0, 0, 1, 0, 4, 5, 6, 2, 16, 7, 7, 1, 2, 4, 2, 2, 18, 5, 0, 0, 8, 10, 1, 6, 4, 1, 2, 0, 0, 0, 0, 0, 0, 0, 0, 0, 0, 0, 0, 0, 1, 0, 0, 0, 0, 0, 0, 0, 1, 0, 0, 0, 0, 0, 0, 0, 2, 0, 0, 0, 0, 0, 0, 0, 
46, 1, 2, 3, 2, 0, 1, 0, 0, 0, 0, 0, 1, 0, 0, 1, 0, 1, 0, 1, 0, 1, 2, 0, 0, 95, 4, 3, 0, 49, 6, 1, 2, 2, 7, 7, 3, 22, 3, 3, 2, 4, 1, 2, 2, 40, 3, 1, 0, 2, 1, 9, 3, 4, 6, 6, 4, 24, 5, 1, 1, 0, 0, 0, 1, 22, 1, 0, 0, 5, 5, 3, 2, 2, 2, 2, 0, 1, 0, 0, 0, 1, 0, 0, 0, 0, 0, 0, 0, 1, 0, 0, 0, 1, 0, 0, 0, 1, 0, 0, 0, 0, 0, 0, 0, 1, 0, 0, 0, 2, 0, 0, 0, 
47, 2, 0, 0, 1, 1, 0, 1, 1, 2, 1, 0, 0, 0, 0, 0, 1, 0, 0, 0, 0, 0, 0, 1, 0, 100, 2, 2, 2, 61, 1, 3, 3, 6, 2, 3, 3, 25, 4, 1, 0, 1, 1, 4, 2, 35, 1, 2, 5, 2, 3, 3, 4, 9, 4, 11, 2, 6, 1, 1, 4, 1, 0, 1, 0, 2, 0, 0, 1, 4, 4, 6, 5, 7, 2, 4, 0, 1, 0, 0, 0, 1, 0, 0, 0, 3, 0, 0, 0, 0, 0, 0, 0, 1, 0, 0, 0, 1, 0, 0, 0, 1, 0, 0, 0, 2, 0, 0, 0, 1, 0, 0, 0, 
48, 0, 0, 0, 1, 1, 4, 1, 1, 0, 1, 0, 0, 0, 0, 1, 0, 1, 1, 1, 0, 0, 0, 0, 0, 100, 0, 2, 1, 51, 4, 5, 2, 2, 3, 3, 2, 15, 4, 4, 5, 0, 0, 0, 1, 35, 0, 1, 1, 1, 2, 1, 3, 3, 4, 6, 5, 2, 1, 0, 0, 2, 0, 1, 3, 0, 0, 0, 3, 5, 6, 1, 1, 7, 6, 5, 7, 1, 0, 0, 0, 1, 0, 0, 0, 0, 0, 0, 0, 0, 0, 0, 0, 0, 0, 0, 0, 0, 0, 0, 0, 0, 0, 0, 0, 1, 0, 0, 0, 0, 0, 0, 0, 
49, 0, 0, 1, 0, 0, 1, 1, 0, 0, 0, 0, 0, 0, 1, 0, 0, 0, 0, 0, 1, 0, 0, 0, 2, 100, 3, 3, 1, 48, 3, 0, 3, 7, 13, 7, 5, 28, 1, 4, 3, 1, 1, 1, 1, 52, 3, 1, 1, 0, 0, 0, 3, 6, 5, 8, 3, 0, 0, 1, 0, 12, 7, 4, 2, 16, 3, 1, 1, 4, 5, 2, 7, 6, 5, 4, 7, 0, 0, 0, 0, 0, 0, 0, 0, 0, 0, 0, 0, 1, 0, 0, 0, 1, 0, 0, 0, 1, 0, 0, 0, 1, 0, 0, 0, 1, 0, 0, 0, 3, 0, 0, 0, 
50, 0, 0, 0, 0, 2, 0, 1, 0, 1, 1, 0, 0, 0, 0, 0, 0, 1, 0, 0, 1, 0, 0, 1, 1, 100, 4, 4, 2, 32, 1, 5, 3, 6, 10, 4, 4, 21, 3, 1, 9, 2, 0, 3, 0, 58, 3, 0, 0, 9, 5, 3, 1, 4, 5, 4, 5, 1, 3, 4, 3, 8, 4, 5, 2, 29, 2, 0, 0, 4, 1, 3, 5, 0, 2, 0, 2, 2, 0, 0, 0, 3, 0, 0, 0, 0, 0, 0, 0, 1, 0, 0, 0, 1, 0, 0, 0, 1, 0, 0, 0, 1, 0, 0, 0, 0, 0, 0, 0, 4, 0, 0, 0, 
51, 0, 1, 0, 0, 2, 2, 0, 0, 0, 0, 0, 1, 0, 1, 2, 1, 1, 1, 0, 0, 1, 0, 0, 0, 100, 4, 1, 1, 35, 6, 2, 5, 5, 5, 5, 5, 13, 5, 3, 2, 2, 0, 3, 2, 47, 0, 1, 3, 8, 4, 3, 3, 7, 11, 6, 5, 2, 5, 5, 1, 14, 1, 2, 1, 21, 0, 0, 0, 5, 4, 6, 5, 0, 1, 1, 0, 2, 0, 0, 0, 0, 0, 0, 0, 0, 0, 0, 0, 0, 0, 0, 0, 1, 0, 0, 0, 0, 0, 0, 0, 1, 0, 0, 0, 0, 0, 0, 0, 0, 0, 0, 0, 
52, 1, 0, 1, 1, 1, 1, 0, 1, 0, 0, 0, 0, 0, 0, 0, 0, 0, 0, 0, 0, 0, 1, 0, 1, 100, 3, 4, 3, 45, 4, 4, 1, 4, 3, 4, 2, 12, 4, 4, 2, 5, 4, 4, 3, 74, 6, 1, 1, 5, 1, 1, 0, 6, 14, 11, 6, 3, 10, 5, 0, 8, 3, 3, 5, 20, 0, 0, 0, 1, 5, 4, 2, 2, 0, 0, 0, 2, 0, 0, 0, 0, 0, 0, 0, 1, 0, 0, 0, 0, 0, 0, 0, 1, 0, 0, 0, 1, 0, 0, 0, 2, 0, 0, 0, 0, 0, 0, 0, 3, 0, 0, 0, 
53, 1, 1, 1, 0, 0, 0, 0, 0, 0, 0, 0, 0, 1, 1, 0, 0, 0, 2, 0, 0, 1, 0, 2, 0, 100, 1, 3, 0, 46, 2, 2, 1, 1, 0, 1, 0, 2, 0, 1, 4, 5, 4, 4, 6, 81, 0, 0, 3, 4, 8, 3, 3, 3, 4, 9, 3, 19, 2, 4, 1, 16, 5, 3, 3, 16, 2, 1, 0, 1, 1, 2, 1, 2, 1, 0, 0, 0, 0, 0, 0, 4, 0, 0, 0, 3, 0, 0, 0, 1, 0, 0, 0, 0, 0, 0, 0, 1, 0, 0, 0, 0, 0, 0, 0, 0, 0, 0, 0, 0, 0, 0, 0, 
54, 0, 0, 0, 0, 0, 1, 0, 0, 0, 0, 0, 0, 0, 0, 0, 0, 1, 2, 0, 0, 0, 0, 0, 0, 100, 6, 2, 2, 62, 3, 3, 4, 0, 2, 2, 0, 7, 5, 8, 4, 5, 5, 0, 3, 80, 2, 2, 3, 2, 1, 0, 2, 2, 5, 12, 5, 28, 2, 0, 2, 23, 2, 2, 1, 29, 5, 3, 1, 13, 1, 0, 0, 4, 2, 1, 6, 0, 0, 0, 0, 2, 0, 0, 0, 0, 0, 0, 0, 2, 0, 0, 0, 0, 0, 0, 0, 0, 0, 0, 0, 1, 0, 0, 0, 0, 0, 0, 0, 2, 0, 0, 0, 
55, 0, 0, 1, 1, 4, 0, 0, 0, 0, 0, 0, 1, 2, 2, 2, 0, 0, 0, 1, 0, 0, 0, 3, 0, 100, 2, 5, 1, 60, 6, 4, 2, 4, 2, 2, 2, 18, 6, 2, 3, 1, 1, 0, 1, 85, 1, 0, 0, 3, 2, 0, 0, 3, 2, 2, 4, 22, 1, 3, 1, 22, 1, 2, 2, 44, 0, 0, 0, 21, 3, 1, 0, 6, 6, 10, 3, 0, 0, 0, 0, 0, 0, 0, 0, 0, 0, 0, 0, 2, 0, 0, 0, 2, 0, 0, 0, 0, 0, 0, 0, 2, 0, 0, 0, 0, 0, 0, 0, 3, 0, 0, 0, 
56, 0, 0, 1, 0, 1, 0, 2, 0, 1, 0, 0, 0, 0, 2, 2, 0, 0, 3, 1, 1, 1, 1, 1, 0, 100, 4, 2, 1, 60, 3, 7, 1, 2, 1, 0, 0, 26, 1, 3, 3, 1, 0, 1, 0, 87, 0, 2, 1, 0, 1, 0, 1, 2, 2, 0, 2, 20, 6, 1, 2, 26, 3, 4, 5, 28, 0, 1, 1, 19, 2, 0, 0, 24, 4, 3, 1, 0, 0, 0, 0, 1, 0, 0, 0, 0, 0, 0, 0, 0, 0, 0, 0, 0, 0, 0, 0, 2, 0, 0, 0, 1, 0, 0, 0, 0, 0, 0, 0, 0, 0, 0, 0, 
57, 0, 1, 5, 0, 0, 0, 0, 1, 1, 0, 0, 0, 0, 1, 1, 0, 0, 0, 0, 1, 1, 0, 0, 2, 100, 2, 2, 0, 62, 2, 10, 3, 0, 0, 0, 0, 31, 1, 2, 5, 4, 1, 3, 0, 78, 1, 1, 2, 10, 4, 2, 3, 1, 0, 0, 2, 14, 6, 1, 1, 28, 1, 4, 1, 20, 4, 1, 0, 17, 0, 0, 0, 13, 1, 5, 1, 3, 0, 0, 0, 1, 0, 0, 0, 5, 0, 0, 0, 1, 0, 0, 0, 1, 0, 0, 0, 0, 0, 0, 0, 1, 0, 0, 0, 1, 0, 0, 0, 2, 0, 0, 0, 
58, 0, 1, 1, 0, 0, 1, 2, 3, 1, 0, 0, 0, 1, 0, 0, 0, 0, 0, 0, 0, 0, 0, 0, 0, 100, 4, 0, 2, 57, 1, 2, 1, 11, 1, 0, 1, 36, 4, 2, 3, 4, 2, 2, 0, 75, 5, 1, 1, 26, 9, 2, 2, 1, 4, 1, 1, 24, 1, 4, 5, 18, 5, 6, 1, 20, 0, 1, 0, 14, 0, 0, 0, 9, 4, 4, 3, 1, 0, 0, 0, 0, 0, 0, 0, 4, 0, 0, 0, 1, 0, 0, 0, 1, 0, 0, 0, 1, 0, 0, 0, 1, 0, 0, 0, 1, 0, 0, 0, 1, 0, 0, 0, 
59, 0, 0, 1, 2, 0, 0, 1, 0, 1, 1, 0, 0, 1, 0, 0, 0, 0, 1, 0, 0, 0, 1, 0, 0, 94, 1, 3, 1, 65, 5, 1, 3, 6, 1, 2, 1, 18, 7, 4, 1, 8, 2, 7, 3, 61, 2, 2, 2, 28, 1, 5, 1, 2, 1, 0, 0, 21, 3, 1, 2, 30, 2, 2, 6, 32, 2, 2, 0, 7, 3, 2, 0, 1, 4, 3, 3, 1, 0, 0, 0, 2, 0, 0, 0, 0, 0, 0, 0, 0, 0, 0, 0, 1, 0, 0, 0, 0, 0, 0, 0, 1, 0, 0, 0, 0, 0, 0, 0, 0, 0, 0, 0, 
60, 0, 0, 0, 1, 0, 1, 0, 0, 1, 0, 0, 0, 0, 0, 0, 1, 0, 0, 0, 0, 1, 2, 0, 0, 73, 1, 0, 1, 66, 6, 1, 1, 4, 0, 0, 0, 19, 4, 7, 0, 0, 1, 0, 1, 79, 4, 1, 1, 25, 5, 2, 3, 9, 6, 4, 5, 15, 5, 2, 1, 20, 0, 4, 2, 18, 1, 0, 1, 24, 0, 2, 0, 4, 3, 2, 4, 1, 0, 0, 0, 0, 0, 0, 0, 1, 0, 0, 0, 1, 0, 0, 0, 0, 0, 0, 0, 1, 0, 0, 0, 1, 0, 0, 0, 3, 0, 0, 0, 1, 0, 0, 0, 
61, 2, 0, 0, 1, 1, 0, 0, 1, 0, 0, 0, 0, 0, 0, 2, 0, 0, 0, 0, 0, 0, 0, 0, 0, 68, 3, 4, 3, 66, 5, 3, 2, 0, 0, 1, 0, 20, 6, 1, 6, 6, 5, 2, 2, 77, 0, 0, 2, 10, 8, 1, 1, 10, 4, 2, 1, 24, 4, 4, 5, 2, 3, 2, 3, 21, 2, 2, 0, 18, 0, 0, 0, 12, 3, 5, 4, 1, 0, 0, 0, 3, 0, 0, 0, 1, 0, 0, 0, 0, 0, 0, 0, 0, 0, 0, 0, 0, 0, 0, 0, 0, 0, 0, 0, 0, 0, 0, 0, 1, 0, 0, 0, 
62, 2, 1, 2, 0, 1, 0, 0, 1, 0, 0, 0, 0, 1, 0, 1, 2, 0, 0, 0, 0, 1, 0, 1, 0, 67, 2, 2, 0, 78, 7, 4, 2, 0, 0, 1, 1, 33, 4, 1, 6, 11, 6, 1, 1, 82, 3, 1, 3, 3, 4, 5, 4, 1, 0, 0, 0, 33, 1, 0, 2, 3, 0, 0, 0, 20, 0, 0, 0, 10, 2, 1, 1, 3, 2, 2, 3, 0, 0, 0, 0, 2, 0, 0, 0, 1, 0, 0, 0, 4, 0, 0, 0, 1, 0, 0, 0, 1, 0, 0, 0, 3, 0, 0, 0, 0, 0, 0, 0, 1, 0, 0, 0, 
63, 2, 1, 2, 1, 0, 0, 0, 0, 0, 0, 0, 0, 0, 1, 0, 0, 0, 0, 1, 0, 1, 1, 0, 0, 67, 2, 3, 3, 86, 1, 3, 3, 0, 0, 1, 1, 41, 4, 3, 3, 1, 3, 5, 0, 70, 2, 1, 0, 5, 7, 4, 8, 2, 0, 0, 0, 24, 3, 2, 4, 6, 4, 2, 1, 12, 1, 1, 2, 9, 2, 2, 0, 1, 0, 0, 0, 3, 0, 0, 0, 0, 0, 0, 0, 0, 0, 0, 0, 1, 0, 0, 0, 1, 0, 0, 0, 2, 0, 0, 0, 0, 0, 0, 0, 0, 0, 0, 0, 1, 0, 0, 0, 
64, 2, 1, 2, 3, 0, 0, 0, 1, 0, 1, 2, 2, 2, 0, 1, 1, 0, 0, 0, 0, 0, 0, 0, 0, 60, 1, 1, 1, 73, 5, 1, 1, 1, 0, 0, 0, 45, 1, 5, 3, 4, 6, 6, 1, 72, 1, 4, 1, 8, 6, 7, 6, 3, 1, 0, 0, 21, 2, 1, 3, 11, 1, 3, 2, 0, 3, 1, 1, 1, 1, 1, 1, 5, 1, 0, 0, 0, 0, 0, 0, 0, 0, 0, 0, 1, 0, 0, 0, 0, 0, 0, 0, 1, 0, 0, 0, 1, 0, 0, 0, 0, 0, 0, 0, 0, 0, 0, 0, 0, 0, 0, 0, 
65, 1, 0, 1, 1, 1, 1, 0, 0, 1, 1, 0, 0, 1, 0, 0, 0, 0, 1, 1, 1, 0, 0, 0, 0, 53, 3, 1, 1, 56, 2, 4, 3, 3, 2, 4, 4, 44, 3, 3, 7, 0, 4, 1, 3, 76, 5, 2, 1, 9, 8, 7, 2, 0, 1, 2, 0, 31, 4, 4, 4, 20, 8, 2, 2, 1, 0, 0, 0, 4, 1, 2, 1, 1, 0, 0, 0, 2, 0, 0, 0, 0, 0, 0, 0, 0, 0, 0, 0, 2, 0, 0, 0, 1, 0, 0, 0, 0, 0, 0, 0, 1, 0, 0, 0, 0, 0, 0, 0, 1, 0, 0, 0, 
66, 0, 3, 0, 2, 2, 0, 0, 1, 0, 0, 0, 1, 0, 0, 0, 0, 1, 1, 1, 0, 0, 0, 1, 1, 58, 1, 1, 4, 64, 0, 5, 2, 11, 4, 1, 2, 37, 2, 3, 3, 1, 0, 4, 2, 73, 1, 4, 1, 7, 5, 8, 2, 5, 2, 2, 1, 42, 1, 2, 3, 25, 1, 1, 5, 1, 0, 0, 0, 1, 1, 3, 0, 0, 0, 0, 0, 0, 0, 0, 0, 0, 0, 0, 0, 0, 0, 0, 0, 1, 0, 0, 0, 1, 0, 0, 0, 0, 0, 0, 0, 1, 0, 0, 0, 1, 0, 0, 0, 1, 0, 0, 0, 
67, 1, 1, 0, 0, 0, 0, 0, 0, 0, 1, 0, 1, 2, 0, 1, 0, 1, 0, 1, 0, 0, 1, 0, 0, 61, 0, 1, 2, 66, 2, 5, 4, 0, 1, 3, 3, 36, 2, 3, 0, 2, 0, 1, 2, 84, 2, 3, 2, 10, 5, 3, 7, 3, 0, 0, 2, 38, 3, 0, 1, 21, 3, 3, 1, 15, 2, 4, 0, 9, 7, 1, 2, 1, 1, 1, 4, 0, 0, 0, 0, 0, 0, 0, 0, 2, 0, 0, 0, 0, 0, 0, 0, 1, 0, 0, 0, 1, 0, 0, 0, 2, 0, 0, 0, 1, 0, 0, 0, 2, 0, 0, 0, 
68, 1, 1, 0, 1, 2, 6, 1, 4, 0, 0, 1, 0, 1, 1, 0, 1, 3, 1, 2, 0, 0, 0, 0, 0, 59, 3, 4, 1, 72, 2, 2, 1, 1, 2, 2, 0, 36, 4, 3, 2, 0, 5, 0, 3, 86, 2, 5, 0, 8, 11, 9, 9, 0, 0, 0, 0, 40, 4, 1, 1, 17, 1, 5, 3, 13, 0, 2, 2, 5, 4, 0, 0, 0, 0, 2, 0, 0, 0, 0, 0, 1, 0, 0, 0, 2, 0, 0, 0, 0, 0, 0, 0, 0, 0, 0, 0, 1, 0, 0, 0, 0, 0, 0, 0, 0, 0, 0, 0, 1, 0, 0, 0, 
69, 1, 1, 0, 0, 0, 0, 0, 0, 1, 0, 0, 0, 1, 1, 1, 0, 0, 1, 0, 1, 0, 0, 0, 0, 67, 3, 4, 2, 68, 2, 2, 4, 1, 1, 0, 0, 32, 4, 3, 2, 1, 1, 3, 2, 88, 2, 1, 2, 16, 15, 14, 10, 0, 1, 1, 0, 33, 2, 1, 2, 15, 2, 2, 2, 25, 5, 3, 2, 1, 2, 1, 1, 3, 3, 1, 1, 1, 0, 0, 0, 0, 0, 0, 0, 0, 0, 0, 0, 2, 0, 0, 0, 1, 0, 0, 0, 1, 0, 0, 0, 0, 0, 0, 0, 1, 0, 0, 0, 0, 0, 0, 0, 
70, 3, 1, 2, 1, 0, 0, 0, 0, 1, 1, 0, 0, 1, 0, 2, 1, 0, 0, 0, 0, 0, 0, 3, 0, 75, 5, 4, 3, 75, 3, 2, 2, 0, 2, 1, 2, 25, 3, 2, 3, 14, 1, 0, 0, 84, 0, 2, 2, 18, 10, 14, 10, 6, 4, 0, 1, 29, 3, 2, 2, 14, 4, 1, 3, 44, 6, 1, 4, 0, 1, 1, 0, 1, 0, 3, 0, 1, 0, 0, 0, 0, 0, 0, 0, 1, 0, 0, 0, 1, 0, 0, 0, 0, 0, 0, 0, 0, 0, 0, 0, 1, 0, 0, 0, 2, 0, 0, 0, 1, 0, 0, 0, 
71, 9, 1, 0, 0, 0, 0, 2, 1, 2, 0, 0, 2, 0, 1, 0, 0, 0, 0, 0, 0, 1, 6, 0, 1, 67, 4, 4, 0, 68, 3, 4, 0, 0, 0, 0, 0, 20, 4, 1, 2, 11, 5, 1, 0, 79, 2, 0, 1, 22, 11, 9, 7, 1, 1, 1, 2, 31, 1, 4, 1, 21, 5, 1, 0, 48, 5, 3, 3, 1, 3, 0, 3, 16, 2, 0, 0, 1, 0, 0, 0, 0, 0, 0, 0, 3, 0, 0, 0, 0, 0, 0, 0, 0, 0, 0, 0, 1, 0, 0, 0, 0, 0, 0, 0, 1, 0, 0, 0, 2, 0, 0, 0, 
72, 0, 1, 0, 1, 0, 0, 0, 0, 0, 0, 0, 0, 0, 1, 0, 0, 0, 0, 0, 0, 0, 0, 1, 3, 79, 3, 3, 0, 80, 2, 2, 4, 5, 3, 1, 0, 5, 5, 2, 6, 19, 2, 0, 2, 72, 3, 1, 4, 14, 14, 10, 12, 4, 3, 4, 6, 31, 8, 0, 0, 17, 2, 2, 4, 41, 2, 2, 1, 2, 4, 1, 1, 12, 2, 0, 2, 3, 0, 0, 0, 1, 0, 0, 0, 0, 0, 0, 0, 1, 0, 0, 0, 0, 0, 0, 0, 1, 0, 0, 0, 3, 0, 0, 0, 0, 0, 0, 0, 0, 0, 0, 0, 
73, 0, 0, 2, 0, 0, 0, 0, 0, 0, 1, 1, 0, 1, 1, 1, 1, 0, 0, 0, 0, 0, 0, 0, 1, 66, 5, 2, 2, 83, 2, 4, 4, 0, 0, 1, 0, 12, 3, 6, 1, 19, 4, 2, 0, 69, 1, 1, 4, 8, 12, 14, 11, 7, 9, 8, 2, 25, 6, 1, 3, 21, 4, 0, 2, 51, 5, 7, 3, 7, 2, 0, 2, 16, 4, 0, 0, 1, 0, 0, 0, 0, 0, 0, 0, 1, 0, 0, 0, 0, 0, 0, 0, 0, 0, 0, 0, 0, 0, 0, 0, 0, 0, 0, 0, 0, 0, 0, 0, 0, 0, 0, 0, 
74, 0, 2, 0, 0, 2, 1, 0, 0, 0, 0, 1, 0, 0, 1, 0, 2, 0, 0, 0, 0, 0, 1, 0, 0, 76, 3, 2, 2, 93, 4, 4, 1, 0, 0, 0, 1, 13, 4, 2, 1, 8, 0, 0, 1, 54, 2, 2, 0, 13, 11, 8, 12, 15, 7, 3, 1, 44, 1, 4, 2, 17, 1, 1, 1, 62, 2, 1, 3, 7, 1, 1, 0, 19, 2, 3, 0, 1, 0, 0, 0, 2, 0, 0, 0, 0, 0, 0, 0, 1, 0, 0, 0, 0, 0, 0, 0, 2, 0, 0, 0, 0, 0, 0, 0, 2, 0, 0, 0, 2, 0, 0, 0, 
75, 0, 3, 0, 1, 1, 0, 1, 1, 0, 0, 0, 0, 1, 2, 0, 1, 0, 0, 0, 0, 0, 0, 0, 0, 80, 3, 1, 2, 91, 8, 6, 6, 7, 1, 0, 0, 9, 1, 1, 3, 1, 0, 0, 1, 54, 2, 2, 1, 13, 20, 11, 6, 3, 3, 3, 3, 48, 3, 3, 0, 11, 3, 4, 1, 55, 4, 0, 1, 9, 0, 0, 0, 24, 4, 2, 3, 0, 0, 0, 0, 0, 0, 0, 0, 1, 0, 0, 0, 1, 0, 0, 0, 1, 0, 0, 0, 4, 0, 0, 0, 1, 0, 0, 0, 0, 0, 0, 0, 1, 0, 0, 0, 
76, 0, 0, 0, 0, 1, 0, 3, 0, 1, 1, 1, 1, 0, 1, 0, 0, 0, 0, 0, 1, 0, 0, 0, 1, 79, 1, 1, 1, 84, 3, 2, 2, 1, 0, 1, 1, 0, 1, 1, 0, 0, 1, 0, 0, 54, 3, 3, 0, 14, 16, 11, 8, 1, 1, 1, 1, 55, 1, 3, 1, 3, 1, 4, 1, 59, 7, 4, 1, 4, 3, 3, 1, 38, 0, 2, 6, 0, 0, 0, 0, 0, 0, 0, 0, 2, 0, 0, 0, 0, 0, 0, 0, 0, 0, 0, 0, 1, 0, 0, 0, 1, 0, 0, 0, 2, 0, 0, 0, 0, 0, 0, 0, 
77, 1, 3, 3, 1, 0, 0, 0, 0, 0, 0, 0, 0, 2, 1, 0, 1, 0, 0, 0, 0, 1, 2, 0, 0, 87, 3, 1, 3, 65, 4, 2, 4, 0, 0, 2, 2, 3, 3, 1, 0, 0, 0, 2, 1, 43, 1, 2, 1, 13, 13, 15, 10, 1, 0, 1, 1, 52, 5, 2, 2, 5, 2, 1, 2, 63, 4, 1, 0, 4, 3, 1, 0, 35, 3, 0, 2, 1, 0, 0, 0, 1, 0, 0, 0, 0, 0, 0, 0, 0, 0, 0, 0, 0, 0, 0, 0, 1, 0, 0, 0, 0, 0, 0, 0, 0, 0, 0, 0, 1, 0, 0, 0, 
78, 2, 3, 0, 0, 0, 0, 0, 0, 1, 0, 0, 0, 0, 0, 0, 0, 0, 0, 1, 0, 0, 0, 0, 0, 87, 2, 3, 3, 67, 4, 2, 5, 4, 1, 2, 6, 3, 1, 1, 2, 4, 2, 3, 1, 32, 2, 3, 1, 15, 13, 14, 12, 1, 1, 0, 1, 46, 2, 3, 2, 12, 2, 4, 3, 57, 2, 1, 1, 9, 1, 0, 0, 47, 2, 2, 1, 1, 0, 0, 0, 0, 0, 0, 0, 1, 0, 0, 0, 1, 0, 0, 0, 1, 0, 0, 0, 2, 0, 0, 0, 0, 0, 0, 0, 0, 0, 0, 0, 1, 0, 0, 0, 
79, 1, 0, 2, 1, 1, 0, 2, 0, 0, 0, 0, 1, 0, 0, 0, 0, 0, 0, 0, 0, 1, 0, 1, 1, 95, 2, 3, 3, 62, 7, 3, 0, 4, 3, 4, 2, 3, 3, 6, 1, 0, 2, 1, 0, 38, 0, 1, 1, 19, 15, 20, 15, 5, 5, 1, 2, 51, 2, 1, 1, 10, 1, 0, 1, 64, 0, 0, 0, 0, 2, 4, 2, 40, 3, 0, 1, 0, 0, 0, 0, 0, 0, 0, 0, 1, 0, 0, 0, 0, 0, 0, 0, 0, 0, 0, 0, 0, 0, 0, 0, 1, 0, 0, 0, 1, 0, 0, 0, 0, 0, 0, 0, 
80, 1, 0, 0, 0, 0, 0, 0, 0, 1, 0, 0, 0, 0, 0, 0, 0, 0, 0, 0, 0, 1, 0, 0, 0, 90, 4, 0, 1, 58, 2, 3, 4, 6, 8, 2, 4, 1, 1, 0, 2, 0, 0, 0, 0, 58, 8, 1, 0, 24, 18, 19, 14, 1, 2, 0, 1, 36, 7, 1, 4, 5, 3, 1, 1, 63, 3, 3, 2, 3, 3, 3, 5, 36, 1, 0, 1, 1, 0, 0, 0, 1, 0, 0, 0, 0, 0, 0, 0, 0, 0, 0, 0, 1, 0, 0, 0, 2, 0, 0, 0, 1, 0, 0, 0, 0, 0, 0, 0, 1, 0, 0, 0, 
81, 1, 1, 0, 0, 0, 1, 0, 0, 1, 0, 1, 1, 0, 0, 0, 0, 1, 0, 1, 0, 1, 1, 0, 0, 92, 1, 1, 2, 51, 6, 3, 0, 4, 5, 6, 8, 2, 3, 0, 1, 0, 0, 1, 0, 57, 2, 2, 2, 25, 13, 9, 14, 2, 0, 0, 0, 47, 4, 3, 2, 15, 3, 0, 1, 55, 2, 6, 2, 2, 0, 2, 2, 26, 1, 4, 4, 1, 0, 0, 0, 1, 0, 0, 0, 2, 0, 0, 0, 1, 0, 0, 0, 1, 0, 0, 0, 1, 0, 0, 0, 2, 0, 0, 0, 0, 0, 0, 0, 1, 0, 0, 0, 
82, 2, 1, 0, 0, 1, 1, 2, 1, 1, 0, 0, 0, 0, 1, 1, 2, 0, 0, 1, 0, 3, 1, 1, 0, 92, 3, 2, 1, 42, 1, 5, 3, 7, 4, 8, 1, 2, 2, 0, 1, 0, 6, 2, 1, 55, 5, 1, 3, 19, 15, 9, 11, 4, 5, 1, 9, 31, 1, 0, 0, 1, 1, 1, 2, 57, 1, 2, 1, 0, 2, 1, 1, 33, 3, 2, 1, 0, 0, 0, 0, 0, 0, 0, 0, 0, 0, 0, 0, 0, 0, 0, 0, 0, 0, 0, 0, 0, 0, 0, 0, 0, 0, 0, 0, 1, 0, 0, 0, 0, 0, 0, 0, 
83, 2, 2, 2, 1, 0, 0, 0, 0, 0, 0, 1, 0, 0, 0, 3, 1, 0, 0, 0, 2, 0, 0, 0, 0, 82, 3, 2, 2, 47, 4, 3, 2, 10, 4, 2, 3, 4, 5, 0, 2, 0, 2, 1, 0, 59, 1, 2, 1, 16, 9, 26, 13, 1, 2, 0, 1, 11, 2, 3, 2, 5, 2, 0, 0, 58, 2, 2, 0, 2, 0, 3, 2, 53, 4, 0, 3, 1, 0, 0, 0, 0, 0, 0, 0, 0, 0, 0, 0, 0, 0, 0, 0, 1, 0, 0, 0, 0, 0, 0, 0, 0, 0, 0, 0, 2, 0, 0, 0, 0, 0, 0, 0, 
84, 2, 1, 0, 0, 0, 0, 1, 1, 1, 2, 0, 2, 0, 0, 0, 0, 0, 0, 0, 0, 0, 0, 0, 1, 86, 4, 0, 1, 54, 6, 3, 4, 9, 5, 8, 11, 14, 1, 5, 2, 2, 0, 2, 2, 53, 3, 3, 0, 27, 11, 9, 13, 0, 0, 1, 1, 0, 0, 2, 0, 0, 0, 0, 0, 55, 1, 1, 2, 0, 0, 1, 2, 62, 0, 2, 2, 5, 0, 0, 0, 0, 0, 0, 0, 0, 0, 0, 0, 1, 0, 0, 0, 1, 0, 0, 0, 2, 0, 0, 0, 2, 0, 0, 0, 0, 0, 0, 0, 0, 0, 0, 0, 
85, 0, 3, 3, 0, 1, 0, 0, 0, 1, 0, 0, 1, 0, 0, 0, 0, 0, 1, 0, 1, 0, 1, 0, 0, 81, 3, 1, 1, 67, 1, 3, 2, 17, 7, 5, 4, 5, 2, 3, 2, 1, 3, 4, 1, 46, 2, 4, 2, 26, 14, 17, 12, 1, 0, 2, 0, 2, 1, 2, 2, 1, 1, 2, 1, 46, 2, 3, 1, 4, 3, 6, 1, 69, 1, 4, 1, 1, 0, 0, 0, 0, 0, 0, 0, 1, 0, 0, 0, 1, 0, 0, 0, 1, 0, 0, 0, 2, 0, 0, 0, 1, 0, 0, 0, 0, 0, 0, 0, 0, 0, 0, 0, 
86, 1, 1, 0, 0, 3, 3, 1, 1, 1, 1, 2, 1, 3, 1, 0, 0, 0, 0, 0, 0, 0, 0, 1, 0, 66, 7, 0, 0, 66, 2, 2, 2, 17, 9, 9, 9, 5, 2, 5, 1, 4, 2, 5, 4, 39, 4, 6, 2, 18, 15, 8, 12, 2, 7, 1, 6, 4, 0, 1, 2, 2, 2, 1, 1, 38, 0, 1, 1, 4, 1, 3, 7, 67, 6, 1, 1, 0, 0, 0, 0, 0, 0, 0, 0, 0, 0, 0, 0, 2, 0, 0, 0, 0, 0, 0, 0, 3, 0, 0, 0, 0, 0, 0, 0, 0, 0, 0, 0, 1, 0, 0, 0, 
87, 1, 0, 2, 1, 2, 0, 1, 2, 1, 0, 0, 0, 0, 0, 1, 0, 0, 1, 0, 0, 0, 1, 0, 0, 57, 2, 0, 2, 61, 4, 4, 2, 22, 9, 2, 1, 19, 4, 3, 4, 3, 9, 1, 6, 40, 0, 2, 2, 12, 17, 15, 10, 7, 8, 4, 4, 4, 2, 6, 5, 10, 4, 4, 2, 27, 2, 1, 0, 9, 3, 3, 4, 70, 4, 2, 0, 1, 0, 0, 0, 1, 0, 0, 0, 1, 0, 0, 0, 2, 0, 0, 0, 0, 0, 0, 0, 0, 0, 0, 0, 0, 0, 0, 0, 1, 0, 0, 0, 1, 0, 0, 0, 
88, 1, 0, 2, 0, 0, 0, 1, 0, 2, 1, 3, 1, 0, 0, 1, 0, 0, 0, 1, 0, 0, 3, 0, 0, 51, 5, 2, 4, 53, 1, 4, 2, 26, 7, 4, 7, 25, 5, 3, 7, 4, 0, 4, 3, 36, 2, 2, 2, 19, 10, 11, 11, 1, 7, 3, 1, 4, 3, 2, 2, 10, 5, 0, 5, 22, 0, 3, 1, 1, 1, 0, 0, 79, 1, 1, 1, 1, 0, 0, 0, 1, 0, 0, 0, 1, 0, 0, 0, 0, 0, 0, 0, 0, 0, 0, 0, 2, 0, 0, 0, 0, 0, 0, 0, 1, 0, 0, 0, 0, 0, 0, 0, 
89, 0, 0, 1, 1, 1, 0, 0, 1, 1, 1, 0, 1, 0, 0, 0, 2, 1, 1, 0, 0, 0, 0, 0, 0, 54, 2, 5, 2, 47, 1, 1, 0, 25, 6, 6, 10, 29, 9, 4, 4, 9, 4, 5, 1, 26, 4, 1, 2, 14, 9, 10, 19, 0, 1, 0, 4, 0, 2, 3, 3, 2, 7, 6, 3, 29, 1, 4, 0, 4, 1, 1, 2, 72, 2, 2, 2, 0, 0, 0, 0, 0, 0, 0, 0, 0, 0, 0, 0, 0, 0, 0, 0, 1, 0, 0, 0, 0, 0, 0, 0, 0, 0, 0, 0, 0, 0, 0, 0, 0, 0, 0, 0, 
90, 0, 1, 0, 0, 2, 0, 0, 2, 0, 0, 1, 0, 2, 1, 0, 0, 0, 0, 0, 0, 1, 1, 1, 1, 37, 2, 0, 4, 52, 3, 5, 2, 33, 7, 7, 5, 46, 1, 1, 2, 9, 8, 4, 3, 27, 1, 1, 0, 7, 13, 7, 7, 1, 0, 1, 0, 0, 1, 1, 1, 1, 0, 0, 0, 24, 3, 6, 2, 3, 2, 2, 1, 75, 3, 2, 1, 1, 0, 0, 0, 0, 0, 0, 0, 1, 0, 0, 0, 0, 0, 0, 0, 0, 0, 0, 0, 1, 0, 0, 0, 0, 0, 0, 0, 7, 0, 0, 0, 0, 0, 0, 0, 
91, 1, 1, 2, 2, 1, 0, 0, 0, 0, 0, 0, 1, 3, 1, 1, 0, 0, 1, 1, 2, 1, 0, 1, 0, 44, 1, 3, 4, 55, 5, 1, 2, 23, 2, 7, 6, 45, 5, 3, 4, 4, 1, 1, 4, 22, 2, 2, 2, 10, 4, 10, 8, 0, 0, 0, 2, 1, 0, 1, 2, 0, 0, 1, 0, 29, 4, 1, 2, 0, 1, 1, 0, 76, 3, 2, 2, 1, 0, 0, 0, 1, 0, 0, 0, 1, 0, 0, 0, 1, 0, 0, 0, 1, 0, 0, 0, 1, 0, 0, 0, 1, 0, 0, 0, 1, 0, 0, 0, 0, 0, 0, 0, 
92, 1, 0, 2, 0, 0, 0, 0, 0, 1, 0, 1, 0, 0, 0, 2, 0, 0, 0, 0, 0, 0, 0, 1, 0, 46, 5, 2, 2, 54, 9, 2, 6, 31, 7, 4, 5, 54, 2, 2, 0, 5, 4, 4, 2, 35, 0, 1, 1, 4, 12, 9, 5, 2, 1, 1, 0, 0, 0, 0, 0, 2, 4, 0, 1, 37, 2, 2, 1, 3, 0, 1, 3, 66, 3, 1, 2, 1, 0, 0, 0, 0, 0, 0, 0, 0, 0, 0, 0, 1, 0, 0, 0, 0, 0, 0, 0, 1, 0, 0, 0, 3, 0, 0, 0, 1, 0, 0, 0, 1, 0, 0, 0, 
93, 0, 0, 1, 0, 0, 1, 1, 0, 1, 0, 0, 0, 0, 2, 1, 0, 0, 1, 0, 0, 0, 1, 0, 0, 52, 5, 3, 0, 70, 6, 2, 6, 38, 12, 2, 5, 49, 5, 0, 3, 5, 3, 1, 2, 27, 1, 2, 2, 8, 7, 8, 6, 1, 0, 3, 0, 0, 0, 1, 0, 10, 0, 1, 1, 28, 2, 1, 0, 12, 1, 1, 0, 68, 3, 2, 4, 0, 0, 0, 0, 1, 0, 0, 0, 0, 0, 0, 0, 1, 0, 0, 0, 3, 0, 0, 0, 0, 0, 0, 0, 0, 0, 0, 0, 0, 0, 0, 0, 1, 0, 0, 0, 
94, 0, 0, 1, 1, 0, 2, 1, 1, 0, 1, 2, 0, 0, 0, 0, 0, 0, 1, 0, 0, 0, 0, 0, 0, 58, 5, 4, 1, 66, 2, 3, 2, 44, 8, 4, 5, 50, 3, 4, 1, 3, 2, 0, 0, 31, 1, 0, 0, 7, 6, 5, 6, 3, 0, 9, 0, 0, 1, 1, 2, 25, 1, 0, 3, 34, 2, 5, 0, 1, 3, 3, 0, 62, 3, 2, 2, 0, 0, 0, 0, 0, 0, 0, 0, 0, 0, 0, 0, 1, 0, 0, 0, 1, 0, 0, 0, 1, 0, 0, 0, 0, 0, 0, 0, 0, 0, 0, 0, 2, 0, 0, 0, 
95, 1, 1, 0, 0, 1, 0, 0, 0, 0, 0, 0, 1, 0, 1, 0, 0, 0, 0, 0, 0, 2, 1, 1, 0, 55, 3, 1, 4, 58, 4, 1, 1, 32, 3, 9, 2, 58, 5, 3, 0, 0, 2, 0, 0, 24, 4, 3, 0, 5, 4, 4, 3, 2, 2, 1, 1, 11, 2, 1, 3, 20, 0, 1, 1, 38, 2, 1, 0, 4, 2, 2, 2, 63, 1, 2, 1, 1, 0, 0, 0, 0, 0, 0, 0, 0, 0, 0, 0, 0, 0, 0, 0, 0, 0, 0, 0, 1, 0, 0, 0, 1, 0, 0, 0, 0, 0, 0, 0, 0, 0, 0, 0, 
96, 1, 1, 2, 0, 0, 1, 1, 0, 0, 2, 0, 1, 1, 0, 1, 0, 0, 0, 1, 1, 0, 0, 0, 0, 65, 6, 1, 4, 56, 5, 7, 3, 30, 7, 12, 4, 60, 2, 0, 3, 8, 1, 0, 0, 10, 2, 1, 2, 4, 8, 7, 4, 0, 0, 0, 1, 30, 1, 2, 1, 12, 1, 0, 0, 26, 1, 0, 0, 1, 1, 1, 0, 64, 2, 3, 1, 2, 0, 0, 0, 2, 0, 0, 0, 0, 0, 0, 0, 0, 0, 0, 0, 0, 0, 0, 0, 0, 0, 0, 0, 1, 0, 0, 0, 0, 0, 0, 0, 2, 0, 0, 0, 
97, 2, 0, 0, 1, 0, 0, 0, 0, 0, 0, 0, 0, 2, 1, 0, 2, 1, 0, 2, 1, 2, 0, 0, 0, 76, 4, 12, 2, 67, 6, 4, 2, 48, 4, 7, 6, 50, 1, 5, 0, 3, 1, 1, 0, 8, 2, 3, 2, 7, 11, 10, 10, 1, 0, 0, 0, 35, 2, 1, 1, 1, 2, 1, 0, 16, 2, 1, 1, 2, 2, 3, 1, 51, 0, 3, 0, 0, 0, 0, 0, 0, 0, 0, 0, 1, 0, 0, 0, 2, 0, 0, 0, 0, 0, 0, 0, 0, 0, 0, 0, 2, 0, 0, 0, 0, 0, 0, 0, 1, 0, 0, 0, 
98, 1, 2, 1, 0, 1, 0, 1, 1, 0, 0, 1, 2, 0, 0, 0, 1, 1, 1, 3, 0, 0, 0, 0, 0, 79, 2, 3, 6, 83, 2, 3, 3, 63, 3, 9, 2, 51, 4, 3, 3, 2, 2, 2, 1, 14, 4, 2, 0, 6, 3, 7, 4, 0, 0, 0, 0, 44, 4, 1, 0, 3, 1, 0, 3, 0, 0, 0, 0, 2, 0, 4, 5, 46, 1, 3, 0, 2, 0, 0, 0, 0, 0, 0, 0, 1, 0, 0, 0, 1, 0, 0, 0, 3, 0, 0, 0, 3, 0, 0, 0, 0, 0, 0, 0, 0, 0, 0, 0, 1, 0, 0, 0, 
99, 4, 0, 2, 3, 0, 0, 1, 3, 0, 0, 0, 0, 0, 0, 1, 0, 0, 0, 0, 0, 0, 0, 0, 0, 72, 2, 3, 1, 92, 5, 1, 5, 69, 9, 4, 7, 59, 2, 0, 3, 5, 4, 7, 4, 19, 4, 3, 3, 10, 3, 1, 2, 2, 2, 0, 1, 49, 2, 1, 1, 10, 5, 2, 5, 10, 2, 3, 1, 6, 1, 3, 4, 39, 2, 1, 3, 0, 0, 0, 0, 0, 0, 0, 0, 0, 0, 0, 0, 1, 0, 0, 0, 4, 0, 0, 0, 1, 0, 0, 0, 0, 0, 0, 0, 1, 0, 0, 0, 0, 0, 0, 0, 