0, 0, 0, 4, 0, 1, 2, 0, 0, 2, 0, 0, 0, 0, 1, 0, 1, 0, 1, 1, 0, 0, 1, 0, 0, 0, 0, 0, 0, 3, 1, 0, 0, 2, 0, 0, 3, 0, 2, 0, 0, 6, 2, 1, 1, 2, 1, 1, 2, 0, 1, 0, 0, 0, 5, 1, 0, 1, 0, 2, 2, 4, 2, 2, 1, 1, 2, 2, 2, 1, 1, 1, 0, 0, 1, 0, 0, 2, 0, 0, 0, 1, 0, 0, 0, 0, 0, 0, 0, 0, 0, 0, 0, 1, 0, 0, 0, 0, 0, 0, 0, 0, 0, 0, 0, 1, 0, 0, 0, 1, 0, 0, 0, 
1, 1, 0, 1, 0, 1, 0, 0, 2, 1, 0, 0, 0, 0, 0, 1, 0, 1, 1, 0, 0, 1, 1, 0, 0, 0, 2, 1, 0, 0, 3, 0, 1, 5, 1, 0, 1, 2, 5, 0, 0, 1, 1, 0, 2, 1, 3, 1, 3, 0, 4, 0, 0, 3, 3, 3, 0, 1, 0, 0, 0, 1, 0, 0, 1, 1, 4, 1, 4, 5, 4, 6, 1, 9, 2, 0, 0, 0, 0, 0, 0, 0, 0, 0, 0, 2, 0, 0, 0, 1, 0, 0, 0, 0, 0, 0, 0, 2, 0, 0, 0, 1, 0, 0, 0, 1, 0, 0, 0, 1, 0, 0, 0, 
2, 0, 0, 0, 0, 0, 1, 0, 3, 0, 0, 0, 0, 0, 0, 1, 0, 1, 0, 1, 1, 0, 0, 0, 0, 1, 1, 0, 0, 6, 9, 1, 5, 3, 0, 2, 3, 0, 2, 1, 2, 1, 1, 0, 1, 4, 4, 4, 7, 0, 0, 0, 0, 0, 0, 0, 0, 6, 2, 1, 2, 0, 0, 0, 0, 6, 2, 0, 2, 3, 2, 1, 0, 9, 3, 1, 1, 3, 0, 0, 0, 0, 0, 0, 0, 0, 0, 0, 0, 1, 0, 0, 0, 2, 0, 0, 0, 1, 0, 0, 0, 0, 0, 0, 0, 0, 0, 0, 0, 0, 0, 0, 0, 
3, 0, 0, 0, 1, 1, 1, 0, 0, 0, 1, 0, 0, 0, 0, 0, 0, 0, 0, 0, 0, 0, 1, 0, 0, 3, 0, 0, 2, 8, 12, 9, 9, 13, 2, 2, 1, 0, 0, 1, 0, 2, 1, 0, 0, 3, 5, 1, 2, 0, 0, 0, 1, 2, 2, 0, 1, 0, 0, 3, 2, 0, 3, 0, 1, 2, 1, 1, 1, 1, 4, 2, 1, 4, 3, 1, 1, 1, 0, 0, 0, 2, 0, 0, 0, 2, 0, 0, 0, 0, 0, 0, 0, 0, 0, 0, 0, 0, 0, 0, 0, 0, 0, 0, 0, 2, 0, 0, 0, 2, 0, 0, 0, 
4, 0, 1, 0, 0, 0, 0, 0, 1, 0, 0, 0, 1, 0, 0, 0, 0, 2, 1, 0, 0, 0, 1, 1, 1, 8, 2, 0, 2, 26, 3, 3, 8, 17, 3, 1, 2, 4, 3, 1, 0, 0, 1, 0, 0, 1, 2, 1, 0, 5, 3, 1, 1, 0, 1, 1, 0, 0, 0, 0, 0, 3, 3, 3, 1, 1, 0, 0, 0, 1, 2, 2, 3, 5, 4, 4, 3, 3, 0, 0, 0, 0, 0, 0, 0, 1, 0, 0, 0, 0, 0, 0, 0, 0, 0, 0, 0, 1, 0, 0, 0, 2, 0, 0, 0, 2, 0, 0, 0, 0, 0, 0, 0, 
5, 6, 2, 1, 0, 1, 0, 0, 0, 3, 3, 0, 0, 1, 1, 0, 3, 0, 0, 0, 0, 3, 2, 0, 1, 3, 1, 0, 0, 25, 8, 7, 6, 22, 1, 2, 0, 0, 3, 1, 1, 1, 0, 3, 3, 0, 3, 5, 3, 0, 1, 2, 1, 8, 1, 0, 0, 1, 0, 0, 2, 0, 1, 1, 1, 4, 5, 3, 3, 2, 0, 0, 0, 14, 1, 3, 2, 1, 0, 0, 0, 3, 0, 0, 0, 1, 0, 0, 0, 2, 0, 0, 0, 1, 0, 0, 0, 0, 0, 0, 0, 1, 0, 0, 0, 0, 0, 0, 0, 0, 0, 0, 0, 
6, 0, 0, 2, 0, 1, 1, 1, 1, 0, 1, 0, 2, 0, 0, 0, 1, 0, 1, 0, 0, 0, 0, 1, 0, 2, 1, 1, 0, 28, 2, 6, 7, 12, 2, 3, 0, 0, 1, 1, 3, 0, 1, 3, 1, 4, 4, 2, 2, 0, 1, 1, 0, 16, 1, 2, 1, 0, 0, 5, 1, 1, 0, 0, 0, 8, 2, 4, 1, 1, 0, 0, 1, 12, 1, 0, 1, 0, 0, 0, 0, 1, 0, 0, 0, 1, 0, 0, 0, 1, 0, 0, 0, 2, 0, 0, 0, 0, 0, 0, 0, 1, 0, 0, 0, 0, 0, 0, 0, 1, 0, 0, 0, 
7, 1, 2, 1, 1, 0, 2, 0, 1, 5, 0, 0, 0, 0, 0, 0, 0, 0, 0, 0, 0, 0, 0, 1, 0, 1, 1, 0, 0, 22, 9, 3, 6, 0, 4, 2, 1, 5, 3, 2, 3, 3, 0, 1, 0, 0, 0, 0, 0, 1, 0, 0, 0, 15, 4, 2, 0, 10, 5, 1, 1, 3, 2, 1, 2, 14, 13, 4, 10, 1, 0, 0, 1, 8, 0, 2, 1, 1, 0, 0, 0, 2, 0, 0, 0, 0, 0, 0, 0, 0, 0, 0, 0, 1, 0, 0, 0, 1, 0, 0, 0, 2, 0, 0, 0, 2, 0, 0, 0, 1, 0, 0, 0, 
8, 2, 0, 3, 0, 2, 0, 1, 2, 0, 1, 1, 0, 1, 0, 0, 0, 0, 0, 0, 0, 0, 0, 0, 0, 0, 0, 1, 0, 6, 4, 8, 9, 2, 1, 1, 2, 1, 1, 0, 0, 4, 2, 4, 4, 8, 5, 2, 1, 0, 1, 0, 0, 15, 1, 1, 0, 4, 1, 1, 3, 1, 4, 4, 6, 19, 6, 6, 9, 1, 1, 0, 0, 10, 3, 0, 0, 0, 0, 0, 0, 2, 0, 0, 0, 1, 0, 0, 0, 0, 0, 0, 0, 0, 0, 0, 0, 1, 0, 0, 0, 1, 0, 0, 0, 0, 0, 0, 0, 0, 0, 0, 0, 
9, 0, 0, 0, 0, 0, 1, 1, 1, 0, 0, 1, 0, 0, 0, 0, 2, 0, 0, 1, 1, 1, 1, 0, 0, 3, 0, 1, 3, 4, 4, 8, 0, 9, 0, 1, 1, 1, 0, 0, 1, 2, 1, 2, 4, 8, 5, 7, 8, 0, 1, 0, 1, 3, 4, 0, 3, 0, 0, 0, 0, 4, 5, 3, 3, 18, 4, 7, 1, 0, 1, 2, 0, 4, 0, 2, 1, 1, 0, 0, 0, 1, 0, 0, 0, 2, 0, 0, 0, 1, 0, 0, 0, 3, 0, 0, 0, 0, 0, 0, 0, 1, 0, 0, 0, 0, 0, 0, 0, 0, 0, 0, 0, 
10, 1, 0, 0, 0, 1, 0, 0, 1, 1, 0, 1, 0, 0, 0, 0, 0, 0, 6, 1, 0, 1, 0, 0, 2, 0, 0, 1, 0, 1, 3, 2, 2, 8, 0, 1, 1, 0, 0, 0, 0, 1, 0, 1, 2, 9, 5, 4, 7, 10, 4, 0, 3, 3, 4, 3, 1, 0, 1, 0, 0, 8, 3, 2, 1, 11, 12, 10, 7, 0, 1, 1, 0, 0, 0, 0, 1, 2, 0, 0, 0, 0, 0, 0, 0, 0, 0, 0, 0, 1, 0, 0, 0, 1, 0, 0, 0, 1, 0, 0, 0, 0, 0, 0, 0, 4, 0, 0, 0, 1, 0, 0, 0, 
11, 0, 0, 0, 1, 1, 1, 0, 0, 0, 0, 1, 0, 0, 0, 0, 0, 0, 0, 0, 0, 0, 0, 0, 0, 2, 2, 5, 4, 0, 1, 0, 3, 6, 1, 2, 0, 0, 1, 1, 0, 5, 4, 1, 0, 4, 7, 6, 5, 12, 0, 0, 1, 5, 3, 2, 1, 9, 6, 1, 2, 3, 2, 0, 1, 26, 7, 4, 6, 1, 0, 3, 2, 1, 3, 1, 1, 2, 0, 0, 0, 1, 0, 0, 0, 1, 0, 0, 0, 0, 0, 0, 0, 0, 0, 0, 0, 1, 0, 0, 0, 0, 0, 0, 0, 1, 0, 0, 0, 1, 0, 0, 0, 
12, 0, 2, 0, 1, 0, 1, 1, 0, 0, 1, 0, 0, 0, 1, 1, 2, 0, 1, 1, 1, 1, 0, 0, 0, 5, 5, 2, 2, 1, 4, 2, 4, 0, 2, 3, 2, 1, 1, 0, 0, 15, 0, 1, 0, 4, 0, 4, 4, 5, 2, 1, 0, 3, 3, 1, 5, 25, 3, 3, 0, 3, 4, 1, 0, 27, 10, 8, 4, 4, 1, 0, 2, 4, 1, 0, 1, 1, 0, 0, 0, 0, 0, 0, 0, 1, 0, 0, 0, 0, 0, 0, 0, 0, 0, 0, 0, 1, 0, 0, 0, 1, 0, 0, 0, 1, 0, 0, 0, 0, 0, 0, 0, 
13, 0, 1, 0, 0, 0, 0, 1, 0, 0, 0, 0, 0, 1, 0, 2, 0, 0, 2, 3, 2, 0, 0, 0, 1, 4, 0, 2, 2, 1, 0, 1, 1, 0, 1, 1, 1, 2, 2, 2, 1, 0, 1, 0, 0, 1, 0, 1, 2, 10, 1, 1, 0, 12, 2, 4, 4, 16, 2, 1, 2, 2, 0, 1, 1, 15, 7, 5, 6, 8, 1, 0, 1, 1, 2, 0, 0, 1, 0, 0, 0, 0, 0, 0, 0, 0, 0, 0, 0, 2, 0, 0, 0, 4, 0, 0, 0, 0, 0, 0, 0, 0, 0, 0, 0, 0, 0, 0, 0, 1, 0, 0, 0, 
14, 2, 1, 1, 3, 1, 1, 2, 1, 1, 0, 1, 0, 2, 1, 0, 0, 0, 0, 0, 0, 0, 0, 0, 0, 1, 1, 0, 0, 1, 2, 3, 2, 18, 1, 1, 2, 1, 3, 1, 2, 0, 1, 2, 0, 1, 2, 2, 3, 23, 0, 4, 0, 14, 6, 2, 0, 17, 5, 0, 0, 0, 0, 0, 0, 8, 4, 4, 2, 17, 2, 0, 1, 6, 0, 1, 2, 2, 0, 0, 0, 0, 0, 0, 0, 0, 0, 0, 0, 0, 0, 0, 0, 1, 0, 0, 0, 0, 0, 0, 0, 0, 0, 0, 0, 1, 0, 0, 0, 1, 0, 0, 0, 
15, 1, 2, 2, 0, 2, 3, 0, 2, 0, 0, 0, 0, 0, 0, 1, 0, 0, 0, 0, 0, 0, 0, 0, 0, 0, 2, 1, 2, 1, 2, 2, 2, 23, 4, 1, 0, 3, 0, 3, 1, 1, 1, 2, 2, 2, 4, 1, 5, 28, 2, 1, 0, 17, 6, 5, 2, 2, 2, 3, 1, 0, 0, 0, 2, 4, 3, 3, 3, 16, 2, 1, 0, 1, 1, 1, 1, 0, 0, 0, 0, 2, 0, 0, 0, 0, 0, 0, 0, 0, 0, 0, 0, 2, 0, 0, 0, 1, 0, 0, 0, 0, 0, 0, 0, 0, 0, 0, 0, 1, 0, 0, 0, 
16, 1, 1, 2, 0, 0, 0, 0, 0, 0, 1, 0, 0, 0, 0, 0, 1, 1, 0, 0, 1, 2, 1, 2, 0, 1, 0, 0, 0, 10, 3, 3, 2, 14, 1, 2, 1, 11, 3, 0, 1, 0, 0, 1, 1, 3, 3, 1, 0, 14, 2, 1, 1, 12, 3, 7, 0, 1, 1, 0, 2, 1, 0, 1, 0, 5, 6, 3, 4, 23, 1, 1, 0, 1, 0, 0, 1, 0, 0, 0, 0, 6, 0, 0, 0, 0, 0, 0, 0, 0, 0, 0, 0, 0, 0, 0, 0, 3, 0, 0, 0, 0, 0, 0, 0, 1, 0, 0, 0, 1, 0, 0, 0, 
17, 0, 0, 0, 2, 0, 0, 0, 1, 1, 0, 0, 0, 3, 0, 1, 1, 0, 1, 0, 0, 1, 0, 0, 1, 0, 0, 0, 2, 1, 1, 0, 1, 29, 4, 3, 1, 1, 2, 1, 1, 2, 0, 1, 1, 1, 0, 0, 0, 20, 0, 1, 0, 6, 11, 8, 3, 0, 0, 1, 2, 0, 3, 1, 2, 4, 3, 5, 3, 0, 0, 0, 1, 8, 2, 3, 1, 0, 0, 0, 0, 0, 0, 0, 0, 2, 0, 0, 0, 1, 0, 0, 0, 0, 0, 0, 0, 0, 0, 0, 0, 1, 0, 0, 0, 0, 0, 0, 0, 1, 0, 0, 0, 
18, 0, 1, 0, 1, 0, 0, 0, 0, 1, 0, 0, 1, 0, 0, 0, 0, 2, 0, 2, 1, 0, 1, 1, 0, 0, 0, 0, 0, 1, 2, 2, 1, 14, 1, 0, 3, 1, 1, 3, 0, 4, 4, 1, 1, 1, 1, 0, 1, 16, 1, 0, 0, 4, 5, 3, 8, 0, 0, 1, 0, 2, 3, 0, 1, 1, 3, 2, 3, 1, 2, 3, 1, 8, 6, 3, 4, 3, 0, 0, 0, 1, 0, 0, 0, 0, 0, 0, 0, 0, 0, 0, 0, 1, 0, 0, 0, 1, 0, 0, 0, 2, 0, 0, 0, 1, 0, 0, 0, 0, 0, 0, 0, 
19, 0, 0, 2, 0, 0, 1, 0, 2, 0, 0, 0, 0, 0, 1, 0, 0, 1, 0, 0, 0, 1, 1, 0, 1, 11, 1, 0, 3, 3, 0, 2, 1, 8, 0, 0, 2, 4, 0, 1, 0, 5, 2, 1, 0, 0, 0, 2, 3, 20, 2, 0, 3, 7, 6, 6, 3, 2, 4, 0, 1, 1, 1, 1, 3, 5, 1, 1, 2, 7, 6, 4, 4, 0, 1, 0, 0, 1, 0, 0, 0, 1, 0, 0, 0, 0, 0, 0, 0, 1, 0, 0, 0, 0, 0, 0, 0, 3, 0, 0, 0, 0, 0, 0, 0, 0, 0, 0, 0, 2, 0, 0, 0, 
20, 0, 1, 1, 0, 2, 1, 0, 2, 0, 0, 0, 0, 0, 0, 0, 0, 0, 0, 0, 0, 0, 0, 0, 1, 6, 4, 2, 1, 0, 0, 1, 1, 3, 0, 0, 1, 5, 0, 3, 3, 1, 4, 0, 2, 6, 5, 2, 4, 13, 1, 2, 2, 4, 3, 6, 3, 5, 2, 1, 2, 1, 0, 0, 1, 0, 0, 1, 1, 11, 3, 3, 7, 1, 0, 2, 3, 1, 0, 0, 0, 1, 0, 0, 0, 0, 0, 0, 0, 0, 0, 0, 0, 0, 0, 0, 0, 0, 0, 0, 0, 1, 0, 0, 0, 0, 0, 0, 0, 1, 0, 0, 0, 
21, 0, 1, 0, 0, 0, 0, 0, 1, 3, 0, 0, 0, 0, 0, 0, 1, 1, 0, 1, 0, 0, 1, 1, 0, 3, 1, 3, 2, 7, 1, 1, 2, 2, 3, 0, 1, 1, 0, 0, 0, 1, 1, 0, 0, 0, 2, 5, 0, 13, 1, 3, 0, 9, 2, 6, 3, 0, 0, 0, 0, 5, 3, 4, 3, 0, 1, 0, 0, 4, 6, 6, 6, 2, 6, 3, 1, 4, 0, 0, 0, 1, 0, 0, 0, 0, 0, 0, 0, 1, 0, 0, 0, 2, 0, 0, 0, 0, 0, 0, 0, 0, 0, 0, 0, 1, 0, 0, 0, 0, 0, 0, 0, 
22, 0, 0, 0, 0, 0, 1, 1, 0, 0, 0, 0, 0, 0, 0, 0, 0, 0, 1, 2, 0, 0, 1, 0, 0, 2, 4, 6, 0, 9, 3, 0, 0, 5, 5, 5, 5, 1, 0, 0, 0, 9, 1, 0, 1, 9, 8, 2, 2, 15, 0, 0, 3, 6, 5, 7, 4, 0, 1, 0, 0, 2, 3, 4, 1, 2, 4, 2, 0, 6, 3, 1, 7, 6, 4, 3, 2, 0, 0, 0, 0, 2, 0, 0, 0, 1, 0, 0, 0, 2, 0, 0, 0, 1, 0, 0, 0, 0, 0, 0, 0, 0, 0, 0, 0, 0, 0, 0, 0, 0, 0, 0, 0, 
23, 0, 0, 0, 2, 1, 0, 2, 1, 0, 1, 2, 1, 0, 0, 1, 0, 0, 1, 0, 0, 1, 0, 0, 0, 7, 7, 2, 7, 10, 3, 2, 2, 4, 3, 1, 3, 5, 3, 3, 3, 16, 0, 0, 0, 0, 0, 0, 0, 12, 1, 0, 1, 16, 12, 15, 15, 1, 0, 1, 0, 21, 3, 1, 0, 3, 2, 1, 2, 0, 1, 1, 0, 4, 6, 4, 4, 0, 0, 0, 0, 1, 0, 0, 0, 0, 0, 0, 0, 1, 0, 0, 0, 1, 0, 0, 0, 0, 0, 0, 0, 1, 0, 0, 0, 1, 0, 0, 0, 0, 0, 0, 0, 
24, 1, 0, 1, 0, 1, 1, 0, 0, 1, 0, 0, 0, 0, 0, 0, 0, 0, 0, 2, 3, 0, 0, 0, 0, 5, 8, 10, 6, 8, 0, 1, 0, 3, 1, 2, 0, 3, 0, 3, 1, 13, 1, 1, 1, 4, 2, 3, 3, 2, 0, 5, 3, 33, 5, 11, 8, 0, 0, 1, 0, 21, 2, 4, 3, 12, 2, 3, 1, 3, 0, 0, 2, 0, 1, 2, 1, 0, 0, 0, 0, 0, 0, 0, 0, 0, 0, 0, 0, 0, 0, 0, 0, 0, 0, 0, 0, 1, 0, 0, 0, 1, 0, 0, 0, 0, 0, 0, 0, 0, 0, 0, 0, 
25, 2, 0, 0, 0, 0, 1, 0, 1, 0, 1, 0, 0, 1, 0, 1, 1, 2, 1, 1, 2, 0, 0, 1, 1, 7, 7, 7, 4, 2, 2, 2, 0, 4, 2, 2, 1, 6, 3, 3, 0, 16, 4, 0, 0, 3, 2, 4, 5, 7, 2, 5, 1, 19, 9, 13, 11, 1, 1, 1, 1, 22, 3, 1, 4, 19, 0, 1, 0, 8, 3, 1, 1, 0, 2, 2, 2, 0, 0, 0, 0, 0, 0, 0, 0, 2, 0, 0, 0, 1, 0, 0, 0, 0, 0, 0, 0, 3, 0, 0, 0, 0, 0, 0, 0, 1, 0, 0, 0, 1, 0, 0, 0, 
26, 0, 0, 1, 1, 1, 3, 1, 4, 1, 0, 0, 0, 0, 0, 1, 1, 0, 0, 0, 1, 0, 0, 1, 0, 5, 0, 3, 3, 3, 1, 1, 0, 0, 1, 0, 1, 5, 2, 2, 2, 28, 4, 2, 1, 1, 0, 2, 1, 6, 4, 3, 3, 24, 11, 16, 5, 0, 3, 0, 5, 26, 1, 2, 2, 11, 0, 1, 2, 17, 1, 5, 2, 3, 0, 0, 1, 0, 0, 0, 0, 0, 0, 0, 0, 1, 0, 0, 0, 1, 0, 0, 0, 2, 0, 0, 0, 0, 0, 0, 0, 1, 0, 0, 0, 2, 0, 0, 0, 0, 0, 0, 0, 
27, 2, 0, 0, 1, 1, 0, 0, 0, 2, 1, 0, 0, 0, 0, 0, 0, 0, 0, 3, 1, 0, 0, 0, 1, 5, 3, 5, 2, 1, 2, 0, 0, 2, 1, 1, 0, 8, 2, 5, 2, 46, 0, 0, 0, 4, 0, 3, 6, 10, 1, 1, 2, 18, 8, 17, 9, 2, 4, 2, 4, 32, 1, 2, 3, 2, 3, 2, 0, 9, 2, 4, 6, 0, 1, 0, 1, 2, 0, 0, 0, 3, 0, 0, 0, 1, 0, 0, 0, 0, 0, 0, 0, 0, 0, 0, 0, 0, 0, 0, 0, 0, 0, 0, 0, 0, 0, 0, 0, 0, 0, 0, 0, 
28, 0, 0, 0, 0, 0, 2, 0, 0, 0, 0, 1, 1, 0, 1, 0, 0, 0, 0, 2, 0, 1, 0, 0, 1, 4, 4, 3, 1, 1, 3, 2, 0, 5, 4, 1, 3, 25, 4, 2, 2, 49, 0, 0, 0, 0, 1, 0, 0, 9, 3, 2, 1, 23, 14, 5, 11, 1, 4, 7, 3, 32, 2, 3, 3, 7, 2, 0, 1, 4, 2, 1, 3, 2, 5, 4, 2, 0, 0, 0, 0, 0, 0, 0, 0, 1, 0, 0, 0, 0, 0, 0, 0, 0, 0, 0, 0, 1, 0, 0, 0, 1, 0, 0, 0, 1, 0, 0, 0, 0, 0, 0, 0, 
29, 0, 0, 0, 0, 1, 0, 1, 0, 1, 3, 2, 0, 0, 1, 0, 0, 0, 0, 0, 0, 1, 0, 0, 0, 9, 4, 1, 7, 3, 1, 2, 3, 2, 2, 1, 2, 16, 6, 1, 4, 46, 1, 1, 1, 10, 1, 2, 1, 5, 6, 8, 2, 29, 19, 4, 4, 3, 5, 4, 3, 47, 0, 1, 2, 14, 2, 0, 0, 3, 0, 0, 0, 1, 1, 0, 3, 0, 0, 0, 0, 4, 0, 0, 0, 0, 0, 0, 0, 1, 0, 0, 0, 0, 0, 0, 0, 0, 0, 0, 0, 0, 0, 0, 0, 0, 0, 0, 0, 2, 0, 0, 0, 
30, 2, 1, 0, 0, 0, 0, 0, 0, 2, 1, 0, 0, 0, 0, 0, 0, 0, 0, 1, 0, 0, 0, 1, 0, 3, 8, 4, 7, 2, 3, 4, 3, 7, 8, 6, 6, 19, 4, 0, 3, 40, 0, 0, 1, 28, 6, 0, 1, 5, 2, 6, 4, 25, 11, 9, 10, 1, 4, 5, 7, 17, 3, 2, 1, 2, 1, 1, 0, 0, 1, 1, 1, 10, 4, 4, 4, 0, 0, 0, 0, 1, 0, 0, 0, 0, 0, 0, 0, 1, 0, 0, 0, 2, 0, 0, 0, 3, 0, 0, 0, 0, 0, 0, 0, 1, 0, 0, 0, 0, 0, 0, 0, 
31, 0, 0, 1, 0, 1, 0, 0, 0, 0, 0, 0, 0, 1, 0, 0, 1, 0, 0, 1, 0, 0, 0, 0, 0, 26, 10, 4, 6, 1, 0, 1, 1, 2, 6, 1, 6, 15, 0, 7, 1, 46, 6, 0, 0, 38, 2, 1, 1, 7, 8, 8, 7, 23, 18, 15, 7, 0, 0, 0, 0, 18, 4, 2, 1, 0, 1, 0, 1, 2, 1, 1, 1, 7, 5, 4, 4, 1, 0, 0, 0, 0, 0, 0, 0, 0, 0, 0, 0, 0, 0, 0, 0, 0, 0, 0, 0, 0, 0, 0, 0, 1, 0, 0, 0, 3, 0, 0, 0, 0, 0, 0, 0, 
32, 1, 0, 1, 0, 1, 3, 0, 1, 0, 1, 0, 0, 0, 2, 0, 0, 1, 0, 0, 0, 0, 1, 0, 0, 33, 9, 6, 7, 6, 4, 1, 1, 6, 5, 6, 1, 19, 4, 2, 2, 48, 1, 1, 0, 20, 0, 1, 0, 12, 10, 4, 8, 35, 9, 9, 8, 15, 6, 2, 1, 19, 3, 0, 1, 1, 0, 0, 0, 1, 2, 1, 1, 3, 5, 2, 6, 0, 0, 0, 0, 0, 0, 0, 0, 1, 0, 0, 0, 1, 0, 0, 0, 1, 0, 0, 0, 1, 0, 0, 0, 0, 0, 0, 0, 0, 0, 0, 0, 1, 0, 0, 0, 
33, 0, 0, 0, 0, 1, 1, 0, 1, 0, 0, 0, 0, 0, 2, 1, 0, 0, 0, 0, 0, 0, 0, 0, 0, 20, 4, 5, 6, 6, 1, 0, 1, 4, 1, 0, 3, 20, 4, 1, 1, 49, 1, 0, 1, 19, 2, 1, 0, 2, 0, 6, 5, 41, 10, 6, 6, 19, 4, 1, 1, 28, 4, 4, 0, 4, 3, 2, 2, 2, 1, 0, 0, 5, 4, 7, 8, 0, 0, 0, 0, 1, 0, 0, 0, 1, 0, 0, 0, 0, 0, 0, 0, 0, 0, 0, 0, 0, 0, 0, 0, 2, 0, 0, 0, 0, 0, 0, 0, 0, 0, 0, 0, 
34, 0, 0, 2, 1, 0, 1, 0, 0, 0, 0, 0, 0, 0, 0, 1, 0, 0, 1, 0, 0, 0, 0, 0, 0, 20, 6, 9, 3, 3, 0, 1, 0, 2, 3, 2, 2, 12, 3, 2, 4, 50, 2, 1, 0, 16, 2, 1, 0, 2, 0, 0, 2, 45, 14, 13, 5, 26, 1, 0, 0, 24, 4, 0, 1, 8, 10, 1, 5, 0, 2, 3, 1, 3, 5, 4, 3, 1, 0, 0, 0, 3, 0, 0, 0, 3, 0, 0, 0, 0, 0, 0, 0, 0, 0, 0, 0, 1, 0, 0, 0, 0, 0, 0, 0, 1, 0, 0, 0, 1, 0, 0, 0, 
35, 0, 1, 1, 1, 1, 1, 0, 2, 2, 1, 1, 0, 1, 1, 1, 0, 0, 2, 0, 2, 0, 1, 0, 0, 15, 9, 8, 5, 0, 2, 1, 2, 8, 2, 1, 2, 16, 3, 3, 2, 35, 0, 1, 1, 16, 1, 1, 0, 0, 0, 0, 0, 45, 14, 5, 9, 11, 0, 0, 1, 46, 5, 2, 1, 25, 4, 3, 5, 4, 1, 1, 0, 2, 3, 3, 1, 4, 0, 0, 0, 0, 0, 0, 0, 0, 0, 0, 0, 0, 0, 0, 0, 1, 0, 0, 0, 1, 0, 0, 0, 1, 0, 0, 0, 0, 0, 0, 0, 2, 0, 0, 0, 
36, 1, 2, 1, 1, 0, 0, 0, 0, 0, 1, 0, 0, 0, 0, 0, 0, 1, 0, 1, 1, 0, 0, 1, 0, 20, 5, 8, 4, 11, 4, 8, 6, 1, 2, 2, 1, 24, 2, 2, 1, 30, 3, 1, 1, 5, 0, 0, 1, 0, 4, 1, 0, 37, 14, 15, 3, 21, 3, 0, 2, 59, 2, 1, 1, 26, 3, 1, 1, 1, 1, 0, 1, 0, 0, 0, 0, 0, 0, 0, 0, 1, 0, 0, 0, 1, 0, 0, 0, 1, 0, 0, 0, 1, 0, 0, 0, 0, 0, 0, 0, 0, 0, 0, 0, 0, 0, 0, 0, 0, 0, 0, 0, 
37, 0, 1, 0, 0, 1, 0, 0, 0, 3, 0, 1, 0, 1, 1, 0, 0, 0, 0, 0, 0, 0, 1, 1, 0, 26, 8, 8, 6, 3, 4, 7, 4, 2, 3, 2, 7, 12, 5, 3, 0, 41, 0, 0, 0, 2, 1, 2, 1, 6, 0, 5, 2, 25, 8, 9, 9, 19, 1, 0, 2, 51, 4, 2, 2, 18, 2, 0, 1, 4, 1, 4, 4, 4, 3, 6, 5, 3, 0, 0, 0, 0, 0, 0, 0, 1, 0, 0, 0, 0, 0, 0, 0, 0, 0, 0, 0, 3, 0, 0, 0, 2, 0, 0, 0, 0, 0, 0, 0, 1, 0, 0, 0, 
38, 0, 0, 0, 1, 2, 0, 1, 0, 0, 0, 0, 0, 1, 0, 0, 1, 0, 1, 0, 1, 0, 0, 0, 0, 17, 10, 5, 7, 2, 0, 2, 1, 17, 3, 4, 1, 15, 4, 0, 0, 33, 2, 1, 2, 3, 2, 6, 3, 2, 2, 3, 2, 12, 12, 12, 7, 16, 2, 2, 2, 48, 0, 1, 1, 27, 2, 3, 2, 2, 3, 2, 1, 10, 1, 1, 1, 2, 0, 0, 0, 1, 0, 0, 0, 0, 0, 0, 0, 1, 0, 0, 0, 1, 0, 0, 0, 0, 0, 0, 0, 3, 0, 0, 0, 0, 0, 0, 0, 1, 0, 0, 0, 
39, 0, 0, 0, 0, 0, 0, 1, 0, 1, 0, 0, 0, 2, 2, 0, 0, 0, 0, 0, 0, 0, 0, 0, 0, 18, 9, 8, 8, 2, 0, 0, 0, 22, 3, 2, 4, 2, 6, 1, 1, 25, 0, 2, 1, 1, 1, 2, 4, 2, 2, 1, 0, 13, 7, 7, 11, 26, 0, 1, 1, 39, 3, 3, 0, 42, 3, 3, 0, 2, 5, 1, 3, 10, 2, 3, 6, 3, 0, 0, 0, 1, 0, 0, 0, 0, 0, 0, 0, 1, 0, 0, 0, 0, 0, 0, 0, 1, 0, 0, 0, 0, 0, 0, 0, 2, 0, 0, 0, 0, 0, 0, 0, 
40, 1, 0, 1, 0, 0, 0, 0, 1, 1, 0, 0, 0, 0, 0, 0, 0, 0, 0, 1, 0, 0, 1, 0, 1, 20, 5, 14, 4, 2, 0, 0, 1, 14, 6, 1, 3, 1, 0, 0, 0, 44, 0, 0, 1, 1, 1, 2, 0, 1, 1, 2, 1, 9, 3, 8, 6, 14, 1, 0, 3, 31, 2, 3, 2, 46, 2, 3, 2, 6, 3, 3, 4, 4, 2, 7, 1, 0, 0, 0, 0, 1, 0, 0, 0, 0, 0, 0, 0, 1, 0, 0, 0, 1, 0, 0, 0, 0, 0, 0, 0, 1, 0, 0, 0, 2, 0, 0, 0, 1, 0, 0, 0, 
41, 0, 0, 1, 0, 2, 0, 0, 0, 0, 0, 0, 0, 0, 0, 0, 0, 1, 0, 0, 0, 0, 1, 2, 0, 27, 11, 7, 3, 9, 0, 0, 1, 16, 4, 5, 3, 0, 0, 1, 1, 56, 1, 1, 0, 2, 1, 0, 2, 0, 1, 0, 0, 7, 3, 4, 8, 0, 3, 1, 0, 36, 3, 1, 2, 39, 2, 4, 1, 8, 7, 5, 4, 3, 9, 3, 4, 0, 0, 0, 0, 3, 0, 0, 0, 0, 0, 0, 0, 0, 0, 0, 0, 1, 0, 0, 0, 1, 0, 0, 0, 0, 0, 0, 0, 2, 0, 0, 0, 0, 0, 0, 0, 
42, 1, 0, 1, 1, 1, 0, 0, 1, 0, 0, 0, 0, 1, 1, 0, 0, 2, 0, 2, 0, 0, 1, 1, 1, 26, 5, 8, 8, 1, 4, 1, 3, 22, 7, 2, 2, 1, 0, 0, 1, 63, 0, 0, 1, 6, 0, 8, 2, 3, 1, 5, 2, 4, 3, 1, 4, 1, 1, 1, 1, 28, 1, 1, 2, 50, 1, 2, 1, 6, 5, 7, 1, 2, 0, 0, 1, 0, 0, 0, 0, 2, 0, 0, 0, 1, 0, 0, 0, 0, 0, 0, 0, 3, 0, 0, 0, 2, 0, 0, 0, 0, 0, 0, 0, 0, 0, 0, 0, 1, 0, 0, 0, 
43, 0, 0, 0, 0, 1, 1, 0, 2, 0, 1, 0, 0, 0, 1, 0, 0, 0, 0, 1, 0, 2, 2, 0, 0, 25, 5, 9, 5, 2, 3, 5, 1, 7, 2, 8, 4, 3, 2, 1, 0, 63, 2, 0, 0, 14, 3, 1, 3, 4, 5, 6, 0, 12, 4, 13, 5, 0, 2, 1, 2, 26, 3, 1, 2, 30, 6, 6, 2, 3, 3, 5, 3, 3, 1, 1, 0, 2, 0, 0, 0, 0, 0, 0, 0, 1, 0, 0, 0, 0, 0, 0, 0, 0, 0, 0, 0, 1, 0, 0, 0, 1, 0, 0, 0, 0, 0, 0, 0, 0, 0, 0, 0, 
44, 3, 1, 0, 0, 2, 3, 1, 0, 1, 2, 0, 1, 1, 0, 0, 0, 1, 0, 0, 1, 0, 0, 0, 0, 25, 5, 3, 4, 1, 4, 1, 2, 4, 1, 2, 5, 3, 2, 0, 3, 63, 0, 0, 1, 19, 1, 1, 5, 16, 7, 3, 2, 3, 7, 2, 3, 6, 2, 0, 0, 17, 1, 3, 5, 33, 2, 5, 5, 1, 2, 1, 1, 1, 0, 1, 0, 1, 0, 0, 0, 1, 0, 0, 0, 2, 0, 0, 0, 3, 0, 0, 0, 1, 0, 0, 0, 1, 0, 0, 0, 0, 0, 0, 0, 0, 0, 0, 0, 0, 0, 0, 0, 
45, 0, 0, 1, 0, 0, 0, 0, 0, 1, 0, 0, 1, 0, 0, 0, 0, 1, 0, 0, 0, 2, 1, 3, 1, 8, 2, 9, 5, 4, 8, 3, 0, 1, 5, 2, 7, 4, 2, 2, 3, 57, 0, 0, 3, 3, 2, 4, 6, 13, 2, 4, 1, 6, 4, 5, 2, 4, 1, 1, 0, 22, 2, 3, 3, 32, 1, 6, 1, 0, 1, 1, 0, 0, 2, 2, 0, 1, 0, 0, 0, 0, 0, 0, 0, 0, 0, 0, 0, 1, 0, 0, 0, 1, 0, 0, 0, 0, 0, 0, 0, 1, 0, 0, 0, 0, 0, 0, 0, 1, 0, 0, 0, 
46, 0, 1, 1, 0, 0, 0, 0, 1, 0, 0, 0, 2, 0, 1, 1, 0, 1, 1, 1, 2, 0, 0, 0, 0, 10, 4, 7, 4, 10, 0, 1, 0, 1, 0, 1, 1, 0, 2, 3, 2, 54, 0, 0, 1, 4, 5, 5, 5, 4, 1, 3, 0, 7, 5, 4, 1, 0, 2, 0, 2, 13, 3, 1, 1, 34, 2, 6, 4, 1, 3, 1, 1, 5, 0, 1, 2, 0, 0, 0, 0, 0, 0, 0, 0, 0, 0, 0, 0, 1, 0, 0, 0, 0, 0, 0, 0, 1, 0, 0, 0, 0, 0, 0, 0, 5, 0, 0, 0, 0, 0, 0, 0, 
47, 0, 0, 0, 0, 0, 0, 0, 0, 0, 0, 0, 0, 1, 0, 1, 1, 1, 0, 0, 2, 0, 0, 0, 0, 7, 6, 10, 4, 12, 3, 3, 4, 0, 0, 0, 0, 8, 2, 3, 2, 34, 0, 0, 0, 7, 6, 1, 5, 3, 1, 5, 4, 5, 8, 2, 4, 4, 3, 4, 2, 10, 1, 3, 1, 48, 2, 7, 2, 0, 1, 0, 3, 1, 1, 3, 0, 1, 0, 0, 0, 2, 0, 0, 0, 1, 0, 0, 0, 0, 0, 0, 0, 0, 0, 0, 0, 1, 0, 0, 0, 2, 0, 0, 0, 1, 0, 0, 0, 3, 0, 0, 0, 
48, 0, 0, 0, 0, 1, 2, 0, 0, 0, 1, 1, 0, 0, 0, 0, 0, 1, 2, 2, 2, 1, 1, 2, 0, 10, 15, 2, 9, 6, 1, 0, 1, 0, 1, 0, 0, 8, 0, 0, 1, 29, 1, 3, 0, 6, 8, 8, 2, 15, 3, 2, 4, 3, 0, 3, 1, 5, 1, 5, 2, 3, 1, 2, 0, 47, 5, 4, 3, 1, 0, 0, 0, 6, 9, 5, 1, 0, 0, 0, 0, 1, 0, 0, 0, 0, 0, 0, 0, 1, 0, 0, 0, 0, 0, 0, 0, 1, 0, 0, 0, 0, 0, 0, 0, 1, 0, 0, 0, 1, 0, 0, 0, 
49, 0, 0, 3, 0, 0, 1, 0, 0, 0, 0, 0, 1, 0, 0, 1, 0, 1, 1, 2, 0, 2, 0, 0, 0, 11, 11, 9, 9, 10, 5, 5, 2, 9, 2, 0, 0, 1, 4, 5, 2, 44, 2, 0, 0, 2, 1, 0, 0, 2, 2, 2, 2, 9, 0, 0, 0, 5, 3, 4, 3, 4, 1, 2, 1, 51, 6, 3, 3, 1, 1, 0, 0, 19, 10, 6, 1, 2, 0, 0, 0, 0, 0, 0, 0, 0, 0, 0, 0, 0, 0, 0, 0, 0, 0, 0, 0, 1, 0, 0, 0, 1, 0, 0, 0, 1, 0, 0, 0, 2, 0, 0, 0, 
50, 0, 0, 0, 0, 0, 0, 0, 2, 1, 0, 0, 0, 0, 2, 1, 1, 1, 0, 1, 0, 0, 0, 0, 0, 3, 11, 11, 6, 18, 1, 5, 2, 11, 0, 0, 1, 3, 2, 3, 0, 52, 1, 0, 0, 2, 2, 2, 1, 0, 1, 0, 0, 12, 0, 0, 2, 0, 1, 1, 0, 6, 2, 11, 9, 51, 4, 3, 3, 0, 0, 2, 1, 22, 1, 2, 5, 0, 0, 0, 0, 0, 0, 0, 0, 0, 0, 0, 0, 0, 0, 0, 0, 2, 0, 0, 0, 1, 0, 0, 0, 0, 0, 0, 0, 1, 0, 0, 0, 3, 0, 0, 0, 
51, 0, 1, 0, 1, 5, 0, 2, 1, 0, 0, 0, 0, 0, 0, 0, 0, 0, 0, 0, 0, 1, 2, 1, 0, 4, 6, 11, 5, 18, 1, 1, 2, 19, 6, 1, 1, 1, 5, 3, 4, 64, 1, 1, 0, 0, 0, 0, 1, 4, 3, 7, 7, 14, 2, 2, 3, 10, 9, 1, 1, 14, 7, 4, 6, 49, 2, 4, 3, 1, 0, 1, 0, 25, 5, 6, 2, 2, 0, 0, 0, 1, 0, 0, 0, 0, 0, 0, 0, 2, 0, 0, 0, 0, 0, 0, 0, 2, 0, 0, 0, 0, 0, 0, 0, 0, 0, 0, 0, 1, 0, 0, 0, 
52, 2, 0, 0, 5, 0, 0, 0, 0, 2, 0, 1, 2, 2, 0, 1, 1, 1, 1, 0, 3, 1, 1, 1, 1, 13, 7, 2, 3, 27, 2, 3, 2, 22, 1, 0, 0, 3, 5, 5, 4, 60, 0, 0, 1, 7, 2, 2, 4, 4, 4, 2, 0, 7, 0, 0, 1, 11, 3, 1, 3, 7, 10, 8, 8, 42, 2, 4, 2, 0, 0, 0, 0, 25, 11, 7, 3, 2, 0, 0, 0, 1, 0, 0, 0, 3, 0, 0, 0, 0, 0, 0, 0, 0, 0, 0, 0, 1, 0, 0, 0, 0, 0, 0, 0, 1, 0, 0, 0, 0, 0, 0, 0, 
53, 0, 0, 0, 0, 0, 0, 0, 0, 1, 0, 0, 0, 0, 4, 0, 1, 0, 1, 2, 1, 1, 0, 0, 1, 8, 7, 8, 7, 15, 0, 2, 1, 21, 1, 1, 0, 11, 2, 3, 0, 67, 2, 0, 0, 3, 2, 6, 3, 1, 0, 1, 0, 1, 1, 3, 2, 14, 1, 0, 5, 5, 12, 9, 9, 41, 3, 2, 3, 7, 3, 2, 5, 26, 4, 3, 2, 1, 0, 0, 0, 1, 0, 0, 0, 1, 0, 0, 0, 2, 0, 0, 0, 2, 0, 0, 0, 3, 0, 0, 0, 0, 0, 0, 0, 2, 0, 0, 0, 0, 0, 0, 0, 
54, 5, 3, 4, 2, 1, 0, 1, 1, 0, 0, 0, 0, 0, 1, 0, 0, 0, 1, 0, 1, 0, 1, 1, 0, 12, 11, 6, 4, 1, 0, 0, 0, 20, 0, 1, 0, 14, 2, 2, 2, 62, 2, 1, 1, 2, 3, 0, 1, 1, 3, 1, 1, 2, 4, 5, 4, 17, 3, 0, 3, 16, 8, 10, 2, 37, 3, 3, 2, 2, 1, 1, 0, 22, 0, 5, 1, 0, 0, 0, 0, 0, 0, 0, 0, 0, 0, 0, 0, 3, 0, 0, 0, 0, 0, 0, 0, 0, 0, 0, 0, 2, 0, 0, 0, 0, 0, 0, 0, 0, 0, 0, 0, 
55, 1, 1, 0, 0, 1, 1, 0, 0, 0, 0, 0, 0, 0, 0, 1, 1, 0, 1, 0, 0, 0, 0, 0, 0, 8, 5, 9, 5, 1, 1, 2, 2, 23, 6, 1, 4, 2, 5, 3, 2, 63, 1, 1, 0, 10, 2, 0, 1, 3, 0, 4, 0, 1, 0, 0, 1, 11, 4, 3, 0, 14, 6, 10, 8, 42, 3, 1, 3, 1, 1, 3, 1, 14, 4, 3, 3, 1, 0, 0, 0, 1, 0, 0, 0, 1, 0, 0, 0, 2, 0, 0, 0, 0, 0, 0, 0, 1, 0, 0, 0, 0, 0, 0, 0, 0, 0, 0, 0, 0, 0, 0, 0, 
56, 2, 2, 0, 1, 0, 1, 0, 0, 0, 1, 1, 0, 1, 0, 0, 1, 0, 0, 0, 0, 0, 1, 2, 0, 9, 9, 4, 7, 5, 9, 0, 0, 28, 1, 2, 1, 2, 2, 4, 2, 56, 0, 0, 0, 3, 1, 1, 0, 0, 1, 2, 2, 1, 1, 1, 0, 11, 8, 1, 2, 15, 7, 8, 6, 29, 2, 2, 0, 3, 2, 2, 1, 23, 10, 2, 4, 1, 0, 0, 0, 0, 0, 0, 0, 0, 0, 0, 0, 1, 0, 0, 0, 1, 0, 0, 0, 1, 0, 0, 0, 0, 0, 0, 0, 0, 0, 0, 0, 0, 0, 0, 0, 
57, 0, 0, 1, 0, 0, 0, 0, 0, 0, 0, 0, 0, 0, 0, 1, 0, 1, 0, 0, 0, 1, 1, 0, 0, 7, 6, 9, 11, 21, 4, 1, 2, 31, 1, 0, 0, 4, 5, 2, 6, 43, 1, 2, 0, 0, 2, 1, 0, 2, 3, 3, 2, 3, 0, 1, 0, 16, 0, 3, 1, 18, 11, 9, 8, 25, 3, 5, 0, 0, 1, 0, 1, 29, 2, 5, 2, 3, 0, 0, 0, 0, 0, 0, 0, 1, 0, 0, 0, 1, 0, 0, 0, 0, 0, 0, 0, 1, 0, 0, 0, 0, 0, 0, 0, 2, 0, 0, 0, 0, 0, 0, 0, 
58, 0, 2, 1, 0, 0, 0, 0, 0, 1, 0, 0, 0, 0, 0, 1, 0, 0, 1, 0, 2, 0, 1, 1, 0, 5, 9, 7, 6, 44, 2, 0, 0, 32, 2, 2, 0, 4, 2, 1, 2, 57, 1, 0, 0, 3, 2, 2, 4, 5, 1, 7, 5, 14, 1, 0, 1, 12, 1, 2, 3, 12, 9, 13, 6, 22, 0, 1, 2, 1, 0, 1, 0, 26, 6, 3, 4, 2, 0, 0, 0, 1, 0, 0, 0, 0, 0, 0, 0, 2, 0, 0, 0, 1, 0, 0, 0, 0, 0, 0, 0, 1, 0, 0, 0, 1, 0, 0, 0, 0, 0, 0, 0, 
59, 2, 0, 0, 0, 1, 0, 1, 2, 1, 2, 1, 0, 0, 1, 0, 0, 2, 0, 0, 0, 2, 1, 0, 0, 7, 6, 0, 4, 35, 1, 1, 0, 40, 4, 0, 0, 0, 0, 1, 1, 46, 1, 1, 0, 4, 3, 2, 0, 4, 7, 1, 3, 20, 0, 3, 0, 6, 3, 1, 4, 11, 6, 7, 4, 24, 2, 2, 2, 2, 4, 5, 5, 23, 5, 2, 3, 1, 0, 0, 0, 0, 0, 0, 0, 1, 0, 0, 0, 1, 0, 0, 0, 0, 0, 0, 0, 0, 0, 0, 0, 1, 0, 0, 0, 1, 0, 0, 0, 3, 0, 0, 0, 
60, 1, 0, 0, 1, 0, 2, 0, 0, 0, 0, 1, 0, 0, 0, 0, 0, 1, 0, 0, 0, 1, 0, 0, 1, 5, 5, 6, 6, 38, 1, 0, 0, 32, 1, 1, 0, 5, 2, 0, 3, 40, 0, 2, 1, 4, 5, 10, 4, 0, 1, 0, 1, 17, 3, 1, 2, 13, 8, 1, 4, 14, 6, 7, 5, 15, 4, 1, 5, 12, 6, 4, 2, 12, 6, 2, 2, 0, 0, 0, 0, 1, 0, 0, 0, 1, 0, 0, 0, 2, 0, 0, 0, 0, 0, 0, 0, 2, 0, 0, 0, 0, 0, 0, 0, 1, 0, 0, 0, 0, 0, 0, 0, 
61, 2, 0, 1, 0, 0, 0, 0, 0, 0, 0, 0, 1, 0, 0, 1, 0, 1, 0, 0, 0, 1, 0, 0, 1, 8, 11, 2, 6, 26, 1, 1, 2, 30, 0, 3, 1, 3, 4, 3, 4, 33, 0, 1, 1, 3, 2, 3, 4, 0, 0, 1, 0, 30, 2, 4, 2, 20, 1, 3, 4, 7, 9, 5, 8, 1, 1, 0, 3, 33, 5, 4, 4, 15, 5, 2, 7, 0, 0, 0, 0, 1, 0, 0, 0, 2, 0, 0, 0, 2, 0, 0, 0, 0, 0, 0, 0, 2, 0, 0, 0, 0, 0, 0, 0, 0, 0, 0, 0, 0, 0, 0, 0, 
62, 0, 0, 0, 0, 2, 0, 0, 1, 0, 0, 0, 1, 2, 0, 0, 0, 0, 0, 1, 0, 1, 0, 0, 0, 13, 11, 7, 4, 33, 1, 1, 1, 28, 3, 0, 0, 0, 2, 5, 2, 27, 1, 1, 0, 7, 5, 4, 5, 0, 3, 2, 1, 10, 2, 0, 0, 23, 3, 3, 2, 11, 9, 10, 7, 2, 0, 0, 2, 24, 2, 4, 4, 9, 1, 4, 3, 0, 0, 0, 0, 0, 0, 0, 0, 0, 0, 0, 0, 1, 0, 0, 0, 1, 0, 0, 0, 1, 0, 0, 0, 0, 0, 0, 0, 3, 0, 0, 0, 0, 0, 0, 0, 
63, 0, 0, 1, 0, 0, 1, 0, 0, 1, 3, 1, 2, 0, 0, 1, 0, 1, 0, 0, 0, 0, 0, 0, 0, 12, 11, 8, 5, 28, 2, 1, 1, 19, 0, 2, 3, 1, 0, 0, 0, 31, 4, 0, 0, 9, 7, 10, 2, 0, 1, 3, 2, 1, 3, 2, 2, 24, 0, 2, 2, 23, 6, 10, 5, 14, 2, 0, 0, 30, 2, 4, 1, 9, 2, 6, 2, 1, 0, 0, 0, 0, 0, 0, 0, 0, 0, 0, 0, 0, 0, 0, 0, 2, 0, 0, 0, 2, 0, 0, 0, 2, 0, 0, 0, 1, 0, 0, 0, 0, 0, 0, 0, 
64, 0, 1, 0, 1, 1, 0, 0, 1, 0, 0, 1, 1, 0, 0, 0, 0, 1, 1, 0, 1, 2, 2, 1, 0, 11, 10, 11, 5, 22, 0, 0, 2, 11, 0, 2, 0, 4, 6, 1, 3, 44, 3, 0, 0, 6, 9, 10, 8, 0, 1, 2, 2, 5, 6, 4, 1, 13, 4, 2, 3, 15, 3, 6, 6, 27, 1, 0, 1, 19, 2, 3, 6, 4, 3, 7, 3, 1, 0, 0, 0, 0, 0, 0, 0, 1, 0, 0, 0, 1, 0, 0, 0, 2, 0, 0, 0, 0, 0, 0, 0, 0, 0, 0, 0, 1, 0, 0, 0, 0, 0, 0, 0, 
65, 0, 0, 1, 0, 0, 0, 1, 1, 0, 0, 0, 0, 0, 2, 0, 3, 1, 0, 0, 0, 0, 1, 0, 0, 17, 19, 15, 14, 27, 2, 0, 2, 1, 0, 1, 0, 2, 2, 2, 2, 53, 0, 1, 0, 4, 7, 9, 6, 3, 0, 2, 0, 4, 3, 7, 3, 10, 2, 2, 3, 6, 7, 4, 4, 33, 0, 3, 1, 16, 2, 3, 1, 0, 3, 2, 4, 1, 0, 0, 0, 0, 0, 0, 0, 0, 0, 0, 0, 1, 0, 0, 0, 1, 0, 0, 0, 0, 0, 0, 0, 0, 0, 0, 0, 1, 0, 0, 0, 1, 0, 0, 0, 
66, 2, 0, 0, 1, 0, 0, 1, 0, 0, 0, 1, 0, 0, 0, 0, 1, 0, 1, 0, 0, 0, 1, 0, 0, 28, 12, 18, 17, 12, 2, 1, 1, 2, 4, 2, 0, 0, 1, 1, 1, 53, 0, 1, 1, 6, 4, 7, 8, 6, 1, 0, 1, 8, 3, 4, 4, 11, 1, 5, 4, 10, 2, 8, 10, 20, 0, 0, 1, 4, 1, 0, 2, 1, 3, 0, 0, 0, 0, 0, 0, 0, 0, 0, 0, 0, 0, 0, 0, 0, 0, 0, 0, 0, 0, 0, 0, 1, 0, 0, 0, 1, 0, 0, 0, 0, 0, 0, 0, 1, 0, 0, 0, 
67, 0, 0, 0, 0, 1, 1, 0, 0, 1, 0, 0, 0, 0, 0, 0, 1, 1, 0, 1, 0, 0, 0, 0, 0, 32, 12, 12, 11, 4, 2, 2, 0, 0, 2, 3, 0, 2, 3, 2, 3, 57, 1, 0, 0, 1, 2, 3, 3, 4, 0, 0, 3, 5, 4, 4, 1, 14, 1, 0, 2, 12, 3, 8, 6, 28, 1, 0, 0, 9, 0, 1, 2, 11, 6, 0, 2, 0, 0, 0, 0, 0, 0, 0, 0, 0, 0, 0, 0, 2, 0, 0, 0, 0, 0, 0, 0, 1, 0, 0, 0, 1, 0, 0, 0, 0, 0, 0, 0, 1, 0, 0, 0, 
68, 0, 0, 1, 0, 0, 0, 0, 0, 1, 1, 0, 0, 0, 1, 0, 0, 3, 0, 1, 2, 0, 0, 1, 0, 27, 21, 10, 10, 1, 4, 0, 3, 0, 1, 1, 1, 3, 6, 6, 2, 58, 4, 1, 0, 0, 4, 3, 4, 1, 0, 1, 0, 8, 2, 6, 8, 8, 8, 2, 1, 3, 2, 1, 3, 27, 2, 0, 0, 10, 1, 0, 3, 10, 2, 1, 2, 1, 0, 0, 0, 0, 0, 0, 0, 0, 0, 0, 0, 1, 0, 0, 0, 0, 0, 0, 0, 1, 0, 0, 0, 2, 0, 0, 0, 1, 0, 0, 0, 1, 0, 0, 0, 
69, 0, 0, 0, 1, 2, 0, 2, 1, 1, 2, 0, 0, 0, 0, 0, 0, 0, 0, 0, 0, 0, 1, 0, 0, 38, 10, 13, 12, 0, 2, 0, 0, 0, 1, 2, 2, 5, 4, 6, 8, 63, 4, 1, 1, 1, 5, 2, 3, 4, 1, 1, 2, 11, 12, 11, 11, 19, 3, 5, 1, 1, 3, 0, 0, 26, 1, 0, 1, 2, 3, 1, 0, 15, 1, 1, 0, 2, 0, 0, 0, 1, 0, 0, 0, 1, 0, 0, 0, 0, 0, 0, 0, 1, 0, 0, 0, 0, 0, 0, 0, 0, 0, 0, 0, 2, 0, 0, 0, 2, 0, 0, 0, 
70, 1, 1, 1, 2, 1, 1, 1, 1, 1, 0, 0, 0, 0, 1, 5, 0, 1, 1, 0, 0, 0, 0, 0, 0, 35, 13, 6, 11, 7, 4, 5, 0, 1, 1, 4, 2, 15, 1, 3, 4, 54, 1, 1, 0, 4, 5, 2, 3, 1, 1, 0, 0, 12, 7, 7, 10, 20, 3, 5, 2, 0, 1, 2, 1, 17, 0, 1, 0, 3, 1, 3, 3, 17, 0, 1, 0, 1, 0, 0, 0, 2, 0, 0, 0, 1, 0, 0, 0, 0, 0, 0, 0, 0, 0, 0, 0, 1, 0, 0, 0, 0, 0, 0, 0, 0, 0, 0, 0, 0, 0, 0, 0, 
71, 1, 0, 0, 1, 1, 0, 0, 1, 1, 0, 0, 0, 0, 0, 0, 0, 1, 0, 0, 2, 0, 0, 0, 0, 35, 12, 15, 8, 13, 3, 1, 0, 2, 1, 1, 0, 17, 7, 7, 5, 46, 1, 2, 2, 6, 4, 5, 2, 15, 0, 1, 0, 8, 9, 6, 6, 33, 5, 2, 1, 1, 2, 1, 1, 7, 2, 1, 0, 6, 3, 7, 7, 7, 1, 1, 0, 5, 0, 0, 0, 0, 0, 0, 0, 1, 0, 0, 0, 0, 0, 0, 0, 1, 0, 0, 0, 0, 0, 0, 0, 2, 0, 0, 0, 1, 0, 0, 0, 1, 0, 0, 0, 
72, 0, 1, 0, 1, 0, 0, 0, 0, 0, 0, 1, 1, 1, 1, 0, 0, 2, 0, 1, 0, 0, 0, 2, 0, 17, 15, 11, 12, 5, 0, 0, 0, 5, 3, 3, 5, 28, 4, 5, 2, 70, 2, 0, 0, 6, 3, 0, 2, 0, 2, 0, 0, 6, 9, 4, 10, 47, 1, 3, 2, 1, 0, 2, 3, 11, 1, 0, 2, 4, 7, 6, 8, 14, 0, 1, 1, 1, 0, 0, 0, 0, 0, 0, 0, 0, 0, 0, 0, 0, 0, 0, 0, 1, 0, 0, 0, 0, 0, 0, 0, 0, 0, 0, 0, 0, 0, 0, 0, 3, 0, 0, 0, 
73, 0, 0, 0, 0, 1, 0, 1, 0, 0, 0, 0, 0, 0, 0, 0, 0, 1, 3, 0, 3, 1, 2, 1, 1, 13, 14, 7, 10, 3, 3, 5, 4, 7, 0, 2, 1, 24, 7, 6, 13, 60, 2, 1, 1, 8, 4, 2, 0, 8, 0, 1, 0, 4, 1, 4, 12, 38, 2, 5, 2, 5, 1, 0, 2, 0, 0, 0, 1, 11, 3, 7, 3, 6, 3, 0, 1, 3, 0, 0, 0, 0, 0, 0, 0, 1, 0, 0, 0, 1, 0, 0, 0, 1, 0, 0, 0, 0, 0, 0, 0, 1, 0, 0, 0, 2, 0, 0, 0, 1, 0, 0, 0, 
74, 0, 1, 0, 0, 0, 0, 0, 0, 1, 1, 0, 0, 1, 1, 1, 1, 2, 0, 1, 0, 1, 0, 1, 0, 12, 10, 10, 12, 3, 2, 1, 2, 2, 1, 0, 2, 33, 2, 6, 6, 54, 0, 1, 0, 0, 0, 0, 1, 1, 1, 1, 0, 5, 1, 5, 1, 42, 7, 4, 1, 0, 3, 1, 0, 5, 6, 2, 4, 10, 6, 4, 2, 10, 0, 1, 2, 1, 0, 0, 0, 2, 0, 0, 0, 1, 0, 0, 0, 0, 0, 0, 0, 3, 0, 0, 0, 2, 0, 0, 0, 1, 0, 0, 0, 1, 0, 0, 0, 0, 0, 0, 0, 
75, 0, 0, 1, 0, 0, 0, 0, 0, 0, 0, 0, 0, 0, 0, 0, 1, 1, 0, 0, 0, 1, 0, 0, 0, 12, 10, 17, 14, 0, 0, 0, 0, 0, 3, 6, 1, 37, 5, 9, 2, 41, 2, 0, 1, 5, 2, 2, 0, 0, 0, 0, 1, 7, 2, 1, 3, 33, 0, 0, 0, 7, 1, 2, 1, 8, 5, 6, 3, 5, 8, 6, 3, 12, 1, 3, 1, 4, 0, 0, 0, 1, 0, 0, 0, 0, 0, 0, 0, 1, 0, 0, 0, 0, 0, 0, 0, 0, 0, 0, 0, 0, 0, 0, 0, 3, 0, 0, 0, 0, 0, 0, 0, 
76, 0, 0, 1, 0, 4, 0, 1, 0, 1, 0, 1, 1, 1, 1, 1, 0, 0, 0, 0, 1, 0, 0, 0, 0, 19, 10, 15, 9, 0, 0, 0, 1, 5, 4, 4, 2, 26, 4, 5, 4, 38, 2, 0, 0, 2, 1, 2, 2, 10, 3, 2, 0, 0, 2, 2, 2, 24, 3, 1, 2, 1, 4, 0, 1, 5, 4, 6, 5, 5, 8, 8, 6, 11, 5, 3, 1, 1, 0, 0, 0, 0, 0, 0, 0, 1, 0, 0, 0, 0, 0, 0, 0, 1, 0, 0, 0, 2, 0, 0, 0, 0, 0, 0, 0, 1, 0, 0, 0, 3, 0, 0, 0, 
77, 0, 0, 0, 2, 0, 1, 0, 0, 2, 2, 2, 1, 0, 0, 2, 1, 0, 0, 0, 0, 0, 0, 0, 0, 15, 11, 7, 8, 7, 1, 2, 5, 4, 2, 1, 3, 23, 3, 0, 8, 32, 2, 2, 0, 4, 0, 3, 1, 11, 3, 0, 3, 6, 4, 8, 3, 32, 2, 1, 0, 0, 0, 1, 0, 9, 3, 3, 10, 6, 6, 5, 8, 4, 0, 2, 2, 1, 0, 0, 0, 1, 0, 0, 0, 1, 0, 0, 0, 0, 0, 0, 0, 0, 0, 0, 0, 1, 0, 0, 0, 1, 0, 0, 0, 0, 0, 0, 0, 1, 0, 0, 0, 
78, 0, 0, 1, 0, 0, 0, 0, 3, 0, 2, 2, 0, 0, 0, 1, 0, 0, 0, 0, 0, 0, 0, 1, 1, 5, 10, 9, 6, 8, 1, 3, 4, 5, 4, 0, 0, 28, 5, 5, 2, 34, 1, 1, 0, 1, 1, 1, 0, 8, 2, 0, 0, 26, 6, 2, 5, 33, 0, 2, 1, 1, 0, 4, 3, 6, 4, 6, 4, 7, 5, 5, 4, 6, 6, 2, 5, 1, 0, 0, 0, 0, 0, 0, 0, 2, 0, 0, 0, 1, 0, 0, 0, 0, 0, 0, 0, 1, 0, 0, 0, 0, 0, 0, 0, 1, 0, 0, 0, 2, 0, 0, 0, 
79, 0, 0, 1, 0, 0, 0, 1, 2, 0, 0, 0, 0, 0, 0, 1, 0, 0, 0, 2, 1, 0, 0, 0, 0, 5, 7, 11, 7, 3, 3, 5, 4, 1, 1, 0, 1, 27, 7, 7, 7, 32, 1, 0, 0, 1, 0, 0, 0, 3, 2, 0, 1, 39, 12, 3, 1, 29, 1, 3, 4, 5, 2, 1, 5, 8, 6, 8, 1, 5, 7, 4, 4, 9, 6, 1, 3, 0, 0, 0, 0, 1, 0, 0, 0, 1, 0, 0, 0, 0, 0, 0, 0, 0, 0, 0, 0, 1, 0, 0, 0, 0, 0, 0, 0, 1, 0, 0, 0, 1, 0, 0, 0, 
80, 2, 2, 0, 0, 0, 0, 2, 1, 1, 0, 1, 0, 1, 1, 0, 0, 3, 0, 0, 0, 2, 1, 1, 0, 5, 7, 8, 12, 2, 3, 1, 1, 2, 1, 5, 1, 28, 7, 2, 6, 33, 1, 0, 0, 3, 4, 3, 1, 19, 3, 1, 1, 57, 3, 1, 1, 32, 4, 2, 3, 3, 2, 4, 1, 5, 7, 8, 3, 4, 3, 4, 3, 1, 5, 2, 2, 0, 0, 0, 0, 2, 0, 0, 0, 0, 0, 0, 0, 0, 0, 0, 0, 0, 0, 0, 0, 1, 0, 0, 0, 1, 0, 0, 0, 1, 0, 0, 0, 1, 0, 0, 0, 
81, 1, 1, 1, 0, 0, 0, 0, 0, 0, 0, 0, 2, 0, 0, 2, 0, 0, 0, 1, 0, 3, 1, 0, 1, 7, 11, 8, 14, 2, 0, 1, 1, 1, 1, 2, 2, 15, 9, 3, 3, 32, 2, 0, 1, 26, 2, 3, 0, 4, 1, 4, 1, 59, 2, 2, 2, 29, 2, 2, 1, 5, 4, 4, 3, 10, 5, 4, 3, 7, 4, 3, 3, 4, 2, 1, 2, 0, 0, 0, 0, 1, 0, 0, 0, 1, 0, 0, 0, 1, 0, 0, 0, 0, 0, 0, 0, 1, 0, 0, 0, 0, 0, 0, 0, 0, 0, 0, 0, 0, 0, 0, 0, 
82, 2, 3, 2, 1, 0, 0, 0, 2, 3, 0, 1, 2, 2, 1, 3, 1, 2, 2, 0, 0, 0, 1, 0, 1, 9, 5, 7, 5, 5, 1, 0, 2, 13, 1, 0, 2, 9, 5, 5, 7, 26, 0, 1, 0, 40, 1, 0, 1, 1, 4, 0, 1, 51, 1, 1, 1, 40, 8, 4, 4, 2, 5, 6, 2, 2, 9, 6, 3, 11, 7, 10, 11, 0, 3, 3, 0, 0, 0, 0, 0, 1, 0, 0, 0, 2, 0, 0, 0, 0, 0, 0, 0, 1, 0, 0, 0, 3, 0, 0, 0, 0, 0, 0, 0, 1, 0, 0, 0, 0, 0, 0, 0, 
83, 1, 1, 1, 0, 0, 0, 0, 2, 0, 1, 0, 0, 0, 0, 0, 0, 0, 2, 1, 0, 0, 2, 0, 1, 11, 5, 1, 5, 1, 0, 0, 0, 20, 0, 2, 0, 19, 7, 6, 2, 31, 2, 0, 0, 38, 3, 1, 2, 0, 0, 1, 0, 37, 4, 4, 0, 63, 0, 2, 2, 1, 1, 8, 4, 6, 3, 3, 0, 3, 6, 7, 8, 3, 1, 0, 8, 0, 0, 0, 0, 2, 0, 0, 0, 1, 0, 0, 0, 1, 0, 0, 0, 1, 0, 0, 0, 0, 0, 0, 0, 2, 0, 0, 0, 0, 0, 0, 0, 0, 0, 0, 0, 
84, 0, 3, 2, 0, 0, 0, 0, 0, 0, 2, 0, 1, 0, 0, 3, 0, 1, 0, 2, 0, 0, 0, 2, 0, 5, 8, 1, 5, 4, 1, 5, 0, 22, 1, 2, 0, 13, 4, 3, 6, 20, 0, 2, 0, 36, 4, 0, 1, 1, 0, 0, 1, 37, 4, 5, 5, 67, 2, 3, 1, 0, 1, 1, 1, 4, 2, 3, 3, 9, 12, 8, 9, 1, 1, 1, 2, 0, 0, 0, 0, 0, 0, 0, 0, 1, 0, 0, 0, 0, 0, 0, 0, 0, 0, 0, 0, 0, 0, 0, 0, 0, 0, 0, 0, 2, 0, 0, 0, 1, 0, 0, 0, 
85, 0, 0, 1, 1, 1, 1, 3, 1, 0, 0, 2, 0, 1, 0, 0, 0, 0, 0, 0, 1, 0, 0, 1, 1, 4, 6, 2, 2, 3, 5, 2, 4, 15, 1, 1, 1, 16, 6, 5, 7, 19, 2, 0, 0, 52, 4, 1, 0, 1, 3, 7, 5, 48, 2, 1, 2, 70, 5, 5, 4, 3, 2, 0, 1, 0, 0, 0, 0, 16, 10, 9, 7, 2, 3, 0, 2, 1, 0, 0, 0, 0, 0, 0, 0, 1, 0, 0, 0, 0, 0, 0, 0, 0, 0, 0, 0, 1, 0, 0, 0, 0, 0, 0, 0, 1, 0, 0, 0, 0, 0, 0, 0, 
86, 4, 2, 0, 1, 1, 0, 0, 0, 1, 0, 1, 1, 0, 0, 0, 0, 1, 0, 0, 0, 1, 2, 1, 0, 0, 4, 0, 0, 3, 7, 6, 1, 0, 1, 1, 1, 19, 6, 7, 6, 28, 1, 0, 0, 59, 1, 3, 0, 7, 3, 1, 4, 61, 7, 2, 1, 70, 4, 3, 3, 3, 0, 3, 0, 2, 3, 3, 1, 10, 14, 10, 8, 1, 1, 0, 0, 1, 0, 0, 0, 0, 0, 0, 0, 0, 0, 0, 0, 0, 0, 0, 0, 3, 0, 0, 0, 1, 0, 0, 0, 1, 0, 0, 0, 0, 0, 0, 0, 0, 0, 0, 0, 
87, 2, 0, 1, 1, 0, 0, 0, 1, 0, 0, 0, 0, 1, 1, 0, 0, 2, 0, 0, 1, 1, 1, 5, 0, 0, 1, 1, 0, 7, 5, 4, 0, 4, 0, 0, 1, 17, 2, 3, 2, 9, 0, 0, 0, 69, 6, 0, 0, 8, 3, 2, 3, 60, 4, 7, 0, 72, 2, 0, 1, 6, 3, 1, 2, 0, 1, 1, 0, 9, 12, 6, 4, 0, 1, 1, 1, 1, 0, 0, 0, 0, 0, 0, 0, 0, 0, 0, 0, 1, 0, 0, 0, 0, 0, 0, 0, 4, 0, 0, 0, 1, 0, 0, 0, 0, 0, 0, 0, 3, 0, 0, 0, 
88, 0, 0, 1, 0, 1, 0, 1, 1, 1, 0, 1, 1, 1, 1, 1, 1, 0, 1, 0, 0, 0, 0, 0, 0, 0, 3, 1, 0, 9, 4, 10, 12, 1, 0, 4, 4, 20, 4, 2, 5, 0, 0, 0, 0, 70, 0, 3, 1, 12, 4, 3, 5, 66, 4, 5, 4, 67, 2, 5, 2, 4, 3, 1, 1, 2, 6, 7, 2, 4, 8, 4, 5, 3, 0, 0, 0, 0, 0, 0, 0, 0, 0, 0, 0, 0, 0, 0, 0, 3, 0, 0, 0, 1, 0, 0, 0, 0, 0, 0, 0, 0, 0, 0, 0, 3, 0, 0, 0, 1, 0, 0, 0, 
89, 0, 0, 0, 1, 0, 0, 0, 0, 0, 0, 0, 1, 0, 0, 0, 0, 0, 1, 0, 0, 2, 1, 1, 3, 2, 2, 4, 4, 7, 15, 7, 10, 1, 0, 0, 1, 16, 8, 2, 7, 2, 3, 1, 0, 64, 0, 1, 0, 13, 1, 4, 2, 87, 0, 2, 3, 54, 3, 1, 2, 1, 1, 1, 3, 11, 0, 3, 4, 4, 4, 5, 5, 2, 5, 6, 0, 0, 0, 0, 0, 0, 0, 0, 0, 3, 0, 0, 0, 1, 0, 0, 0, 5, 0, 0, 0, 0, 0, 0, 0, 0, 0, 0, 0, 2, 0, 0, 0, 1, 0, 0, 0, 
90, 1, 0, 0, 0, 0, 1, 0, 0, 0, 0, 0, 0, 2, 0, 1, 0, 0, 2, 0, 1, 1, 0, 0, 0, 7, 4, 3, 2, 11, 17, 11, 17, 0, 1, 0, 4, 10, 8, 10, 2, 1, 1, 1, 0, 54, 1, 2, 0, 6, 3, 1, 6, 77, 0, 4, 0, 45, 2, 2, 2, 2, 5, 0, 0, 4, 3, 0, 3, 11, 6, 5, 1, 7, 6, 9, 4, 1, 0, 0, 0, 1, 0, 0, 0, 1, 0, 0, 0, 3, 0, 0, 0, 0, 0, 0, 0, 0, 0, 0, 0, 2, 0, 0, 0, 1, 0, 0, 0, 0, 0, 0, 0, 
91, 2, 1, 0, 1, 2, 1, 0, 1, 0, 0, 0, 1, 0, 0, 0, 1, 0, 0, 1, 0, 0, 1, 0, 1, 0, 0, 1, 0, 25, 7, 11, 9, 4, 1, 2, 0, 8, 4, 4, 7, 2, 2, 1, 1, 52, 1, 0, 2, 2, 4, 5, 4, 77, 2, 1, 3, 49, 1, 3, 1, 1, 0, 3, 1, 0, 2, 2, 0, 1, 2, 5, 5, 24, 8, 0, 2, 0, 0, 0, 0, 0, 0, 0, 0, 1, 0, 0, 0, 1, 0, 0, 0, 3, 0, 0, 0, 0, 0, 0, 0, 0, 0, 0, 0, 3, 0, 0, 0, 1, 0, 0, 0, 
92, 0, 0, 2, 0, 0, 0, 0, 0, 0, 0, 0, 0, 0, 0, 0, 0, 1, 1, 0, 0, 0, 1, 0, 2, 0, 0, 0, 0, 24, 21, 7, 4, 2, 1, 3, 8, 4, 4, 6, 2, 2, 1, 2, 1, 52, 1, 1, 0, 4, 3, 2, 0, 48, 2, 4, 1, 54, 3, 1, 1, 2, 1, 0, 0, 4, 1, 1, 6, 1, 2, 2, 1, 17, 1, 3, 4, 0, 0, 0, 0, 0, 0, 0, 0, 1, 0, 0, 0, 0, 0, 0, 0, 0, 0, 0, 0, 0, 0, 0, 0, 1, 0, 0, 0, 2, 0, 0, 0, 0, 0, 0, 0, 
93, 1, 0, 1, 0, 0, 0, 0, 0, 2, 1, 0, 0, 0, 1, 1, 0, 0, 1, 0, 2, 1, 1, 0, 0, 2, 2, 3, 0, 21, 10, 8, 14, 12, 7, 7, 7, 7, 2, 2, 2, 0, 1, 3, 3, 46, 2, 1, 2, 1, 0, 2, 1, 41, 2, 1, 3, 37, 2, 2, 1, 0, 0, 0, 1, 7, 3, 2, 2, 5, 3, 0, 0, 4, 3, 3, 5, 1, 0, 0, 0, 0, 0, 0, 0, 0, 0, 0, 0, 0, 0, 0, 0, 2, 0, 0, 0, 1, 0, 0, 0, 1, 0, 0, 0, 1, 0, 0, 0, 0, 0, 0, 0, 
94, 0, 0, 0, 0, 2, 1, 1, 0, 1, 0, 0, 0, 1, 1, 1, 1, 0, 0, 2, 0, 1, 0, 0, 0, 0, 0, 1, 1, 12, 11, 12, 7, 12, 7, 9, 7, 7, 2, 1, 2, 0, 0, 2, 1, 30, 2, 0, 1, 7, 0, 3, 2, 44, 6, 2, 0, 26, 1, 1, 3, 2, 6, 2, 2, 4, 2, 2, 2, 0, 0, 0, 0, 2, 1, 2, 3, 0, 0, 0, 0, 2, 0, 0, 0, 1, 0, 0, 0, 0, 0, 0, 0, 0, 0, 0, 0, 1, 0, 0, 0, 0, 0, 0, 0, 0, 0, 0, 0, 0, 0, 0, 0, 
95, 2, 0, 1, 0, 0, 1, 1, 1, 0, 0, 0, 0, 1, 0, 0, 0, 1, 2, 1, 0, 2, 1, 0, 1, 0, 0, 1, 0, 5, 7, 12, 11, 10, 10, 12, 13, 2, 0, 1, 3, 0, 0, 2, 1, 20, 6, 0, 2, 0, 1, 3, 1, 38, 2, 3, 6, 17, 3, 2, 3, 6, 2, 0, 4, 8, 3, 5, 6, 14, 2, 0, 1, 1, 2, 1, 1, 2, 0, 0, 0, 0, 0, 0, 0, 1, 0, 0, 0, 2, 0, 0, 0, 0, 0, 0, 0, 1, 0, 0, 0, 1, 0, 0, 0, 0, 0, 0, 0, 1, 0, 0, 0, 
96, 1, 1, 0, 0, 0, 1, 1, 2, 0, 0, 0, 0, 0, 3, 0, 0, 0, 1, 0, 0, 0, 1, 0, 0, 0, 1, 1, 0, 11, 9, 8, 7, 18, 11, 8, 15, 0, 0, 0, 1, 0, 0, 0, 0, 28, 1, 1, 2, 3, 0, 1, 3, 47, 3, 2, 2, 23, 3, 6, 0, 4, 3, 10, 4, 8, 8, 7, 6, 21, 3, 3, 3, 7, 3, 3, 1, 0, 0, 0, 0, 1, 0, 0, 0, 1, 0, 0, 0, 0, 0, 0, 0, 1, 0, 0, 0, 1, 0, 0, 0, 1, 0, 0, 0, 2, 0, 0, 0, 1, 0, 0, 0, 
97, 1, 2, 1, 0, 1, 0, 0, 0, 0, 0, 0, 1, 0, 1, 2, 1, 0, 0, 0, 0, 0, 0, 1, 1, 2, 4, 3, 1, 4, 3, 12, 7, 15, 8, 13, 10, 7, 1, 1, 0, 2, 0, 0, 2, 26, 2, 0, 0, 0, 1, 2, 0, 31, 3, 3, 1, 26, 3, 2, 6, 12, 1, 1, 1, 9, 5, 4, 4, 27, 0, 3, 0, 2, 3, 3, 3, 0, 0, 0, 0, 2, 0, 0, 0, 3, 0, 0, 0, 2, 0, 0, 0, 1, 0, 0, 0, 0, 0, 0, 0, 1, 0, 0, 0, 1, 0, 0, 0, 1, 0, 0, 0, 
98, 1, 1, 1, 1, 0, 2, 1, 0, 0, 0, 0, 0, 0, 0, 0, 0, 0, 0, 2, 0, 1, 0, 1, 0, 0, 0, 1, 0, 10, 3, 11, 9, 7, 11, 12, 11, 2, 3, 0, 0, 0, 1, 4, 0, 18, 2, 1, 0, 2, 1, 3, 0, 27, 5, 3, 1, 41, 13, 6, 3, 5, 2, 3, 2, 21, 7, 1, 3, 7, 3, 3, 0, 12, 6, 0, 0, 0, 0, 0, 0, 0, 0, 0, 0, 0, 0, 0, 0, 0, 0, 0, 0, 0, 0, 0, 0, 1, 0, 0, 0, 1, 0, 0, 0, 1, 0, 0, 0, 0, 0, 0, 0, 
99, 0, 1, 0, 1, 5, 4, 2, 1, 0, 1, 0, 0, 0, 0, 1, 0, 0, 0, 0, 0, 1, 0, 0, 0, 0, 1, 1, 0, 8, 11, 8, 6, 13, 15, 11, 6, 1, 3, 1, 1, 2, 6, 2, 0, 7, 3, 0, 1, 1, 2, 0, 0, 24, 5, 1, 2, 30, 1, 1, 1, 2, 1, 4, 2, 32, 4, 6, 7, 2, 2, 0, 0, 17, 4, 0, 0, 1, 0, 0, 0, 0, 0, 0, 0, 3, 0, 0, 0, 0, 0, 0, 0, 2, 0, 0, 0, 0, 0, 0, 0, 1, 0, 0, 0, 1, 0, 0, 0, 0, 0, 0, 0, 