0, 0, 0, 0, 1, 1, 1, 0, 1, 0, 1, 2, 1, 0, 0, 1, 0, 0, 0, 0, 0, 0, 3, 0, 1, 0, 1, 0, 0, 0, 1, 0, 0, 0, 0, 1, 0, 9, 2, 1, 0, 2, 5, 2, 1, 2, 1, 4, 1, 1, 1, 0, 0, 1, 0, 0, 0, 2, 0, 0, 0, 0, 1, 1, 0, 10, 3, 0, 0, 1, 4, 4, 6, 2, 2, 0, 1, 0, 0, 0, 0, 1, 0, 0, 0, 0, 0, 0, 0, 0, 0, 0, 0, 1, 0, 0, 0, 1, 0, 0, 0, 1, 0, 0, 0, 1, 0, 0, 0, 1, 0, 0, 0, 
1, 0, 1, 0, 0, 0, 0, 0, 0, 3, 1, 1, 1, 0, 0, 2, 1, 0, 0, 1, 0, 5, 2, 0, 1, 3, 1, 3, 0, 0, 0, 1, 2, 3, 2, 2, 1, 17, 2, 1, 0, 5, 1, 0, 1, 1, 0, 0, 2, 1, 1, 2, 2, 4, 3, 7, 6, 1, 0, 0, 0, 0, 0, 0, 0, 12, 1, 0, 0, 2, 4, 3, 3, 0, 0, 1, 0, 0, 0, 0, 0, 1, 0, 0, 0, 1, 0, 0, 0, 2, 0, 0, 0, 0, 0, 0, 0, 0, 0, 0, 0, 1, 0, 0, 0, 0, 0, 0, 0, 2, 0, 0, 0, 
2, 4, 0, 2, 1, 1, 0, 0, 0, 1, 0, 1, 0, 0, 0, 0, 0, 1, 1, 0, 0, 1, 3, 0, 1, 0, 1, 1, 1, 0, 1, 1, 0, 2, 3, 3, 1, 14, 2, 0, 0, 5, 0, 1, 0, 0, 0, 0, 0, 1, 1, 1, 1, 4, 2, 3, 4, 11, 2, 0, 1, 4, 0, 0, 0, 15, 4, 0, 0, 0, 0, 1, 0, 5, 5, 2, 4, 0, 0, 0, 0, 0, 0, 0, 0, 0, 0, 0, 0, 1, 0, 0, 0, 0, 0, 0, 0, 1, 0, 0, 0, 1, 0, 0, 0, 0, 0, 0, 0, 2, 0, 0, 0, 
3, 0, 2, 0, 1, 1, 1, 1, 2, 0, 1, 0, 1, 1, 1, 0, 1, 1, 0, 0, 0, 5, 1, 0, 1, 0, 2, 2, 2, 3, 0, 2, 1, 0, 0, 0, 0, 1, 2, 1, 0, 2, 4, 6, 3, 0, 1, 0, 0, 3, 2, 1, 3, 2, 1, 0, 1, 15, 1, 0, 0, 3, 0, 0, 0, 21, 1, 0, 1, 2, 2, 1, 5, 10, 3, 4, 5, 0, 0, 0, 0, 1, 0, 0, 0, 1, 0, 0, 0, 0, 0, 0, 0, 0, 0, 0, 0, 0, 0, 0, 0, 0, 0, 0, 0, 1, 0, 0, 0, 1, 0, 0, 0, 
4, 0, 0, 0, 0, 3, 6, 5, 0, 0, 0, 1, 0, 0, 0, 0, 0, 0, 0, 0, 0, 0, 0, 0, 2, 4, 4, 1, 1, 13, 2, 3, 0, 1, 5, 2, 1, 1, 2, 1, 1, 1, 1, 0, 1, 4, 3, 1, 1, 1, 1, 2, 1, 1, 0, 2, 3, 6, 0, 1, 0, 3, 3, 3, 4, 27, 0, 0, 2, 3, 2, 0, 1, 9, 2, 3, 4, 1, 0, 0, 0, 1, 0, 0, 0, 2, 0, 0, 0, 1, 0, 0, 0, 0, 0, 0, 0, 2, 0, 0, 0, 1, 0, 0, 0, 1, 0, 0, 0, 0, 0, 0, 0, 
5, 0, 1, 1, 0, 2, 4, 1, 1, 1, 1, 2, 1, 5, 0, 0, 0, 2, 0, 0, 0, 1, 2, 0, 0, 1, 4, 6, 4, 16, 3, 0, 1, 3, 2, 2, 4, 11, 1, 2, 0, 1, 0, 1, 0, 4, 0, 2, 3, 4, 2, 1, 1, 4, 0, 1, 1, 15, 0, 1, 0, 6, 3, 3, 2, 18, 0, 0, 0, 1, 0, 1, 2, 0, 1, 0, 0, 1, 0, 0, 0, 0, 0, 0, 0, 0, 0, 0, 0, 1, 0, 0, 0, 1, 0, 0, 0, 2, 0, 0, 0, 0, 0, 0, 0, 2, 0, 0, 0, 1, 0, 0, 0, 
6, 0, 1, 0, 1, 1, 0, 0, 0, 1, 1, 0, 2, 0, 0, 0, 0, 2, 0, 0, 1, 0, 0, 0, 0, 7, 5, 3, 6, 6, 1, 2, 0, 3, 2, 2, 0, 10, 1, 4, 0, 0, 1, 0, 2, 8, 5, 2, 1, 0, 1, 2, 0, 0, 0, 0, 1, 21, 1, 0, 0, 3, 1, 1, 2, 18, 5, 0, 0, 0, 0, 1, 0, 5, 4, 1, 3, 0, 0, 0, 0, 1, 0, 0, 0, 0, 0, 0, 0, 1, 0, 0, 0, 1, 0, 0, 0, 0, 0, 0, 0, 1, 0, 0, 0, 0, 0, 0, 0, 0, 0, 0, 0, 
7, 1, 0, 2, 0, 0, 1, 0, 0, 0, 0, 0, 0, 0, 0, 0, 0, 0, 0, 2, 0, 0, 0, 2, 0, 14, 3, 9, 5, 7, 3, 2, 4, 0, 1, 0, 1, 12, 2, 2, 1, 2, 2, 3, 1, 15, 4, 0, 1, 1, 1, 2, 0, 5, 0, 3, 3, 22, 0, 1, 0, 5, 7, 1, 2, 26, 1, 1, 0, 1, 0, 0, 0, 17, 1, 3, 1, 0, 0, 0, 0, 1, 0, 0, 0, 0, 0, 0, 0, 0, 0, 0, 0, 1, 0, 0, 0, 0, 0, 0, 0, 2, 0, 0, 0, 0, 0, 0, 0, 2, 0, 0, 0, 
8, 0, 0, 0, 0, 1, 0, 1, 1, 1, 1, 0, 0, 0, 0, 0, 1, 2, 2, 0, 0, 0, 0, 0, 1, 10, 5, 6, 5, 16, 1, 2, 1, 0, 2, 1, 1, 18, 3, 2, 2, 12, 1, 0, 1, 20, 4, 3, 2, 2, 6, 2, 1, 5, 2, 2, 7, 17, 0, 0, 0, 11, 2, 0, 3, 25, 0, 0, 0, 4, 1, 1, 0, 12, 5, 2, 1, 1, 0, 0, 0, 5, 0, 0, 0, 1, 0, 0, 0, 0, 0, 0, 0, 0, 0, 0, 0, 0, 0, 0, 0, 2, 0, 0, 0, 1, 0, 0, 0, 3, 0, 0, 0, 
9, 0, 2, 0, 1, 1, 0, 1, 0, 1, 0, 1, 1, 0, 1, 0, 0, 1, 0, 0, 0, 0, 0, 0, 0, 4, 3, 7, 4, 6, 4, 1, 0, 4, 1, 1, 3, 19, 5, 0, 1, 8, 4, 2, 2, 9, 1, 2, 1, 5, 5, 5, 3, 1, 2, 1, 4, 20, 1, 0, 0, 10, 4, 5, 2, 32, 4, 0, 1, 1, 1, 2, 3, 17, 4, 4, 0, 0, 0, 0, 0, 1, 0, 0, 0, 1, 0, 0, 0, 0, 0, 0, 0, 0, 0, 0, 0, 2, 0, 0, 0, 0, 0, 0, 0, 0, 0, 0, 0, 1, 0, 0, 0, 
10, 0, 1, 2, 4, 1, 1, 1, 0, 0, 0, 0, 0, 0, 0, 1, 0, 0, 0, 0, 0, 1, 1, 1, 0, 7, 4, 6, 0, 6, 1, 1, 0, 3, 2, 0, 1, 6, 2, 4, 2, 3, 1, 1, 1, 13, 1, 1, 0, 5, 5, 5, 0, 0, 0, 1, 0, 27, 0, 0, 0, 16, 2, 1, 3, 43, 0, 0, 0, 2, 1, 1, 0, 19, 1, 1, 3, 0, 0, 0, 0, 2, 0, 0, 0, 0, 0, 0, 0, 0, 0, 0, 0, 1, 0, 0, 0, 2, 0, 0, 0, 0, 0, 0, 0, 0, 0, 0, 0, 1, 0, 0, 0, 
11, 0, 1, 1, 1, 0, 0, 0, 1, 0, 0, 0, 1, 0, 1, 0, 1, 0, 1, 0, 1, 0, 1, 1, 0, 2, 5, 4, 1, 19, 5, 1, 1, 2, 2, 0, 2, 0, 0, 1, 0, 0, 3, 0, 1, 1, 1, 0, 1, 3, 0, 0, 2, 5, 0, 0, 0, 14, 1, 0, 0, 10, 4, 3, 4, 30, 0, 1, 0, 0, 1, 1, 0, 29, 1, 4, 2, 1, 0, 0, 0, 0, 0, 0, 0, 1, 0, 0, 0, 0, 0, 0, 0, 1, 0, 0, 0, 1, 0, 0, 0, 4, 0, 0, 0, 0, 0, 0, 0, 0, 0, 0, 0, 
12, 0, 2, 3, 0, 3, 0, 1, 0, 0, 0, 0, 1, 1, 0, 0, 0, 0, 0, 0, 0, 1, 0, 0, 0, 3, 0, 2, 3, 16, 2, 0, 1, 1, 1, 0, 2, 3, 3, 3, 3, 3, 1, 4, 1, 2, 2, 1, 0, 1, 0, 0, 0, 0, 1, 2, 0, 20, 1, 0, 1, 1, 2, 1, 0, 20, 0, 0, 0, 1, 1, 0, 0, 9, 3, 4, 3, 0, 0, 0, 0, 1, 0, 0, 0, 1, 0, 0, 0, 0, 0, 0, 0, 0, 0, 0, 0, 0, 0, 0, 0, 1, 0, 0, 0, 0, 0, 0, 0, 0, 0, 0, 0, 
13, 0, 2, 0, 2, 1, 0, 0, 1, 1, 1, 0, 0, 5, 1, 3, 1, 0, 2, 0, 0, 0, 0, 0, 0, 6, 4, 7, 9, 7, 2, 2, 4, 6, 4, 4, 1, 6, 1, 2, 2, 0, 1, 1, 0, 0, 1, 0, 1, 16, 0, 0, 3, 2, 0, 0, 0, 14, 1, 0, 0, 1, 2, 0, 0, 16, 3, 2, 1, 0, 0, 0, 0, 11, 4, 2, 1, 1, 0, 0, 0, 0, 0, 0, 0, 0, 0, 0, 0, 1, 0, 0, 0, 1, 0, 0, 0, 0, 0, 0, 0, 0, 0, 0, 0, 0, 0, 0, 0, 1, 0, 0, 0, 
14, 2, 0, 1, 1, 0, 0, 1, 0, 0, 0, 1, 0, 0, 1, 0, 2, 1, 1, 0, 1, 2, 0, 0, 0, 5, 5, 0, 1, 19, 1, 2, 1, 14, 5, 2, 3, 5, 3, 1, 3, 1, 6, 8, 4, 1, 2, 1, 0, 5, 0, 1, 1, 0, 0, 0, 0, 10, 1, 0, 0, 7, 4, 1, 4, 22, 2, 0, 0, 1, 6, 1, 1, 1, 0, 3, 1, 0, 0, 0, 0, 0, 0, 0, 0, 1, 0, 0, 0, 0, 0, 0, 0, 0, 0, 0, 0, 1, 0, 0, 0, 0, 0, 0, 0, 2, 0, 0, 0, 0, 0, 0, 0, 
15, 0, 0, 1, 0, 0, 0, 1, 0, 1, 2, 0, 0, 0, 0, 0, 2, 1, 1, 0, 0, 0, 0, 0, 2, 9, 7, 2, 7, 13, 3, 3, 1, 10, 2, 1, 1, 14, 2, 1, 4, 5, 4, 2, 6, 4, 4, 2, 1, 7, 3, 2, 1, 1, 0, 0, 0, 0, 1, 0, 0, 3, 5, 6, 2, 8, 0, 1, 1, 6, 5, 0, 3, 4, 0, 0, 1, 1, 0, 0, 0, 0, 0, 0, 0, 0, 0, 0, 0, 0, 0, 0, 0, 1, 0, 0, 0, 0, 0, 0, 0, 0, 0, 0, 0, 1, 0, 0, 0, 3, 0, 0, 0, 
16, 2, 0, 0, 0, 1, 0, 0, 0, 0, 1, 0, 2, 0, 0, 0, 0, 0, 0, 0, 1, 0, 0, 0, 0, 3, 5, 6, 2, 7, 2, 1, 0, 18, 0, 4, 1, 13, 3, 3, 3, 0, 2, 0, 0, 1, 3, 3, 4, 16, 1, 1, 0, 7, 4, 3, 1, 2, 3, 4, 1, 6, 8, 4, 3, 6, 1, 0, 2, 8, 6, 3, 0, 5, 3, 1, 0, 1, 0, 0, 0, 0, 0, 0, 0, 2, 0, 0, 0, 2, 0, 0, 0, 0, 0, 0, 0, 1, 0, 0, 0, 2, 0, 0, 0, 0, 0, 0, 0, 1, 0, 0, 0, 
17, 2, 3, 0, 3, 1, 1, 0, 2, 0, 0, 1, 0, 1, 0, 0, 0, 0, 0, 0, 0, 0, 0, 1, 0, 9, 6, 4, 3, 7, 4, 1, 2, 12, 3, 0, 2, 20, 3, 8, 1, 3, 2, 1, 1, 5, 6, 3, 5, 10, 0, 2, 2, 0, 3, 2, 1, 4, 4, 2, 2, 3, 5, 3, 3, 1, 0, 1, 0, 4, 0, 0, 0, 2, 3, 2, 0, 0, 0, 0, 0, 0, 0, 0, 0, 0, 0, 0, 0, 0, 0, 0, 0, 0, 0, 0, 0, 0, 0, 0, 0, 1, 0, 0, 0, 2, 0, 0, 0, 1, 0, 0, 0, 
18, 4, 2, 0, 2, 0, 2, 1, 0, 0, 1, 1, 2, 0, 0, 1, 1, 0, 0, 1, 1, 0, 0, 0, 0, 12, 5, 7, 8, 19, 2, 1, 0, 8, 1, 3, 4, 28, 1, 5, 2, 0, 1, 1, 0, 1, 5, 6, 8, 19, 1, 0, 1, 1, 1, 2, 1, 0, 0, 0, 0, 5, 10, 6, 6, 5, 2, 0, 0, 0, 2, 1, 1, 0, 0, 0, 0, 1, 0, 0, 0, 2, 0, 0, 0, 1, 0, 0, 0, 0, 0, 0, 0, 1, 0, 0, 0, 0, 0, 0, 0, 0, 0, 0, 0, 3, 0, 0, 0, 0, 0, 0, 0, 
19, 0, 1, 1, 1, 0, 1, 0, 3, 3, 1, 0, 0, 0, 0, 3, 1, 0, 0, 1, 0, 0, 1, 0, 0, 16, 11, 5, 3, 19, 0, 0, 1, 16, 3, 2, 1, 25, 3, 2, 7, 10, 0, 2, 0, 1, 2, 1, 2, 19, 3, 1, 1, 7, 13, 2, 3, 1, 2, 0, 3, 6, 2, 9, 5, 3, 0, 4, 3, 0, 0, 2, 2, 0, 2, 1, 1, 0, 0, 0, 0, 0, 0, 0, 0, 0, 0, 0, 0, 0, 0, 0, 0, 1, 0, 0, 0, 0, 0, 0, 0, 0, 0, 0, 0, 0, 0, 0, 0, 1, 0, 0, 0, 
20, 1, 0, 0, 1, 1, 2, 1, 2, 0, 0, 1, 0, 1, 1, 1, 1, 2, 1, 2, 0, 0, 1, 0, 2, 18, 9, 6, 7, 14, 3, 1, 0, 8, 1, 4, 4, 37, 2, 1, 5, 9, 4, 2, 0, 6, 3, 9, 9, 1, 0, 1, 0, 2, 3, 3, 3, 4, 3, 2, 3, 14, 4, 3, 3, 6, 3, 2, 4, 4, 1, 0, 2, 0, 2, 2, 1, 0, 0, 0, 0, 0, 0, 0, 0, 0, 0, 0, 0, 2, 0, 0, 0, 1, 0, 0, 0, 0, 0, 0, 0, 0, 0, 0, 0, 0, 0, 0, 0, 0, 0, 0, 0, 
21, 1, 0, 2, 0, 0, 0, 1, 0, 0, 0, 3, 0, 1, 0, 0, 1, 1, 0, 0, 1, 1, 0, 0, 0, 19, 10, 7, 6, 17, 1, 4, 3, 11, 5, 3, 4, 29, 8, 2, 2, 19, 0, 0, 1, 10, 8, 5, 5, 0, 1, 0, 1, 9, 10, 1, 1, 1, 4, 4, 3, 13, 5, 0, 2, 0, 0, 0, 2, 1, 2, 1, 3, 4, 0, 2, 1, 2, 0, 0, 0, 0, 0, 0, 0, 0, 0, 0, 0, 0, 0, 0, 0, 0, 0, 0, 0, 0, 0, 0, 0, 1, 0, 0, 0, 0, 0, 0, 0, 2, 0, 0, 0, 
22, 0, 2, 1, 0, 1, 0, 0, 0, 2, 2, 0, 0, 0, 0, 1, 0, 0, 0, 0, 0, 1, 0, 0, 0, 25, 4, 8, 5, 10, 0, 1, 0, 3, 1, 4, 3, 36, 2, 2, 4, 21, 2, 2, 0, 7, 11, 10, 10, 4, 2, 1, 2, 14, 4, 5, 1, 0, 2, 1, 1, 2, 3, 4, 3, 7, 3, 4, 3, 1, 1, 2, 1, 6, 6, 3, 2, 0, 0, 0, 0, 0, 0, 0, 0, 0, 0, 0, 0, 0, 0, 0, 0, 1, 0, 0, 0, 1, 0, 0, 0, 0, 0, 0, 0, 2, 0, 0, 0, 0, 0, 0, 0, 
23, 5, 1, 2, 2, 1, 1, 1, 1, 1, 0, 0, 1, 0, 0, 2, 0, 2, 0, 0, 1, 0, 0, 0, 0, 18, 7, 4, 3, 8, 2, 0, 2, 2, 2, 1, 3, 35, 7, 2, 2, 22, 0, 0, 0, 13, 5, 10, 6, 1, 0, 2, 1, 27, 1, 0, 1, 0, 1, 1, 0, 0, 0, 2, 1, 8, 8, 8, 4, 3, 0, 3, 1, 1, 4, 2, 0, 1, 0, 0, 0, 0, 0, 0, 0, 0, 0, 0, 0, 0, 0, 0, 0, 1, 0, 0, 0, 2, 0, 0, 0, 3, 0, 0, 0, 0, 0, 0, 0, 2, 0, 0, 0, 
24, 5, 2, 0, 2, 0, 0, 0, 0, 1, 0, 1, 0, 1, 0, 0, 0, 0, 1, 1, 0, 0, 1, 0, 0, 5, 6, 7, 2, 2, 2, 0, 1, 0, 1, 1, 1, 31, 3, 4, 2, 24, 0, 1, 0, 9, 10, 5, 4, 9, 0, 1, 1, 22, 4, 3, 1, 7, 1, 0, 1, 2, 3, 2, 3, 14, 8, 9, 7, 2, 1, 5, 0, 1, 0, 0, 0, 0, 0, 0, 0, 2, 0, 0, 0, 0, 0, 0, 0, 4, 0, 0, 0, 1, 0, 0, 0, 1, 0, 0, 0, 3, 0, 0, 0, 1, 0, 0, 0, 1, 0, 0, 0, 
25, 13, 1, 0, 0, 0, 0, 0, 1, 2, 0, 1, 1, 2, 1, 3, 2, 0, 1, 1, 0, 0, 1, 0, 1, 7, 1, 5, 3, 3, 0, 0, 5, 1, 0, 0, 1, 31, 4, 0, 4, 24, 0, 2, 0, 5, 4, 5, 5, 3, 0, 1, 0, 10, 2, 4, 1, 0, 1, 0, 1, 5, 9, 2, 7, 13, 16, 9, 7, 1, 3, 3, 3, 1, 0, 0, 2, 1, 0, 0, 0, 0, 0, 0, 0, 1, 0, 0, 0, 1, 0, 0, 0, 2, 0, 0, 0, 0, 0, 0, 0, 1, 0, 0, 0, 0, 0, 0, 0, 1, 0, 0, 0, 
26, 7, 1, 0, 2, 0, 0, 0, 0, 1, 3, 1, 2, 0, 0, 0, 0, 1, 1, 0, 0, 0, 0, 0, 0, 1, 4, 2, 7, 1, 0, 0, 0, 0, 0, 0, 1, 10, 3, 3, 3, 11, 0, 1, 1, 4, 3, 5, 3, 20, 1, 0, 0, 4, 4, 0, 0, 0, 1, 2, 1, 7, 6, 7, 5, 17, 9, 9, 13, 4, 4, 5, 1, 1, 2, 0, 2, 1, 0, 0, 0, 1, 0, 0, 0, 0, 0, 0, 0, 0, 0, 0, 0, 3, 0, 0, 0, 1, 0, 0, 0, 0, 0, 0, 0, 0, 0, 0, 0, 1, 0, 0, 0, 
27, 0, 0, 2, 1, 0, 0, 0, 0, 0, 1, 1, 0, 0, 0, 0, 0, 0, 0, 0, 1, 0, 0, 0, 0, 1, 5, 4, 2, 3, 0, 0, 2, 1, 0, 0, 0, 27, 4, 3, 2, 18, 3, 0, 2, 8, 8, 7, 7, 25, 1, 0, 1, 1, 0, 0, 0, 0, 0, 0, 0, 7, 1, 4, 5, 22, 6, 7, 7, 3, 6, 4, 6, 0, 0, 2, 2, 0, 0, 0, 0, 1, 0, 0, 0, 0, 0, 0, 0, 0, 0, 0, 0, 2, 0, 0, 0, 2, 0, 0, 0, 1, 0, 0, 0, 1, 0, 0, 0, 0, 0, 0, 0, 
28, 0, 0, 0, 0, 0, 1, 1, 2, 2, 0, 1, 0, 0, 1, 0, 1, 0, 0, 0, 0, 5, 2, 4, 1, 1, 1, 0, 0, 2, 2, 1, 0, 7, 6, 2, 1, 26, 2, 6, 1, 20, 2, 3, 1, 3, 9, 6, 4, 34, 0, 0, 1, 0, 1, 0, 0, 2, 0, 4, 1, 2, 4, 2, 1, 10, 8, 12, 8, 0, 1, 0, 1, 5, 4, 6, 4, 1, 0, 0, 0, 0, 0, 0, 0, 1, 0, 0, 0, 0, 0, 0, 0, 0, 0, 0, 0, 4, 0, 0, 0, 0, 0, 0, 0, 0, 0, 0, 0, 0, 0, 0, 0, 
29, 8, 1, 1, 1, 1, 4, 1, 2, 1, 0, 0, 0, 0, 0, 0, 1, 0, 0, 0, 0, 1, 0, 1, 0, 1, 0, 1, 6, 4, 1, 1, 1, 13, 1, 2, 1, 32, 3, 5, 1, 18, 2, 0, 1, 2, 5, 5, 5, 25, 2, 0, 1, 3, 0, 1, 2, 0, 0, 1, 0, 14, 3, 2, 1, 1, 8, 7, 4, 2, 3, 0, 0, 6, 2, 4, 2, 2, 0, 0, 0, 0, 0, 0, 0, 2, 0, 0, 0, 0, 0, 0, 0, 0, 0, 0, 0, 0, 0, 0, 0, 1, 0, 0, 0, 3, 0, 0, 0, 0, 0, 0, 0, 
30, 2, 3, 3, 0, 1, 1, 2, 1, 0, 0, 0, 0, 0, 1, 1, 0, 0, 1, 0, 0, 1, 1, 0, 0, 2, 2, 0, 1, 0, 1, 2, 1, 2, 1, 2, 4, 35, 5, 2, 2, 4, 0, 0, 0, 6, 2, 4, 3, 19, 0, 0, 0, 2, 4, 4, 5, 7, 0, 0, 3, 32, 3, 2, 0, 10, 4, 3, 6, 7, 1, 2, 1, 0, 2, 1, 1, 0, 0, 0, 0, 1, 0, 0, 0, 1, 0, 0, 0, 0, 0, 0, 0, 0, 0, 0, 0, 4, 0, 0, 0, 1, 0, 0, 0, 4, 0, 0, 0, 0, 0, 0, 0, 
31, 0, 1, 1, 2, 0, 2, 0, 0, 0, 0, 0, 0, 0, 1, 0, 1, 2, 0, 2, 0, 0, 0, 0, 0, 2, 0, 1, 4, 3, 4, 3, 4, 0, 0, 0, 0, 27, 1, 4, 3, 12, 1, 0, 0, 14, 7, 2, 2, 4, 0, 2, 1, 6, 4, 5, 1, 10, 2, 1, 1, 25, 0, 1, 2, 3, 1, 2, 0, 6, 1, 1, 1, 1, 1, 0, 0, 2, 0, 0, 0, 0, 0, 0, 0, 1, 0, 0, 0, 2, 0, 0, 0, 2, 0, 0, 0, 1, 0, 0, 0, 1, 0, 0, 0, 0, 0, 0, 0, 0, 0, 0, 0, 
32, 0, 2, 1, 1, 2, 2, 2, 0, 1, 1, 1, 0, 0, 0, 0, 0, 0, 0, 0, 0, 0, 0, 0, 0, 1, 0, 0, 0, 1, 1, 1, 1, 4, 2, 0, 2, 26, 4, 5, 1, 2, 0, 0, 0, 21, 8, 6, 1, 0, 1, 2, 1, 1, 6, 4, 3, 0, 0, 1, 1, 18, 1, 3, 2, 0, 2, 1, 1, 0, 0, 0, 1, 2, 0, 3, 1, 0, 0, 0, 0, 1, 0, 0, 0, 2, 0, 0, 0, 0, 0, 0, 0, 0, 0, 0, 0, 1, 0, 0, 0, 2, 0, 0, 0, 2, 0, 0, 0, 1, 0, 0, 0, 
33, 7, 3, 0, 0, 0, 1, 1, 0, 1, 0, 1, 2, 0, 1, 1, 1, 1, 2, 2, 4, 1, 2, 0, 1, 5, 0, 0, 0, 2, 1, 0, 1, 0, 0, 0, 0, 37, 4, 2, 4, 2, 2, 3, 2, 22, 7, 8, 3, 3, 2, 7, 1, 2, 1, 0, 4, 1, 1, 2, 3, 22, 3, 2, 0, 2, 1, 2, 1, 0, 0, 1, 1, 0, 2, 0, 1, 1, 0, 0, 0, 2, 0, 0, 0, 0, 0, 0, 0, 0, 0, 0, 0, 1, 0, 0, 0, 0, 0, 0, 0, 1, 0, 0, 0, 0, 0, 0, 0, 2, 0, 0, 0, 
34, 7, 0, 1, 2, 0, 0, 1, 0, 0, 0, 0, 1, 1, 1, 0, 2, 0, 1, 0, 2, 0, 0, 0, 0, 0, 0, 2, 0, 0, 0, 2, 0, 0, 0, 2, 1, 37, 4, 3, 8, 7, 10, 6, 4, 39, 11, 3, 4, 17, 6, 3, 3, 0, 1, 1, 1, 1, 0, 4, 1, 23, 4, 3, 1, 14, 4, 2, 1, 1, 0, 0, 0, 4, 0, 2, 1, 1, 0, 0, 0, 2, 0, 0, 0, 1, 0, 0, 0, 2, 0, 0, 0, 2, 0, 0, 0, 0, 0, 0, 0, 0, 0, 0, 0, 0, 0, 0, 0, 0, 0, 0, 0, 
35, 1, 2, 1, 0, 1, 0, 1, 0, 0, 0, 0, 1, 0, 0, 2, 0, 0, 2, 3, 0, 0, 1, 0, 0, 0, 2, 1, 2, 3, 2, 0, 2, 5, 1, 2, 1, 41, 1, 1, 1, 7, 4, 4, 4, 39, 2, 7, 1, 20, 1, 5, 2, 2, 1, 2, 1, 5, 6, 3, 3, 10, 1, 2, 1, 27, 4, 0, 1, 0, 0, 1, 2, 1, 2, 0, 1, 0, 0, 0, 0, 0, 0, 0, 0, 1, 0, 0, 0, 0, 0, 0, 0, 2, 0, 0, 0, 0, 0, 0, 0, 2, 0, 0, 0, 1, 0, 0, 0, 0, 0, 0, 0, 
36, 0, 0, 0, 0, 0, 0, 0, 0, 0, 0, 1, 0, 0, 0, 0, 1, 1, 1, 0, 0, 2, 2, 0, 1, 2, 0, 1, 0, 9, 0, 1, 2, 3, 2, 1, 1, 31, 6, 3, 4, 2, 1, 0, 1, 37, 8, 7, 1, 25, 4, 4, 1, 7, 3, 1, 0, 6, 2, 3, 1, 2, 4, 1, 1, 20, 0, 0, 2, 1, 4, 2, 3, 6, 6, 3, 3, 1, 0, 0, 0, 1, 0, 0, 0, 2, 0, 0, 0, 2, 0, 0, 0, 3, 0, 0, 0, 1, 0, 0, 0, 0, 0, 0, 0, 2, 0, 0, 0, 1, 0, 0, 0, 
37, 2, 2, 1, 1, 0, 0, 1, 1, 0, 0, 0, 1, 1, 1, 0, 3, 0, 0, 1, 0, 1, 2, 1, 0, 0, 1, 1, 0, 2, 1, 1, 2, 2, 1, 1, 1, 26, 4, 2, 2, 0, 0, 0, 1, 27, 2, 2, 4, 38, 6, 4, 1, 1, 1, 2, 1, 14, 3, 2, 3, 8, 5, 6, 3, 17, 0, 1, 0, 8, 4, 1, 4, 0, 1, 1, 0, 0, 0, 0, 0, 1, 0, 0, 0, 0, 0, 0, 0, 0, 0, 0, 0, 0, 0, 0, 0, 1, 0, 0, 0, 0, 0, 0, 0, 5, 0, 0, 0, 0, 0, 0, 0, 
38, 1, 3, 1, 1, 3, 4, 1, 0, 0, 1, 0, 0, 0, 0, 0, 3, 0, 0, 0, 0, 2, 0, 0, 0, 2, 4, 1, 3, 2, 1, 3, 5, 11, 2, 3, 1, 27, 4, 3, 1, 2, 1, 1, 0, 16, 5, 4, 3, 47, 6, 2, 2, 2, 6, 3, 3, 10, 1, 0, 1, 17, 3, 6, 5, 1, 0, 2, 0, 7, 7, 8, 3, 0, 3, 3, 0, 2, 0, 0, 0, 1, 0, 0, 0, 2, 0, 0, 0, 1, 0, 0, 0, 1, 0, 0, 0, 0, 0, 0, 0, 0, 0, 0, 0, 1, 0, 0, 0, 1, 0, 0, 0, 
39, 2, 0, 5, 2, 0, 0, 0, 0, 0, 0, 1, 1, 0, 0, 0, 1, 0, 0, 0, 1, 0, 0, 0, 2, 6, 3, 2, 5, 4, 4, 9, 10, 9, 2, 3, 0, 32, 5, 6, 2, 0, 0, 1, 2, 25, 4, 1, 3, 45, 3, 3, 2, 8, 5, 6, 8, 1, 0, 3, 0, 12, 5, 7, 8, 2, 5, 3, 2, 2, 0, 3, 5, 3, 2, 2, 3, 1, 0, 0, 0, 0, 0, 0, 0, 2, 0, 0, 0, 2, 0, 0, 0, 2, 0, 0, 0, 0, 0, 0, 0, 0, 0, 0, 0, 0, 0, 0, 0, 0, 0, 0, 0, 
40, 2, 0, 0, 0, 1, 2, 3, 0, 0, 0, 0, 1, 0, 1, 0, 0, 0, 0, 0, 0, 0, 1, 1, 0, 3, 7, 8, 4, 4, 10, 6, 3, 6, 5, 1, 3, 30, 0, 2, 1, 2, 1, 1, 1, 32, 8, 1, 3, 36, 7, 3, 1, 6, 11, 8, 2, 2, 1, 0, 0, 8, 8, 5, 4, 7, 1, 6, 5, 1, 1, 2, 1, 5, 1, 2, 2, 1, 0, 0, 0, 0, 0, 0, 0, 0, 0, 0, 0, 0, 0, 0, 0, 0, 0, 0, 0, 0, 0, 0, 0, 0, 0, 0, 0, 1, 0, 0, 0, 0, 0, 0, 0, 
41, 0, 1, 2, 1, 1, 0, 0, 1, 1, 0, 0, 0, 1, 1, 0, 1, 0, 0, 0, 0, 2, 1, 0, 0, 3, 3, 5, 6, 5, 2, 5, 4, 0, 0, 0, 0, 31, 6, 1, 2, 0, 1, 4, 0, 27, 9, 7, 3, 31, 5, 6, 2, 6, 7, 7, 2, 2, 6, 2, 3, 15, 11, 8, 10, 6, 4, 2, 5, 0, 0, 5, 4, 7, 1, 3, 0, 2, 0, 0, 0, 1, 0, 0, 0, 2, 0, 0, 0, 0, 0, 0, 0, 0, 0, 0, 0, 1, 0, 0, 0, 0, 0, 0, 0, 0, 0, 0, 0, 0, 0, 0, 0, 
42, 0, 0, 0, 0, 1, 0, 1, 0, 0, 2, 0, 1, 1, 0, 0, 0, 4, 3, 1, 1, 3, 1, 0, 0, 5, 4, 3, 2, 3, 0, 0, 0, 0, 0, 0, 2, 30, 3, 6, 1, 0, 0, 0, 0, 35, 6, 2, 8, 42, 1, 0, 1, 13, 8, 5, 5, 3, 3, 1, 3, 26, 7, 3, 9, 5, 1, 6, 2, 4, 3, 3, 5, 3, 2, 3, 3, 0, 0, 0, 0, 0, 0, 0, 0, 1, 0, 0, 0, 1, 0, 0, 0, 1, 0, 0, 0, 4, 0, 0, 0, 2, 0, 0, 0, 0, 0, 0, 0, 1, 0, 0, 0, 
43, 2, 0, 0, 0, 0, 0, 1, 1, 0, 1, 1, 1, 0, 2, 0, 1, 0, 0, 0, 0, 0, 1, 2, 0, 2, 3, 1, 1, 2, 3, 5, 3, 0, 0, 0, 3, 37, 6, 5, 0, 0, 2, 0, 0, 31, 6, 4, 5, 20, 1, 2, 3, 9, 6, 5, 5, 4, 4, 3, 1, 17, 6, 11, 8, 1, 5, 4, 2, 1, 1, 0, 0, 9, 9, 3, 2, 0, 0, 0, 0, 1, 0, 0, 0, 2, 0, 0, 0, 0, 0, 0, 0, 1, 0, 0, 0, 0, 0, 0, 0, 0, 0, 0, 0, 1, 0, 0, 0, 0, 0, 0, 0, 
44, 3, 4, 1, 0, 1, 0, 0, 2, 1, 0, 0, 1, 1, 2, 0, 0, 0, 0, 0, 0, 2, 0, 2, 0, 0, 0, 0, 1, 4, 2, 1, 1, 0, 1, 0, 2, 21, 2, 5, 3, 0, 1, 1, 0, 39, 2, 3, 3, 19, 8, 1, 2, 3, 6, 5, 4, 0, 0, 1, 0, 29, 8, 7, 6, 5, 8, 5, 3, 9, 2, 1, 1, 9, 2, 3, 6, 1, 0, 0, 0, 1, 0, 0, 0, 3, 0, 0, 0, 0, 0, 0, 0, 0, 0, 0, 0, 1, 0, 0, 0, 1, 0, 0, 0, 1, 0, 0, 0, 0, 0, 0, 0, 
45, 4, 0, 1, 0, 1, 0, 0, 0, 1, 0, 3, 1, 0, 0, 1, 0, 0, 0, 0, 1, 0, 0, 0, 1, 3, 2, 0, 3, 6, 1, 2, 2, 0, 2, 1, 2, 22, 3, 5, 4, 1, 1, 1, 1, 48, 3, 5, 3, 30, 8, 3, 2, 3, 1, 1, 4, 0, 0, 0, 1, 20, 5, 11, 7, 3, 6, 1, 4, 0, 3, 0, 2, 7, 2, 3, 2, 0, 0, 0, 0, 1, 0, 0, 0, 0, 0, 0, 0, 0, 0, 0, 0, 0, 0, 0, 0, 1, 0, 0, 0, 0, 0, 0, 0, 2, 0, 0, 0, 5, 0, 0, 0, 
46, 0, 1, 0, 1, 1, 1, 0, 0, 3, 1, 2, 0, 0, 2, 2, 2, 0, 0, 0, 0, 1, 2, 2, 3, 7, 4, 1, 3, 13, 4, 1, 2, 14, 2, 3, 2, 29, 2, 4, 3, 4, 7, 2, 3, 48, 7, 2, 2, 37, 1, 5, 2, 1, 0, 0, 2, 0, 3, 1, 1, 12, 12, 10, 5, 0, 1, 0, 1, 1, 0, 2, 2, 4, 1, 1, 3, 1, 0, 0, 0, 0, 0, 0, 0, 0, 0, 0, 0, 1, 0, 0, 0, 0, 0, 0, 0, 2, 0, 0, 0, 0, 0, 0, 0, 2, 0, 0, 0, 2, 0, 0, 0, 
47, 0, 1, 1, 2, 1, 0, 1, 1, 0, 2, 1, 0, 2, 2, 1, 1, 0, 1, 1, 0, 1, 0, 0, 1, 8, 5, 3, 5, 29, 1, 3, 3, 6, 2, 3, 1, 24, 4, 5, 3, 1, 7, 3, 2, 43, 5, 5, 5, 32, 3, 5, 1, 3, 2, 4, 1, 1, 4, 4, 9, 9, 4, 8, 5, 3, 3, 5, 0, 4, 0, 0, 2, 3, 1, 2, 4, 1, 0, 0, 0, 0, 0, 0, 0, 0, 0, 0, 0, 0, 0, 0, 0, 0, 0, 0, 0, 1, 0, 0, 0, 1, 0, 0, 0, 0, 0, 0, 0, 0, 0, 0, 0, 
48, 2, 0, 0, 0, 1, 0, 0, 0, 1, 0, 0, 1, 0, 1, 1, 0, 0, 0, 0, 0, 1, 0, 0, 1, 5, 6, 3, 5, 32, 2, 0, 1, 4, 4, 0, 3, 23, 3, 3, 4, 1, 0, 2, 2, 45, 4, 8, 5, 29, 4, 2, 1, 2, 1, 0, 1, 3, 2, 4, 5, 9, 15, 10, 5, 6, 8, 8, 5, 4, 5, 0, 2, 3, 2, 5, 3, 0, 0, 0, 0, 1, 0, 0, 0, 1, 0, 0, 0, 1, 0, 0, 0, 0, 0, 0, 0, 5, 0, 0, 0, 0, 0, 0, 0, 0, 0, 0, 0, 1, 0, 0, 0, 
49, 0, 1, 0, 0, 1, 0, 0, 0, 2, 1, 1, 0, 0, 0, 1, 0, 0, 0, 0, 0, 0, 0, 1, 0, 2, 1, 5, 0, 28, 3, 2, 2, 5, 5, 4, 0, 15, 2, 3, 4, 4, 2, 4, 2, 59, 7, 6, 7, 25, 2, 3, 3, 0, 0, 4, 0, 0, 2, 1, 2, 26, 10, 15, 7, 17, 5, 9, 9, 3, 1, 3, 0, 3, 2, 2, 1, 0, 0, 0, 0, 0, 0, 0, 0, 0, 0, 0, 0, 0, 0, 0, 0, 2, 0, 0, 0, 1, 0, 0, 0, 1, 0, 0, 0, 2, 0, 0, 0, 0, 0, 0, 0, 
50, 0, 2, 0, 0, 0, 1, 0, 1, 1, 2, 1, 0, 0, 0, 1, 2, 2, 1, 0, 0, 0, 1, 0, 0, 7, 2, 3, 1, 19, 2, 2, 1, 9, 4, 2, 2, 1, 2, 3, 2, 2, 0, 1, 0, 62, 4, 3, 4, 29, 5, 2, 3, 5, 6, 2, 2, 3, 1, 0, 1, 23, 9, 9, 15, 21, 8, 5, 6, 0, 2, 3, 5, 3, 1, 1, 2, 0, 0, 0, 0, 1, 0, 0, 0, 2, 0, 0, 0, 0, 0, 0, 0, 1, 0, 0, 0, 0, 0, 0, 0, 1, 0, 0, 0, 0, 0, 0, 0, 1, 0, 0, 0, 
51, 0, 0, 0, 0, 0, 0, 0, 0, 0, 0, 0, 1, 1, 0, 1, 0, 1, 0, 0, 0, 0, 0, 1, 1, 19, 5, 1, 0, 22, 3, 1, 0, 7, 3, 1, 0, 1, 4, 1, 2, 2, 0, 1, 0, 73, 8, 2, 5, 17, 2, 5, 4, 1, 1, 1, 4, 21, 1, 1, 2, 34, 12, 10, 8, 35, 10, 9, 3, 2, 2, 1, 2, 0, 1, 2, 2, 0, 0, 0, 0, 1, 0, 0, 0, 1, 0, 0, 0, 0, 0, 0, 0, 0, 0, 0, 0, 1, 0, 0, 0, 1, 0, 0, 0, 2, 0, 0, 0, 1, 0, 0, 0, 
52, 1, 0, 0, 0, 0, 2, 2, 1, 1, 0, 0, 0, 0, 1, 0, 1, 1, 1, 1, 0, 1, 1, 0, 0, 21, 6, 3, 0, 32, 1, 1, 2, 2, 2, 0, 3, 0, 0, 0, 1, 0, 3, 3, 2, 82, 6, 7, 2, 4, 2, 1, 3, 2, 1, 2, 1, 18, 1, 1, 0, 40, 15, 14, 13, 40, 4, 10, 4, 17, 3, 1, 0, 1, 1, 1, 1, 0, 0, 0, 0, 0, 0, 0, 0, 1, 0, 0, 0, 1, 0, 0, 0, 0, 0, 0, 0, 0, 0, 0, 0, 2, 0, 0, 0, 3, 0, 0, 0, 1, 0, 0, 0, 
53, 1, 0, 1, 2, 1, 0, 1, 1, 0, 1, 0, 0, 0, 0, 1, 0, 0, 2, 1, 3, 0, 2, 1, 0, 13, 3, 8, 3, 29, 2, 1, 0, 14, 1, 2, 1, 4, 3, 0, 0, 4, 2, 2, 5, 82, 3, 6, 5, 0, 0, 1, 0, 0, 1, 1, 0, 1, 1, 1, 2, 55, 4, 12, 8, 35, 1, 5, 5, 0, 3, 1, 2, 1, 0, 0, 1, 1, 0, 0, 0, 0, 0, 0, 0, 0, 0, 0, 0, 0, 0, 0, 0, 0, 0, 0, 0, 1, 0, 0, 0, 0, 0, 0, 0, 0, 0, 0, 0, 0, 0, 0, 0, 
54, 0, 1, 1, 1, 0, 2, 0, 1, 0, 0, 0, 0, 0, 0, 0, 1, 0, 0, 0, 0, 1, 3, 0, 0, 25, 1, 3, 2, 37, 1, 1, 1, 19, 1, 0, 0, 1, 1, 2, 0, 15, 7, 6, 6, 90, 7, 2, 2, 3, 5, 2, 2, 2, 2, 0, 1, 0, 1, 0, 1, 54, 10, 12, 6, 20, 5, 6, 4, 6, 3, 3, 0, 2, 2, 0, 2, 0, 0, 0, 0, 0, 0, 0, 0, 1, 0, 0, 0, 4, 0, 0, 0, 2, 0, 0, 0, 1, 0, 0, 0, 2, 0, 0, 0, 0, 0, 0, 0, 0, 0, 0, 0, 
55, 2, 2, 3, 3, 0, 0, 0, 0, 1, 0, 0, 0, 0, 0, 0, 0, 0, 1, 0, 1, 5, 2, 0, 3, 26, 1, 3, 4, 38, 2, 2, 0, 11, 1, 1, 0, 0, 4, 1, 1, 19, 5, 3, 2, 86, 3, 4, 6, 5, 4, 2, 2, 2, 1, 0, 0, 2, 4, 3, 3, 53, 9, 8, 7, 8, 9, 4, 5, 3, 2, 5, 5, 1, 0, 0, 0, 1, 0, 0, 0, 0, 0, 0, 0, 0, 0, 0, 0, 0, 0, 0, 0, 2, 0, 0, 0, 0, 0, 0, 0, 0, 0, 0, 0, 0, 0, 0, 0, 1, 0, 0, 0, 
56, 0, 0, 0, 3, 0, 1, 0, 0, 0, 0, 1, 1, 1, 0, 1, 2, 1, 0, 1, 0, 1, 1, 0, 1, 23, 4, 2, 2, 41, 2, 1, 2, 6, 2, 2, 2, 5, 0, 0, 2, 19, 5, 3, 3, 88, 2, 5, 2, 4, 7, 7, 5, 1, 2, 1, 1, 1, 3, 1, 0, 51, 3, 12, 9, 6, 7, 9, 7, 13, 7, 2, 3, 2, 0, 1, 0, 0, 0, 0, 0, 0, 0, 0, 0, 0, 0, 0, 0, 1, 0, 0, 0, 0, 0, 0, 0, 1, 0, 0, 0, 0, 0, 0, 0, 1, 0, 0, 0, 0, 0, 0, 0, 
57, 4, 3, 2, 1, 2, 1, 0, 0, 4, 3, 2, 1, 2, 2, 0, 1, 1, 0, 1, 0, 0, 0, 1, 0, 26, 3, 2, 4, 48, 3, 5, 3, 19, 6, 1, 2, 1, 2, 1, 1, 27, 8, 6, 2, 83, 6, 3, 4, 5, 5, 11, 9, 1, 1, 1, 0, 0, 4, 2, 1, 43, 7, 11, 6, 6, 5, 7, 3, 6, 1, 0, 2, 4, 4, 1, 1, 0, 0, 0, 0, 0, 0, 0, 0, 1, 0, 0, 0, 0, 0, 0, 0, 2, 0, 0, 0, 0, 0, 0, 0, 1, 0, 0, 0, 0, 0, 0, 0, 0, 0, 0, 0, 
58, 1, 0, 1, 0, 0, 0, 0, 0, 1, 1, 0, 1, 0, 1, 0, 0, 1, 0, 0, 0, 0, 1, 1, 0, 18, 1, 3, 2, 54, 2, 2, 1, 25, 0, 2, 0, 1, 0, 0, 0, 28, 5, 2, 4, 80, 7, 5, 3, 2, 4, 6, 0, 3, 0, 3, 4, 1, 2, 2, 1, 45, 9, 12, 5, 10, 5, 6, 0, 1, 5, 1, 1, 5, 1, 2, 0, 0, 0, 0, 0, 1, 0, 0, 0, 0, 0, 0, 0, 1, 0, 0, 0, 0, 0, 0, 0, 1, 0, 0, 0, 1, 0, 0, 0, 0, 0, 0, 0, 2, 0, 0, 0, 
59, 0, 0, 2, 0, 0, 1, 1, 1, 0, 0, 0, 0, 0, 1, 0, 0, 0, 0, 0, 0, 5, 0, 0, 0, 7, 2, 2, 3, 36, 5, 2, 0, 23, 1, 1, 0, 11, 5, 5, 3, 36, 5, 8, 7, 100, 3, 1, 6, 3, 3, 1, 0, 3, 1, 2, 1, 1, 3, 0, 5, 43, 9, 4, 10, 3, 3, 2, 4, 1, 4, 2, 0, 3, 6, 2, 2, 0, 0, 0, 0, 3, 0, 0, 0, 0, 0, 0, 0, 2, 0, 0, 0, 1, 0, 0, 0, 1, 0, 0, 0, 0, 0, 0, 0, 2, 0, 0, 0, 1, 0, 0, 0, 
60, 6, 2, 1, 1, 0, 0, 0, 2, 0, 2, 2, 1, 1, 1, 2, 0, 1, 0, 0, 0, 0, 0, 0, 0, 1, 0, 2, 0, 32, 3, 2, 3, 31, 3, 2, 1, 10, 12, 8, 4, 43, 7, 5, 6, 95, 3, 5, 5, 0, 0, 1, 0, 6, 4, 5, 1, 2, 5, 3, 3, 42, 18, 7, 8, 2, 6, 2, 1, 2, 0, 1, 1, 2, 3, 0, 1, 1, 0, 0, 0, 2, 0, 0, 0, 1, 0, 0, 0, 2, 0, 0, 0, 0, 0, 0, 0, 1, 0, 0, 0, 1, 0, 0, 0, 0, 0, 0, 0, 1, 0, 0, 0, 
61, 0, 0, 0, 1, 1, 1, 0, 0, 0, 0, 0, 0, 0, 0, 0, 0, 0, 0, 0, 0, 0, 0, 1, 1, 14, 4, 1, 1, 41, 5, 2, 1, 36, 0, 1, 0, 19, 7, 12, 6, 53, 5, 4, 0, 90, 3, 7, 7, 0, 1, 0, 0, 9, 7, 3, 2, 3, 2, 7, 4, 52, 12, 2, 10, 2, 4, 0, 2, 4, 2, 2, 2, 3, 2, 1, 0, 1, 0, 0, 0, 2, 0, 0, 0, 0, 0, 0, 0, 1, 0, 0, 0, 2, 0, 0, 0, 0, 0, 0, 0, 2, 0, 0, 0, 0, 0, 0, 0, 2, 0, 0, 0, 
62, 0, 1, 1, 0, 0, 0, 0, 1, 1, 1, 4, 0, 0, 2, 0, 1, 3, 0, 2, 1, 0, 0, 1, 1, 24, 1, 2, 1, 27, 2, 0, 1, 45, 3, 2, 0, 26, 6, 13, 4, 48, 9, 1, 3, 96, 4, 3, 4, 5, 1, 0, 1, 10, 7, 3, 3, 1, 2, 2, 4, 53, 19, 10, 10, 1, 0, 0, 1, 3, 3, 6, 4, 2, 1, 0, 0, 2, 0, 0, 0, 0, 0, 0, 0, 0, 0, 0, 0, 0, 0, 0, 0, 2, 0, 0, 0, 0, 0, 0, 0, 2, 0, 0, 0, 0, 0, 0, 0, 0, 0, 0, 0, 
63, 1, 2, 0, 1, 2, 0, 2, 0, 1, 0, 0, 0, 0, 0, 0, 0, 0, 0, 0, 0, 0, 0, 1, 0, 29, 4, 2, 2, 21, 1, 2, 3, 47, 2, 3, 0, 23, 7, 19, 6, 39, 6, 6, 5, 97, 4, 10, 3, 1, 2, 0, 2, 3, 6, 8, 4, 1, 1, 1, 1, 74, 17, 8, 11, 0, 0, 0, 0, 7, 7, 6, 6, 2, 0, 0, 0, 1, 0, 0, 0, 2, 0, 0, 0, 0, 0, 0, 0, 0, 0, 0, 0, 0, 0, 0, 0, 0, 0, 0, 0, 0, 0, 0, 0, 0, 0, 0, 0, 1, 0, 0, 0, 
64, 0, 0, 0, 1, 1, 2, 4, 2, 2, 2, 4, 1, 0, 0, 0, 0, 0, 1, 1, 1, 0, 0, 0, 0, 31, 3, 1, 4, 27, 5, 0, 2, 42, 1, 1, 0, 20, 10, 14, 5, 48, 7, 2, 4, 100, 5, 8, 5, 0, 3, 1, 4, 5, 1, 7, 9, 1, 0, 0, 0, 80, 8, 5, 8, 0, 0, 1, 0, 7, 8, 3, 5, 3, 0, 0, 0, 1, 0, 0, 0, 0, 0, 0, 0, 0, 0, 0, 0, 2, 0, 0, 0, 2, 0, 0, 0, 0, 0, 0, 0, 1, 0, 0, 0, 0, 0, 0, 0, 1, 0, 0, 0, 
65, 0, 0, 1, 0, 1, 3, 2, 1, 0, 0, 0, 0, 0, 1, 0, 0, 0, 0, 0, 0, 1, 0, 0, 1, 33, 1, 3, 1, 34, 0, 0, 4, 37, 1, 0, 0, 23, 8, 9, 5, 60, 6, 4, 9, 100, 6, 2, 3, 6, 1, 2, 1, 3, 3, 7, 5, 5, 2, 4, 1, 79, 7, 13, 4, 0, 0, 0, 0, 4, 3, 4, 3, 7, 3, 0, 1, 0, 0, 0, 0, 0, 0, 0, 0, 2, 0, 0, 0, 3, 0, 0, 0, 1, 0, 0, 0, 0, 0, 0, 0, 0, 0, 0, 0, 1, 0, 0, 0, 0, 0, 0, 0, 
66, 0, 2, 0, 1, 1, 0, 1, 1, 0, 0, 1, 0, 0, 0, 0, 0, 0, 0, 0, 2, 0, 0, 1, 0, 40, 5, 2, 2, 43, 4, 2, 0, 30, 0, 0, 0, 23, 4, 6, 13, 60, 6, 2, 7, 98, 5, 4, 3, 1, 0, 0, 0, 7, 5, 4, 3, 4, 2, 7, 2, 73, 7, 11, 9, 4, 0, 0, 0, 2, 4, 4, 2, 2, 4, 1, 3, 1, 0, 0, 0, 0, 0, 0, 0, 3, 0, 0, 0, 1, 0, 0, 0, 1, 0, 0, 0, 3, 0, 0, 0, 2, 0, 0, 0, 1, 0, 0, 0, 1, 0, 0, 0, 
67, 1, 0, 0, 0, 0, 0, 0, 1, 0, 1, 0, 0, 0, 0, 0, 0, 3, 1, 1, 3, 0, 1, 0, 0, 45, 0, 1, 3, 48, 2, 3, 0, 27, 1, 0, 0, 42, 11, 10, 11, 56, 7, 6, 4, 100, 3, 1, 2, 1, 2, 1, 1, 5, 1, 3, 0, 3, 4, 3, 3, 66, 14, 6, 9, 2, 1, 0, 2, 5, 2, 3, 2, 5, 5, 3, 5, 1, 0, 0, 0, 1, 0, 0, 0, 0, 0, 0, 0, 0, 0, 0, 0, 0, 0, 0, 0, 1, 0, 0, 0, 0, 0, 0, 0, 1, 0, 0, 0, 1, 0, 0, 0, 
68, 2, 1, 0, 1, 0, 0, 0, 1, 0, 1, 0, 1, 1, 0, 0, 0, 1, 2, 2, 3, 0, 0, 0, 0, 49, 1, 3, 0, 56, 2, 3, 2, 44, 1, 0, 0, 54, 11, 6, 5, 57, 3, 5, 4, 99, 7, 7, 0, 3, 0, 0, 0, 1, 3, 2, 1, 3, 5, 7, 6, 64, 7, 8, 15, 0, 1, 1, 0, 0, 0, 0, 0, 5, 2, 1, 1, 0, 0, 0, 0, 0, 0, 0, 0, 0, 0, 0, 0, 1, 0, 0, 0, 1, 0, 0, 0, 3, 0, 0, 0, 0, 0, 0, 0, 1, 0, 0, 0, 6, 0, 0, 0, 
69, 0, 1, 0, 0, 1, 0, 0, 0, 1, 0, 0, 0, 0, 2, 1, 0, 0, 2, 0, 0, 2, 3, 1, 0, 48, 7, 0, 1, 75, 3, 4, 3, 40, 3, 0, 1, 51, 9, 7, 4, 62, 5, 4, 3, 100, 5, 2, 2, 1, 2, 1, 3, 4, 1, 0, 0, 4, 6, 8, 3, 61, 12, 6, 7, 4, 3, 4, 2, 3, 1, 2, 0, 1, 0, 1, 1, 0, 0, 0, 0, 2, 0, 0, 0, 1, 0, 0, 0, 1, 0, 0, 0, 1, 0, 0, 0, 1, 0, 0, 0, 0, 0, 0, 0, 0, 0, 0, 0, 1, 0, 0, 0, 
70, 0, 0, 0, 1, 3, 1, 0, 1, 1, 0, 0, 0, 1, 7, 3, 3, 0, 1, 0, 0, 0, 2, 0, 0, 59, 2, 2, 3, 93, 2, 0, 1, 21, 2, 1, 1, 45, 10, 12, 12, 57, 8, 5, 8, 96, 2, 4, 4, 5, 5, 1, 3, 2, 1, 0, 1, 6, 6, 11, 4, 59, 12, 15, 9, 6, 2, 1, 1, 0, 0, 0, 0, 0, 1, 0, 0, 1, 0, 0, 0, 2, 0, 0, 0, 1, 0, 0, 0, 0, 0, 0, 0, 0, 0, 0, 0, 4, 0, 0, 0, 1, 0, 0, 0, 1, 0, 0, 0, 1, 0, 0, 0, 
71, 1, 0, 0, 0, 0, 0, 0, 1, 1, 0, 1, 1, 1, 0, 0, 0, 0, 0, 0, 0, 0, 2, 1, 0, 63, 5, 1, 3, 72, 0, 0, 3, 9, 0, 1, 0, 53, 10, 3, 5, 66, 3, 4, 8, 96, 12, 11, 6, 1, 0, 0, 1, 1, 1, 3, 2, 12, 11, 13, 7, 75, 14, 9, 8, 12, 1, 1, 2, 5, 6, 3, 5, 3, 3, 1, 1, 0, 0, 0, 0, 0, 0, 0, 0, 0, 0, 0, 0, 0, 0, 0, 0, 1, 0, 0, 0, 1, 0, 0, 0, 1, 0, 0, 0, 1, 0, 0, 0, 2, 0, 0, 0, 
72, 0, 2, 1, 1, 0, 0, 0, 0, 1, 1, 2, 1, 0, 0, 0, 1, 1, 1, 0, 2, 0, 0, 0, 0, 70, 7, 1, 1, 70, 2, 2, 3, 0, 0, 0, 0, 52, 9, 8, 4, 66, 4, 7, 4, 100, 5, 6, 2, 2, 0, 1, 1, 0, 1, 1, 0, 4, 10, 9, 6, 79, 12, 9, 8, 6, 2, 0, 1, 3, 0, 2, 2, 2, 3, 3, 0, 1, 0, 0, 0, 0, 0, 0, 0, 0, 0, 0, 0, 1, 0, 0, 0, 0, 0, 0, 0, 2, 0, 0, 0, 0, 0, 0, 0, 0, 0, 0, 0, 0, 0, 0, 0, 
73, 0, 0, 0, 1, 1, 1, 0, 0, 0, 0, 0, 1, 1, 1, 0, 0, 2, 0, 0, 1, 0, 1, 0, 0, 69, 2, 1, 0, 73, 6, 0, 0, 4, 2, 0, 2, 49, 7, 8, 12, 63, 5, 6, 1, 100, 3, 3, 8, 6, 1, 1, 1, 5, 3, 0, 1, 5, 5, 4, 5, 83, 8, 5, 11, 2, 2, 2, 1, 6, 5, 1, 2, 4, 3, 3, 2, 0, 0, 0, 0, 0, 0, 0, 0, 1, 0, 0, 0, 1, 0, 0, 0, 0, 0, 0, 0, 3, 0, 0, 0, 0, 0, 0, 0, 1, 0, 0, 0, 0, 0, 0, 0, 
74, 1, 0, 0, 0, 0, 0, 0, 0, 1, 0, 0, 0, 1, 0, 0, 0, 0, 0, 0, 1, 0, 0, 1, 0, 61, 5, 1, 2, 91, 1, 2, 4, 4, 3, 1, 4, 49, 12, 12, 7, 59, 8, 3, 3, 100, 3, 4, 4, 1, 1, 0, 0, 5, 3, 4, 2, 4, 3, 2, 4, 67, 10, 12, 12, 8, 1, 1, 0, 3, 2, 2, 1, 3, 2, 0, 1, 1, 0, 0, 0, 0, 0, 0, 0, 4, 0, 0, 0, 0, 0, 0, 0, 0, 0, 0, 0, 2, 0, 0, 0, 2, 0, 0, 0, 0, 0, 0, 0, 2, 0, 0, 0, 
75, 1, 0, 1, 0, 5, 1, 0, 0, 0, 0, 0, 0, 0, 0, 1, 0, 0, 2, 2, 0, 0, 0, 1, 0, 77, 5, 2, 1, 100, 4, 3, 2, 9, 1, 4, 3, 69, 5, 5, 7, 48, 3, 5, 6, 100, 5, 3, 3, 6, 6, 6, 3, 10, 2, 1, 3, 4, 2, 1, 3, 66, 3, 11, 6, 0, 1, 1, 1, 3, 1, 0, 0, 3, 1, 2, 1, 0, 0, 0, 0, 2, 0, 0, 0, 1, 0, 0, 0, 0, 0, 0, 0, 0, 0, 0, 0, 2, 0, 0, 0, 1, 0, 0, 0, 0, 0, 0, 0, 0, 0, 0, 0, 
76, 1, 0, 0, 0, 0, 2, 0, 0, 0, 0, 0, 0, 0, 1, 0, 1, 2, 0, 0, 4, 0, 0, 0, 1, 69, 2, 1, 2, 100, 1, 0, 1, 1, 2, 0, 0, 65, 10, 10, 5, 33, 9, 4, 3, 100, 2, 3, 2, 8, 11, 11, 7, 2, 2, 1, 0, 0, 0, 2, 1, 55, 14, 14, 5, 0, 1, 2, 2, 3, 3, 3, 6, 6, 6, 4, 2, 0, 0, 0, 0, 1, 0, 0, 0, 1, 0, 0, 0, 3, 0, 0, 0, 0, 0, 0, 0, 0, 0, 0, 0, 0, 0, 0, 0, 2, 0, 0, 0, 0, 0, 0, 0, 
77, 1, 0, 0, 0, 3, 3, 1, 4, 0, 0, 0, 1, 0, 0, 0, 0, 0, 0, 0, 1, 0, 2, 1, 1, 77, 6, 2, 1, 89, 7, 1, 4, 2, 2, 5, 0, 69, 6, 4, 4, 23, 9, 8, 5, 100, 8, 2, 1, 23, 10, 8, 4, 2, 3, 5, 3, 1, 1, 0, 0, 64, 12, 10, 9, 1, 1, 4, 1, 3, 6, 7, 5, 15, 6, 1, 3, 2, 0, 0, 0, 1, 0, 0, 0, 0, 0, 0, 0, 1, 0, 0, 0, 0, 0, 0, 0, 0, 0, 0, 0, 2, 0, 0, 0, 0, 0, 0, 0, 5, 0, 0, 0, 
78, 2, 1, 2, 3, 0, 0, 0, 0, 1, 1, 1, 0, 0, 0, 0, 0, 0, 0, 0, 0, 1, 1, 2, 0, 74, 1, 3, 2, 80, 1, 2, 0, 3, 0, 1, 0, 51, 13, 14, 7, 25, 7, 7, 2, 100, 4, 0, 0, 34, 4, 7, 9, 15, 2, 2, 3, 3, 2, 5, 3, 68, 8, 9, 6, 2, 1, 2, 1, 3, 9, 5, 6, 17, 3, 3, 1, 1, 0, 0, 0, 1, 0, 0, 0, 2, 0, 0, 0, 2, 0, 0, 0, 0, 0, 0, 0, 0, 0, 0, 0, 1, 0, 0, 0, 0, 0, 0, 0, 0, 0, 0, 0, 
79, 0, 0, 0, 0, 3, 1, 0, 1, 0, 1, 0, 2, 1, 2, 1, 0, 0, 0, 1, 0, 0, 0, 0, 1, 73, 1, 2, 2, 82, 2, 4, 2, 2, 3, 0, 1, 71, 11, 5, 6, 25, 4, 6, 4, 100, 5, 4, 3, 16, 8, 7, 4, 1, 1, 5, 0, 5, 8, 4, 6, 64, 8, 7, 9, 5, 1, 1, 1, 4, 1, 1, 2, 17, 4, 3, 2, 0, 0, 0, 0, 1, 0, 0, 0, 1, 0, 0, 0, 0, 0, 0, 0, 0, 0, 0, 0, 1, 0, 0, 0, 1, 0, 0, 0, 0, 0, 0, 0, 0, 0, 0, 0, 
80, 0, 0, 0, 0, 2, 1, 0, 0, 0, 0, 1, 1, 0, 0, 0, 0, 0, 0, 0, 0, 1, 3, 0, 0, 70, 0, 0, 0, 83, 2, 3, 2, 2, 1, 2, 1, 77, 15, 6, 9, 18, 2, 3, 5, 100, 7, 7, 4, 12, 7, 4, 7, 2, 0, 0, 0, 5, 2, 5, 2, 55, 8, 9, 7, 0, 2, 0, 1, 1, 0, 0, 0, 10, 5, 2, 3, 0, 0, 0, 0, 0, 0, 0, 0, 1, 0, 0, 0, 2, 0, 0, 0, 3, 0, 0, 0, 1, 0, 0, 0, 1, 0, 0, 0, 0, 0, 0, 0, 0, 0, 0, 0, 
81, 2, 1, 1, 0, 0, 0, 1, 0, 1, 4, 2, 2, 0, 1, 0, 3, 0, 2, 1, 1, 0, 1, 0, 0, 68, 1, 4, 0, 71, 3, 1, 1, 2, 1, 2, 1, 77, 14, 3, 4, 8, 6, 4, 5, 100, 3, 2, 3, 15, 7, 6, 3, 2, 1, 1, 2, 3, 6, 4, 1, 49, 8, 7, 8, 5, 2, 2, 2, 6, 1, 0, 0, 6, 2, 2, 5, 1, 0, 0, 0, 1, 0, 0, 0, 1, 0, 0, 0, 0, 0, 0, 0, 0, 0, 0, 0, 2, 0, 0, 0, 0, 0, 0, 0, 0, 0, 0, 0, 2, 0, 0, 0, 
82, 1, 0, 0, 2, 1, 0, 0, 0, 1, 0, 0, 0, 1, 0, 1, 0, 0, 1, 0, 0, 0, 0, 1, 1, 64, 3, 1, 1, 50, 1, 0, 2, 6, 3, 3, 1, 75, 9, 13, 3, 8, 1, 7, 8, 100, 5, 6, 1, 18, 9, 7, 8, 0, 0, 1, 0, 3, 1, 2, 2, 47, 11, 9, 9, 0, 1, 0, 0, 1, 1, 1, 0, 3, 1, 5, 3, 2, 0, 0, 0, 0, 0, 0, 0, 0, 0, 0, 0, 0, 0, 0, 0, 0, 0, 0, 0, 1, 0, 0, 0, 1, 0, 0, 0, 4, 0, 0, 0, 1, 0, 0, 0, 
83, 1, 2, 0, 0, 1, 4, 1, 2, 0, 1, 0, 0, 0, 1, 1, 0, 0, 0, 1, 0, 0, 0, 1, 0, 58, 0, 1, 2, 41, 1, 2, 2, 1, 1, 0, 0, 76, 6, 6, 7, 19, 5, 1, 2, 100, 3, 4, 4, 35, 7, 7, 6, 0, 1, 1, 0, 3, 3, 1, 2, 47, 12, 9, 8, 3, 1, 2, 0, 0, 0, 1, 1, 5, 4, 3, 4, 0, 0, 0, 0, 0, 0, 0, 0, 0, 0, 0, 0, 3, 0, 0, 0, 1, 0, 0, 0, 1, 0, 0, 0, 1, 0, 0, 0, 1, 0, 0, 0, 3, 0, 0, 0, 
84, 0, 2, 1, 1, 1, 0, 1, 1, 1, 0, 0, 0, 1, 0, 2, 1, 0, 1, 0, 0, 0, 1, 0, 0, 57, 4, 3, 3, 30, 2, 0, 2, 2, 1, 1, 0, 87, 6, 5, 4, 10, 2, 7, 4, 100, 6, 3, 5, 26, 10, 7, 4, 10, 0, 1, 2, 14, 0, 0, 1, 44, 8, 10, 7, 1, 0, 1, 0, 4, 3, 3, 3, 6, 3, 3, 1, 1, 0, 0, 0, 0, 0, 0, 0, 1, 0, 0, 0, 0, 0, 0, 0, 0, 0, 0, 0, 2, 0, 0, 0, 0, 0, 0, 0, 0, 0, 0, 0, 1, 0, 0, 0, 
85, 0, 1, 1, 0, 0, 0, 0, 0, 1, 0, 0, 0, 0, 0, 0, 0, 0, 0, 0, 0, 1, 0, 1, 0, 54, 2, 1, 2, 26, 2, 3, 2, 1, 1, 0, 1, 77, 6, 7, 6, 12, 11, 2, 4, 100, 1, 4, 5, 24, 5, 7, 4, 23, 5, 1, 1, 8, 2, 2, 1, 37, 8, 5, 6, 3, 4, 0, 2, 6, 1, 3, 2, 3, 5, 2, 2, 2, 0, 0, 0, 0, 0, 0, 0, 0, 0, 0, 0, 1, 0, 0, 0, 2, 0, 0, 0, 3, 0, 0, 0, 2, 0, 0, 0, 0, 0, 0, 0, 0, 0, 0, 0, 
86, 4, 0, 4, 3, 0, 0, 1, 0, 0, 0, 1, 1, 1, 0, 1, 0, 0, 4, 0, 0, 0, 1, 0, 0, 59, 0, 2, 1, 35, 2, 3, 2, 1, 4, 2, 2, 81, 4, 13, 4, 7, 3, 5, 8, 100, 4, 3, 2, 17, 10, 5, 9, 36, 0, 0, 0, 7, 4, 2, 2, 22, 6, 15, 8, 2, 1, 2, 1, 4, 7, 5, 3, 2, 1, 1, 2, 0, 0, 0, 0, 0, 0, 0, 0, 0, 0, 0, 0, 3, 0, 0, 0, 0, 0, 0, 0, 0, 0, 0, 0, 0, 0, 0, 0, 0, 0, 0, 0, 2, 0, 0, 0, 
87, 0, 0, 1, 1, 0, 1, 0, 0, 0, 2, 1, 1, 2, 1, 1, 1, 1, 0, 0, 0, 1, 1, 1, 2, 56, 4, 2, 2, 39, 1, 3, 0, 1, 3, 4, 2, 83, 7, 10, 7, 18, 3, 7, 10, 100, 1, 4, 1, 18, 13, 11, 7, 25, 2, 1, 1, 10, 1, 1, 2, 20, 10, 14, 10, 5, 3, 3, 0, 8, 7, 12, 5, 1, 1, 0, 0, 0, 0, 0, 0, 3, 0, 0, 0, 0, 0, 0, 0, 0, 0, 0, 0, 0, 0, 0, 0, 1, 0, 0, 0, 2, 0, 0, 0, 0, 0, 0, 0, 0, 0, 0, 0, 
88, 1, 2, 0, 1, 2, 1, 0, 0, 2, 0, 0, 0, 0, 3, 0, 1, 1, 1, 0, 0, 1, 1, 0, 1, 47, 2, 2, 2, 39, 1, 2, 1, 4, 4, 7, 1, 74, 3, 3, 7, 22, 5, 4, 3, 100, 2, 4, 2, 34, 14, 9, 4, 30, 2, 1, 3, 4, 0, 6, 1, 22, 10, 7, 13, 2, 2, 0, 0, 8, 8, 10, 11, 0, 1, 1, 0, 1, 0, 0, 0, 2, 0, 0, 0, 0, 0, 0, 0, 0, 0, 0, 0, 3, 0, 0, 0, 0, 0, 0, 0, 1, 0, 0, 0, 0, 0, 0, 0, 0, 0, 0, 0, 
89, 3, 3, 2, 0, 0, 1, 1, 0, 0, 2, 1, 0, 1, 1, 1, 2, 0, 0, 0, 0, 0, 1, 0, 0, 47, 2, 2, 2, 32, 3, 2, 0, 24, 5, 5, 3, 50, 12, 7, 8, 9, 5, 2, 2, 95, 3, 3, 1, 43, 6, 5, 7, 27, 0, 0, 0, 9, 6, 5, 7, 19, 10, 9, 7, 3, 5, 2, 1, 7, 8, 8, 8, 3, 3, 3, 4, 0, 0, 0, 0, 1, 0, 0, 0, 0, 0, 0, 0, 0, 0, 0, 0, 1, 0, 0, 0, 0, 0, 0, 0, 0, 0, 0, 0, 2, 0, 0, 0, 0, 0, 0, 0, 
90, 1, 4, 1, 1, 2, 1, 0, 1, 0, 1, 0, 1, 1, 0, 1, 0, 3, 0, 0, 2, 0, 0, 0, 0, 52, 2, 3, 1, 49, 2, 0, 1, 30, 5, 4, 5, 53, 4, 6, 7, 7, 2, 4, 4, 95, 3, 4, 10, 36, 8, 9, 7, 24, 1, 1, 1, 19, 6, 8, 1, 7, 3, 6, 6, 7, 3, 4, 1, 3, 5, 3, 4, 8, 8, 6, 4, 3, 0, 0, 0, 2, 0, 0, 0, 0, 0, 0, 0, 0, 0, 0, 0, 1, 0, 0, 0, 0, 0, 0, 0, 0, 0, 0, 0, 0, 0, 0, 0, 2, 0, 0, 0, 
91, 0, 1, 0, 0, 0, 0, 0, 1, 0, 2, 0, 0, 1, 2, 0, 0, 1, 1, 1, 0, 0, 1, 1, 0, 55, 3, 2, 3, 45, 1, 2, 2, 40, 3, 3, 2, 45, 4, 9, 5, 6, 6, 3, 6, 98, 1, 5, 3, 27, 5, 3, 3, 17, 4, 1, 2, 29, 7, 2, 7, 8, 5, 10, 5, 2, 1, 3, 6, 4, 5, 4, 2, 12, 8, 4, 7, 0, 0, 0, 0, 0, 0, 0, 0, 1, 0, 0, 0, 1, 0, 0, 0, 0, 0, 0, 0, 0, 0, 0, 0, 0, 0, 0, 0, 1, 0, 0, 0, 0, 0, 0, 0, 
92, 1, 0, 0, 1, 1, 0, 0, 0, 0, 0, 1, 0, 2, 1, 0, 1, 0, 2, 0, 1, 0, 0, 0, 0, 53, 3, 1, 2, 56, 0, 2, 1, 22, 7, 4, 1, 34, 7, 8, 5, 6, 3, 2, 2, 87, 3, 7, 3, 30, 10, 8, 1, 26, 2, 2, 1, 34, 10, 4, 8, 6, 6, 11, 7, 2, 7, 5, 8, 8, 3, 4, 8, 25, 7, 6, 2, 4, 0, 0, 0, 2, 0, 0, 0, 1, 0, 0, 0, 2, 0, 0, 0, 1, 0, 0, 0, 0, 0, 0, 0, 0, 0, 0, 0, 0, 0, 0, 0, 0, 0, 0, 0, 
93, 1, 2, 1, 1, 2, 0, 2, 2, 2, 1, 2, 0, 0, 1, 0, 0, 0, 0, 0, 0, 0, 1, 0, 0, 53, 2, 1, 1, 52, 3, 1, 1, 15, 0, 5, 8, 30, 5, 8, 5, 0, 1, 3, 0, 75, 8, 5, 8, 29, 10, 8, 2, 29, 1, 0, 1, 50, 6, 6, 1, 4, 6, 9, 2, 3, 0, 1, 2, 4, 6, 8, 10, 31, 2, 4, 5, 0, 0, 0, 0, 1, 0, 0, 0, 0, 0, 0, 0, 1, 0, 0, 0, 0, 0, 0, 0, 0, 0, 0, 0, 1, 0, 0, 0, 1, 0, 0, 0, 0, 0, 0, 0, 
94, 1, 0, 0, 1, 0, 0, 0, 0, 0, 0, 1, 0, 1, 0, 0, 0, 0, 0, 0, 0, 0, 1, 0, 2, 53, 3, 1, 2, 49, 2, 1, 5, 14, 6, 3, 3, 31, 8, 2, 5, 0, 0, 0, 0, 89, 5, 5, 4, 27, 5, 6, 2, 37, 0, 1, 0, 54, 3, 3, 4, 0, 3, 1, 2, 2, 0, 1, 1, 11, 5, 3, 7, 26, 7, 8, 5, 1, 0, 0, 0, 0, 0, 0, 0, 0, 0, 0, 0, 0, 0, 0, 0, 1, 0, 0, 0, 1, 0, 0, 0, 0, 0, 0, 0, 2, 0, 0, 0, 1, 0, 0, 0, 
95, 0, 1, 0, 0, 0, 0, 0, 0, 1, 0, 0, 0, 1, 1, 0, 1, 1, 0, 0, 0, 0, 0, 1, 0, 48, 2, 0, 1, 53, 1, 2, 0, 6, 4, 2, 2, 32, 4, 2, 4, 8, 0, 1, 1, 95, 12, 5, 3, 24, 5, 7, 7, 25, 6, 0, 0, 58, 10, 6, 4, 1, 1, 0, 0, 16, 2, 2, 0, 7, 10, 12, 9, 24, 5, 4, 3, 0, 0, 0, 0, 3, 0, 0, 0, 0, 0, 0, 0, 0, 0, 0, 0, 1, 0, 0, 0, 0, 0, 0, 0, 3, 0, 0, 0, 2, 0, 0, 0, 4, 0, 0, 0, 
96, 0, 0, 1, 1, 0, 0, 0, 0, 0, 2, 0, 1, 1, 0, 0, 0, 0, 1, 0, 0, 1, 0, 0, 0, 57, 3, 2, 3, 44, 4, 2, 1, 7, 2, 2, 1, 18, 7, 6, 9, 6, 3, 2, 5, 99, 4, 3, 5, 18, 6, 5, 4, 36, 1, 0, 1, 69, 4, 5, 5, 3, 2, 2, 0, 4, 2, 0, 0, 16, 9, 8, 4, 29, 8, 3, 5, 3, 0, 0, 0, 0, 0, 0, 0, 2, 0, 0, 0, 0, 0, 0, 0, 0, 0, 0, 0, 1, 0, 0, 0, 1, 0, 0, 0, 1, 0, 0, 0, 0, 0, 0, 0, 
97, 2, 4, 2, 0, 1, 0, 0, 0, 0, 3, 2, 1, 0, 0, 0, 0, 0, 0, 1, 0, 0, 1, 0, 2, 59, 3, 1, 0, 69, 3, 6, 1, 4, 5, 3, 4, 13, 10, 5, 6, 17, 2, 2, 3, 94, 2, 4, 4, 15, 3, 8, 3, 39, 0, 0, 0, 56, 6, 10, 5, 2, 0, 2, 0, 2, 1, 0, 1, 13, 5, 3, 8, 14, 8, 2, 6, 0, 0, 0, 0, 3, 0, 0, 0, 0, 0, 0, 0, 3, 0, 0, 0, 0, 0, 0, 0, 0, 0, 0, 0, 0, 0, 0, 0, 2, 0, 0, 0, 1, 0, 0, 0, 
98, 0, 0, 0, 0, 1, 1, 0, 0, 0, 0, 0, 0, 1, 0, 0, 1, 1, 0, 2, 2, 2, 0, 1, 0, 72, 2, 2, 1, 69, 2, 2, 1, 6, 6, 8, 7, 6, 3, 9, 5, 4, 4, 2, 3, 93, 6, 3, 3, 1, 1, 4, 1, 34, 0, 0, 1, 61, 4, 3, 7, 1, 4, 3, 5, 4, 4, 4, 4, 3, 8, 6, 7, 27, 7, 2, 5, 0, 0, 0, 0, 2, 0, 0, 0, 1, 0, 0, 0, 1, 0, 0, 0, 1, 0, 0, 0, 1, 0, 0, 0, 1, 0, 0, 0, 6, 0, 0, 0, 0, 0, 0, 0, 
99, 0, 2, 0, 0, 0, 0, 0, 0, 1, 0, 1, 0, 0, 0, 0, 2, 0, 1, 0, 0, 0, 0, 0, 3, 63, 5, 1, 5, 73, 1, 3, 0, 9, 6, 10, 9, 3, 8, 2, 10, 7, 1, 2, 5, 91, 7, 5, 5, 0, 0, 1, 1, 44, 5, 2, 2, 62, 5, 3, 7, 1, 2, 0, 1, 5, 7, 3, 6, 9, 7, 2, 7, 35, 3, 3, 4, 0, 0, 0, 0, 0, 0, 0, 0, 0, 0, 0, 0, 1, 0, 0, 0, 0, 0, 0, 0, 0, 0, 0, 0, 1, 0, 0, 0, 1, 0, 0, 0, 1, 0, 0, 0, 