0, 0, 0, 4, 0, 1, 0, 0, 0, 0, 1, 0, 0, 1, 1, 0, 0, 0, 0, 0, 0, 1, 0, 0, 0, 4, 4, 3, 1, 7, 3, 0, 1, 6, 7, 3, 3, 0, 1, 1, 2, 5, 0, 0, 1, 1, 2, 1, 1, 1, 1, 0, 0, 1, 2, 0, 1, 4, 1, 1, 1, 0, 0, 2, 0, 1, 4, 4, 0, 0, 0, 1, 0, 2, 0, 1, 1, 1, 0, 0, 0, 1, 0, 0, 0, 0, 0, 0, 0, 1, 0, 0, 0, 0, 0, 0, 0, 0, 0, 0, 0, 0, 0, 0, 0, 0, 0, 0, 0, 3, 0, 0, 0, 
1, 0, 1, 0, 1, 0, 0, 0, 2, 1, 0, 0, 0, 0, 0, 0, 0, 1, 0, 1, 0, 0, 0, 0, 0, 6, 2, 1, 3, 11, 3, 0, 1, 7, 0, 3, 0, 1, 0, 0, 1, 0, 0, 0, 0, 1, 2, 1, 0, 4, 3, 2, 5, 10, 2, 1, 1, 0, 3, 5, 2, 0, 0, 0, 2, 2, 2, 0, 0, 2, 0, 1, 0, 0, 2, 0, 3, 0, 0, 0, 0, 2, 0, 0, 0, 0, 0, 0, 0, 1, 0, 0, 0, 0, 0, 0, 0, 0, 0, 0, 0, 0, 0, 0, 0, 1, 0, 0, 0, 0, 0, 0, 0, 
2, 1, 1, 1, 0, 0, 0, 1, 0, 0, 0, 0, 1, 0, 0, 0, 1, 1, 3, 0, 2, 3, 3, 2, 0, 0, 0, 0, 0, 0, 0, 1, 0, 10, 0, 2, 2, 3, 1, 1, 2, 2, 0, 1, 0, 2, 1, 2, 1, 2, 3, 1, 3, 0, 0, 1, 0, 1, 2, 2, 1, 0, 1, 0, 1, 5, 1, 2, 1, 1, 4, 5, 7, 0, 1, 0, 2, 0, 0, 0, 0, 2, 0, 0, 0, 0, 0, 0, 0, 1, 0, 0, 0, 1, 0, 0, 0, 3, 0, 0, 0, 0, 0, 0, 0, 0, 0, 0, 0, 2, 0, 0, 0, 
3, 1, 1, 2, 1, 0, 1, 0, 1, 0, 0, 0, 1, 0, 0, 0, 0, 0, 0, 0, 1, 0, 0, 0, 0, 2, 1, 1, 3, 2, 2, 0, 3, 1, 4, 5, 1, 5, 2, 4, 3, 4, 3, 4, 2, 4, 3, 2, 1, 8, 4, 1, 7, 1, 1, 1, 0, 12, 0, 0, 2, 4, 1, 2, 2, 8, 3, 7, 0, 3, 0, 2, 1, 2, 0, 1, 0, 1, 0, 0, 0, 0, 0, 0, 0, 0, 0, 0, 0, 2, 0, 0, 0, 0, 0, 0, 0, 1, 0, 0, 0, 0, 0, 0, 0, 1, 0, 0, 0, 0, 0, 0, 0, 
4, 0, 1, 0, 0, 3, 0, 1, 0, 0, 1, 0, 1, 1, 0, 1, 0, 0, 0, 0, 0, 2, 1, 0, 1, 5, 0, 0, 0, 4, 8, 2, 4, 1, 2, 2, 1, 1, 1, 1, 4, 3, 6, 1, 0, 1, 2, 2, 2, 1, 6, 4, 6, 8, 0, 1, 1, 14, 7, 3, 1, 13, 0, 1, 0, 0, 1, 1, 0, 2, 4, 3, 1, 4, 3, 0, 1, 2, 0, 0, 0, 2, 0, 0, 0, 1, 0, 0, 0, 0, 0, 0, 0, 0, 0, 0, 0, 1, 0, 0, 0, 0, 0, 0, 0, 1, 0, 0, 0, 1, 0, 0, 0, 
5, 1, 1, 0, 0, 1, 1, 1, 1, 1, 3, 5, 1, 0, 2, 0, 0, 1, 1, 0, 0, 1, 0, 0, 0, 3, 2, 2, 2, 3, 1, 3, 4, 1, 0, 1, 0, 0, 2, 1, 2, 2, 2, 2, 0, 1, 2, 0, 2, 6, 4, 5, 3, 12, 0, 0, 4, 12, 0, 2, 3, 0, 0, 0, 0, 4, 3, 1, 0, 4, 2, 2, 2, 1, 0, 2, 1, 0, 0, 0, 0, 2, 0, 0, 0, 1, 0, 0, 0, 0, 0, 0, 0, 0, 0, 0, 0, 1, 0, 0, 0, 1, 0, 0, 0, 0, 0, 0, 0, 1, 0, 0, 0, 
6, 2, 0, 1, 0, 1, 0, 0, 1, 0, 0, 0, 0, 0, 0, 0, 0, 0, 0, 0, 0, 0, 0, 0, 0, 0, 1, 1, 6, 4, 2, 3, 2, 10, 4, 4, 5, 6, 4, 2, 3, 0, 1, 5, 2, 7, 1, 2, 3, 1, 6, 1, 3, 17, 2, 2, 2, 24, 1, 2, 3, 0, 1, 1, 0, 3, 3, 3, 0, 0, 2, 2, 3, 1, 0, 0, 2, 1, 0, 0, 0, 1, 0, 0, 0, 1, 0, 0, 0, 0, 0, 0, 0, 2, 0, 0, 0, 1, 0, 0, 0, 0, 0, 0, 0, 1, 0, 0, 0, 0, 0, 0, 0, 
7, 0, 0, 0, 0, 2, 0, 2, 1, 2, 2, 0, 1, 0, 1, 2, 0, 0, 0, 0, 2, 0, 1, 0, 0, 2, 5, 1, 0, 1, 2, 1, 4, 7, 4, 1, 3, 8, 11, 7, 8, 6, 3, 3, 3, 2, 3, 4, 4, 3, 1, 1, 3, 26, 2, 0, 1, 10, 4, 2, 3, 0, 0, 1, 3, 2, 2, 1, 3, 0, 1, 1, 0, 0, 0, 2, 0, 0, 0, 0, 0, 0, 0, 0, 0, 3, 0, 0, 0, 3, 0, 0, 0, 0, 0, 0, 0, 1, 0, 0, 0, 1, 0, 0, 0, 1, 0, 0, 0, 1, 0, 0, 0, 
8, 1, 1, 0, 1, 0, 0, 0, 1, 0, 1, 0, 0, 0, 1, 0, 1, 0, 1, 0, 2, 0, 0, 1, 0, 1, 0, 1, 0, 5, 3, 3, 2, 5, 4, 7, 9, 28, 4, 5, 4, 6, 3, 5, 6, 5, 6, 4, 4, 0, 0, 3, 3, 23, 2, 2, 1, 13, 0, 2, 2, 1, 2, 0, 0, 2, 1, 0, 0, 1, 1, 1, 3, 2, 4, 4, 7, 1, 0, 0, 0, 2, 0, 0, 0, 0, 0, 0, 0, 0, 0, 0, 0, 1, 0, 0, 0, 0, 0, 0, 0, 1, 0, 0, 0, 1, 0, 0, 0, 0, 0, 0, 0, 
9, 2, 2, 2, 1, 0, 0, 2, 1, 1, 0, 0, 0, 0, 0, 0, 0, 2, 1, 0, 1, 0, 0, 0, 2, 4, 0, 0, 1, 4, 2, 4, 5, 9, 12, 9, 4, 17, 6, 5, 2, 5, 4, 7, 5, 9, 9, 6, 2, 0, 4, 3, 2, 12, 2, 2, 1, 3, 0, 2, 3, 4, 0, 1, 0, 5, 1, 1, 1, 2, 2, 5, 2, 5, 4, 3, 4, 1, 0, 0, 0, 0, 0, 0, 0, 1, 0, 0, 0, 1, 0, 0, 0, 1, 0, 0, 0, 0, 0, 0, 0, 0, 0, 0, 0, 2, 0, 0, 0, 1, 0, 0, 0, 
10, 3, 1, 1, 1, 0, 1, 0, 0, 1, 0, 2, 3, 0, 1, 0, 2, 0, 0, 0, 0, 2, 1, 0, 1, 5, 5, 2, 3, 2, 7, 5, 1, 3, 4, 0, 5, 14, 3, 3, 5, 4, 5, 5, 2, 8, 7, 11, 6, 13, 3, 3, 4, 8, 1, 1, 0, 5, 2, 2, 4, 1, 1, 1, 0, 19, 0, 2, 0, 8, 6, 0, 4, 4, 5, 1, 1, 1, 0, 0, 0, 0, 0, 0, 0, 0, 0, 0, 0, 0, 0, 0, 0, 1, 0, 0, 0, 2, 0, 0, 0, 1, 0, 0, 0, 1, 0, 0, 0, 0, 0, 0, 0, 
11, 0, 2, 2, 1, 1, 1, 0, 1, 0, 0, 0, 1, 1, 0, 0, 0, 0, 0, 0, 0, 0, 0, 2, 0, 15, 1, 2, 2, 1, 1, 0, 1, 1, 1, 2, 1, 13, 6, 2, 2, 8, 5, 2, 3, 11, 5, 8, 8, 10, 1, 1, 0, 4, 4, 1, 2, 3, 3, 4, 0, 1, 2, 1, 2, 19, 1, 4, 0, 15, 5, 1, 3, 1, 9, 1, 2, 1, 0, 0, 0, 1, 0, 0, 0, 1, 0, 0, 0, 1, 0, 0, 0, 0, 0, 0, 0, 1, 0, 0, 0, 2, 0, 0, 0, 1, 0, 0, 0, 0, 0, 0, 0, 
12, 3, 3, 0, 0, 0, 0, 0, 0, 4, 1, 1, 1, 0, 0, 0, 0, 5, 3, 3, 3, 1, 2, 1, 0, 16, 6, 2, 4, 1, 1, 0, 0, 0, 1, 0, 1, 1, 3, 5, 2, 7, 0, 6, 3, 20, 17, 12, 10, 0, 0, 3, 0, 0, 1, 0, 1, 3, 2, 3, 3, 2, 1, 1, 1, 31, 0, 2, 1, 1, 1, 5, 2, 0, 0, 0, 0, 2, 0, 0, 0, 0, 0, 0, 0, 2, 0, 0, 0, 3, 0, 0, 0, 2, 0, 0, 0, 0, 0, 0, 0, 1, 0, 0, 0, 0, 0, 0, 0, 0, 0, 0, 0, 
13, 1, 3, 0, 0, 0, 0, 0, 0, 1, 2, 4, 2, 0, 1, 0, 0, 7, 3, 2, 0, 0, 0, 1, 3, 24, 2, 1, 2, 1, 0, 1, 0, 0, 0, 0, 1, 1, 5, 11, 6, 2, 3, 3, 1, 35, 14, 9, 6, 6, 1, 1, 1, 0, 1, 0, 1, 0, 0, 0, 1, 3, 0, 2, 2, 35, 2, 2, 2, 3, 2, 1, 1, 0, 0, 0, 0, 1, 0, 0, 0, 0, 0, 0, 0, 1, 0, 0, 0, 1, 0, 0, 0, 0, 0, 0, 0, 0, 0, 0, 0, 3, 0, 0, 0, 0, 0, 0, 0, 0, 0, 0, 0, 
14, 3, 1, 4, 1, 0, 0, 0, 0, 1, 2, 0, 0, 0, 0, 0, 0, 0, 1, 1, 0, 1, 1, 0, 0, 24, 3, 5, 3, 3, 0, 1, 0, 4, 4, 3, 6, 24, 2, 11, 4, 2, 0, 1, 0, 32, 9, 12, 8, 14, 3, 1, 0, 1, 1, 1, 3, 3, 4, 1, 3, 2, 0, 2, 1, 36, 1, 0, 0, 1, 2, 1, 1, 2, 1, 2, 0, 1, 0, 0, 0, 0, 0, 0, 0, 0, 0, 0, 0, 1, 0, 0, 0, 2, 0, 0, 0, 1, 0, 0, 0, 0, 0, 0, 0, 2, 0, 0, 0, 1, 0, 0, 0, 
15, 4, 4, 1, 1, 1, 0, 0, 0, 0, 1, 1, 2, 0, 0, 0, 0, 0, 1, 0, 0, 0, 0, 1, 1, 27, 5, 4, 4, 2, 2, 1, 0, 6, 4, 2, 1, 3, 12, 8, 3, 0, 5, 0, 0, 32, 13, 8, 6, 34, 6, 2, 0, 0, 0, 1, 0, 5, 5, 5, 3, 0, 2, 2, 0, 35, 1, 0, 0, 0, 4, 0, 0, 4, 4, 4, 11, 0, 0, 0, 0, 0, 0, 0, 0, 0, 0, 0, 0, 1, 0, 0, 0, 0, 0, 0, 0, 1, 0, 0, 0, 0, 0, 0, 0, 0, 0, 0, 0, 1, 0, 0, 0, 
16, 1, 0, 0, 0, 0, 0, 3, 0, 2, 1, 4, 1, 1, 0, 0, 0, 1, 0, 0, 2, 0, 1, 0, 0, 40, 2, 5, 1, 3, 1, 1, 0, 1, 0, 0, 2, 5, 6, 6, 9, 1, 5, 1, 0, 23, 12, 12, 14, 34, 1, 3, 0, 1, 3, 0, 1, 7, 4, 2, 5, 1, 0, 0, 1, 38, 1, 0, 0, 1, 4, 1, 2, 7, 6, 9, 6, 3, 0, 0, 0, 2, 0, 0, 0, 0, 0, 0, 0, 1, 0, 0, 0, 0, 0, 0, 0, 2, 0, 0, 0, 1, 0, 0, 0, 1, 0, 0, 0, 1, 0, 0, 0, 
17, 1, 1, 2, 1, 2, 1, 1, 3, 1, 0, 1, 0, 1, 1, 0, 0, 1, 2, 0, 1, 0, 0, 0, 1, 34, 4, 6, 0, 5, 2, 5, 0, 1, 0, 0, 0, 8, 5, 6, 4, 0, 1, 0, 2, 26, 10, 12, 4, 26, 2, 2, 1, 4, 2, 4, 2, 3, 3, 4, 5, 2, 2, 2, 2, 40, 0, 1, 0, 6, 5, 2, 4, 11, 10, 9, 12, 1, 0, 0, 0, 1, 0, 0, 0, 0, 0, 0, 0, 2, 0, 0, 0, 1, 0, 0, 0, 0, 0, 0, 0, 2, 0, 0, 0, 1, 0, 0, 0, 0, 0, 0, 0, 
18, 2, 1, 5, 2, 0, 2, 2, 1, 0, 2, 2, 2, 0, 1, 0, 0, 1, 1, 0, 2, 0, 1, 0, 0, 27, 0, 3, 2, 2, 1, 2, 2, 1, 0, 2, 1, 5, 10, 8, 5, 7, 1, 3, 3, 26, 2, 5, 10, 29, 3, 1, 4, 2, 1, 0, 0, 3, 5, 3, 5, 0, 1, 1, 0, 50, 1, 0, 0, 3, 6, 3, 6, 12, 7, 13, 5, 0, 0, 0, 0, 1, 0, 0, 0, 0, 0, 0, 0, 1, 0, 0, 0, 0, 0, 0, 0, 1, 0, 0, 0, 0, 0, 0, 0, 0, 0, 0, 0, 1, 0, 0, 0, 
19, 0, 1, 0, 1, 2, 3, 0, 0, 0, 1, 0, 0, 0, 0, 1, 0, 1, 0, 0, 0, 0, 3, 1, 0, 27, 3, 2, 2, 1, 7, 2, 1, 1, 1, 2, 2, 6, 4, 5, 2, 3, 2, 5, 2, 15, 8, 10, 10, 38, 4, 0, 0, 3, 3, 2, 1, 2, 9, 6, 2, 0, 1, 0, 1, 45, 0, 1, 0, 8, 8, 1, 5, 11, 14, 13, 8, 0, 0, 0, 0, 2, 0, 0, 0, 0, 0, 0, 0, 2, 0, 0, 0, 0, 0, 0, 0, 1, 0, 0, 0, 0, 0, 0, 0, 1, 0, 0, 0, 0, 0, 0, 0, 
20, 1, 2, 3, 0, 0, 0, 1, 1, 0, 0, 1, 0, 0, 0, 0, 0, 0, 1, 0, 0, 0, 1, 0, 1, 30, 2, 2, 1, 11, 5, 5, 1, 3, 3, 2, 3, 4, 0, 6, 0, 0, 0, 0, 0, 22, 8, 13, 13, 33, 1, 2, 3, 0, 1, 0, 0, 13, 8, 11, 3, 1, 3, 1, 0, 37, 0, 0, 1, 6, 6, 8, 3, 18, 15, 13, 9, 1, 0, 0, 0, 1, 0, 0, 0, 2, 0, 0, 0, 1, 0, 0, 0, 2, 0, 0, 0, 0, 0, 0, 0, 1, 0, 0, 0, 0, 0, 0, 0, 1, 0, 0, 0, 
21, 0, 1, 0, 1, 0, 3, 1, 1, 0, 0, 1, 0, 0, 0, 2, 0, 1, 0, 1, 0, 0, 1, 1, 1, 28, 8, 6, 8, 8, 4, 3, 2, 1, 2, 1, 0, 20, 0, 2, 4, 4, 4, 0, 0, 26, 16, 13, 9, 19, 0, 1, 2, 0, 1, 2, 1, 17, 8, 6, 7, 0, 2, 1, 0, 38, 0, 1, 1, 4, 9, 3, 3, 25, 13, 9, 7, 0, 0, 0, 0, 1, 0, 0, 0, 0, 0, 0, 0, 0, 0, 0, 0, 1, 0, 0, 0, 1, 0, 0, 0, 1, 0, 0, 0, 0, 0, 0, 0, 1, 0, 0, 0, 
22, 3, 1, 1, 0, 0, 1, 1, 0, 0, 0, 0, 0, 1, 2, 1, 0, 0, 0, 0, 0, 0, 0, 0, 0, 44, 4, 3, 3, 4, 7, 2, 2, 1, 0, 2, 1, 27, 2, 1, 2, 0, 0, 2, 0, 29, 7, 13, 13, 18, 0, 1, 0, 0, 0, 0, 2, 18, 7, 2, 4, 4, 0, 2, 2, 19, 0, 0, 0, 7, 10, 7, 7, 11, 12, 7, 9, 2, 0, 0, 0, 2, 0, 0, 0, 1, 0, 0, 0, 2, 0, 0, 0, 1, 0, 0, 0, 2, 0, 0, 0, 1, 0, 0, 0, 1, 0, 0, 0, 1, 0, 0, 0, 
23, 0, 1, 0, 0, 0, 1, 0, 0, 1, 2, 0, 1, 0, 0, 0, 0, 0, 0, 0, 0, 0, 0, 0, 0, 52, 3, 3, 1, 8, 2, 4, 5, 3, 1, 2, 3, 11, 0, 6, 1, 1, 0, 0, 0, 28, 12, 10, 12, 23, 2, 3, 0, 2, 3, 2, 0, 14, 8, 3, 3, 3, 0, 1, 0, 0, 1, 0, 1, 15, 6, 10, 3, 7, 6, 14, 7, 1, 0, 0, 0, 0, 0, 0, 0, 2, 0, 0, 0, 0, 0, 0, 0, 1, 0, 0, 0, 1, 0, 0, 0, 2, 0, 0, 0, 2, 0, 0, 0, 2, 0, 0, 0, 
24, 2, 1, 1, 2, 0, 0, 2, 2, 1, 0, 0, 2, 0, 0, 0, 0, 2, 5, 1, 0, 0, 1, 0, 0, 41, 1, 4, 5, 4, 0, 3, 1, 0, 2, 2, 1, 15, 4, 3, 0, 0, 2, 1, 0, 20, 9, 15, 11, 23, 2, 1, 0, 14, 3, 0, 4, 9, 5, 8, 10, 13, 3, 3, 1, 0, 2, 0, 1, 5, 11, 6, 4, 4, 9, 9, 1, 0, 0, 0, 0, 0, 0, 0, 0, 0, 0, 0, 0, 1, 0, 0, 0, 1, 0, 0, 0, 2, 0, 0, 0, 0, 0, 0, 0, 2, 0, 0, 0, 1, 0, 0, 0, 
25, 1, 0, 0, 1, 1, 0, 0, 0, 0, 2, 0, 1, 0, 2, 0, 1, 0, 0, 0, 0, 0, 0, 0, 0, 43, 1, 2, 4, 2, 2, 2, 1, 1, 1, 1, 0, 15, 3, 0, 4, 2, 1, 3, 2, 22, 4, 8, 8, 16, 2, 1, 2, 16, 8, 5, 4, 12, 10, 9, 6, 12, 0, 0, 0, 0, 2, 2, 1, 4, 10, 6, 5, 8, 4, 4, 3, 0, 0, 0, 0, 0, 0, 0, 0, 2, 0, 0, 0, 1, 0, 0, 0, 1, 0, 0, 0, 1, 0, 0, 0, 1, 0, 0, 0, 0, 0, 0, 0, 0, 0, 0, 0, 
26, 3, 0, 1, 1, 0, 1, 0, 0, 1, 0, 0, 0, 0, 1, 0, 3, 0, 1, 1, 1, 0, 1, 0, 0, 47, 3, 3, 4, 0, 2, 0, 0, 3, 2, 5, 1, 0, 2, 1, 2, 0, 0, 1, 2, 11, 10, 19, 11, 24, 3, 1, 1, 20, 5, 4, 3, 7, 9, 11, 4, 0, 0, 1, 0, 2, 0, 1, 1, 4, 4, 7, 6, 9, 4, 3, 6, 1, 0, 0, 0, 1, 0, 0, 0, 0, 0, 0, 0, 1, 0, 0, 0, 1, 0, 0, 0, 1, 0, 0, 0, 0, 0, 0, 0, 1, 0, 0, 0, 1, 0, 0, 0, 
27, 0, 1, 1, 0, 0, 0, 0, 0, 1, 1, 0, 0, 1, 1, 3, 1, 0, 0, 0, 0, 0, 1, 0, 2, 53, 4, 1, 4, 4, 3, 0, 0, 7, 0, 0, 1, 4, 0, 1, 1, 2, 4, 4, 4, 16, 7, 16, 12, 19, 0, 1, 0, 22, 6, 6, 5, 8, 7, 9, 6, 4, 3, 0, 0, 3, 4, 2, 0, 4, 7, 4, 6, 3, 1, 3, 2, 1, 0, 0, 0, 0, 0, 0, 0, 1, 0, 0, 0, 1, 0, 0, 0, 0, 0, 0, 0, 1, 0, 0, 0, 0, 0, 0, 0, 0, 0, 0, 0, 1, 0, 0, 0, 
28, 1, 0, 0, 0, 2, 2, 4, 1, 1, 0, 1, 0, 0, 0, 0, 1, 0, 0, 0, 0, 0, 0, 0, 0, 63, 1, 3, 5, 2, 0, 4, 1, 3, 1, 1, 8, 5, 4, 0, 3, 4, 1, 6, 3, 10, 12, 9, 8, 1, 5, 3, 1, 19, 2, 3, 2, 11, 9, 6, 7, 4, 3, 4, 9, 0, 1, 0, 1, 4, 2, 3, 6, 0, 2, 0, 2, 0, 0, 0, 0, 1, 0, 0, 0, 1, 0, 0, 0, 2, 0, 0, 0, 0, 0, 0, 0, 2, 0, 0, 0, 0, 0, 0, 0, 2, 0, 0, 0, 3, 0, 0, 0, 
29, 0, 0, 1, 1, 0, 0, 1, 0, 1, 3, 2, 1, 0, 1, 0, 0, 2, 1, 1, 0, 1, 0, 1, 1, 84, 1, 6, 3, 9, 10, 5, 2, 1, 1, 2, 1, 0, 0, 1, 1, 2, 2, 2, 3, 14, 7, 17, 9, 6, 2, 4, 1, 15, 2, 5, 0, 15, 8, 13, 8, 1, 7, 6, 1, 0, 1, 1, 0, 5, 3, 2, 2, 2, 1, 2, 1, 0, 0, 0, 0, 0, 0, 0, 0, 1, 0, 0, 0, 1, 0, 0, 0, 0, 0, 0, 0, 0, 0, 0, 0, 0, 0, 0, 0, 0, 0, 0, 0, 0, 0, 0, 0, 
30, 1, 2, 1, 1, 1, 1, 2, 1, 0, 1, 0, 0, 0, 1, 0, 0, 0, 0, 1, 0, 0, 3, 2, 0, 79, 4, 3, 5, 15, 5, 4, 9, 8, 3, 1, 2, 3, 4, 2, 1, 7, 1, 2, 0, 15, 11, 11, 11, 0, 0, 3, 1, 20, 6, 5, 0, 25, 2, 7, 6, 4, 0, 3, 3, 2, 2, 1, 1, 8, 9, 3, 1, 7, 5, 3, 1, 0, 0, 0, 0, 1, 0, 0, 0, 0, 0, 0, 0, 1, 0, 0, 0, 3, 0, 0, 0, 3, 0, 0, 0, 0, 0, 0, 0, 0, 0, 0, 0, 1, 0, 0, 0, 
31, 0, 0, 1, 1, 1, 0, 0, 1, 0, 1, 0, 0, 1, 1, 1, 1, 3, 2, 1, 3, 3, 4, 2, 0, 81, 4, 3, 4, 13, 8, 3, 6, 13, 0, 2, 0, 1, 1, 1, 0, 7, 1, 1, 0, 9, 12, 13, 10, 10, 1, 2, 1, 28, 10, 3, 2, 15, 10, 7, 6, 3, 2, 3, 2, 1, 0, 0, 1, 14, 1, 2, 2, 3, 2, 2, 2, 3, 0, 0, 0, 0, 0, 0, 0, 0, 0, 0, 0, 1, 0, 0, 0, 1, 0, 0, 0, 0, 0, 0, 0, 3, 0, 0, 0, 1, 0, 0, 0, 1, 0, 0, 0, 
32, 0, 0, 0, 1, 1, 1, 0, 5, 3, 2, 5, 0, 1, 1, 1, 0, 0, 0, 0, 0, 0, 0, 0, 0, 88, 4, 0, 0, 19, 3, 6, 9, 8, 6, 1, 2, 3, 0, 3, 0, 0, 2, 1, 5, 16, 11, 15, 10, 4, 2, 0, 1, 23, 3, 0, 3, 10, 8, 7, 11, 3, 12, 0, 2, 1, 0, 1, 0, 3, 2, 3, 2, 6, 9, 7, 1, 0, 0, 0, 0, 2, 0, 0, 0, 1, 0, 0, 0, 1, 0, 0, 0, 0, 0, 0, 0, 0, 0, 0, 0, 1, 0, 0, 0, 0, 0, 0, 0, 0, 0, 0, 0, 
33, 0, 2, 2, 1, 1, 1, 2, 0, 1, 1, 0, 1, 0, 0, 0, 0, 0, 0, 0, 1, 0, 0, 0, 1, 96, 3, 2, 1, 29, 7, 5, 3, 1, 1, 2, 0, 0, 1, 0, 0, 0, 0, 0, 0, 14, 20, 9, 17, 5, 0, 3, 4, 28, 5, 4, 1, 11, 7, 7, 11, 10, 3, 5, 3, 1, 3, 3, 2, 0, 1, 1, 6, 7, 6, 6, 6, 1, 0, 0, 0, 0, 0, 0, 0, 0, 0, 0, 0, 1, 0, 0, 0, 0, 0, 0, 0, 2, 0, 0, 0, 0, 0, 0, 0, 1, 0, 0, 0, 1, 0, 0, 0, 
34, 1, 3, 0, 1, 2, 0, 0, 0, 0, 1, 2, 2, 0, 0, 0, 0, 0, 0, 0, 0, 0, 1, 0, 1, 86, 3, 3, 0, 34, 6, 4, 6, 2, 0, 2, 0, 1, 0, 0, 1, 1, 0, 2, 0, 15, 25, 25, 16, 0, 0, 2, 0, 23, 2, 1, 4, 13, 12, 9, 8, 2, 6, 5, 8, 3, 0, 0, 3, 1, 1, 2, 2, 8, 12, 5, 5, 2, 0, 0, 0, 1, 0, 0, 0, 0, 0, 0, 0, 1, 0, 0, 0, 1, 0, 0, 0, 0, 0, 0, 0, 2, 0, 0, 0, 0, 0, 0, 0, 0, 0, 0, 0, 
35, 0, 1, 2, 0, 2, 0, 0, 0, 1, 0, 0, 0, 1, 0, 1, 0, 0, 0, 1, 0, 0, 1, 1, 0, 83, 7, 4, 4, 39, 7, 2, 2, 1, 1, 0, 0, 0, 1, 0, 0, 0, 0, 0, 1, 13, 23, 14, 17, 0, 0, 2, 1, 12, 3, 6, 3, 20, 3, 4, 4, 6, 5, 2, 2, 4, 1, 1, 2, 4, 7, 7, 3, 9, 9, 4, 7, 1, 0, 0, 0, 2, 0, 0, 0, 1, 0, 0, 0, 1, 0, 0, 0, 1, 0, 0, 0, 0, 0, 0, 0, 0, 0, 0, 0, 1, 0, 0, 0, 0, 0, 0, 0, 
36, 0, 0, 0, 0, 1, 0, 0, 0, 0, 1, 0, 1, 1, 0, 0, 1, 2, 0, 2, 2, 5, 1, 0, 0, 88, 3, 4, 4, 45, 8, 3, 3, 0, 0, 4, 2, 0, 1, 2, 2, 3, 0, 0, 0, 16, 14, 21, 20, 4, 1, 0, 0, 15, 4, 1, 2, 12, 6, 6, 4, 7, 5, 4, 2, 4, 2, 2, 2, 6, 7, 4, 3, 21, 8, 8, 2, 1, 0, 0, 0, 0, 0, 0, 0, 1, 0, 0, 0, 2, 0, 0, 0, 0, 0, 0, 0, 0, 0, 0, 0, 0, 0, 0, 0, 0, 0, 0, 0, 0, 0, 0, 0, 
37, 0, 0, 0, 1, 3, 1, 0, 2, 0, 0, 0, 0, 0, 1, 0, 1, 0, 0, 0, 0, 0, 0, 0, 2, 94, 3, 5, 4, 49, 6, 5, 5, 9, 3, 1, 0, 2, 0, 2, 2, 2, 1, 0, 2, 21, 15, 17, 15, 7, 2, 3, 3, 15, 4, 5, 1, 2, 5, 8, 3, 0, 2, 0, 2, 5, 2, 2, 4, 9, 4, 6, 6, 17, 4, 3, 2, 2, 0, 0, 0, 0, 0, 0, 0, 1, 0, 0, 0, 0, 0, 0, 0, 0, 0, 0, 0, 0, 0, 0, 0, 1, 0, 0, 0, 2, 0, 0, 0, 1, 0, 0, 0, 
38, 0, 0, 0, 1, 0, 0, 0, 0, 2, 3, 0, 1, 0, 0, 0, 0, 0, 0, 0, 0, 0, 0, 0, 1, 92, 6, 3, 2, 55, 8, 6, 4, 3, 0, 2, 1, 3, 0, 2, 2, 0, 0, 0, 0, 15, 10, 19, 13, 2, 3, 2, 0, 15, 7, 5, 1, 9, 4, 3, 4, 0, 0, 1, 1, 5, 1, 7, 7, 5, 8, 6, 6, 2, 5, 4, 3, 1, 0, 0, 0, 3, 0, 0, 0, 0, 0, 0, 0, 2, 0, 0, 0, 2, 0, 0, 0, 0, 0, 0, 0, 1, 0, 0, 0, 2, 0, 0, 0, 0, 0, 0, 0, 
39, 1, 2, 0, 0, 1, 0, 0, 0, 1, 0, 0, 0, 4, 1, 1, 3, 0, 2, 1, 0, 0, 0, 0, 0, 100, 2, 5, 1, 52, 10, 6, 5, 4, 4, 3, 5, 0, 0, 2, 1, 1, 0, 0, 1, 8, 15, 12, 15, 0, 0, 3, 1, 7, 6, 4, 3, 9, 6, 7, 3, 6, 3, 1, 1, 1, 2, 4, 4, 7, 8, 6, 7, 16, 2, 3, 0, 2, 0, 0, 0, 0, 0, 0, 0, 1, 0, 0, 0, 1, 0, 0, 0, 0, 0, 0, 0, 0, 0, 0, 0, 1, 0, 0, 0, 1, 0, 0, 0, 1, 0, 0, 0, 
40, 0, 0, 0, 0, 1, 0, 0, 1, 0, 0, 0, 0, 2, 1, 0, 0, 1, 1, 0, 0, 1, 0, 0, 0, 100, 2, 1, 4, 57, 6, 8, 6, 4, 2, 6, 5, 1, 0, 0, 1, 2, 4, 1, 2, 19, 13, 12, 13, 1, 3, 3, 2, 10, 4, 6, 4, 14, 4, 3, 6, 15, 1, 1, 3, 5, 2, 4, 3, 8, 8, 9, 7, 7, 4, 1, 6, 1, 0, 0, 0, 1, 0, 0, 0, 1, 0, 0, 0, 2, 0, 0, 0, 0, 0, 0, 0, 1, 0, 0, 0, 3, 0, 0, 0, 3, 0, 0, 0, 0, 0, 0, 0, 
41, 1, 0, 1, 0, 0, 0, 1, 0, 1, 0, 0, 1, 0, 1, 2, 0, 0, 1, 0, 1, 2, 0, 1, 1, 100, 7, 3, 2, 65, 5, 5, 4, 2, 1, 3, 1, 1, 1, 0, 0, 4, 3, 6, 2, 20, 19, 7, 12, 1, 3, 4, 0, 29, 4, 1, 1, 5, 3, 5, 3, 13, 2, 3, 0, 8, 5, 3, 2, 20, 12, 10, 8, 1, 2, 1, 1, 0, 0, 0, 0, 1, 0, 0, 0, 0, 0, 0, 0, 1, 0, 0, 0, 0, 0, 0, 0, 0, 0, 0, 0, 2, 0, 0, 0, 1, 0, 0, 0, 1, 0, 0, 0, 
42, 3, 0, 0, 1, 0, 0, 1, 0, 5, 1, 0, 2, 0, 0, 0, 0, 0, 1, 0, 0, 1, 1, 2, 1, 100, 5, 1, 5, 50, 5, 9, 12, 10, 4, 5, 5, 11, 2, 1, 2, 5, 3, 4, 4, 12, 15, 14, 11, 5, 1, 0, 2, 22, 2, 3, 2, 3, 7, 4, 4, 1, 1, 1, 2, 2, 7, 4, 10, 27, 14, 7, 10, 0, 0, 0, 0, 1, 0, 0, 0, 1, 0, 0, 0, 0, 0, 0, 0, 0, 0, 0, 0, 0, 0, 0, 0, 0, 0, 0, 0, 2, 0, 0, 0, 1, 0, 0, 0, 1, 0, 0, 0, 
43, 3, 0, 0, 0, 4, 1, 4, 2, 0, 0, 1, 2, 0, 0, 0, 0, 0, 1, 1, 0, 2, 1, 1, 0, 100, 6, 4, 4, 53, 12, 3, 9, 14, 3, 7, 2, 4, 1, 1, 0, 2, 2, 1, 1, 13, 16, 12, 13, 1, 3, 1, 0, 17, 5, 3, 6, 4, 7, 5, 6, 1, 0, 0, 0, 9, 9, 4, 7, 16, 17, 9, 8, 2, 0, 0, 2, 0, 0, 0, 0, 0, 0, 0, 0, 0, 0, 0, 0, 2, 0, 0, 0, 1, 0, 0, 0, 1, 0, 0, 0, 0, 0, 0, 0, 1, 0, 0, 0, 1, 0, 0, 0, 
44, 8, 7, 0, 3, 0, 1, 1, 0, 0, 2, 3, 3, 0, 1, 2, 0, 0, 0, 0, 0, 0, 0, 0, 1, 100, 2, 7, 2, 54, 8, 8, 8, 8, 10, 4, 3, 1, 1, 3, 3, 0, 0, 1, 0, 14, 11, 11, 12, 2, 1, 2, 0, 9, 3, 2, 0, 4, 4, 2, 3, 1, 1, 4, 1, 12, 10, 8, 5, 19, 12, 7, 7, 2, 1, 0, 0, 0, 0, 0, 0, 1, 0, 0, 0, 0, 0, 0, 0, 2, 0, 0, 0, 3, 0, 0, 0, 0, 0, 0, 0, 1, 0, 0, 0, 1, 0, 0, 0, 1, 0, 0, 0, 
45, 16, 3, 3, 2, 2, 2, 0, 1, 0, 0, 0, 0, 0, 1, 1, 0, 2, 1, 1, 1, 0, 1, 0, 1, 100, 4, 1, 1, 63, 4, 4, 5, 6, 2, 3, 5, 5, 6, 5, 2, 0, 0, 0, 0, 11, 11, 7, 10, 4, 0, 0, 0, 4, 2, 3, 0, 3, 1, 6, 4, 1, 1, 1, 0, 8, 12, 5, 11, 22, 13, 14, 4, 0, 1, 0, 1, 1, 0, 0, 0, 0, 0, 0, 0, 0, 0, 0, 0, 1, 0, 0, 0, 0, 0, 0, 0, 3, 0, 0, 0, 0, 0, 0, 0, 0, 0, 0, 0, 0, 0, 0, 0, 
46, 1, 0, 0, 0, 1, 3, 1, 0, 0, 0, 1, 1, 1, 1, 0, 0, 0, 0, 2, 1, 0, 0, 0, 1, 100, 5, 3, 2, 67, 11, 4, 4, 0, 0, 2, 0, 12, 2, 4, 4, 3, 3, 1, 2, 13, 9, 10, 10, 14, 0, 0, 1, 7, 4, 7, 4, 3, 3, 4, 4, 0, 1, 0, 0, 16, 11, 9, 4, 34, 13, 5, 10, 1, 2, 1, 0, 0, 0, 0, 0, 0, 0, 0, 0, 0, 0, 0, 0, 3, 0, 0, 0, 0, 0, 0, 0, 1, 0, 0, 0, 0, 0, 0, 0, 1, 0, 0, 0, 1, 0, 0, 0, 
47, 0, 0, 0, 0, 0, 1, 0, 0, 0, 0, 1, 0, 0, 0, 1, 0, 1, 4, 1, 0, 0, 2, 1, 0, 100, 5, 4, 2, 67, 5, 8, 5, 5, 3, 4, 1, 9, 2, 1, 0, 4, 3, 5, 0, 8, 8, 8, 14, 13, 1, 0, 0, 2, 4, 1, 3, 4, 3, 8, 2, 2, 2, 4, 2, 16, 17, 14, 11, 37, 9, 8, 7, 4, 3, 6, 4, 2, 0, 0, 0, 1, 0, 0, 0, 0, 0, 0, 0, 0, 0, 0, 0, 1, 0, 0, 0, 0, 0, 0, 0, 1, 0, 0, 0, 0, 0, 0, 0, 0, 0, 0, 0, 
48, 2, 1, 0, 1, 0, 0, 1, 0, 0, 0, 1, 1, 0, 3, 5, 0, 0, 1, 0, 1, 0, 0, 0, 0, 100, 0, 2, 2, 60, 8, 5, 7, 6, 6, 1, 1, 17, 1, 3, 1, 1, 3, 1, 1, 8, 8, 12, 8, 12, 1, 0, 0, 0, 4, 4, 1, 12, 6, 10, 8, 0, 0, 0, 1, 19, 8, 15, 12, 30, 6, 7, 6, 17, 2, 1, 6, 3, 0, 0, 0, 0, 0, 0, 0, 2, 0, 0, 0, 0, 0, 0, 0, 0, 0, 0, 0, 2, 0, 0, 0, 1, 0, 0, 0, 0, 0, 0, 0, 2, 0, 0, 0, 
49, 0, 0, 0, 0, 0, 0, 0, 0, 0, 0, 0, 0, 0, 0, 0, 0, 0, 0, 0, 0, 0, 1, 0, 0, 100, 5, 2, 5, 69, 9, 6, 8, 1, 3, 1, 2, 9, 0, 1, 4, 1, 0, 0, 0, 12, 8, 7, 6, 5, 0, 1, 1, 3, 3, 2, 4, 6, 7, 4, 7, 12, 1, 2, 2, 22, 7, 15, 18, 12, 4, 4, 11, 7, 2, 2, 5, 0, 0, 0, 0, 0, 0, 0, 0, 2, 0, 0, 0, 2, 0, 0, 0, 0, 0, 0, 0, 0, 0, 0, 0, 1, 0, 0, 0, 1, 0, 0, 0, 1, 0, 0, 0, 
50, 2, 1, 1, 1, 0, 1, 0, 0, 0, 1, 0, 1, 0, 1, 1, 0, 0, 4, 0, 2, 0, 1, 1, 0, 100, 3, 1, 2, 64, 8, 7, 6, 0, 1, 0, 0, 6, 3, 0, 0, 3, 2, 4, 1, 8, 12, 10, 7, 0, 0, 0, 0, 2, 1, 2, 2, 8, 10, 17, 7, 14, 2, 0, 0, 16, 21, 13, 16, 5, 5, 6, 4, 11, 3, 5, 2, 0, 0, 0, 0, 0, 0, 0, 0, 1, 0, 0, 0, 1, 0, 0, 0, 0, 0, 0, 0, 2, 0, 0, 0, 0, 0, 0, 0, 0, 0, 0, 0, 3, 0, 0, 0, 
51, 1, 1, 0, 1, 2, 0, 1, 0, 0, 0, 0, 0, 1, 1, 0, 0, 0, 1, 0, 0, 0, 2, 1, 1, 100, 2, 5, 2, 67, 9, 3, 4, 1, 4, 0, 1, 1, 0, 1, 0, 0, 1, 1, 0, 10, 11, 8, 8, 2, 0, 1, 1, 2, 5, 3, 3, 13, 2, 4, 5, 11, 5, 1, 2, 18, 17, 17, 9, 1, 2, 1, 1, 15, 3, 4, 1, 1, 0, 0, 0, 1, 0, 0, 0, 1, 0, 0, 0, 2, 0, 0, 0, 1, 0, 0, 0, 0, 0, 0, 0, 0, 0, 0, 0, 1, 0, 0, 0, 1, 0, 0, 0, 
52, 0, 1, 1, 1, 1, 1, 1, 0, 0, 0, 0, 1, 0, 0, 0, 1, 0, 0, 0, 2, 0, 1, 1, 0, 100, 7, 3, 0, 51, 5, 9, 4, 0, 0, 0, 0, 4, 2, 3, 1, 11, 2, 4, 4, 10, 14, 4, 9, 0, 1, 0, 2, 2, 2, 0, 0, 8, 7, 2, 4, 9, 2, 0, 1, 13, 14, 13, 13, 0, 2, 0, 0, 14, 2, 2, 3, 0, 0, 0, 0, 1, 0, 0, 0, 0, 0, 0, 0, 1, 0, 0, 0, 1, 0, 0, 0, 0, 0, 0, 0, 0, 0, 0, 0, 3, 0, 0, 0, 0, 0, 0, 0, 
53, 0, 0, 0, 0, 3, 2, 1, 0, 2, 1, 1, 0, 0, 2, 0, 0, 1, 0, 3, 0, 0, 1, 3, 0, 100, 2, 1, 3, 48, 9, 2, 5, 3, 4, 0, 1, 2, 1, 2, 4, 7, 1, 0, 2, 26, 6, 4, 8, 2, 3, 2, 2, 3, 0, 0, 1, 4, 4, 11, 3, 0, 0, 0, 1, 11, 16, 15, 12, 1, 1, 2, 1, 0, 3, 5, 2, 0, 0, 0, 0, 0, 0, 0, 0, 1, 0, 0, 0, 0, 0, 0, 0, 2, 0, 0, 0, 0, 0, 0, 0, 0, 0, 0, 0, 0, 0, 0, 0, 2, 0, 0, 0, 
54, 1, 3, 1, 0, 4, 4, 0, 1, 3, 1, 2, 0, 0, 0, 0, 1, 1, 1, 1, 0, 0, 0, 0, 0, 100, 4, 3, 0, 29, 5, 4, 2, 0, 0, 0, 1, 3, 3, 1, 1, 9, 2, 2, 0, 8, 10, 7, 10, 12, 0, 3, 0, 5, 6, 6, 3, 7, 6, 8, 6, 4, 3, 2, 3, 6, 15, 11, 16, 0, 1, 2, 1, 4, 6, 4, 2, 0, 0, 0, 0, 1, 0, 0, 0, 0, 0, 0, 0, 1, 0, 0, 0, 2, 0, 0, 0, 0, 0, 0, 0, 0, 0, 0, 0, 2, 0, 0, 0, 1, 0, 0, 0, 
55, 1, 0, 0, 0, 0, 1, 0, 1, 0, 1, 1, 1, 0, 1, 0, 0, 0, 0, 0, 0, 0, 1, 0, 0, 100, 2, 5, 3, 25, 5, 7, 12, 9, 3, 1, 1, 3, 0, 0, 0, 2, 5, 2, 1, 8, 8, 4, 5, 7, 1, 1, 0, 7, 1, 3, 2, 23, 7, 5, 4, 1, 1, 1, 2, 23, 15, 25, 10, 2, 2, 2, 3, 13, 3, 0, 3, 0, 0, 0, 0, 1, 0, 0, 0, 0, 0, 0, 0, 1, 0, 0, 0, 1, 0, 0, 0, 0, 0, 0, 0, 0, 0, 0, 0, 2, 0, 0, 0, 0, 0, 0, 0, 
56, 0, 0, 0, 0, 1, 1, 0, 0, 0, 1, 0, 0, 0, 1, 0, 1, 2, 0, 2, 1, 3, 0, 0, 0, 100, 4, 4, 1, 30, 9, 7, 4, 9, 3, 2, 0, 3, 2, 1, 2, 27, 6, 1, 2, 9, 3, 10, 5, 2, 1, 1, 1, 4, 2, 3, 3, 33, 5, 9, 5, 0, 1, 0, 0, 38, 11, 14, 7, 1, 0, 0, 0, 3, 2, 3, 5, 1, 0, 0, 0, 1, 0, 0, 0, 1, 0, 0, 0, 0, 0, 0, 0, 2, 0, 0, 0, 1, 0, 0, 0, 0, 0, 0, 0, 0, 0, 0, 0, 2, 0, 0, 0, 
57, 1, 1, 1, 1, 2, 5, 1, 0, 0, 1, 0, 0, 2, 0, 0, 1, 1, 0, 2, 1, 0, 0, 1, 0, 100, 4, 3, 5, 30, 7, 7, 3, 14, 1, 0, 0, 6, 3, 10, 7, 30, 3, 1, 7, 6, 8, 5, 4, 1, 1, 1, 0, 1, 4, 3, 1, 23, 7, 4, 2, 2, 1, 1, 3, 29, 12, 11, 11, 2, 2, 1, 1, 3, 3, 5, 5, 0, 0, 0, 0, 0, 0, 0, 0, 1, 0, 0, 0, 2, 0, 0, 0, 2, 0, 0, 0, 1, 0, 0, 0, 0, 0, 0, 0, 1, 0, 0, 0, 1, 0, 0, 0, 
58, 0, 0, 0, 1, 3, 0, 1, 1, 0, 0, 0, 0, 1, 1, 0, 0, 0, 0, 0, 0, 5, 0, 2, 2, 100, 3, 1, 3, 30, 8, 7, 10, 1, 0, 0, 0, 9, 3, 7, 9, 20, 4, 0, 1, 7, 11, 11, 10, 0, 1, 4, 2, 8, 3, 4, 2, 4, 3, 10, 1, 0, 4, 2, 1, 27, 10, 11, 8, 3, 1, 1, 0, 3, 0, 2, 1, 2, 0, 0, 0, 0, 0, 0, 0, 0, 0, 0, 0, 3, 0, 0, 0, 1, 0, 0, 0, 0, 0, 0, 0, 5, 0, 0, 0, 0, 0, 0, 0, 1, 0, 0, 0, 
59, 0, 1, 1, 0, 1, 0, 0, 0, 0, 0, 1, 0, 0, 3, 0, 0, 1, 2, 0, 1, 1, 0, 0, 0, 100, 4, 3, 2, 39, 10, 5, 1, 2, 0, 3, 0, 7, 12, 9, 7, 29, 7, 1, 2, 16, 19, 7, 2, 2, 2, 2, 2, 3, 3, 2, 1, 6, 6, 6, 3, 0, 0, 0, 2, 16, 11, 7, 15, 1, 1, 0, 1, 6, 1, 0, 3, 0, 0, 0, 0, 1, 0, 0, 0, 0, 0, 0, 0, 3, 0, 0, 0, 1, 0, 0, 0, 0, 0, 0, 0, 1, 0, 0, 0, 0, 0, 0, 0, 0, 0, 0, 0, 
60, 0, 0, 0, 1, 0, 0, 0, 0, 0, 0, 0, 0, 0, 0, 0, 1, 0, 1, 0, 1, 0, 4, 1, 1, 100, 1, 4, 3, 44, 7, 12, 6, 7, 1, 0, 1, 16, 8, 8, 10, 27, 3, 4, 2, 11, 7, 10, 14, 8, 3, 2, 3, 11, 1, 2, 3, 3, 2, 6, 5, 3, 2, 1, 4, 20, 11, 13, 10, 2, 0, 2, 0, 9, 3, 2, 3, 0, 0, 0, 0, 1, 0, 0, 0, 1, 0, 0, 0, 1, 0, 0, 0, 2, 0, 0, 0, 0, 0, 0, 0, 2, 0, 0, 0, 0, 0, 0, 0, 0, 0, 0, 0, 
61, 2, 5, 3, 2, 2, 1, 1, 0, 1, 0, 0, 0, 1, 0, 0, 0, 0, 0, 0, 0, 0, 2, 0, 2, 100, 5, 2, 1, 54, 6, 4, 8, 0, 0, 0, 0, 28, 11, 10, 9, 9, 3, 3, 3, 7, 13, 8, 5, 2, 0, 1, 0, 4, 7, 3, 5, 0, 7, 4, 3, 1, 1, 1, 1, 25, 7, 15, 6, 8, 1, 2, 0, 2, 5, 3, 1, 1, 0, 0, 0, 3, 0, 0, 0, 0, 0, 0, 0, 0, 0, 0, 0, 1, 0, 0, 0, 0, 0, 0, 0, 1, 0, 0, 0, 2, 0, 0, 0, 3, 0, 0, 0, 
62, 0, 1, 0, 0, 0, 0, 0, 1, 0, 0, 0, 0, 0, 0, 0, 0, 1, 1, 1, 0, 2, 1, 1, 1, 100, 2, 3, 3, 53, 7, 6, 7, 0, 2, 1, 0, 32, 13, 5, 9, 8, 7, 12, 2, 13, 8, 5, 5, 0, 1, 1, 0, 3, 1, 1, 0, 3, 0, 6, 1, 2, 4, 2, 1, 20, 17, 11, 10, 2, 0, 0, 0, 7, 6, 4, 0, 0, 0, 0, 0, 1, 0, 0, 0, 1, 0, 0, 0, 1, 0, 0, 0, 1, 0, 0, 0, 0, 0, 0, 0, 2, 0, 0, 0, 1, 0, 0, 0, 2, 0, 0, 0, 
63, 4, 0, 0, 0, 0, 1, 0, 0, 1, 0, 0, 0, 0, 1, 2, 0, 0, 0, 0, 0, 0, 0, 0, 1, 100, 3, 3, 2, 64, 9, 5, 11, 3, 6, 1, 0, 41, 5, 9, 5, 12, 4, 3, 4, 15, 12, 6, 7, 0, 0, 0, 0, 2, 0, 1, 1, 0, 2, 1, 2, 1, 1, 2, 0, 13, 14, 12, 7, 4, 6, 9, 2, 3, 4, 0, 1, 2, 0, 0, 0, 0, 0, 0, 0, 1, 0, 0, 0, 2, 0, 0, 0, 1, 0, 0, 0, 0, 0, 0, 0, 0, 0, 0, 0, 0, 0, 0, 0, 1, 0, 0, 0, 
64, 0, 0, 0, 1, 0, 2, 2, 0, 1, 0, 0, 0, 0, 0, 1, 1, 0, 0, 0, 1, 0, 0, 4, 0, 100, 2, 4, 3, 70, 7, 9, 11, 1, 1, 0, 1, 37, 16, 9, 7, 2, 3, 3, 1, 15, 7, 3, 6, 7, 0, 1, 0, 2, 1, 0, 0, 5, 7, 2, 2, 3, 4, 2, 2, 12, 8, 16, 10, 12, 6, 7, 0, 6, 9, 0, 1, 2, 0, 0, 0, 1, 0, 0, 0, 0, 0, 0, 0, 0, 0, 0, 0, 1, 0, 0, 0, 3, 0, 0, 0, 0, 0, 0, 0, 0, 0, 0, 0, 3, 0, 0, 0, 
65, 2, 0, 2, 2, 0, 1, 1, 0, 1, 0, 0, 0, 0, 0, 0, 0, 0, 0, 0, 1, 0, 1, 0, 0, 100, 2, 2, 4, 82, 9, 5, 7, 0, 0, 1, 0, 43, 6, 7, 9, 1, 0, 1, 2, 8, 1, 1, 3, 12, 1, 3, 0, 3, 2, 1, 2, 4, 2, 4, 1, 6, 6, 8, 4, 14, 18, 16, 10, 13, 6, 4, 3, 9, 1, 2, 0, 0, 0, 0, 0, 2, 0, 0, 0, 1, 0, 0, 0, 0, 0, 0, 0, 0, 0, 0, 0, 0, 0, 0, 0, 1, 0, 0, 0, 2, 0, 0, 0, 1, 0, 0, 0, 
66, 1, 1, 0, 0, 0, 0, 1, 0, 0, 0, 0, 3, 0, 0, 0, 0, 0, 0, 0, 0, 0, 0, 0, 0, 100, 2, 1, 5, 89, 10, 6, 7, 4, 1, 0, 1, 31, 10, 6, 9, 2, 1, 0, 3, 0, 3, 0, 0, 24, 0, 1, 1, 24, 0, 3, 0, 0, 1, 1, 0, 19, 7, 5, 6, 26, 25, 12, 13, 1, 3, 5, 9, 5, 1, 0, 1, 1, 0, 0, 0, 1, 0, 0, 0, 0, 0, 0, 0, 2, 0, 0, 0, 0, 0, 0, 0, 0, 0, 0, 0, 0, 0, 0, 0, 1, 0, 0, 0, 0, 0, 0, 0, 
67, 1, 0, 0, 1, 0, 0, 1, 0, 0, 0, 0, 0, 2, 0, 0, 0, 0, 0, 0, 0, 0, 0, 1, 0, 100, 1, 0, 4, 86, 6, 7, 7, 0, 2, 1, 2, 34, 9, 6, 7, 4, 3, 4, 3, 0, 0, 1, 0, 20, 1, 0, 1, 35, 2, 3, 1, 2, 2, 1, 0, 35, 4, 8, 4, 42, 10, 10, 11, 3, 2, 0, 2, 2, 0, 0, 1, 0, 0, 0, 0, 0, 0, 0, 0, 1, 0, 0, 0, 0, 0, 0, 0, 1, 0, 0, 0, 0, 0, 0, 0, 1, 0, 0, 0, 0, 0, 0, 0, 2, 0, 0, 0, 
68, 0, 0, 3, 1, 1, 3, 1, 1, 1, 0, 0, 0, 1, 2, 2, 0, 0, 0, 0, 0, 0, 0, 0, 0, 100, 4, 3, 4, 84, 7, 6, 1, 7, 3, 2, 0, 39, 9, 5, 5, 3, 3, 3, 1, 0, 2, 0, 0, 9, 1, 0, 0, 42, 3, 1, 1, 2, 1, 1, 1, 41, 9, 10, 6, 29, 19, 12, 19, 1, 2, 2, 2, 4, 1, 1, 1, 1, 0, 0, 0, 0, 0, 0, 0, 0, 0, 0, 0, 1, 0, 0, 0, 1, 0, 0, 0, 2, 0, 0, 0, 2, 0, 0, 0, 1, 0, 0, 0, 1, 0, 0, 0, 
69, 0, 1, 0, 0, 0, 0, 0, 0, 0, 0, 1, 0, 0, 0, 1, 0, 12, 6, 0, 1, 0, 1, 0, 0, 100, 7, 1, 0, 74, 10, 7, 9, 2, 0, 1, 0, 36, 8, 10, 5, 1, 2, 3, 0, 8, 0, 1, 0, 14, 0, 0, 0, 45, 0, 1, 1, 0, 0, 1, 0, 57, 6, 2, 3, 39, 9, 16, 10, 5, 2, 5, 3, 0, 0, 0, 0, 1, 0, 0, 0, 1, 0, 0, 0, 1, 0, 0, 0, 1, 0, 0, 0, 0, 0, 0, 0, 0, 0, 0, 0, 2, 0, 0, 0, 3, 0, 0, 0, 1, 0, 0, 0, 
70, 1, 0, 1, 0, 0, 0, 0, 0, 0, 1, 2, 0, 0, 0, 1, 0, 0, 0, 1, 1, 1, 0, 1, 1, 100, 5, 3, 4, 94, 12, 6, 6, 0, 5, 1, 0, 27, 4, 10, 10, 6, 2, 3, 4, 5, 2, 2, 7, 8, 4, 0, 0, 25, 0, 2, 1, 0, 1, 0, 3, 56, 6, 6, 8, 24, 12, 17, 9, 9, 4, 5, 4, 3, 5, 2, 2, 2, 0, 0, 0, 0, 0, 0, 0, 0, 0, 0, 0, 1, 0, 0, 0, 2, 0, 0, 0, 0, 0, 0, 0, 0, 0, 0, 0, 1, 0, 0, 0, 1, 0, 0, 0, 
71, 0, 0, 1, 0, 1, 1, 2, 1, 3, 4, 4, 3, 1, 0, 1, 0, 0, 2, 1, 0, 1, 0, 0, 0, 100, 2, 4, 5, 95, 2, 9, 13, 0, 1, 0, 0, 25, 3, 10, 7, 4, 2, 3, 8, 2, 0, 2, 0, 5, 2, 0, 0, 30, 5, 3, 2, 11, 2, 3, 0, 67, 8, 5, 6, 15, 22, 16, 9, 21, 2, 2, 1, 0, 2, 0, 2, 2, 0, 0, 0, 0, 0, 0, 0, 0, 0, 0, 0, 2, 0, 0, 0, 0, 0, 0, 0, 0, 0, 0, 0, 3, 0, 0, 0, 1, 0, 0, 0, 0, 0, 0, 0, 
72, 0, 2, 1, 1, 1, 1, 3, 1, 0, 0, 1, 1, 0, 0, 1, 0, 0, 0, 0, 0, 1, 0, 1, 0, 100, 4, 2, 2, 100, 5, 8, 6, 2, 1, 4, 3, 23, 5, 7, 12, 2, 1, 3, 4, 2, 2, 2, 5, 3, 2, 3, 0, 37, 3, 3, 0, 13, 2, 1, 2, 55, 3, 11, 7, 9, 13, 9, 17, 8, 5, 1, 0, 2, 0, 2, 1, 0, 0, 0, 0, 1, 0, 0, 0, 2, 0, 0, 0, 1, 0, 0, 0, 2, 0, 0, 0, 2, 0, 0, 0, 1, 0, 0, 0, 1, 0, 0, 0, 0, 0, 0, 0, 
73, 1, 2, 1, 3, 1, 0, 1, 1, 5, 0, 1, 1, 0, 1, 0, 1, 1, 0, 1, 0, 0, 2, 2, 1, 100, 0, 3, 3, 100, 5, 2, 4, 4, 6, 0, 1, 24, 8, 7, 8, 1, 1, 2, 0, 1, 1, 2, 1, 1, 2, 0, 0, 38, 1, 3, 1, 9, 5, 0, 7, 54, 2, 5, 3, 14, 13, 9, 9, 18, 3, 1, 1, 0, 1, 1, 0, 1, 0, 0, 0, 2, 0, 0, 0, 1, 0, 0, 0, 1, 0, 0, 0, 0, 0, 0, 0, 4, 0, 0, 0, 0, 0, 0, 0, 0, 0, 0, 0, 1, 0, 0, 0, 
74, 2, 1, 1, 1, 2, 1, 0, 1, 0, 2, 1, 0, 1, 1, 0, 0, 1, 1, 0, 2, 0, 1, 1, 0, 100, 3, 4, 4, 96, 9, 8, 9, 4, 3, 2, 2, 13, 16, 7, 5, 1, 3, 4, 1, 0, 0, 1, 1, 1, 1, 5, 3, 40, 1, 4, 2, 7, 1, 4, 1, 51, 9, 5, 6, 13, 13, 6, 8, 0, 0, 0, 1, 4, 0, 0, 3, 0, 0, 0, 0, 1, 0, 0, 0, 0, 0, 0, 0, 1, 0, 0, 0, 1, 0, 0, 0, 0, 0, 0, 0, 0, 0, 0, 0, 0, 0, 0, 0, 0, 0, 0, 0, 
75, 0, 1, 1, 0, 0, 0, 0, 1, 0, 0, 0, 0, 2, 0, 1, 2, 1, 0, 0, 0, 0, 0, 2, 0, 100, 5, 4, 2, 92, 6, 4, 7, 1, 0, 0, 1, 17, 8, 8, 7, 0, 1, 2, 0, 4, 1, 3, 0, 3, 2, 1, 5, 53, 2, 1, 2, 2, 3, 0, 1, 41, 11, 5, 4, 16, 7, 9, 8, 1, 5, 2, 3, 2, 0, 1, 2, 0, 0, 0, 0, 2, 0, 0, 0, 1, 0, 0, 0, 0, 0, 0, 0, 1, 0, 0, 0, 1, 0, 0, 0, 2, 0, 0, 0, 1, 0, 0, 0, 4, 0, 0, 0, 
76, 0, 0, 0, 0, 2, 0, 0, 0, 0, 0, 0, 0, 0, 0, 0, 1, 1, 0, 0, 0, 0, 0, 3, 1, 100, 3, 3, 2, 93, 5, 7, 4, 0, 0, 0, 1, 32, 10, 7, 9, 0, 4, 1, 0, 1, 5, 4, 1, 2, 1, 1, 0, 49, 4, 2, 1, 3, 2, 3, 0, 43, 10, 6, 3, 5, 9, 9, 6, 2, 3, 4, 6, 0, 1, 0, 0, 0, 0, 0, 0, 1, 0, 0, 0, 2, 0, 0, 0, 3, 0, 0, 0, 1, 0, 0, 0, 1, 0, 0, 0, 1, 0, 0, 0, 0, 0, 0, 0, 1, 0, 0, 0, 
77, 2, 4, 2, 1, 3, 0, 3, 4, 15, 0, 0, 1, 2, 0, 0, 0, 1, 1, 1, 0, 0, 1, 1, 1, 100, 1, 4, 0, 82, 8, 10, 4, 0, 0, 1, 0, 29, 5, 6, 8, 0, 0, 2, 0, 0, 0, 1, 0, 5, 2, 1, 1, 49, 1, 2, 2, 1, 0, 2, 0, 47, 3, 3, 5, 6, 5, 8, 6, 1, 0, 1, 2, 2, 0, 1, 2, 0, 0, 0, 0, 0, 0, 0, 0, 4, 0, 0, 0, 1, 0, 0, 0, 2, 0, 0, 0, 2, 0, 0, 0, 1, 0, 0, 0, 1, 0, 0, 0, 2, 0, 0, 0, 
78, 5, 2, 4, 1, 0, 0, 0, 1, 7, 2, 0, 0, 2, 5, 1, 3, 1, 3, 0, 3, 0, 0, 1, 0, 100, 2, 2, 4, 89, 9, 4, 3, 0, 2, 1, 2, 19, 15, 8, 6, 0, 2, 1, 1, 9, 2, 2, 2, 3, 1, 3, 1, 49, 1, 2, 3, 16, 1, 0, 2, 27, 10, 3, 6, 10, 8, 6, 5, 16, 0, 0, 0, 0, 1, 3, 2, 0, 0, 0, 0, 1, 0, 0, 0, 0, 0, 0, 0, 0, 0, 0, 0, 0, 0, 0, 0, 1, 0, 0, 0, 1, 0, 0, 0, 0, 0, 0, 0, 0, 0, 0, 0, 
79, 1, 1, 0, 3, 1, 2, 0, 1, 0, 0, 0, 0, 0, 1, 0, 0, 0, 0, 0, 0, 1, 0, 1, 0, 100, 4, 5, 1, 75, 6, 9, 5, 1, 1, 2, 1, 29, 6, 11, 8, 4, 9, 4, 2, 2, 0, 3, 2, 3, 2, 1, 1, 52, 0, 1, 1, 25, 2, 1, 1, 26, 5, 8, 3, 15, 10, 3, 4, 17, 0, 1, 0, 0, 1, 3, 3, 0, 0, 0, 0, 1, 0, 0, 0, 0, 0, 0, 0, 0, 0, 0, 0, 0, 0, 0, 0, 0, 0, 0, 0, 3, 0, 0, 0, 1, 0, 0, 0, 2, 0, 0, 0, 
80, 1, 0, 0, 0, 0, 1, 3, 1, 0, 1, 0, 0, 0, 2, 0, 1, 1, 1, 0, 2, 1, 0, 1, 0, 100, 3, 2, 2, 68, 4, 5, 5, 2, 2, 0, 0, 30, 7, 8, 5, 5, 6, 2, 3, 1, 5, 6, 5, 18, 9, 6, 1, 32, 1, 0, 0, 16, 2, 4, 3, 31, 8, 4, 5, 22, 10, 1, 4, 28, 1, 0, 0, 2, 1, 4, 1, 0, 0, 0, 0, 1, 0, 0, 0, 0, 0, 0, 0, 0, 0, 0, 0, 1, 0, 0, 0, 1, 0, 0, 0, 1, 0, 0, 0, 0, 0, 0, 0, 3, 0, 0, 0, 
81, 0, 0, 0, 0, 3, 2, 0, 1, 1, 0, 0, 1, 0, 0, 1, 2, 1, 0, 2, 1, 0, 3, 0, 0, 100, 5, 1, 1, 61, 10, 5, 2, 1, 1, 1, 1, 21, 7, 7, 9, 4, 0, 2, 0, 9, 2, 3, 1, 13, 4, 3, 2, 21, 1, 0, 0, 17, 2, 0, 2, 36, 9, 5, 7, 35, 5, 6, 6, 30, 0, 0, 0, 2, 2, 0, 0, 1, 0, 0, 0, 0, 0, 0, 0, 0, 0, 0, 0, 1, 0, 0, 0, 1, 0, 0, 0, 0, 0, 0, 0, 0, 0, 0, 0, 0, 0, 0, 0, 0, 0, 0, 0, 
82, 2, 0, 2, 0, 2, 5, 0, 1, 1, 0, 0, 0, 0, 0, 0, 0, 1, 1, 2, 4, 0, 0, 0, 0, 100, 2, 0, 1, 71, 10, 9, 8, 1, 2, 1, 0, 20, 7, 6, 5, 0, 0, 0, 2, 1, 3, 1, 1, 26, 6, 6, 1, 14, 2, 4, 2, 10, 1, 2, 2, 47, 7, 11, 2, 21, 3, 3, 3, 28, 2, 0, 1, 2, 4, 1, 1, 1, 0, 0, 0, 1, 0, 0, 0, 1, 0, 0, 0, 1, 0, 0, 0, 0, 0, 0, 0, 1, 0, 0, 0, 0, 0, 0, 0, 3, 0, 0, 0, 0, 0, 0, 0, 
83, 0, 0, 0, 0, 1, 0, 0, 1, 0, 0, 2, 0, 2, 0, 0, 0, 0, 1, 0, 0, 0, 0, 1, 0, 100, 4, 5, 0, 68, 4, 7, 9, 0, 0, 2, 0, 18, 10, 11, 2, 6, 4, 1, 2, 0, 1, 1, 0, 34, 2, 2, 2, 17, 2, 1, 2, 14, 1, 3, 1, 55, 9, 4, 5, 24, 6, 8, 4, 23, 4, 0, 0, 3, 2, 1, 0, 0, 0, 0, 0, 2, 0, 0, 0, 1, 0, 0, 0, 0, 0, 0, 0, 0, 0, 0, 0, 1, 0, 0, 0, 0, 0, 0, 0, 1, 0, 0, 0, 1, 0, 0, 0, 
84, 3, 1, 0, 1, 0, 0, 0, 0, 0, 0, 1, 0, 0, 0, 0, 0, 0, 0, 1, 2, 1, 1, 0, 1, 100, 4, 0, 4, 76, 5, 2, 5, 7, 0, 1, 0, 24, 6, 10, 8, 10, 6, 8, 8, 2, 2, 2, 2, 13, 1, 3, 1, 17, 6, 0, 1, 18, 5, 3, 2, 59, 3, 5, 2, 40, 5, 4, 1, 25, 0, 0, 0, 1, 4, 3, 1, 0, 0, 0, 0, 1, 0, 0, 0, 1, 0, 0, 0, 1, 0, 0, 0, 0, 0, 0, 0, 1, 0, 0, 0, 1, 0, 0, 0, 1, 0, 0, 0, 0, 0, 0, 0, 
85, 1, 1, 2, 2, 1, 1, 1, 0, 0, 0, 0, 0, 0, 0, 2, 0, 1, 1, 0, 1, 0, 0, 0, 0, 100, 2, 2, 3, 63, 10, 9, 5, 0, 1, 0, 0, 27, 16, 15, 9, 15, 5, 7, 7, 11, 5, 1, 0, 16, 2, 3, 2, 26, 5, 4, 2, 8, 3, 0, 0, 54, 6, 7, 4, 29, 6, 4, 7, 24, 0, 0, 0, 4, 0, 3, 0, 2, 0, 0, 0, 2, 0, 0, 0, 0, 0, 0, 0, 1, 0, 0, 0, 1, 0, 0, 0, 1, 0, 0, 0, 0, 0, 0, 0, 0, 0, 0, 0, 0, 0, 0, 0, 
86, 0, 1, 3, 0, 1, 1, 0, 0, 1, 0, 2, 0, 1, 0, 0, 0, 0, 1, 0, 0, 0, 2, 0, 1, 100, 6, 3, 3, 77, 4, 5, 2, 3, 4, 1, 2, 42, 13, 7, 8, 29, 8, 8, 4, 12, 2, 2, 3, 25, 3, 2, 2, 46, 4, 1, 3, 2, 1, 0, 0, 57, 7, 8, 7, 23, 11, 4, 5, 20, 1, 1, 1, 4, 6, 5, 4, 2, 0, 0, 0, 0, 0, 0, 0, 0, 0, 0, 0, 1, 0, 0, 0, 0, 0, 0, 0, 2, 0, 0, 0, 0, 0, 0, 0, 0, 0, 0, 0, 1, 0, 0, 0, 
87, 0, 0, 0, 1, 2, 0, 1, 0, 1, 0, 1, 0, 0, 0, 1, 0, 0, 0, 1, 1, 3, 2, 1, 2, 100, 6, 4, 4, 72, 3, 6, 5, 10, 1, 1, 1, 39, 6, 11, 9, 40, 3, 7, 2, 14, 3, 2, 2, 23, 4, 3, 3, 44, 0, 3, 2, 1, 2, 4, 2, 58, 4, 4, 6, 29, 5, 8, 5, 17, 2, 3, 1, 6, 10, 7, 6, 1, 0, 0, 0, 0, 0, 0, 0, 1, 0, 0, 0, 0, 0, 0, 0, 6, 0, 0, 0, 1, 0, 0, 0, 1, 0, 0, 0, 0, 0, 0, 0, 1, 0, 0, 0, 
88, 1, 2, 0, 0, 0, 0, 1, 0, 1, 1, 0, 0, 4, 1, 0, 0, 1, 1, 0, 0, 1, 0, 0, 1, 100, 7, 1, 0, 60, 9, 5, 8, 19, 5, 2, 1, 38, 8, 10, 4, 35, 5, 3, 4, 4, 4, 2, 1, 22, 4, 1, 0, 48, 1, 3, 2, 0, 0, 1, 0, 60, 9, 4, 6, 19, 4, 9, 5, 36, 5, 0, 0, 6, 3, 10, 6, 3, 0, 0, 0, 1, 0, 0, 0, 1, 0, 0, 0, 0, 0, 0, 0, 0, 0, 0, 0, 2, 0, 0, 0, 1, 0, 0, 0, 0, 0, 0, 0, 1, 0, 0, 0, 
89, 0, 1, 1, 0, 1, 2, 1, 1, 0, 0, 1, 0, 1, 0, 0, 0, 0, 1, 0, 0, 0, 1, 1, 2, 100, 5, 2, 2, 60, 7, 11, 8, 20, 5, 0, 1, 35, 9, 11, 9, 27, 7, 2, 5, 1, 1, 2, 5, 15, 2, 6, 3, 39, 2, 1, 0, 5, 1, 3, 2, 63, 3, 5, 5, 17, 8, 3, 3, 47, 0, 0, 1, 7, 4, 5, 3, 1, 0, 0, 0, 3, 0, 0, 0, 0, 0, 0, 0, 1, 0, 0, 0, 2, 0, 0, 0, 0, 0, 0, 0, 2, 0, 0, 0, 1, 0, 0, 0, 0, 0, 0, 0, 
90, 0, 0, 1, 0, 0, 0, 0, 0, 1, 1, 1, 0, 1, 2, 2, 0, 0, 0, 1, 0, 1, 0, 0, 0, 100, 6, 3, 1, 53, 7, 6, 5, 25, 3, 2, 1, 47, 12, 13, 4, 27, 7, 6, 9, 0, 1, 2, 2, 24, 5, 0, 0, 34, 4, 2, 1, 0, 1, 1, 0, 55, 6, 5, 6, 3, 7, 3, 5, 38, 0, 1, 0, 5, 4, 7, 5, 0, 0, 0, 0, 0, 0, 0, 0, 0, 0, 0, 0, 6, 0, 0, 0, 2, 0, 0, 0, 0, 0, 0, 0, 2, 0, 0, 0, 1, 0, 0, 0, 1, 0, 0, 0, 
91, 4, 5, 3, 6, 1, 1, 1, 1, 1, 1, 0, 0, 1, 0, 2, 1, 0, 1, 0, 0, 2, 2, 0, 0, 100, 0, 5, 3, 46, 5, 11, 2, 16, 3, 1, 2, 43, 15, 13, 5, 28, 5, 2, 3, 1, 3, 1, 0, 33, 5, 3, 0, 36, 4, 0, 1, 13, 2, 0, 1, 50, 7, 4, 6, 4, 5, 4, 2, 27, 0, 1, 0, 1, 3, 4, 2, 1, 0, 0, 0, 2, 0, 0, 0, 3, 0, 0, 0, 0, 0, 0, 0, 1, 0, 0, 0, 1, 0, 0, 0, 0, 0, 0, 0, 1, 0, 0, 0, 2, 0, 0, 0, 
92, 5, 7, 2, 5, 0, 0, 0, 0, 0, 1, 0, 0, 5, 5, 0, 0, 3, 0, 1, 1, 1, 0, 0, 1, 100, 3, 5, 1, 51, 12, 2, 9, 6, 4, 8, 8, 49, 13, 6, 9, 24, 8, 5, 1, 12, 4, 1, 2, 36, 2, 1, 3, 25, 2, 3, 1, 13, 7, 2, 0, 55, 7, 3, 3, 9, 5, 2, 3, 25, 2, 2, 1, 2, 3, 3, 2, 1, 0, 0, 0, 2, 0, 0, 0, 1, 0, 0, 0, 0, 0, 0, 0, 1, 0, 0, 0, 0, 0, 0, 0, 1, 0, 0, 0, 0, 0, 0, 0, 1, 0, 0, 0, 
93, 7, 10, 6, 7, 4, 2, 3, 0, 0, 1, 2, 0, 1, 0, 0, 0, 0, 0, 0, 0, 3, 0, 1, 0, 100, 3, 0, 2, 63, 14, 9, 5, 9, 8, 6, 6, 54, 9, 8, 11, 5, 7, 7, 3, 19, 2, 0, 1, 38, 3, 1, 1, 15, 3, 0, 3, 13, 1, 1, 1, 49, 11, 2, 6, 4, 5, 4, 4, 10, 0, 0, 0, 10, 3, 1, 1, 1, 0, 0, 0, 0, 0, 0, 0, 0, 0, 0, 0, 1, 0, 0, 0, 0, 0, 0, 0, 1, 0, 0, 0, 0, 0, 0, 0, 0, 0, 0, 0, 1, 0, 0, 0, 
94, 5, 11, 6, 8, 0, 2, 1, 1, 1, 1, 0, 0, 1, 1, 0, 1, 0, 0, 1, 3, 0, 2, 0, 0, 100, 2, 1, 1, 79, 8, 1, 5, 3, 8, 5, 1, 63, 6, 10, 11, 2, 7, 1, 3, 9, 2, 1, 1, 39, 6, 1, 4, 26, 4, 3, 0, 19, 1, 0, 1, 45, 5, 12, 0, 9, 5, 1, 1, 17, 1, 0, 2, 15, 0, 0, 0, 0, 0, 0, 0, 1, 0, 0, 0, 0, 0, 0, 0, 0, 0, 0, 0, 1, 0, 0, 0, 2, 0, 0, 0, 0, 0, 0, 0, 0, 0, 0, 0, 0, 0, 0, 0, 
95, 2, 6, 5, 9, 0, 3, 2, 0, 0, 1, 1, 0, 1, 0, 0, 0, 1, 0, 0, 0, 0, 0, 0, 0, 100, 1, 1, 1, 73, 8, 7, 5, 7, 4, 7, 5, 64, 10, 16, 7, 3, 1, 0, 2, 23, 2, 0, 2, 49, 4, 2, 2, 22, 2, 1, 0, 28, 0, 3, 2, 42, 3, 4, 6, 4, 3, 5, 3, 15, 0, 0, 1, 15, 0, 2, 0, 0, 0, 0, 0, 2, 0, 0, 0, 0, 0, 0, 0, 0, 0, 0, 0, 2, 0, 0, 0, 0, 0, 0, 0, 0, 0, 0, 0, 0, 0, 0, 0, 1, 0, 0, 0, 
96, 5, 3, 7, 6, 0, 0, 0, 0, 0, 0, 0, 0, 1, 0, 0, 0, 0, 1, 0, 0, 0, 0, 0, 0, 100, 4, 5, 8, 78, 7, 9, 6, 10, 6, 2, 2, 62, 15, 16, 10, 1, 0, 0, 1, 22, 0, 2, 1, 49, 1, 3, 3, 24, 2, 2, 0, 35, 0, 2, 1, 38, 8, 4, 6, 4, 3, 11, 4, 5, 1, 2, 1, 5, 0, 1, 1, 1, 0, 0, 0, 1, 0, 0, 0, 0, 0, 0, 0, 0, 0, 0, 0, 0, 0, 0, 0, 1, 0, 0, 0, 0, 0, 0, 0, 3, 0, 0, 0, 0, 0, 0, 0, 
97, 2, 2, 0, 1, 0, 0, 0, 0, 0, 1, 3, 0, 0, 0, 0, 1, 0, 1, 0, 0, 2, 1, 1, 0, 100, 7, 4, 4, 83, 4, 4, 7, 3, 2, 4, 3, 68, 11, 7, 8, 3, 3, 2, 4, 30, 1, 0, 2, 50, 2, 4, 0, 30, 2, 0, 4, 35, 0, 2, 0, 29, 5, 2, 3, 2, 6, 0, 5, 3, 2, 0, 0, 7, 0, 0, 1, 0, 0, 0, 0, 1, 0, 0, 0, 1, 0, 0, 0, 0, 0, 0, 0, 0, 0, 0, 0, 2, 0, 0, 0, 1, 0, 0, 0, 0, 0, 0, 0, 1, 0, 0, 0, 
98, 1, 0, 0, 0, 0, 0, 1, 0, 0, 0, 0, 0, 1, 0, 0, 2, 1, 2, 0, 1, 0, 1, 0, 1, 100, 3, 7, 1, 67, 10, 7, 8, 3, 3, 2, 0, 69, 10, 11, 7, 9, 7, 4, 3, 33, 2, 3, 1, 48, 1, 1, 3, 21, 3, 2, 1, 20, 1, 0, 0, 33, 6, 11, 4, 4, 3, 4, 4, 6, 1, 1, 0, 0, 1, 0, 0, 1, 0, 0, 0, 0, 0, 0, 0, 1, 0, 0, 0, 0, 0, 0, 0, 1, 0, 0, 0, 0, 0, 0, 0, 0, 0, 0, 0, 0, 0, 0, 0, 0, 0, 0, 0, 
99, 1, 1, 0, 0, 3, 1, 4, 0, 0, 0, 0, 1, 0, 1, 0, 0, 0, 2, 2, 1, 0, 0, 1, 1, 100, 2, 4, 3, 74, 8, 8, 4, 2, 0, 1, 0, 76, 16, 7, 5, 4, 7, 4, 4, 33, 2, 1, 0, 50, 8, 3, 1, 20, 3, 1, 1, 11, 1, 0, 1, 23, 1, 6, 3, 6, 1, 1, 6, 4, 0, 0, 0, 0, 1, 3, 0, 1, 0, 0, 0, 1, 0, 0, 0, 0, 0, 0, 0, 1, 0, 0, 0, 0, 0, 0, 0, 2, 0, 0, 0, 1, 0, 0, 0, 1, 0, 0, 0, 1, 0, 0, 0, 