0, 1, 1, 4, 0, 2, 0, 0, 0, 0, 1, 3, 0, 0, 0, 0, 0, 0, 0, 0, 0, 0, 1, 1, 0, 7, 4, 4, 1, 1, 0, 0, 1, 0, 0, 0, 2, 0, 3, 1, 2, 4, 0, 2, 0, 1, 0, 0, 0, 7, 0, 1, 0, 0, 0, 2, 0, 2, 0, 3, 1, 2, 0, 1, 1, 1, 0, 1, 0, 5, 6, 0, 0, 0, 1, 0, 0, 0, 0, 0, 0, 0, 0, 0, 0, 1, 0, 0, 0, 0, 0, 0, 0, 1, 0, 0, 0, 0, 0, 0, 0, 0, 0, 0, 0, 1, 0, 0, 0, 3, 0, 0, 0, 
1, 0, 0, 0, 0, 2, 1, 1, 6, 1, 0, 0, 0, 0, 1, 1, 1, 1, 0, 0, 0, 0, 0, 0, 1, 9, 2, 1, 1, 7, 0, 1, 2, 4, 3, 3, 2, 0, 0, 0, 0, 0, 0, 0, 0, 1, 1, 2, 0, 9, 0, 0, 0, 0, 0, 0, 0, 0, 2, 1, 0, 2, 3, 4, 8, 1, 2, 3, 3, 5, 5, 6, 4, 2, 0, 0, 0, 0, 0, 0, 0, 2, 0, 0, 0, 0, 0, 0, 0, 0, 0, 0, 0, 1, 0, 0, 0, 0, 0, 0, 0, 0, 0, 0, 0, 0, 0, 0, 0, 2, 0, 0, 0, 
2, 1, 2, 1, 0, 0, 1, 1, 0, 0, 0, 1, 0, 1, 0, 0, 0, 0, 0, 1, 1, 0, 3, 1, 3, 9, 0, 0, 0, 0, 0, 3, 1, 0, 1, 0, 0, 2, 1, 0, 2, 12, 3, 2, 0, 0, 0, 1, 2, 21, 0, 0, 0, 2, 2, 4, 1, 0, 0, 0, 1, 5, 9, 6, 1, 3, 0, 0, 0, 12, 4, 6, 3, 3, 2, 0, 0, 0, 0, 0, 0, 0, 0, 0, 0, 1, 0, 0, 0, 3, 0, 0, 0, 1, 0, 0, 0, 0, 0, 0, 0, 1, 0, 0, 0, 0, 0, 0, 0, 0, 0, 0, 0, 
3, 2, 2, 0, 1, 0, 4, 1, 2, 0, 0, 0, 3, 0, 1, 1, 0, 2, 0, 1, 0, 0, 0, 0, 0, 2, 4, 1, 1, 0, 0, 0, 1, 2, 2, 0, 1, 0, 0, 0, 0, 6, 1, 2, 1, 6, 1, 1, 1, 24, 0, 2, 0, 1, 2, 2, 1, 2, 0, 0, 0, 8, 6, 8, 9, 1, 2, 2, 4, 12, 7, 6, 6, 7, 1, 2, 0, 0, 0, 0, 0, 2, 0, 0, 0, 0, 0, 0, 0, 1, 0, 0, 0, 1, 0, 0, 0, 2, 0, 0, 0, 0, 0, 0, 0, 1, 0, 0, 0, 1, 0, 0, 0, 
4, 1, 0, 2, 0, 0, 0, 0, 0, 0, 1, 0, 0, 0, 0, 0, 0, 0, 2, 0, 1, 0, 0, 0, 1, 3, 1, 1, 2, 3, 0, 2, 1, 6, 4, 1, 5, 2, 1, 0, 1, 2, 0, 3, 2, 3, 2, 0, 3, 26, 3, 0, 0, 6, 7, 1, 0, 1, 0, 2, 1, 6, 7, 7, 9, 1, 4, 1, 1, 22, 5, 5, 2, 0, 0, 0, 0, 0, 0, 0, 0, 0, 0, 0, 0, 1, 0, 0, 0, 0, 0, 0, 0, 2, 0, 0, 0, 0, 0, 0, 0, 0, 0, 0, 0, 1, 0, 0, 0, 0, 0, 0, 0, 
5, 0, 2, 2, 1, 0, 0, 0, 0, 1, 0, 1, 0, 1, 0, 0, 1, 2, 1, 0, 0, 0, 1, 1, 0, 3, 3, 5, 2, 1, 2, 1, 3, 0, 0, 1, 1, 10, 2, 1, 4, 7, 3, 3, 8, 4, 5, 1, 3, 17, 1, 0, 1, 13, 1, 1, 2, 0, 2, 2, 1, 10, 14, 9, 5, 2, 3, 2, 2, 21, 6, 5, 3, 1, 0, 1, 0, 2, 0, 0, 0, 1, 0, 0, 0, 0, 0, 0, 0, 0, 0, 0, 0, 0, 0, 0, 0, 1, 0, 0, 0, 0, 0, 0, 0, 1, 0, 0, 0, 0, 0, 0, 0, 
6, 0, 0, 0, 1, 0, 0, 1, 0, 1, 0, 0, 0, 3, 0, 2, 1, 0, 0, 0, 0, 0, 0, 0, 0, 8, 4, 6, 4, 6, 1, 1, 2, 2, 2, 3, 3, 4, 3, 5, 3, 9, 6, 6, 5, 2, 0, 0, 0, 10, 2, 1, 1, 12, 5, 6, 2, 6, 4, 5, 1, 5, 8, 4, 4, 1, 0, 1, 0, 21, 1, 4, 2, 5, 2, 4, 3, 2, 0, 0, 0, 0, 0, 0, 0, 1, 0, 0, 0, 1, 0, 0, 0, 1, 0, 0, 0, 0, 0, 0, 0, 1, 0, 0, 0, 1, 0, 0, 0, 1, 0, 0, 0, 
7, 0, 0, 2, 1, 0, 0, 1, 0, 1, 0, 0, 0, 0, 0, 0, 0, 0, 0, 0, 0, 2, 0, 0, 1, 7, 4, 3, 11, 1, 0, 1, 2, 3, 10, 4, 2, 2, 4, 6, 3, 16, 4, 3, 8, 1, 2, 2, 3, 5, 1, 0, 0, 20, 0, 4, 1, 4, 3, 4, 1, 3, 2, 2, 1, 3, 0, 2, 0, 25, 4, 4, 0, 1, 1, 1, 1, 1, 0, 0, 0, 2, 0, 0, 0, 0, 0, 0, 0, 1, 0, 0, 0, 0, 0, 0, 0, 1, 0, 0, 0, 0, 0, 0, 0, 0, 0, 0, 0, 0, 0, 0, 0, 
8, 1, 2, 0, 2, 0, 3, 0, 2, 1, 0, 0, 0, 1, 0, 3, 0, 0, 1, 1, 1, 6, 0, 0, 1, 9, 3, 7, 7, 0, 2, 1, 3, 6, 7, 4, 7, 1, 1, 1, 0, 20, 4, 5, 2, 3, 1, 1, 1, 1, 1, 0, 2, 1, 2, 5, 0, 0, 0, 0, 0, 2, 1, 0, 2, 0, 0, 0, 3, 30, 5, 5, 4, 3, 3, 0, 1, 2, 0, 0, 0, 0, 0, 0, 0, 1, 0, 0, 0, 3, 0, 0, 0, 1, 0, 0, 0, 0, 0, 0, 0, 0, 0, 0, 0, 2, 0, 0, 0, 1, 0, 0, 0, 
9, 2, 3, 1, 4, 2, 7, 1, 2, 0, 1, 0, 0, 1, 0, 0, 0, 0, 1, 0, 0, 1, 3, 1, 1, 8, 7, 6, 7, 4, 4, 4, 6, 5, 7, 4, 8, 4, 8, 2, 3, 18, 5, 2, 3, 5, 4, 2, 0, 1, 0, 2, 2, 0, 0, 0, 1, 1, 1, 2, 3, 2, 3, 0, 2, 1, 3, 2, 4, 21, 3, 3, 5, 3, 4, 3, 1, 0, 0, 0, 0, 1, 0, 0, 0, 3, 0, 0, 0, 0, 0, 0, 0, 2, 0, 0, 0, 0, 0, 0, 0, 0, 0, 0, 0, 1, 0, 0, 0, 0, 0, 0, 0, 
10, 2, 4, 2, 1, 0, 1, 1, 1, 1, 5, 3, 1, 0, 0, 0, 1, 0, 0, 0, 0, 0, 2, 1, 0, 8, 6, 6, 5, 3, 6, 3, 6, 6, 3, 12, 4, 3, 3, 2, 1, 15, 3, 4, 4, 0, 0, 0, 0, 1, 1, 0, 0, 2, 6, 6, 4, 3, 2, 1, 2, 1, 3, 0, 2, 1, 2, 4, 3, 29, 1, 4, 4, 4, 2, 8, 4, 3, 0, 0, 0, 2, 0, 0, 0, 1, 0, 0, 0, 1, 0, 0, 0, 0, 0, 0, 0, 1, 0, 0, 0, 0, 0, 0, 0, 0, 0, 0, 0, 0, 0, 0, 0, 
11, 0, 0, 0, 0, 0, 0, 0, 1, 0, 1, 0, 0, 1, 2, 0, 0, 1, 0, 0, 1, 0, 1, 1, 0, 13, 4, 11, 7, 0, 1, 1, 0, 25, 3, 14, 12, 1, 2, 3, 0, 24, 6, 6, 2, 0, 0, 0, 2, 1, 0, 0, 0, 7, 9, 8, 7, 0, 1, 0, 1, 3, 2, 5, 7, 8, 0, 1, 4, 26, 5, 2, 2, 0, 0, 0, 0, 0, 0, 0, 0, 0, 0, 0, 0, 1, 0, 0, 0, 1, 0, 0, 0, 1, 0, 0, 0, 0, 0, 0, 0, 2, 0, 0, 0, 1, 0, 0, 0, 2, 0, 0, 0, 
12, 0, 1, 1, 0, 0, 0, 0, 0, 1, 0, 0, 0, 0, 0, 0, 0, 0, 2, 2, 0, 1, 1, 0, 1, 7, 6, 6, 8, 0, 1, 0, 0, 27, 6, 5, 5, 7, 2, 2, 2, 23, 5, 3, 3, 4, 1, 0, 0, 0, 2, 0, 1, 8, 8, 7, 9, 2, 1, 3, 3, 5, 8, 9, 7, 8, 3, 1, 1, 15, 3, 2, 2, 9, 3, 4, 0, 1, 0, 0, 0, 0, 0, 0, 0, 1, 0, 0, 0, 0, 0, 0, 0, 1, 0, 0, 0, 1, 0, 0, 0, 0, 0, 0, 0, 0, 0, 0, 0, 1, 0, 0, 0, 
13, 1, 0, 1, 0, 2, 1, 3, 1, 1, 3, 0, 1, 0, 2, 0, 2, 1, 1, 1, 0, 1, 1, 2, 1, 3, 1, 4, 2, 2, 0, 1, 1, 17, 6, 8, 4, 2, 5, 1, 1, 19, 1, 1, 2, 2, 0, 1, 1, 2, 2, 1, 3, 6, 7, 6, 9, 6, 3, 7, 5, 5, 5, 5, 3, 3, 2, 1, 2, 11, 5, 1, 3, 15, 0, 3, 3, 0, 0, 0, 0, 1, 0, 0, 0, 1, 0, 0, 0, 0, 0, 0, 0, 2, 0, 0, 0, 0, 0, 0, 0, 0, 0, 0, 0, 2, 0, 0, 0, 0, 0, 0, 0, 
14, 2, 0, 0, 0, 2, 1, 0, 1, 0, 0, 1, 0, 0, 0, 0, 0, 3, 1, 0, 0, 3, 4, 2, 1, 3, 3, 1, 2, 1, 0, 0, 0, 8, 2, 1, 6, 9, 1, 2, 1, 19, 3, 3, 4, 7, 7, 1, 4, 2, 1, 1, 1, 8, 12, 6, 9, 2, 4, 5, 6, 4, 3, 6, 1, 1, 0, 2, 2, 2, 4, 2, 1, 5, 7, 1, 3, 0, 0, 0, 0, 1, 0, 0, 0, 0, 0, 0, 0, 0, 0, 0, 0, 0, 0, 0, 0, 2, 0, 0, 0, 0, 0, 0, 0, 1, 0, 0, 0, 1, 0, 0, 0, 
15, 4, 0, 0, 1, 0, 0, 0, 0, 1, 0, 0, 1, 1, 0, 1, 2, 1, 1, 0, 1, 0, 1, 1, 0, 2, 3, 5, 3, 0, 1, 2, 0, 4, 7, 4, 4, 8, 2, 1, 0, 20, 5, 4, 3, 12, 11, 5, 6, 1, 1, 0, 0, 8, 7, 5, 7, 6, 4, 6, 2, 5, 5, 3, 2, 2, 2, 0, 1, 1, 2, 1, 5, 7, 4, 5, 1, 1, 0, 0, 0, 0, 0, 0, 0, 0, 0, 0, 0, 0, 0, 0, 0, 2, 0, 0, 0, 1, 0, 0, 0, 0, 0, 0, 0, 0, 0, 0, 0, 1, 0, 0, 0, 
16, 3, 0, 0, 1, 0, 0, 1, 2, 0, 1, 1, 1, 2, 1, 1, 0, 0, 2, 0, 0, 0, 0, 0, 1, 2, 3, 2, 3, 0, 1, 0, 0, 2, 2, 4, 2, 2, 0, 2, 0, 6, 5, 3, 1, 32, 10, 10, 6, 0, 0, 0, 1, 6, 6, 8, 7, 7, 5, 6, 1, 5, 1, 5, 4, 13, 1, 1, 1, 6, 6, 1, 6, 3, 1, 1, 2, 0, 0, 0, 0, 4, 0, 0, 0, 1, 0, 0, 0, 0, 0, 0, 0, 0, 0, 0, 0, 2, 0, 0, 0, 1, 0, 0, 0, 0, 0, 0, 0, 1, 0, 0, 0, 
17, 0, 0, 2, 0, 0, 1, 0, 0, 0, 0, 2, 0, 1, 0, 0, 1, 0, 0, 1, 0, 2, 0, 1, 1, 2, 0, 0, 2, 4, 3, 1, 3, 0, 1, 0, 4, 5, 2, 5, 2, 5, 4, 5, 10, 22, 6, 8, 10, 0, 0, 1, 2, 8, 7, 4, 4, 0, 2, 6, 10, 6, 2, 7, 3, 17, 1, 0, 2, 10, 2, 5, 4, 5, 0, 1, 2, 0, 0, 0, 0, 0, 0, 0, 0, 1, 0, 0, 0, 1, 0, 0, 0, 0, 0, 0, 0, 0, 0, 0, 0, 1, 0, 0, 0, 0, 0, 0, 0, 0, 0, 0, 0, 
18, 2, 0, 0, 0, 0, 0, 1, 0, 2, 1, 4, 1, 0, 0, 0, 0, 0, 1, 1, 1, 0, 0, 0, 0, 0, 1, 1, 0, 3, 3, 6, 0, 4, 3, 3, 0, 0, 1, 5, 1, 10, 7, 6, 5, 16, 11, 4, 5, 2, 0, 0, 0, 10, 5, 6, 10, 5, 5, 2, 2, 2, 5, 3, 4, 16, 0, 0, 1, 5, 2, 2, 3, 1, 3, 1, 1, 0, 0, 0, 0, 0, 0, 0, 0, 1, 0, 0, 0, 1, 0, 0, 0, 1, 0, 0, 0, 0, 0, 0, 0, 0, 0, 0, 0, 1, 0, 0, 0, 0, 0, 0, 0, 
19, 0, 1, 1, 0, 1, 1, 0, 0, 1, 0, 0, 1, 0, 0, 0, 1, 0, 0, 0, 0, 0, 1, 0, 0, 1, 1, 0, 1, 9, 0, 3, 3, 2, 2, 2, 1, 2, 0, 0, 0, 3, 1, 1, 0, 15, 12, 11, 5, 0, 2, 6, 1, 5, 4, 3, 5, 0, 4, 2, 3, 3, 7, 6, 4, 20, 1, 0, 1, 6, 0, 1, 0, 3, 1, 3, 4, 3, 0, 0, 0, 1, 0, 0, 0, 0, 0, 0, 0, 0, 0, 0, 0, 1, 0, 0, 0, 0, 0, 0, 0, 0, 0, 0, 0, 1, 0, 0, 0, 3, 0, 0, 0, 
20, 0, 0, 2, 1, 0, 1, 0, 0, 1, 7, 1, 0, 1, 0, 2, 1, 0, 1, 0, 0, 0, 0, 0, 0, 2, 2, 0, 2, 2, 2, 3, 1, 0, 0, 0, 0, 2, 5, 2, 2, 0, 0, 0, 1, 15, 4, 7, 5, 2, 2, 0, 0, 3, 0, 0, 1, 4, 3, 3, 4, 4, 4, 2, 2, 32, 0, 1, 0, 15, 1, 0, 3, 2, 1, 0, 0, 0, 0, 0, 0, 1, 0, 0, 0, 1, 0, 0, 0, 0, 0, 0, 0, 1, 0, 0, 0, 0, 0, 0, 0, 7, 0, 0, 0, 2, 0, 0, 0, 2, 0, 0, 0, 
21, 1, 0, 0, 0, 0, 1, 1, 0, 1, 0, 0, 0, 1, 0, 1, 1, 1, 0, 0, 0, 2, 2, 1, 0, 15, 4, 1, 2, 3, 2, 2, 1, 7, 3, 2, 3, 5, 1, 1, 0, 5, 3, 4, 6, 3, 3, 4, 5, 0, 0, 0, 0, 8, 1, 0, 0, 12, 0, 2, 2, 3, 0, 3, 1, 35, 3, 1, 0, 13, 0, 0, 1, 5, 1, 4, 1, 1, 0, 0, 0, 0, 0, 0, 0, 3, 0, 0, 0, 0, 0, 0, 0, 0, 0, 0, 0, 1, 0, 0, 0, 0, 0, 0, 0, 3, 0, 0, 0, 0, 0, 0, 0, 
22, 3, 1, 1, 3, 1, 0, 0, 2, 0, 0, 0, 1, 1, 4, 0, 0, 0, 0, 0, 0, 1, 0, 0, 1, 26, 0, 1, 1, 6, 3, 6, 4, 4, 5, 13, 3, 0, 1, 0, 0, 13, 3, 3, 1, 2, 4, 5, 6, 1, 0, 0, 2, 2, 1, 2, 1, 4, 2, 3, 2, 8, 0, 2, 3, 44, 0, 0, 1, 20, 0, 3, 0, 4, 1, 2, 0, 0, 0, 0, 0, 1, 0, 0, 0, 1, 0, 0, 0, 2, 0, 0, 0, 0, 0, 0, 0, 2, 0, 0, 0, 2, 0, 0, 0, 0, 0, 0, 0, 4, 0, 0, 0, 
23, 0, 4, 1, 1, 3, 2, 0, 0, 1, 0, 1, 0, 0, 0, 0, 1, 2, 0, 1, 0, 0, 1, 0, 0, 26, 1, 1, 2, 5, 3, 4, 6, 10, 8, 6, 7, 0, 1, 1, 0, 1, 2, 2, 1, 0, 2, 0, 1, 2, 0, 1, 0, 0, 2, 3, 0, 1, 0, 0, 1, 6, 5, 1, 4, 35, 1, 2, 1, 28, 2, 0, 0, 7, 5, 7, 5, 0, 0, 0, 0, 2, 0, 0, 0, 0, 0, 0, 0, 1, 0, 0, 0, 0, 0, 0, 0, 2, 0, 0, 0, 2, 0, 0, 0, 0, 0, 0, 0, 1, 0, 0, 0, 
24, 1, 0, 0, 0, 0, 0, 0, 0, 1, 0, 0, 0, 0, 0, 0, 0, 0, 3, 0, 0, 0, 0, 0, 1, 23, 4, 0, 1, 11, 11, 11, 5, 18, 3, 6, 10, 0, 0, 0, 1, 2, 2, 4, 3, 1, 2, 2, 0, 7, 1, 0, 1, 1, 4, 3, 1, 0, 1, 0, 1, 8, 3, 7, 4, 37, 2, 0, 0, 31, 2, 0, 0, 5, 7, 1, 3, 1, 0, 0, 0, 2, 0, 0, 0, 0, 0, 0, 0, 1, 0, 0, 0, 0, 0, 0, 0, 1, 0, 0, 0, 0, 0, 0, 0, 2, 0, 0, 0, 1, 0, 0, 0, 
25, 0, 0, 1, 0, 0, 6, 1, 1, 0, 0, 1, 0, 0, 1, 1, 0, 0, 1, 0, 0, 0, 1, 0, 0, 13, 5, 2, 1, 16, 8, 10, 2, 11, 4, 4, 2, 5, 5, 1, 2, 5, 4, 1, 3, 2, 0, 0, 0, 2, 2, 0, 1, 1, 2, 1, 1, 12, 6, 2, 2, 8, 8, 10, 4, 56, 8, 0, 0, 38, 1, 1, 0, 4, 5, 0, 2, 0, 0, 0, 0, 3, 0, 0, 0, 2, 0, 0, 0, 0, 0, 0, 0, 0, 0, 0, 0, 0, 0, 0, 0, 0, 0, 0, 0, 2, 0, 0, 0, 1, 0, 0, 0, 
26, 0, 1, 0, 0, 0, 1, 1, 1, 2, 1, 0, 2, 0, 3, 0, 1, 0, 3, 1, 2, 2, 0, 0, 2, 27, 4, 2, 1, 10, 7, 9, 6, 15, 2, 6, 9, 2, 5, 4, 5, 3, 3, 4, 2, 6, 3, 1, 0, 1, 4, 1, 1, 3, 4, 0, 1, 22, 3, 0, 0, 5, 9, 8, 8, 63, 0, 2, 1, 25, 1, 0, 0, 12, 0, 0, 1, 1, 0, 0, 0, 1, 0, 0, 0, 0, 0, 0, 0, 1, 0, 0, 0, 1, 0, 0, 0, 0, 0, 0, 0, 1, 0, 0, 0, 1, 0, 0, 0, 1, 0, 0, 0, 
27, 0, 0, 0, 0, 2, 0, 2, 0, 0, 0, 0, 0, 0, 0, 1, 1, 0, 1, 0, 0, 1, 0, 0, 0, 13, 2, 5, 1, 12, 9, 14, 9, 7, 10, 10, 9, 4, 3, 2, 4, 2, 5, 5, 3, 0, 1, 0, 1, 2, 2, 2, 2, 2, 0, 1, 2, 11, 2, 2, 1, 6, 11, 7, 3, 50, 1, 0, 1, 35, 6, 0, 0, 14, 1, 2, 1, 2, 0, 0, 0, 0, 0, 0, 0, 2, 0, 0, 0, 1, 0, 0, 0, 0, 0, 0, 0, 0, 0, 0, 0, 2, 0, 0, 0, 0, 0, 0, 0, 0, 0, 0, 0, 
28, 0, 1, 0, 0, 0, 4, 1, 0, 0, 0, 0, 0, 0, 0, 0, 1, 1, 7, 1, 1, 2, 1, 0, 0, 28, 2, 4, 1, 11, 11, 11, 8, 8, 5, 16, 8, 2, 5, 3, 1, 4, 5, 2, 5, 0, 0, 4, 1, 2, 3, 2, 0, 4, 4, 3, 7, 18, 0, 0, 1, 12, 6, 7, 2, 44, 1, 1, 0, 42, 2, 0, 0, 25, 3, 1, 0, 0, 0, 0, 0, 1, 0, 0, 0, 1, 0, 0, 0, 0, 0, 0, 0, 0, 0, 0, 0, 1, 0, 0, 0, 0, 0, 0, 0, 1, 0, 0, 0, 0, 0, 0, 0, 
29, 1, 0, 2, 1, 1, 0, 0, 0, 1, 2, 0, 2, 0, 3, 0, 0, 0, 1, 2, 0, 0, 0, 1, 0, 31, 2, 4, 0, 6, 12, 11, 15, 10, 5, 8, 9, 7, 3, 7, 4, 2, 0, 0, 0, 4, 4, 4, 1, 2, 3, 0, 0, 20, 5, 6, 2, 11, 1, 2, 1, 1, 4, 5, 3, 21, 1, 0, 0, 37, 1, 1, 0, 26, 3, 2, 2, 0, 0, 0, 0, 0, 0, 0, 0, 1, 0, 0, 0, 0, 0, 0, 0, 0, 0, 0, 0, 0, 0, 0, 0, 1, 0, 0, 0, 1, 0, 0, 0, 1, 0, 0, 0, 
30, 1, 2, 2, 2, 0, 2, 1, 2, 1, 0, 2, 1, 0, 0, 0, 0, 0, 1, 0, 0, 3, 0, 0, 1, 26, 3, 4, 3, 17, 9, 8, 8, 10, 9, 3, 3, 6, 4, 3, 5, 4, 7, 3, 0, 3, 3, 4, 5, 0, 1, 1, 1, 9, 5, 7, 4, 4, 3, 2, 1, 2, 2, 3, 2, 7, 1, 2, 1, 31, 0, 2, 0, 31, 0, 1, 1, 1, 0, 0, 0, 0, 0, 0, 0, 1, 0, 0, 0, 1, 0, 0, 0, 0, 0, 0, 0, 1, 0, 0, 0, 0, 0, 0, 0, 0, 0, 0, 0, 3, 0, 0, 0, 
31, 0, 2, 1, 1, 1, 1, 1, 4, 0, 0, 0, 0, 0, 0, 0, 0, 0, 0, 0, 0, 0, 0, 0, 0, 35, 3, 3, 2, 4, 5, 8, 13, 7, 5, 5, 1, 2, 4, 3, 2, 3, 2, 4, 3, 1, 3, 0, 1, 2, 2, 3, 0, 22, 3, 1, 3, 2, 3, 0, 3, 2, 1, 1, 1, 7, 1, 2, 1, 33, 1, 0, 0, 40, 0, 0, 0, 0, 0, 0, 0, 0, 0, 0, 0, 2, 0, 0, 0, 1, 0, 0, 0, 1, 0, 0, 0, 1, 0, 0, 0, 1, 0, 0, 0, 1, 0, 0, 0, 1, 0, 0, 0, 
32, 0, 0, 1, 0, 2, 0, 0, 0, 1, 1, 2, 1, 1, 1, 0, 1, 1, 0, 0, 0, 0, 0, 1, 0, 28, 1, 3, 1, 5, 14, 10, 5, 1, 2, 1, 4, 1, 1, 3, 4, 10, 2, 3, 2, 5, 1, 6, 0, 1, 0, 0, 0, 9, 5, 6, 6, 1, 3, 5, 4, 13, 3, 0, 3, 8, 0, 0, 3, 28, 1, 0, 0, 46, 5, 0, 0, 1, 0, 0, 0, 0, 0, 0, 0, 1, 0, 0, 0, 2, 0, 0, 0, 2, 0, 0, 0, 3, 0, 0, 0, 1, 0, 0, 0, 1, 0, 0, 0, 0, 0, 0, 0, 
33, 0, 1, 0, 1, 0, 0, 0, 2, 0, 0, 0, 1, 0, 2, 0, 0, 0, 0, 0, 0, 1, 3, 0, 1, 36, 0, 2, 2, 16, 10, 4, 8, 9, 10, 2, 3, 12, 3, 5, 2, 7, 11, 8, 5, 2, 1, 0, 1, 1, 1, 1, 0, 2, 3, 3, 2, 1, 2, 3, 4, 4, 2, 0, 2, 2, 0, 0, 1, 24, 5, 2, 2, 46, 2, 1, 0, 1, 0, 0, 0, 0, 0, 0, 0, 3, 0, 0, 0, 0, 0, 0, 0, 0, 0, 0, 0, 0, 0, 0, 0, 1, 0, 0, 0, 1, 0, 0, 0, 2, 0, 0, 0, 
34, 1, 1, 1, 0, 0, 0, 2, 0, 0, 0, 0, 0, 0, 1, 0, 1, 0, 0, 0, 0, 0, 0, 1, 1, 37, 1, 2, 4, 14, 8, 5, 10, 4, 7, 1, 5, 1, 4, 3, 6, 14, 8, 6, 4, 5, 2, 6, 2, 4, 4, 1, 4, 1, 0, 0, 0, 3, 5, 3, 4, 3, 3, 4, 2, 2, 3, 3, 4, 30, 2, 1, 1, 28, 1, 2, 0, 2, 0, 0, 0, 0, 0, 0, 0, 1, 0, 0, 0, 1, 0, 0, 0, 1, 0, 0, 0, 0, 0, 0, 0, 0, 0, 0, 0, 1, 0, 0, 0, 2, 0, 0, 0, 
35, 2, 2, 2, 1, 1, 1, 0, 0, 0, 0, 1, 0, 0, 0, 0, 0, 0, 0, 1, 0, 0, 0, 0, 1, 35, 3, 4, 2, 9, 12, 11, 13, 0, 0, 0, 0, 3, 2, 6, 4, 7, 11, 6, 5, 8, 3, 5, 7, 9, 4, 5, 5, 3, 2, 2, 3, 4, 3, 2, 1, 7, 3, 4, 5, 4, 0, 1, 1, 24, 2, 0, 0, 10, 4, 1, 0, 0, 0, 0, 0, 2, 0, 0, 0, 0, 0, 0, 0, 0, 0, 0, 0, 0, 0, 0, 0, 1, 0, 0, 0, 1, 0, 0, 0, 1, 0, 0, 0, 0, 0, 0, 0, 
36, 5, 3, 1, 1, 0, 1, 0, 0, 0, 1, 0, 0, 1, 1, 0, 1, 0, 0, 0, 0, 0, 0, 0, 0, 30, 4, 1, 6, 23, 5, 9, 5, 4, 5, 5, 1, 1, 0, 1, 0, 11, 6, 13, 7, 1, 5, 4, 1, 7, 3, 6, 7, 3, 3, 5, 3, 7, 3, 0, 3, 11, 1, 8, 3, 3, 1, 4, 4, 18, 3, 0, 0, 27, 4, 0, 2, 1, 0, 0, 0, 2, 0, 0, 0, 0, 0, 0, 0, 0, 0, 0, 0, 0, 0, 0, 0, 2, 0, 0, 0, 2, 0, 0, 0, 0, 0, 0, 0, 1, 0, 0, 0, 
37, 2, 2, 0, 2, 0, 1, 0, 0, 0, 1, 1, 1, 0, 0, 0, 0, 1, 3, 0, 0, 0, 2, 0, 2, 39, 2, 2, 3, 29, 13, 13, 3, 4, 3, 1, 3, 0, 0, 1, 0, 4, 6, 12, 2, 0, 0, 0, 0, 8, 4, 7, 10, 2, 1, 3, 1, 6, 0, 3, 2, 10, 3, 4, 3, 4, 6, 3, 1, 21, 3, 1, 0, 37, 2, 1, 0, 0, 0, 0, 0, 2, 0, 0, 0, 0, 0, 0, 0, 0, 0, 0, 0, 2, 0, 0, 0, 0, 0, 0, 0, 1, 0, 0, 0, 1, 0, 0, 0, 0, 0, 0, 0, 
38, 2, 5, 0, 2, 6, 2, 0, 1, 0, 0, 1, 2, 0, 1, 1, 0, 1, 0, 1, 0, 0, 0, 1, 0, 49, 1, 1, 0, 31, 16, 8, 5, 7, 3, 3, 5, 1, 0, 0, 0, 14, 8, 7, 5, 1, 1, 1, 1, 5, 5, 6, 9, 4, 0, 0, 2, 2, 3, 2, 2, 4, 2, 5, 2, 5, 3, 6, 1, 25, 0, 0, 0, 29, 2, 3, 0, 1, 0, 0, 0, 2, 0, 0, 0, 0, 0, 0, 0, 1, 0, 0, 0, 1, 0, 0, 0, 0, 0, 0, 0, 0, 0, 0, 0, 1, 0, 0, 0, 0, 0, 0, 0, 
39, 1, 0, 0, 0, 0, 0, 0, 0, 0, 1, 0, 0, 0, 1, 0, 0, 2, 2, 2, 0, 1, 1, 1, 1, 59, 2, 4, 2, 29, 4, 11, 8, 23, 7, 3, 4, 5, 1, 2, 4, 14, 4, 3, 5, 2, 4, 3, 2, 7, 7, 8, 9, 0, 1, 1, 0, 0, 3, 1, 1, 2, 0, 2, 2, 5, 2, 5, 3, 9, 0, 0, 1, 35, 2, 1, 0, 0, 0, 0, 0, 0, 0, 0, 0, 1, 0, 0, 0, 1, 0, 0, 0, 0, 0, 0, 0, 0, 0, 0, 0, 1, 0, 0, 0, 0, 0, 0, 0, 0, 0, 0, 0, 
40, 0, 2, 0, 2, 1, 0, 0, 0, 0, 4, 1, 3, 1, 0, 1, 0, 0, 3, 1, 1, 0, 1, 0, 2, 65, 1, 0, 2, 18, 12, 12, 2, 37, 5, 4, 2, 8, 2, 0, 0, 20, 4, 4, 4, 1, 2, 1, 0, 4, 6, 7, 7, 12, 1, 0, 0, 2, 0, 2, 1, 6, 5, 0, 0, 2, 1, 0, 0, 7, 1, 0, 0, 33, 1, 1, 1, 1, 0, 0, 0, 1, 0, 0, 0, 0, 0, 0, 0, 0, 0, 0, 0, 0, 0, 0, 0, 0, 0, 0, 0, 0, 0, 0, 0, 1, 0, 0, 0, 2, 0, 0, 0, 
41, 0, 1, 0, 1, 2, 0, 1, 2, 2, 2, 2, 1, 0, 0, 0, 1, 0, 0, 0, 0, 0, 1, 2, 4, 50, 2, 4, 1, 12, 8, 9, 13, 27, 0, 4, 6, 8, 0, 3, 0, 13, 3, 8, 3, 3, 5, 4, 1, 3, 13, 3, 4, 11, 0, 0, 2, 14, 0, 0, 2, 0, 0, 0, 1, 3, 2, 2, 2, 3, 0, 0, 0, 42, 4, 0, 2, 2, 0, 0, 0, 0, 0, 0, 0, 0, 0, 0, 0, 1, 0, 0, 0, 1, 0, 0, 0, 0, 0, 0, 0, 1, 0, 0, 0, 1, 0, 0, 0, 0, 0, 0, 0, 
42, 0, 0, 0, 0, 1, 0, 0, 0, 1, 0, 0, 0, 0, 0, 0, 0, 1, 1, 0, 0, 0, 1, 0, 0, 52, 2, 2, 2, 4, 8, 9, 1, 36, 2, 4, 4, 10, 6, 2, 0, 9, 5, 4, 7, 2, 3, 5, 4, 3, 2, 4, 1, 24, 3, 1, 1, 5, 0, 0, 1, 1, 0, 1, 0, 2, 2, 3, 2, 7, 2, 0, 0, 53, 4, 2, 2, 0, 0, 0, 0, 0, 0, 0, 0, 0, 0, 0, 0, 0, 0, 0, 0, 1, 0, 0, 0, 5, 0, 0, 0, 0, 0, 0, 0, 1, 0, 0, 0, 1, 0, 0, 0, 
43, 1, 0, 0, 1, 0, 0, 0, 0, 0, 0, 0, 0, 1, 0, 3, 0, 0, 0, 2, 0, 0, 1, 1, 1, 43, 3, 2, 2, 10, 10, 3, 5, 30, 6, 4, 3, 18, 2, 1, 1, 20, 10, 3, 6, 3, 4, 3, 3, 5, 6, 4, 6, 14, 5, 1, 0, 9, 1, 0, 0, 0, 0, 1, 0, 9, 2, 0, 0, 9, 0, 0, 2, 61, 2, 0, 2, 2, 0, 0, 0, 0, 0, 0, 0, 3, 0, 0, 0, 0, 0, 0, 0, 0, 0, 0, 0, 0, 0, 0, 0, 0, 0, 0, 0, 0, 0, 0, 0, 0, 0, 0, 0, 
44, 1, 0, 0, 0, 0, 0, 0, 0, 0, 4, 1, 0, 1, 0, 0, 0, 0, 1, 1, 0, 0, 0, 0, 0, 41, 6, 5, 3, 11, 5, 5, 4, 36, 4, 2, 2, 27, 1, 2, 1, 14, 7, 4, 6, 2, 0, 1, 0, 4, 6, 9, 6, 12, 1, 2, 0, 22, 2, 1, 0, 2, 5, 1, 3, 12, 0, 1, 1, 0, 4, 0, 1, 56, 0, 0, 1, 1, 0, 0, 0, 0, 0, 0, 0, 0, 0, 0, 0, 0, 0, 0, 0, 0, 0, 0, 0, 0, 0, 0, 0, 3, 0, 0, 0, 4, 0, 0, 0, 1, 0, 0, 0, 
45, 0, 0, 0, 0, 0, 1, 0, 0, 0, 0, 0, 0, 1, 1, 2, 1, 2, 2, 3, 1, 0, 0, 0, 0, 47, 2, 2, 2, 7, 7, 4, 2, 34, 6, 3, 1, 15, 2, 2, 1, 6, 9, 3, 2, 0, 1, 0, 0, 5, 4, 3, 2, 19, 2, 0, 0, 22, 3, 0, 1, 2, 5, 1, 1, 0, 0, 1, 1, 0, 1, 1, 2, 67, 2, 1, 0, 1, 0, 0, 0, 2, 0, 0, 0, 1, 0, 0, 0, 1, 0, 0, 0, 0, 0, 0, 0, 1, 0, 0, 0, 1, 0, 0, 0, 0, 0, 0, 0, 1, 0, 0, 0, 
46, 1, 0, 1, 0, 0, 0, 1, 0, 0, 0, 1, 0, 0, 1, 0, 0, 1, 0, 0, 0, 0, 0, 0, 0, 40, 3, 1, 1, 3, 4, 5, 5, 41, 4, 4, 2, 12, 0, 3, 1, 10, 7, 7, 6, 2, 1, 0, 0, 12, 7, 1, 2, 21, 1, 0, 0, 14, 2, 0, 2, 2, 1, 1, 1, 2, 0, 1, 2, 2, 3, 2, 2, 69, 1, 2, 2, 3, 0, 0, 0, 0, 0, 0, 0, 0, 0, 0, 0, 0, 0, 0, 0, 1, 0, 0, 0, 1, 0, 0, 0, 0, 0, 0, 0, 1, 0, 0, 0, 2, 0, 0, 0, 
47, 0, 0, 0, 0, 4, 2, 1, 2, 2, 1, 0, 0, 0, 1, 1, 2, 0, 1, 1, 1, 0, 0, 0, 1, 50, 2, 1, 1, 3, 5, 8, 6, 43, 3, 2, 6, 17, 1, 0, 3, 14, 8, 6, 12, 7, 4, 0, 1, 5, 2, 1, 0, 11, 0, 0, 1, 19, 0, 4, 0, 0, 2, 2, 0, 2, 1, 3, 3, 0, 1, 0, 0, 69, 1, 1, 0, 1, 0, 0, 0, 1, 0, 0, 0, 1, 0, 0, 0, 2, 0, 0, 0, 2, 0, 0, 0, 0, 0, 0, 0, 1, 0, 0, 0, 0, 0, 0, 0, 0, 0, 0, 0, 
48, 0, 4, 1, 3, 1, 2, 1, 0, 2, 0, 0, 1, 1, 1, 1, 0, 0, 1, 1, 0, 1, 1, 0, 0, 56, 4, 3, 3, 5, 7, 7, 8, 32, 6, 4, 2, 19, 8, 0, 1, 17, 7, 5, 6, 9, 0, 0, 0, 6, 3, 1, 0, 3, 4, 0, 1, 21, 1, 1, 0, 0, 1, 0, 1, 0, 1, 1, 2, 1, 1, 2, 0, 67, 1, 0, 0, 3, 0, 0, 0, 0, 0, 0, 0, 0, 0, 0, 0, 0, 0, 0, 0, 0, 0, 0, 0, 0, 0, 0, 0, 2, 0, 0, 0, 0, 0, 0, 0, 0, 0, 0, 0, 
49, 2, 0, 2, 3, 0, 0, 1, 0, 0, 0, 0, 1, 1, 0, 1, 0, 0, 0, 1, 0, 1, 0, 1, 1, 59, 3, 5, 1, 8, 10, 6, 3, 42, 5, 5, 5, 22, 2, 0, 0, 14, 5, 8, 7, 15, 0, 1, 1, 0, 1, 4, 3, 22, 0, 1, 1, 25, 1, 2, 1, 0, 1, 2, 0, 2, 0, 0, 0, 4, 4, 2, 1, 58, 2, 0, 2, 0, 0, 0, 0, 0, 0, 0, 0, 0, 0, 0, 0, 0, 0, 0, 0, 0, 0, 0, 0, 0, 0, 0, 0, 0, 0, 0, 0, 1, 0, 0, 0, 3, 0, 0, 0, 
50, 1, 0, 0, 0, 1, 5, 1, 0, 0, 0, 2, 1, 0, 0, 0, 0, 0, 2, 0, 0, 0, 2, 0, 0, 51, 1, 1, 2, 7, 5, 10, 7, 54, 8, 3, 4, 18, 2, 1, 1, 25, 8, 6, 4, 14, 2, 0, 1, 4, 2, 4, 1, 2, 4, 1, 1, 29, 2, 2, 0, 1, 0, 0, 0, 4, 3, 1, 0, 5, 4, 3, 2, 58, 1, 1, 0, 0, 0, 0, 0, 2, 0, 0, 0, 0, 0, 0, 0, 1, 0, 0, 0, 0, 0, 0, 0, 0, 0, 0, 0, 1, 0, 0, 0, 2, 0, 0, 0, 1, 0, 0, 0, 
51, 0, 1, 0, 1, 1, 2, 1, 2, 2, 0, 2, 1, 0, 0, 0, 1, 1, 0, 0, 1, 1, 4, 0, 0, 54, 8, 1, 3, 7, 12, 8, 2, 61, 1, 2, 2, 5, 1, 2, 0, 30, 12, 6, 7, 19, 3, 0, 0, 0, 0, 0, 1, 4, 1, 1, 0, 16, 0, 1, 0, 4, 1, 1, 6, 5, 4, 4, 5, 4, 4, 4, 5, 59, 1, 0, 1, 0, 0, 0, 0, 0, 0, 0, 0, 1, 0, 0, 0, 2, 0, 0, 0, 1, 0, 0, 0, 1, 0, 0, 0, 1, 0, 0, 0, 4, 0, 0, 0, 0, 0, 0, 0, 
52, 1, 2, 2, 3, 0, 0, 0, 0, 1, 0, 0, 2, 0, 0, 0, 0, 0, 2, 1, 1, 1, 2, 0, 0, 76, 12, 1, 3, 4, 7, 8, 3, 69, 3, 3, 2, 0, 1, 2, 0, 26, 8, 7, 3, 22, 1, 3, 0, 1, 2, 0, 4, 23, 0, 0, 0, 17, 2, 1, 0, 3, 6, 1, 3, 3, 2, 3, 4, 1, 1, 2, 1, 55, 4, 0, 1, 1, 0, 0, 0, 1, 0, 0, 0, 1, 0, 0, 0, 0, 0, 0, 0, 0, 0, 0, 0, 0, 0, 0, 0, 1, 0, 0, 0, 0, 0, 0, 0, 1, 0, 0, 0, 
53, 0, 0, 1, 2, 0, 0, 1, 0, 0, 0, 0, 0, 0, 1, 0, 0, 0, 0, 0, 1, 1, 0, 0, 0, 84, 0, 4, 2, 7, 4, 6, 3, 60, 2, 1, 3, 8, 6, 6, 6, 31, 5, 8, 1, 10, 1, 0, 0, 4, 1, 3, 4, 6, 0, 1, 0, 0, 3, 2, 0, 4, 2, 3, 2, 0, 0, 0, 0, 4, 0, 0, 2, 65, 1, 2, 0, 2, 0, 0, 0, 1, 0, 0, 0, 0, 0, 0, 0, 1, 0, 0, 0, 1, 0, 0, 0, 0, 0, 0, 0, 0, 0, 0, 0, 1, 0, 0, 0, 2, 0, 0, 0, 
54, 0, 1, 0, 0, 0, 0, 1, 0, 0, 0, 0, 0, 0, 0, 0, 0, 1, 0, 0, 0, 2, 4, 2, 4, 76, 2, 1, 2, 3, 4, 3, 5, 61, 4, 2, 5, 10, 10, 6, 11, 31, 3, 4, 5, 9, 0, 0, 0, 10, 0, 1, 1, 0, 0, 1, 1, 2, 2, 2, 0, 4, 1, 0, 0, 0, 1, 0, 2, 4, 1, 1, 0, 60, 0, 1, 2, 1, 0, 0, 0, 2, 0, 0, 0, 3, 0, 0, 0, 0, 0, 0, 0, 2, 0, 0, 0, 0, 0, 0, 0, 2, 0, 0, 0, 0, 0, 0, 0, 1, 0, 0, 0, 
55, 0, 0, 0, 0, 2, 0, 3, 1, 0, 1, 0, 0, 5, 0, 0, 0, 0, 0, 1, 0, 1, 2, 2, 0, 86, 4, 4, 0, 0, 8, 5, 0, 63, 2, 7, 1, 4, 5, 8, 8, 12, 8, 8, 6, 0, 0, 0, 2, 2, 0, 0, 2, 1, 0, 0, 2, 1, 0, 0, 1, 9, 1, 2, 1, 6, 1, 2, 3, 2, 7, 2, 4, 55, 1, 1, 0, 0, 0, 0, 0, 1, 0, 0, 0, 0, 0, 0, 0, 0, 0, 0, 0, 2, 0, 0, 0, 2, 0, 0, 0, 0, 0, 0, 0, 2, 0, 0, 0, 0, 0, 0, 0, 
56, 4, 0, 3, 3, 0, 0, 0, 0, 1, 2, 1, 1, 1, 0, 0, 1, 1, 1, 2, 0, 0, 1, 1, 3, 96, 3, 0, 3, 9, 7, 5, 2, 55, 7, 6, 3, 9, 6, 2, 8, 13, 4, 4, 4, 1, 1, 1, 2, 0, 0, 0, 1, 0, 0, 0, 0, 1, 0, 2, 3, 7, 2, 5, 4, 3, 1, 1, 1, 2, 4, 5, 6, 60, 2, 3, 1, 1, 0, 0, 0, 1, 0, 0, 0, 1, 0, 0, 0, 1, 0, 0, 0, 1, 0, 0, 0, 1, 0, 0, 0, 1, 0, 0, 0, 0, 0, 0, 0, 1, 0, 0, 0, 
57, 4, 1, 0, 1, 0, 0, 0, 1, 2, 0, 0, 0, 0, 1, 0, 0, 1, 1, 1, 0, 3, 5, 0, 1, 96, 5, 0, 0, 17, 7, 2, 5, 50, 2, 4, 2, 6, 8, 3, 4, 13, 5, 6, 8, 1, 0, 1, 0, 3, 0, 0, 0, 0, 1, 1, 2, 1, 1, 1, 0, 16, 0, 0, 1, 0, 4, 2, 0, 5, 7, 3, 3, 56, 0, 1, 1, 0, 0, 0, 0, 0, 0, 0, 0, 0, 0, 0, 0, 0, 0, 0, 0, 0, 0, 0, 0, 2, 0, 0, 0, 2, 0, 0, 0, 3, 0, 0, 0, 3, 0, 0, 0, 
58, 0, 2, 0, 1, 0, 1, 0, 1, 1, 0, 0, 0, 0, 1, 0, 0, 2, 1, 1, 1, 1, 0, 1, 2, 98, 2, 1, 4, 12, 5, 3, 7, 55, 4, 3, 1, 1, 7, 3, 2, 14, 12, 6, 1, 0, 1, 0, 0, 5, 2, 3, 3, 0, 3, 1, 0, 3, 2, 1, 1, 6, 2, 1, 1, 1, 1, 1, 0, 0, 0, 0, 0, 57, 0, 3, 2, 2, 0, 0, 0, 0, 0, 0, 0, 1, 0, 0, 0, 0, 0, 0, 0, 3, 0, 0, 0, 1, 0, 0, 0, 1, 0, 0, 0, 0, 0, 0, 0, 0, 0, 0, 0, 
59, 0, 0, 0, 0, 0, 2, 0, 0, 1, 0, 0, 1, 1, 3, 0, 1, 1, 0, 0, 0, 0, 0, 1, 0, 100, 2, 2, 3, 11, 7, 3, 3, 54, 1, 5, 4, 2, 3, 5, 1, 23, 3, 7, 10, 1, 0, 1, 2, 3, 8, 8, 4, 6, 8, 5, 6, 1, 2, 0, 1, 1, 1, 0, 0, 2, 3, 0, 2, 3, 1, 1, 1, 40, 2, 2, 1, 1, 0, 0, 0, 1, 0, 0, 0, 0, 0, 0, 0, 0, 0, 0, 0, 0, 0, 0, 0, 1, 0, 0, 0, 0, 0, 0, 0, 2, 0, 0, 0, 2, 0, 0, 0, 
60, 0, 0, 0, 1, 0, 1, 0, 0, 1, 2, 0, 0, 0, 0, 0, 0, 2, 3, 1, 0, 0, 0, 0, 0, 100, 0, 1, 3, 12, 8, 9, 6, 58, 4, 4, 5, 1, 1, 0, 0, 24, 5, 4, 6, 0, 2, 0, 0, 6, 2, 2, 2, 5, 7, 4, 11, 4, 2, 4, 2, 3, 3, 3, 0, 4, 1, 0, 3, 2, 2, 0, 2, 46, 0, 4, 2, 0, 0, 0, 0, 0, 0, 0, 0, 2, 0, 0, 0, 1, 0, 0, 0, 1, 0, 0, 0, 1, 0, 0, 0, 0, 0, 0, 0, 0, 0, 0, 0, 0, 0, 0, 0, 
61, 1, 0, 1, 0, 0, 0, 0, 0, 0, 0, 2, 1, 0, 2, 0, 1, 0, 1, 1, 1, 8, 1, 0, 1, 100, 2, 2, 3, 20, 12, 7, 2, 65, 4, 7, 7, 1, 1, 1, 2, 13, 10, 3, 5, 0, 1, 4, 1, 15, 4, 3, 2, 5, 5, 6, 6, 1, 3, 3, 4, 7, 4, 2, 5, 1, 1, 1, 0, 0, 1, 0, 0, 50, 0, 0, 0, 0, 0, 0, 0, 1, 0, 0, 0, 0, 0, 0, 0, 1, 0, 0, 0, 0, 0, 0, 0, 0, 0, 0, 0, 0, 0, 0, 0, 0, 0, 0, 0, 1, 0, 0, 0, 
62, 4, 1, 0, 1, 0, 0, 1, 0, 2, 0, 0, 1, 0, 0, 0, 0, 0, 0, 0, 0, 1, 0, 0, 0, 100, 1, 2, 6, 10, 8, 11, 6, 65, 4, 7, 3, 8, 2, 1, 1, 14, 6, 4, 5, 1, 1, 1, 0, 31, 3, 7, 4, 3, 4, 9, 7, 2, 1, 1, 4, 5, 8, 6, 2, 0, 0, 1, 0, 1, 0, 0, 0, 56, 1, 0, 0, 1, 0, 0, 0, 1, 0, 0, 0, 1, 0, 0, 0, 1, 0, 0, 0, 2, 0, 0, 0, 0, 0, 0, 0, 3, 0, 0, 0, 0, 0, 0, 0, 0, 0, 0, 0, 
63, 3, 1, 1, 0, 5, 3, 4, 1, 0, 1, 0, 1, 0, 0, 0, 1, 0, 0, 0, 0, 0, 0, 0, 0, 100, 0, 1, 2, 8, 6, 6, 5, 63, 5, 0, 1, 9, 3, 0, 0, 11, 4, 4, 6, 1, 0, 0, 2, 41, 5, 3, 1, 4, 9, 3, 5, 4, 5, 2, 7, 7, 4, 11, 3, 2, 1, 2, 2, 4, 4, 2, 0, 50, 1, 4, 2, 0, 0, 0, 0, 0, 0, 0, 0, 2, 0, 0, 0, 1, 0, 0, 0, 0, 0, 0, 0, 2, 0, 0, 0, 1, 0, 0, 0, 0, 0, 0, 0, 0, 0, 0, 0, 
64, 1, 0, 3, 0, 1, 2, 0, 0, 0, 3, 1, 2, 0, 2, 0, 0, 0, 2, 1, 0, 0, 0, 1, 0, 94, 1, 1, 1, 5, 2, 5, 8, 56, 8, 4, 3, 18, 6, 1, 3, 6, 10, 20, 12, 8, 2, 5, 1, 38, 2, 3, 5, 0, 0, 0, 1, 9, 4, 4, 6, 0, 1, 0, 2, 1, 0, 0, 0, 1, 2, 2, 1, 61, 1, 1, 0, 1, 0, 0, 0, 0, 0, 0, 0, 0, 0, 0, 0, 0, 0, 0, 0, 1, 0, 0, 0, 1, 0, 0, 0, 1, 0, 0, 0, 1, 0, 0, 0, 3, 0, 0, 0, 
65, 1, 1, 2, 1, 0, 3, 1, 1, 0, 0, 0, 0, 1, 1, 0, 0, 0, 0, 0, 1, 0, 1, 0, 0, 87, 3, 1, 3, 3, 4, 2, 3, 48, 6, 2, 2, 33, 3, 2, 0, 26, 8, 14, 7, 12, 1, 0, 1, 49, 3, 2, 0, 2, 2, 1, 1, 6, 13, 10, 5, 1, 4, 3, 3, 0, 0, 0, 0, 8, 0, 0, 0, 49, 5, 0, 1, 2, 0, 0, 0, 1, 0, 0, 0, 1, 0, 0, 0, 1, 0, 0, 0, 2, 0, 0, 0, 0, 0, 0, 0, 1, 0, 0, 0, 1, 0, 0, 0, 2, 0, 0, 0, 
66, 0, 0, 1, 1, 2, 1, 1, 0, 1, 0, 1, 0, 0, 0, 0, 0, 2, 4, 1, 2, 1, 2, 2, 1, 89, 3, 0, 2, 8, 1, 3, 2, 39, 3, 1, 4, 43, 3, 1, 2, 11, 10, 9, 10, 5, 2, 3, 0, 37, 4, 3, 3, 1, 2, 0, 2, 6, 9, 9, 16, 6, 2, 2, 3, 3, 6, 2, 4, 4, 5, 0, 0, 53, 0, 2, 1, 0, 0, 0, 0, 0, 0, 0, 0, 1, 0, 0, 0, 1, 0, 0, 0, 0, 0, 0, 0, 1, 0, 0, 0, 0, 0, 0, 0, 1, 0, 0, 0, 0, 0, 0, 0, 
67, 1, 0, 1, 0, 1, 0, 2, 2, 0, 1, 1, 0, 0, 0, 1, 0, 1, 1, 1, 0, 0, 1, 0, 0, 100, 1, 1, 1, 18, 1, 3, 2, 35, 1, 2, 6, 42, 1, 1, 2, 13, 9, 11, 8, 2, 1, 1, 1, 29, 1, 0, 1, 0, 1, 0, 0, 12, 10, 5, 10, 3, 6, 3, 3, 8, 10, 5, 8, 6, 0, 0, 0, 40, 1, 0, 1, 0, 0, 0, 0, 2, 0, 0, 0, 2, 0, 0, 0, 0, 0, 0, 0, 2, 0, 0, 0, 0, 0, 0, 0, 2, 0, 0, 0, 0, 0, 0, 0, 1, 0, 0, 0, 
68, 0, 1, 0, 0, 0, 2, 0, 0, 0, 1, 0, 0, 1, 1, 0, 0, 1, 3, 0, 1, 0, 1, 0, 0, 100, 6, 4, 2, 15, 2, 3, 1, 28, 5, 5, 5, 35, 0, 3, 0, 13, 7, 10, 5, 0, 0, 1, 1, 18, 1, 3, 2, 12, 6, 2, 2, 4, 5, 3, 6, 1, 1, 4, 2, 11, 8, 14, 7, 3, 2, 0, 1, 40, 4, 2, 0, 1, 0, 0, 0, 2, 0, 0, 0, 0, 0, 0, 0, 0, 0, 0, 0, 1, 0, 0, 0, 0, 0, 0, 0, 0, 0, 0, 0, 2, 0, 0, 0, 0, 0, 0, 0, 
69, 1, 0, 1, 1, 0, 1, 0, 0, 1, 1, 1, 0, 1, 0, 0, 1, 1, 3, 2, 1, 0, 0, 0, 1, 100, 4, 3, 2, 14, 6, 1, 1, 39, 3, 6, 0, 21, 1, 1, 0, 9, 9, 11, 6, 0, 1, 0, 2, 6, 3, 3, 4, 3, 2, 2, 2, 3, 2, 1, 7, 7, 5, 8, 4, 24, 10, 11, 6, 0, 2, 2, 0, 35, 5, 1, 0, 0, 0, 0, 0, 0, 0, 0, 0, 1, 0, 0, 0, 0, 0, 0, 0, 0, 0, 0, 0, 0, 0, 0, 0, 1, 0, 0, 0, 0, 0, 0, 0, 0, 0, 0, 0, 
70, 0, 0, 0, 0, 0, 0, 1, 0, 0, 1, 2, 0, 0, 0, 1, 1, 0, 0, 0, 1, 0, 0, 0, 0, 100, 2, 0, 1, 13, 0, 0, 5, 30, 2, 5, 1, 18, 5, 2, 1, 8, 14, 12, 13, 2, 1, 2, 0, 7, 2, 2, 4, 11, 1, 1, 4, 3, 3, 2, 5, 1, 3, 4, 7, 21, 13, 6, 11, 0, 1, 0, 0, 44, 3, 1, 2, 1, 0, 0, 0, 1, 0, 0, 0, 0, 0, 0, 0, 1, 0, 0, 0, 0, 0, 0, 0, 0, 0, 0, 0, 2, 0, 0, 0, 1, 0, 0, 0, 3, 0, 0, 0, 
71, 0, 2, 0, 0, 0, 1, 0, 0, 0, 1, 0, 0, 1, 2, 0, 0, 0, 0, 0, 0, 3, 1, 3, 2, 90, 0, 4, 0, 5, 3, 4, 2, 20, 4, 3, 4, 17, 4, 1, 0, 13, 10, 15, 14, 2, 1, 2, 2, 5, 3, 2, 8, 9, 2, 0, 0, 7, 3, 2, 7, 2, 3, 0, 4, 32, 7, 13, 7, 2, 0, 2, 0, 52, 1, 3, 0, 5, 0, 0, 0, 0, 0, 0, 0, 1, 0, 0, 0, 1, 0, 0, 0, 1, 0, 0, 0, 0, 0, 0, 0, 2, 0, 0, 0, 0, 0, 0, 0, 3, 0, 0, 0, 
72, 1, 0, 0, 0, 0, 0, 0, 0, 0, 0, 0, 0, 0, 1, 1, 0, 0, 1, 0, 0, 0, 0, 1, 0, 92, 1, 0, 2, 4, 0, 1, 3, 33, 5, 8, 1, 4, 1, 0, 1, 12, 13, 12, 11, 13, 0, 1, 1, 5, 6, 2, 2, 0, 0, 0, 1, 11, 2, 8, 4, 1, 2, 3, 1, 43, 11, 9, 9, 5, 5, 0, 1, 51, 1, 3, 0, 0, 0, 0, 0, 1, 0, 0, 0, 1, 0, 0, 0, 0, 0, 0, 0, 0, 0, 0, 0, 1, 0, 0, 0, 2, 0, 0, 0, 0, 0, 0, 0, 1, 0, 0, 0, 
73, 0, 0, 0, 1, 2, 4, 2, 1, 0, 0, 0, 0, 0, 1, 0, 2, 0, 0, 0, 0, 1, 0, 1, 1, 85, 3, 2, 1, 2, 3, 4, 3, 29, 3, 2, 2, 5, 2, 3, 2, 14, 12, 10, 9, 6, 2, 0, 2, 0, 1, 1, 1, 9, 2, 1, 0, 3, 1, 4, 6, 7, 1, 1, 0, 52, 4, 8, 9, 6, 0, 0, 1, 64, 3, 1, 0, 0, 0, 0, 0, 2, 0, 0, 0, 1, 0, 0, 0, 1, 0, 0, 0, 0, 0, 0, 0, 2, 0, 0, 0, 0, 0, 0, 0, 1, 0, 0, 0, 0, 0, 0, 0, 
74, 2, 0, 0, 1, 0, 0, 0, 0, 0, 0, 0, 0, 0, 0, 0, 0, 1, 1, 0, 1, 0, 0, 1, 0, 76, 1, 1, 2, 0, 1, 4, 4, 34, 5, 7, 1, 0, 1, 0, 1, 15, 7, 13, 11, 1, 0, 0, 0, 0, 0, 0, 0, 2, 0, 1, 1, 4, 2, 5, 4, 0, 1, 3, 0, 48, 10, 9, 9, 0, 1, 0, 1, 66, 0, 2, 3, 0, 0, 0, 0, 1, 0, 0, 0, 1, 0, 0, 0, 2, 0, 0, 0, 1, 0, 0, 0, 1, 0, 0, 0, 0, 0, 0, 0, 1, 0, 0, 0, 0, 0, 0, 0, 
75, 2, 1, 1, 0, 0, 3, 1, 2, 3, 2, 3, 0, 0, 0, 1, 1, 0, 0, 0, 0, 1, 0, 0, 0, 84, 3, 4, 1, 2, 3, 1, 5, 40, 1, 3, 7, 1, 1, 1, 0, 9, 8, 10, 8, 0, 1, 2, 0, 2, 2, 1, 2, 4, 4, 5, 6, 6, 2, 1, 8, 0, 0, 0, 0, 46, 10, 9, 8, 1, 1, 0, 0, 66, 3, 2, 1, 1, 0, 0, 0, 0, 0, 0, 0, 0, 0, 0, 0, 1, 0, 0, 0, 0, 0, 0, 0, 1, 0, 0, 0, 1, 0, 0, 0, 0, 0, 0, 0, 0, 0, 0, 0, 
76, 1, 0, 0, 0, 1, 1, 0, 0, 0, 0, 1, 1, 2, 0, 1, 1, 0, 0, 0, 3, 0, 0, 0, 0, 71, 1, 2, 2, 1, 3, 0, 0, 32, 1, 3, 3, 3, 2, 1, 2, 15, 12, 7, 11, 2, 0, 0, 1, 2, 1, 0, 0, 4, 4, 6, 5, 3, 1, 3, 0, 2, 0, 1, 3, 50, 11, 5, 6, 1, 3, 2, 4, 66, 2, 0, 2, 0, 0, 0, 0, 2, 0, 0, 0, 0, 0, 0, 0, 5, 0, 0, 0, 2, 0, 0, 0, 1, 0, 0, 0, 1, 0, 0, 0, 0, 0, 0, 0, 0, 0, 0, 0, 
77, 0, 0, 1, 1, 1, 3, 1, 0, 0, 1, 0, 0, 0, 0, 1, 0, 0, 0, 0, 0, 1, 0, 1, 1, 83, 4, 4, 2, 2, 2, 1, 1, 16, 8, 4, 2, 2, 2, 2, 1, 4, 6, 6, 6, 3, 2, 1, 1, 1, 6, 3, 4, 7, 6, 3, 5, 4, 3, 3, 1, 2, 3, 5, 2, 44, 11, 9, 8, 0, 1, 0, 0, 54, 2, 0, 1, 0, 0, 0, 0, 0, 0, 0, 0, 0, 0, 0, 0, 3, 0, 0, 0, 2, 0, 0, 0, 0, 0, 0, 0, 0, 0, 0, 0, 1, 0, 0, 0, 0, 0, 0, 0, 
78, 0, 0, 0, 0, 0, 0, 0, 0, 1, 0, 1, 1, 3, 2, 0, 1, 2, 0, 0, 0, 1, 0, 0, 0, 90, 3, 2, 0, 2, 2, 6, 2, 23, 8, 5, 7, 2, 0, 0, 2, 6, 6, 3, 6, 2, 2, 0, 2, 0, 6, 1, 3, 3, 5, 2, 8, 0, 1, 1, 3, 0, 1, 0, 0, 50, 10, 9, 6, 2, 2, 3, 2, 44, 2, 1, 1, 0, 0, 0, 0, 0, 0, 0, 0, 3, 0, 0, 0, 0, 0, 0, 0, 0, 0, 0, 0, 0, 0, 0, 0, 2, 0, 0, 0, 3, 0, 0, 0, 2, 0, 0, 0, 
79, 1, 0, 0, 2, 0, 0, 1, 1, 0, 1, 2, 1, 0, 0, 0, 2, 1, 0, 0, 0, 0, 1, 0, 2, 87, 2, 2, 2, 13, 3, 6, 0, 34, 5, 3, 2, 0, 0, 2, 2, 2, 7, 5, 3, 0, 0, 1, 1, 2, 2, 1, 3, 6, 2, 9, 5, 2, 4, 1, 2, 0, 0, 3, 2, 35, 14, 9, 5, 3, 6, 6, 2, 46, 3, 0, 1, 2, 0, 0, 0, 0, 0, 0, 0, 0, 0, 0, 0, 1, 0, 0, 0, 1, 0, 0, 0, 1, 0, 0, 0, 2, 0, 0, 0, 0, 0, 0, 0, 1, 0, 0, 0, 
80, 0, 3, 0, 1, 0, 0, 0, 0, 1, 2, 4, 1, 0, 1, 0, 0, 0, 0, 1, 0, 1, 0, 0, 1, 81, 0, 1, 1, 14, 5, 6, 8, 31, 3, 5, 7, 2, 5, 4, 1, 3, 1, 3, 1, 3, 4, 4, 0, 1, 2, 3, 2, 0, 4, 5, 4, 2, 0, 1, 2, 1, 1, 2, 0, 39, 12, 7, 9, 15, 0, 2, 2, 50, 4, 1, 0, 2, 0, 0, 0, 0, 0, 0, 0, 1, 0, 0, 0, 0, 0, 0, 0, 1, 0, 0, 0, 0, 0, 0, 0, 2, 0, 0, 0, 0, 0, 0, 0, 0, 0, 0, 0, 
81, 7, 1, 4, 4, 0, 0, 0, 0, 1, 0, 1, 3, 0, 2, 1, 1, 3, 1, 0, 1, 0, 1, 0, 0, 75, 4, 1, 1, 28, 4, 10, 3, 33, 8, 6, 2, 1, 1, 0, 0, 1, 0, 1, 1, 2, 3, 3, 1, 3, 6, 6, 2, 5, 7, 4, 4, 2, 1, 0, 1, 0, 1, 0, 0, 37, 14, 13, 7, 17, 3, 2, 1, 45, 1, 0, 2, 1, 0, 0, 0, 2, 0, 0, 0, 2, 0, 0, 0, 1, 0, 0, 0, 2, 0, 0, 0, 1, 0, 0, 0, 1, 0, 0, 0, 0, 0, 0, 0, 3, 0, 0, 0, 
82, 3, 2, 0, 1, 2, 0, 1, 1, 1, 1, 0, 0, 0, 0, 0, 0, 0, 0, 0, 1, 0, 0, 0, 1, 88, 3, 6, 3, 32, 4, 4, 3, 52, 9, 6, 1, 1, 2, 3, 2, 3, 1, 1, 0, 0, 1, 2, 3, 5, 7, 5, 7, 3, 2, 5, 4, 8, 6, 3, 2, 0, 1, 0, 1, 47, 17, 11, 9, 3, 1, 1, 0, 41, 0, 1, 0, 1, 0, 0, 0, 0, 0, 0, 0, 0, 0, 0, 0, 0, 0, 0, 0, 1, 0, 0, 0, 0, 0, 0, 0, 0, 0, 0, 0, 0, 0, 0, 0, 1, 0, 0, 0, 
83, 1, 5, 0, 2, 1, 1, 0, 0, 0, 0, 0, 0, 1, 0, 0, 0, 2, 0, 0, 0, 1, 0, 1, 1, 100, 6, 2, 1, 25, 3, 4, 5, 53, 4, 3, 3, 2, 1, 4, 2, 0, 0, 0, 0, 0, 1, 1, 2, 5, 8, 5, 6, 16, 9, 1, 5, 4, 3, 2, 2, 4, 1, 1, 3, 63, 15, 8, 4, 5, 0, 3, 2, 34, 1, 1, 1, 2, 0, 0, 0, 4, 0, 0, 0, 0, 0, 0, 0, 0, 0, 0, 0, 2, 0, 0, 0, 0, 0, 0, 0, 1, 0, 0, 0, 0, 0, 0, 0, 2, 0, 0, 0, 
84, 0, 1, 1, 0, 4, 1, 0, 0, 0, 2, 1, 2, 1, 1, 1, 0, 0, 0, 0, 0, 0, 3, 0, 1, 87, 2, 0, 1, 28, 6, 4, 1, 46, 3, 6, 4, 2, 0, 2, 0, 3, 2, 0, 2, 2, 0, 2, 1, 6, 1, 9, 1, 32, 4, 1, 2, 0, 3, 0, 1, 3, 5, 3, 4, 67, 13, 7, 7, 22, 4, 2, 5, 26, 5, 3, 1, 0, 0, 0, 0, 1, 0, 0, 0, 2, 0, 0, 0, 2, 0, 0, 0, 0, 0, 0, 0, 1, 0, 0, 0, 0, 0, 0, 0, 0, 0, 0, 0, 2, 0, 0, 0, 
85, 2, 1, 3, 1, 1, 0, 0, 1, 1, 0, 1, 1, 0, 0, 0, 0, 0, 1, 0, 0, 0, 4, 0, 0, 76, 2, 2, 0, 31, 1, 5, 2, 35, 3, 2, 4, 17, 1, 1, 0, 8, 4, 1, 3, 13, 0, 3, 1, 4, 0, 0, 1, 24, 0, 1, 1, 0, 1, 0, 0, 8, 8, 2, 5, 65, 5, 15, 9, 15, 2, 2, 4, 29, 0, 0, 0, 0, 0, 0, 0, 1, 0, 0, 0, 0, 0, 0, 0, 1, 0, 0, 0, 0, 0, 0, 0, 0, 0, 0, 0, 0, 0, 0, 0, 3, 0, 0, 0, 2, 0, 0, 0, 
86, 0, 1, 0, 0, 2, 0, 2, 0, 0, 0, 0, 0, 2, 2, 0, 1, 0, 1, 0, 1, 0, 1, 0, 1, 77, 0, 1, 4, 16, 7, 5, 3, 42, 5, 7, 3, 34, 1, 1, 0, 14, 0, 0, 0, 1, 4, 3, 3, 15, 0, 0, 0, 9, 1, 3, 5, 9, 2, 5, 4, 3, 1, 0, 0, 66, 1, 5, 6, 14, 5, 2, 0, 23, 5, 3, 3, 2, 0, 0, 0, 0, 0, 0, 0, 0, 0, 0, 0, 2, 0, 0, 0, 1, 0, 0, 0, 0, 0, 0, 0, 1, 0, 0, 0, 0, 0, 0, 0, 1, 0, 0, 0, 
87, 4, 1, 0, 3, 0, 0, 0, 1, 1, 1, 0, 0, 2, 0, 1, 0, 2, 2, 2, 1, 1, 0, 1, 0, 77, 2, 2, 2, 20, 4, 5, 7, 34, 7, 9, 3, 32, 0, 0, 0, 4, 2, 0, 0, 11, 9, 3, 5, 6, 2, 1, 1, 5, 3, 6, 2, 4, 4, 0, 3, 0, 0, 1, 1, 51, 11, 4, 6, 1, 2, 2, 1, 39, 3, 1, 2, 1, 0, 0, 0, 0, 0, 0, 0, 0, 0, 0, 0, 1, 0, 0, 0, 2, 0, 0, 0, 5, 0, 0, 0, 0, 0, 0, 0, 1, 0, 0, 0, 0, 0, 0, 0, 
88, 1, 1, 0, 0, 5, 0, 3, 2, 0, 0, 0, 0, 0, 0, 0, 0, 0, 0, 0, 0, 1, 3, 0, 1, 86, 1, 0, 2, 27, 4, 7, 5, 48, 1, 5, 0, 28, 0, 2, 0, 16, 2, 3, 1, 2, 1, 4, 7, 2, 0, 1, 0, 7, 2, 5, 4, 0, 0, 1, 0, 4, 0, 1, 4, 35, 6, 6, 9, 1, 0, 1, 0, 38, 1, 5, 0, 0, 0, 0, 0, 1, 0, 0, 0, 1, 0, 0, 0, 1, 0, 0, 0, 2, 0, 0, 0, 0, 0, 0, 0, 2, 0, 0, 0, 2, 0, 0, 0, 1, 0, 0, 0, 
89, 0, 0, 2, 1, 0, 0, 0, 1, 2, 1, 2, 1, 0, 1, 0, 2, 1, 0, 2, 2, 0, 0, 0, 1, 79, 3, 4, 1, 29, 3, 6, 4, 47, 9, 7, 3, 32, 0, 0, 0, 19, 0, 1, 2, 4, 2, 5, 3, 3, 3, 4, 4, 3, 6, 9, 7, 0, 0, 1, 0, 1, 6, 5, 2, 24, 7, 13, 12, 0, 1, 1, 0, 34, 1, 0, 1, 0, 0, 0, 0, 1, 0, 0, 0, 0, 0, 0, 0, 0, 0, 0, 0, 0, 0, 0, 0, 0, 0, 0, 0, 0, 0, 0, 0, 0, 0, 0, 0, 1, 0, 0, 0, 
90, 0, 1, 2, 1, 0, 0, 0, 0, 0, 1, 1, 0, 0, 0, 0, 0, 1, 1, 1, 1, 1, 0, 0, 2, 84, 2, 0, 2, 46, 5, 5, 8, 57, 4, 4, 2, 24, 1, 0, 1, 20, 3, 1, 0, 8, 3, 2, 1, 1, 1, 0, 0, 7, 9, 6, 11, 2, 1, 0, 0, 3, 6, 5, 2, 22, 4, 6, 5, 5, 3, 4, 5, 33, 2, 1, 0, 2, 0, 0, 0, 2, 0, 0, 0, 0, 0, 0, 0, 1, 0, 0, 0, 0, 0, 0, 0, 2, 0, 0, 0, 0, 0, 0, 0, 0, 0, 0, 0, 1, 0, 0, 0, 
91, 2, 0, 0, 1, 1, 0, 2, 0, 1, 0, 2, 1, 1, 0, 2, 2, 0, 0, 1, 0, 0, 0, 2, 0, 97, 4, 0, 0, 53, 6, 4, 3, 50, 4, 7, 5, 36, 0, 0, 1, 22, 2, 0, 0, 0, 1, 2, 1, 7, 1, 2, 1, 3, 6, 13, 7, 4, 2, 2, 0, 10, 5, 6, 3, 8, 11, 14, 10, 0, 0, 0, 0, 27, 1, 1, 1, 1, 0, 0, 0, 1, 0, 0, 0, 0, 0, 0, 0, 0, 0, 0, 0, 1, 0, 0, 0, 1, 0, 0, 0, 0, 0, 0, 0, 1, 0, 0, 0, 0, 0, 0, 0, 
92, 0, 0, 0, 2, 1, 0, 0, 0, 1, 2, 1, 1, 0, 2, 0, 0, 0, 0, 0, 0, 1, 0, 1, 0, 95, 1, 4, 2, 50, 7, 2, 3, 50, 5, 3, 6, 35, 1, 0, 1, 21, 1, 0, 0, 2, 2, 0, 2, 16, 2, 3, 0, 10, 7, 6, 7, 0, 1, 1, 0, 17, 7, 3, 3, 16, 21, 9, 13, 1, 1, 5, 1, 26, 1, 0, 1, 1, 0, 0, 0, 1, 0, 0, 0, 0, 0, 0, 0, 2, 0, 0, 0, 0, 0, 0, 0, 0, 0, 0, 0, 0, 0, 0, 0, 0, 0, 0, 0, 1, 0, 0, 0, 
93, 1, 1, 2, 2, 1, 3, 1, 1, 0, 1, 0, 1, 0, 2, 0, 1, 0, 0, 2, 0, 0, 2, 1, 0, 100, 2, 1, 2, 44, 4, 10, 8, 50, 6, 3, 5, 45, 8, 0, 1, 23, 3, 2, 1, 7, 3, 2, 0, 23, 1, 2, 2, 10, 2, 8, 7, 0, 0, 0, 0, 14, 3, 0, 3, 19, 8, 10, 17, 5, 2, 2, 1, 20, 0, 1, 0, 0, 0, 0, 0, 0, 0, 0, 0, 0, 0, 0, 0, 0, 0, 0, 0, 2, 0, 0, 0, 1, 0, 0, 0, 1, 0, 0, 0, 1, 0, 0, 0, 0, 0, 0, 0, 
94, 0, 0, 2, 0, 2, 1, 0, 2, 0, 0, 0, 0, 3, 2, 1, 2, 0, 1, 1, 0, 0, 2, 0, 2, 98, 3, 0, 1, 39, 2, 4, 3, 53, 3, 3, 3, 42, 1, 0, 1, 35, 0, 0, 0, 6, 5, 9, 1, 18, 1, 1, 0, 5, 7, 5, 4, 8, 3, 0, 1, 16, 5, 4, 5, 26, 13, 5, 5, 3, 5, 2, 3, 18, 2, 0, 1, 0, 0, 0, 0, 0, 0, 0, 0, 1, 0, 0, 0, 0, 0, 0, 0, 0, 0, 0, 0, 0, 0, 0, 0, 2, 0, 0, 0, 2, 0, 0, 0, 0, 0, 0, 0, 
95, 0, 0, 0, 0, 0, 0, 0, 1, 0, 0, 0, 0, 0, 1, 0, 0, 0, 1, 1, 1, 2, 1, 0, 1, 100, 5, 2, 0, 38, 1, 4, 4, 49, 5, 6, 4, 48, 2, 2, 0, 33, 1, 1, 1, 2, 5, 4, 3, 35, 2, 2, 1, 11, 12, 3, 6, 3, 8, 2, 4, 13, 3, 5, 2, 25, 11, 10, 11, 10, 7, 0, 0, 9, 0, 0, 0, 2, 0, 0, 0, 0, 0, 0, 0, 1, 0, 0, 0, 2, 0, 0, 0, 0, 0, 0, 0, 0, 0, 0, 0, 0, 0, 0, 0, 1, 0, 0, 0, 1, 0, 0, 0, 
96, 3, 1, 3, 0, 1, 0, 0, 0, 0, 0, 1, 0, 1, 0, 0, 0, 0, 0, 0, 1, 0, 0, 0, 0, 100, 0, 3, 0, 25, 5, 4, 1, 46, 4, 3, 0, 53, 2, 1, 1, 33, 1, 1, 2, 3, 6, 5, 4, 50, 5, 0, 0, 20, 9, 15, 9, 0, 1, 0, 1, 1, 2, 2, 3, 26, 7, 12, 11, 0, 2, 0, 1, 5, 1, 2, 2, 2, 0, 0, 0, 0, 0, 0, 0, 3, 0, 0, 0, 2, 0, 0, 0, 1, 0, 0, 0, 0, 0, 0, 0, 0, 0, 0, 0, 0, 0, 0, 0, 0, 0, 0, 0, 
97, 4, 3, 3, 4, 0, 0, 0, 0, 0, 0, 0, 0, 0, 1, 2, 0, 1, 0, 1, 0, 2, 0, 0, 0, 100, 2, 1, 2, 13, 3, 5, 3, 27, 2, 3, 2, 64, 0, 0, 0, 39, 0, 0, 0, 6, 2, 10, 2, 59, 0, 1, 0, 18, 7, 4, 3, 1, 6, 1, 4, 4, 4, 6, 4, 30, 9, 16, 13, 0, 0, 1, 0, 5, 2, 1, 0, 0, 0, 0, 0, 1, 0, 0, 0, 1, 0, 0, 0, 1, 0, 0, 0, 0, 0, 0, 0, 4, 0, 0, 0, 4, 0, 0, 0, 1, 0, 0, 0, 1, 0, 0, 0, 
98, 1, 0, 0, 0, 0, 0, 1, 0, 0, 0, 0, 0, 1, 1, 1, 0, 0, 2, 0, 2, 0, 0, 0, 0, 100, 3, 1, 1, 28, 8, 0, 3, 28, 6, 3, 5, 68, 1, 0, 0, 19, 1, 1, 1, 4, 6, 6, 5, 63, 2, 2, 0, 23, 12, 5, 4, 25, 8, 0, 2, 3, 3, 2, 2, 32, 16, 9, 13, 0, 0, 0, 1, 6, 0, 1, 1, 2, 0, 0, 0, 2, 0, 0, 0, 2, 0, 0, 0, 0, 0, 0, 0, 1, 0, 0, 0, 0, 0, 0, 0, 0, 0, 0, 0, 0, 0, 0, 0, 0, 0, 0, 0, 
99, 0, 0, 1, 0, 1, 0, 2, 0, 0, 0, 1, 0, 0, 0, 0, 1, 0, 2, 0, 0, 1, 1, 0, 1, 100, 3, 3, 4, 32, 8, 3, 5, 41, 3, 2, 1, 66, 1, 1, 0, 11, 0, 2, 1, 1, 2, 0, 1, 63, 0, 0, 2, 24, 5, 11, 3, 16, 2, 4, 0, 3, 2, 4, 1, 26, 9, 9, 11, 11, 3, 3, 0, 21, 2, 1, 0, 0, 0, 0, 0, 0, 0, 0, 0, 1, 0, 0, 0, 0, 0, 0, 0, 1, 0, 0, 0, 1, 0, 0, 0, 0, 0, 0, 0, 0, 0, 0, 0, 0, 0, 0, 0, 