0, 0, 0, 0, 0, 1, 1, 0, 0, 0, 1, 0, 0, 0, 0, 0, 0, 0, 1, 1, 0, 0, 1, 0, 0, 3, 2, 1, 0, 0, 3, 0, 1, 3, 3, 8, 0, 0, 1, 1, 0, 3, 2, 4, 0, 0, 0, 0, 2, 5, 3, 1, 0, 1, 0, 0, 0, 0, 1, 0, 0, 1, 1, 1, 0, 2, 0, 2, 1, 2, 1, 0, 3, 0, 0, 0, 0, 0, 0, 0, 0, 0, 0, 0, 0, 2, 0, 0, 0, 0, 0, 0, 0, 1, 0, 0, 0, 0, 0, 0, 0, 0, 0, 0, 0, 2, 0, 0, 0, 1, 0, 0, 0, 
1, 0, 1, 2, 1, 1, 1, 0, 0, 0, 0, 0, 1, 0, 0, 1, 0, 0, 0, 0, 0, 3, 1, 1, 5, 7, 3, 3, 1, 1, 1, 0, 0, 0, 1, 2, 0, 0, 1, 1, 0, 1, 0, 4, 1, 0, 1, 0, 0, 0, 0, 1, 0, 2, 0, 1, 1, 0, 1, 0, 1, 1, 1, 0, 0, 2, 1, 3, 1, 0, 0, 1, 0, 4, 0, 3, 3, 0, 0, 0, 0, 1, 0, 0, 0, 0, 0, 0, 0, 0, 0, 0, 0, 0, 0, 0, 0, 1, 0, 0, 0, 2, 0, 0, 0, 1, 0, 0, 0, 0, 0, 0, 0, 
2, 0, 0, 1, 1, 0, 1, 0, 0, 0, 1, 0, 0, 1, 0, 0, 0, 1, 1, 0, 0, 4, 0, 0, 1, 13, 5, 3, 1, 0, 0, 0, 0, 5, 1, 2, 1, 8, 0, 0, 0, 4, 2, 2, 1, 0, 2, 1, 0, 8, 4, 2, 6, 0, 0, 1, 1, 1, 4, 0, 0, 1, 1, 1, 1, 10, 0, 5, 1, 1, 1, 1, 1, 16, 2, 0, 1, 0, 0, 0, 0, 1, 0, 0, 0, 2, 0, 0, 0, 0, 0, 0, 0, 1, 0, 0, 0, 0, 0, 0, 0, 1, 0, 0, 0, 1, 0, 0, 0, 0, 0, 0, 0, 
3, 1, 0, 0, 0, 0, 0, 1, 0, 0, 0, 1, 0, 0, 0, 0, 1, 2, 0, 0, 0, 0, 2, 0, 1, 20, 3, 0, 0, 1, 0, 1, 0, 9, 2, 0, 2, 0, 2, 1, 1, 8, 1, 1, 1, 1, 1, 0, 1, 9, 1, 2, 3, 5, 3, 1, 1, 4, 0, 0, 2, 0, 1, 1, 0, 9, 2, 2, 2, 0, 3, 6, 0, 3, 6, 3, 5, 0, 0, 0, 0, 3, 0, 0, 0, 1, 0, 0, 0, 1, 0, 0, 0, 1, 0, 0, 0, 0, 0, 0, 0, 0, 0, 0, 0, 1, 0, 0, 0, 1, 0, 0, 0, 
4, 2, 1, 0, 1, 0, 0, 0, 1, 0, 0, 0, 1, 0, 0, 0, 0, 0, 2, 2, 1, 3, 5, 3, 2, 21, 1, 0, 3, 7, 3, 3, 0, 2, 2, 1, 1, 1, 1, 2, 2, 4, 4, 0, 2, 5, 7, 6, 2, 10, 2, 7, 2, 4, 2, 2, 0, 8, 3, 5, 3, 4, 3, 3, 2, 1, 1, 1, 5, 0, 0, 1, 0, 1, 6, 2, 1, 1, 0, 0, 0, 1, 0, 0, 0, 0, 0, 0, 0, 0, 0, 0, 0, 1, 0, 0, 0, 2, 0, 0, 0, 2, 0, 0, 0, 0, 0, 0, 0, 0, 0, 0, 0, 
5, 0, 0, 0, 0, 1, 2, 2, 2, 0, 0, 2, 1, 2, 0, 0, 0, 0, 1, 1, 2, 1, 0, 0, 0, 18, 2, 2, 3, 5, 2, 6, 4, 2, 2, 1, 4, 8, 4, 1, 0, 7, 0, 0, 1, 2, 0, 3, 1, 12, 3, 2, 1, 5, 1, 4, 4, 15, 8, 2, 7, 1, 1, 2, 2, 12, 2, 0, 1, 1, 0, 2, 2, 0, 0, 1, 0, 1, 0, 0, 0, 2, 0, 0, 0, 0, 0, 0, 0, 1, 0, 0, 0, 0, 0, 0, 0, 0, 0, 0, 0, 0, 0, 0, 0, 2, 0, 0, 0, 0, 0, 0, 0, 
6, 2, 1, 6, 3, 0, 0, 0, 1, 0, 0, 0, 1, 0, 0, 0, 0, 1, 0, 1, 0, 2, 2, 1, 0, 17, 6, 0, 4, 2, 2, 4, 3, 0, 0, 0, 0, 8, 1, 1, 2, 5, 1, 0, 0, 1, 1, 0, 0, 6, 3, 2, 1, 3, 7, 3, 9, 17, 2, 3, 1, 4, 2, 3, 2, 19, 4, 2, 1, 3, 3, 1, 3, 5, 2, 2, 0, 1, 0, 0, 0, 1, 0, 0, 0, 0, 0, 0, 0, 1, 0, 0, 0, 0, 0, 0, 0, 1, 0, 0, 0, 1, 0, 0, 0, 0, 0, 0, 0, 1, 0, 0, 0, 
7, 2, 2, 0, 0, 1, 0, 0, 0, 1, 0, 0, 0, 2, 0, 0, 0, 1, 1, 2, 1, 0, 0, 0, 1, 1, 1, 2, 0, 8, 1, 5, 1, 8, 0, 1, 1, 22, 1, 3, 1, 9, 1, 1, 0, 0, 1, 1, 0, 1, 2, 1, 0, 11, 9, 5, 6, 18, 1, 3, 3, 0, 0, 1, 1, 20, 1, 3, 2, 2, 2, 4, 5, 3, 1, 1, 0, 0, 0, 0, 0, 0, 0, 0, 0, 0, 0, 0, 0, 1, 0, 0, 0, 1, 0, 0, 0, 0, 0, 0, 0, 0, 0, 0, 0, 0, 0, 0, 0, 0, 0, 0, 0, 
8, 1, 0, 3, 0, 0, 0, 0, 1, 0, 0, 0, 1, 0, 0, 0, 1, 1, 0, 2, 0, 1, 2, 0, 0, 2, 5, 3, 1, 21, 5, 1, 4, 9, 0, 1, 0, 20, 0, 0, 1, 5, 1, 1, 0, 2, 7, 3, 1, 1, 1, 3, 2, 7, 8, 7, 4, 7, 4, 2, 1, 3, 2, 3, 1, 21, 3, 6, 7, 3, 4, 2, 4, 2, 1, 2, 0, 0, 0, 0, 0, 0, 0, 0, 0, 2, 0, 0, 0, 0, 0, 0, 0, 2, 0, 0, 0, 1, 0, 0, 0, 2, 0, 0, 0, 1, 0, 0, 0, 0, 0, 0, 0, 
9, 2, 2, 0, 4, 1, 1, 2, 0, 1, 0, 0, 4, 0, 0, 1, 0, 0, 2, 0, 0, 0, 0, 2, 1, 6, 6, 1, 5, 25, 4, 2, 6, 8, 1, 0, 1, 28, 0, 1, 0, 14, 1, 2, 0, 15, 8, 9, 9, 8, 0, 3, 1, 9, 2, 6, 12, 0, 0, 0, 0, 7, 4, 1, 4, 29, 1, 2, 1, 8, 3, 1, 1, 0, 0, 1, 0, 0, 0, 0, 0, 0, 0, 0, 0, 0, 0, 0, 0, 0, 0, 0, 0, 1, 0, 0, 0, 1, 0, 0, 0, 0, 0, 0, 0, 1, 0, 0, 0, 0, 0, 0, 0, 
10, 2, 2, 5, 0, 4, 0, 0, 1, 0, 0, 0, 0, 0, 0, 0, 0, 0, 1, 0, 1, 2, 0, 1, 1, 9, 7, 8, 8, 20, 4, 3, 5, 15, 1, 0, 0, 17, 0, 0, 0, 9, 2, 0, 0, 24, 5, 3, 5, 2, 0, 0, 0, 13, 9, 4, 4, 0, 1, 0, 0, 7, 3, 2, 4, 23, 5, 7, 0, 11, 0, 0, 0, 1, 2, 1, 0, 2, 0, 0, 0, 1, 0, 0, 0, 1, 0, 0, 0, 0, 0, 0, 0, 1, 0, 0, 0, 0, 0, 0, 0, 1, 0, 0, 0, 0, 0, 0, 0, 2, 0, 0, 0, 
11, 0, 1, 1, 2, 1, 0, 2, 1, 0, 2, 1, 0, 1, 3, 2, 1, 0, 0, 1, 0, 2, 1, 0, 2, 5, 10, 10, 4, 16, 1, 1, 0, 16, 2, 0, 0, 21, 2, 1, 1, 0, 0, 0, 0, 24, 3, 5, 10, 0, 0, 0, 1, 4, 8, 8, 7, 0, 0, 1, 0, 0, 0, 0, 0, 22, 4, 4, 3, 3, 1, 0, 1, 0, 1, 1, 1, 0, 0, 0, 0, 0, 0, 0, 0, 0, 0, 0, 0, 1, 0, 0, 0, 0, 0, 0, 0, 2, 0, 0, 0, 1, 0, 0, 0, 1, 0, 0, 0, 1, 0, 0, 0, 
12, 1, 1, 0, 0, 1, 0, 0, 1, 2, 0, 0, 1, 0, 0, 1, 1, 0, 0, 1, 2, 0, 0, 1, 0, 12, 7, 5, 9, 6, 3, 3, 3, 2, 0, 0, 0, 26, 1, 0, 2, 4, 2, 3, 2, 27, 4, 3, 3, 0, 0, 1, 0, 13, 11, 2, 4, 0, 0, 0, 0, 5, 7, 2, 2, 26, 11, 3, 5, 0, 3, 3, 3, 3, 0, 2, 1, 1, 0, 0, 0, 0, 0, 0, 0, 0, 0, 0, 0, 1, 0, 0, 0, 1, 0, 0, 0, 2, 0, 0, 0, 3, 0, 0, 0, 0, 0, 0, 0, 1, 0, 0, 0, 
13, 0, 0, 0, 2, 2, 0, 2, 1, 1, 2, 0, 1, 0, 1, 1, 2, 0, 0, 0, 0, 0, 0, 0, 0, 5, 5, 8, 5, 1, 1, 2, 0, 1, 6, 3, 2, 34, 3, 1, 0, 18, 4, 2, 3, 11, 3, 8, 4, 3, 6, 0, 0, 6, 4, 5, 2, 0, 0, 0, 0, 6, 5, 5, 5, 30, 5, 4, 4, 1, 3, 1, 1, 1, 1, 0, 2, 1, 0, 0, 0, 2, 0, 0, 0, 2, 0, 0, 0, 1, 0, 0, 0, 0, 0, 0, 0, 0, 0, 0, 0, 0, 0, 0, 0, 1, 0, 0, 0, 1, 0, 0, 0, 
14, 1, 2, 2, 2, 0, 1, 1, 1, 0, 4, 0, 0, 0, 0, 0, 1, 1, 2, 0, 0, 2, 0, 0, 0, 8, 4, 7, 10, 2, 1, 3, 0, 2, 4, 5, 1, 32, 0, 4, 0, 19, 4, 2, 1, 15, 8, 4, 3, 0, 4, 3, 0, 3, 4, 3, 5, 2, 0, 2, 0, 12, 4, 8, 5, 34, 1, 1, 3, 1, 0, 0, 0, 0, 0, 1, 1, 2, 0, 0, 0, 0, 0, 0, 0, 2, 0, 0, 0, 0, 0, 0, 0, 0, 0, 0, 0, 1, 0, 0, 0, 1, 0, 0, 0, 1, 0, 0, 0, 1, 0, 0, 0, 
15, 3, 1, 2, 4, 0, 0, 0, 0, 0, 0, 3, 2, 1, 4, 1, 6, 0, 1, 0, 0, 3, 0, 0, 0, 6, 8, 12, 6, 15, 2, 0, 1, 1, 5, 5, 0, 27, 2, 1, 1, 33, 2, 1, 1, 6, 2, 2, 5, 2, 1, 4, 2, 6, 8, 3, 6, 0, 0, 0, 1, 20, 7, 2, 6, 31, 6, 3, 4, 0, 0, 0, 0, 0, 0, 1, 0, 1, 0, 0, 0, 1, 0, 0, 0, 0, 0, 0, 0, 0, 0, 0, 0, 1, 0, 0, 0, 1, 0, 0, 0, 1, 0, 0, 0, 0, 0, 0, 0, 1, 0, 0, 0, 
16, 4, 0, 0, 0, 0, 1, 0, 0, 0, 0, 0, 2, 0, 0, 0, 1, 0, 0, 0, 0, 4, 1, 0, 1, 9, 8, 8, 7, 12, 0, 0, 0, 2, 2, 0, 0, 28, 1, 2, 1, 24, 0, 2, 0, 0, 6, 5, 1, 0, 1, 1, 0, 2, 2, 5, 0, 3, 4, 2, 1, 17, 13, 6, 5, 32, 1, 3, 1, 7, 1, 1, 0, 1, 0, 2, 3, 2, 0, 0, 0, 2, 0, 0, 0, 0, 0, 0, 0, 1, 0, 0, 0, 0, 0, 0, 0, 0, 0, 0, 0, 1, 0, 0, 0, 3, 0, 0, 0, 0, 0, 0, 0, 
17, 1, 2, 1, 0, 2, 0, 0, 3, 1, 1, 0, 1, 1, 2, 2, 0, 1, 0, 0, 1, 3, 1, 0, 0, 10, 10, 5, 11, 10, 1, 2, 0, 1, 0, 1, 0, 18, 1, 2, 0, 21, 0, 2, 1, 1, 7, 4, 7, 2, 0, 0, 1, 3, 2, 1, 2, 1, 8, 2, 1, 21, 4, 5, 7, 47, 3, 3, 3, 3, 0, 1, 0, 2, 4, 2, 2, 0, 0, 0, 0, 0, 0, 0, 0, 0, 0, 0, 0, 1, 0, 0, 0, 2, 0, 0, 0, 1, 0, 0, 0, 0, 0, 0, 0, 0, 0, 0, 0, 0, 0, 0, 0, 
18, 2, 3, 1, 0, 0, 0, 0, 2, 1, 1, 0, 0, 0, 2, 1, 3, 0, 1, 0, 2, 0, 0, 0, 4, 16, 4, 9, 10, 2, 1, 1, 0, 1, 0, 0, 0, 21, 2, 1, 0, 24, 3, 1, 1, 8, 5, 5, 1, 2, 2, 2, 1, 1, 0, 0, 1, 2, 2, 3, 1, 25, 8, 6, 4, 44, 2, 5, 2, 3, 0, 0, 0, 1, 3, 2, 3, 0, 0, 0, 0, 0, 0, 0, 0, 0, 0, 0, 0, 1, 0, 0, 0, 1, 0, 0, 0, 0, 0, 0, 0, 0, 0, 0, 0, 1, 0, 0, 0, 0, 0, 0, 0, 
19, 0, 0, 1, 0, 0, 0, 2, 0, 0, 0, 0, 0, 1, 2, 1, 2, 0, 1, 0, 0, 0, 0, 0, 0, 11, 11, 8, 7, 1, 0, 1, 0, 1, 0, 0, 0, 11, 1, 2, 0, 25, 4, 1, 0, 5, 6, 7, 4, 0, 2, 1, 2, 0, 0, 0, 1, 1, 2, 2, 5, 18, 6, 8, 4, 34, 3, 2, 3, 2, 2, 4, 2, 0, 0, 0, 1, 1, 0, 0, 0, 0, 0, 0, 0, 1, 0, 0, 0, 0, 0, 0, 0, 0, 0, 0, 0, 0, 0, 0, 0, 1, 0, 0, 0, 1, 0, 0, 0, 1, 0, 0, 0, 
20, 0, 0, 0, 0, 1, 0, 1, 0, 1, 1, 0, 1, 0, 1, 0, 0, 0, 0, 0, 0, 0, 0, 0, 1, 16, 6, 5, 8, 7, 3, 1, 1, 1, 2, 1, 1, 12, 1, 0, 1, 13, 1, 2, 0, 1, 3, 2, 1, 2, 3, 1, 1, 1, 1, 3, 1, 0, 0, 0, 1, 27, 5, 8, 5, 37, 2, 2, 3, 0, 7, 4, 3, 6, 4, 1, 1, 1, 0, 0, 0, 1, 0, 0, 0, 2, 0, 0, 0, 1, 0, 0, 0, 0, 0, 0, 0, 2, 0, 0, 0, 1, 0, 0, 0, 0, 0, 0, 0, 1, 0, 0, 0, 
21, 3, 0, 3, 0, 0, 2, 0, 0, 1, 1, 0, 1, 0, 1, 0, 0, 2, 0, 0, 0, 0, 2, 0, 0, 14, 9, 9, 5, 1, 0, 0, 0, 0, 3, 1, 0, 1, 0, 1, 3, 26, 2, 0, 0, 1, 2, 2, 5, 9, 5, 5, 8, 4, 1, 3, 3, 3, 4, 6, 3, 29, 3, 2, 4, 28, 3, 2, 1, 1, 1, 0, 3, 1, 0, 1, 1, 2, 0, 0, 0, 0, 0, 0, 0, 2, 0, 0, 0, 0, 0, 0, 0, 0, 0, 0, 0, 1, 0, 0, 0, 0, 0, 0, 0, 0, 0, 0, 0, 3, 0, 0, 0, 
22, 1, 0, 0, 0, 1, 0, 2, 0, 0, 1, 1, 0, 2, 0, 3, 0, 0, 0, 0, 0, 0, 1, 0, 1, 7, 13, 7, 8, 3, 3, 2, 2, 1, 3, 2, 2, 0, 0, 1, 0, 16, 4, 1, 1, 2, 4, 5, 7, 6, 13, 10, 6, 10, 0, 1, 3, 2, 2, 2, 1, 37, 7, 9, 3, 37, 6, 2, 6, 1, 1, 1, 1, 2, 6, 3, 1, 1, 0, 0, 0, 1, 0, 0, 0, 0, 0, 0, 0, 1, 0, 0, 0, 0, 0, 0, 0, 1, 0, 0, 0, 0, 0, 0, 0, 1, 0, 0, 0, 1, 0, 0, 0, 
23, 2, 1, 0, 0, 0, 3, 2, 1, 1, 0, 0, 0, 0, 0, 0, 1, 1, 4, 0, 0, 0, 0, 0, 0, 15, 10, 6, 8, 1, 1, 2, 4, 0, 0, 0, 1, 6, 1, 2, 1, 21, 2, 1, 3, 0, 0, 1, 0, 16, 8, 10, 6, 27, 4, 2, 0, 1, 1, 2, 0, 36, 9, 6, 4, 37, 2, 2, 4, 2, 2, 1, 3, 2, 5, 4, 4, 0, 0, 0, 0, 3, 0, 0, 0, 1, 0, 0, 0, 0, 0, 0, 0, 0, 0, 0, 0, 2, 0, 0, 0, 0, 0, 0, 0, 0, 0, 0, 0, 0, 0, 0, 0, 
24, 3, 2, 1, 2, 1, 0, 0, 0, 0, 0, 1, 0, 0, 0, 0, 0, 0, 1, 0, 2, 0, 1, 1, 1, 20, 7, 11, 8, 0, 0, 2, 0, 1, 1, 3, 3, 2, 1, 3, 4, 31, 1, 0, 1, 2, 2, 3, 3, 7, 7, 12, 8, 33, 2, 0, 1, 0, 3, 0, 2, 37, 4, 6, 4, 33, 2, 1, 1, 1, 3, 1, 3, 0, 0, 2, 2, 1, 0, 0, 0, 1, 0, 0, 0, 0, 0, 0, 0, 0, 0, 0, 0, 0, 0, 0, 0, 2, 0, 0, 0, 1, 0, 0, 0, 0, 0, 0, 0, 3, 0, 0, 0, 
25, 0, 0, 0, 2, 7, 1, 0, 0, 0, 0, 0, 0, 0, 0, 0, 0, 0, 2, 0, 0, 1, 0, 0, 0, 27, 10, 12, 4, 1, 2, 2, 6, 1, 3, 0, 1, 0, 0, 0, 0, 28, 4, 0, 0, 12, 2, 1, 4, 5, 10, 10, 3, 38, 8, 3, 0, 3, 3, 0, 3, 43, 9, 3, 7, 19, 1, 3, 2, 3, 0, 1, 2, 1, 2, 0, 3, 0, 0, 0, 0, 1, 0, 0, 0, 1, 0, 0, 0, 0, 0, 0, 0, 0, 0, 0, 0, 1, 0, 0, 0, 1, 0, 0, 0, 1, 0, 0, 0, 0, 0, 0, 0, 
26, 1, 0, 0, 2, 5, 3, 3, 2, 0, 1, 1, 0, 5, 1, 1, 1, 0, 0, 1, 0, 1, 1, 0, 1, 32, 9, 4, 8, 3, 6, 2, 4, 1, 2, 0, 0, 1, 3, 0, 0, 26, 4, 1, 0, 16, 2, 3, 3, 10, 10, 16, 9, 43, 2, 3, 2, 0, 0, 3, 2, 50, 6, 5, 6, 1, 3, 5, 5, 3, 3, 1, 1, 1, 4, 0, 5, 2, 0, 0, 0, 0, 0, 0, 0, 1, 0, 0, 0, 0, 0, 0, 0, 1, 0, 0, 0, 0, 0, 0, 0, 0, 0, 0, 0, 0, 0, 0, 0, 0, 0, 0, 0, 
27, 1, 1, 3, 0, 1, 1, 4, 0, 0, 0, 0, 0, 11, 3, 3, 1, 11, 0, 1, 2, 2, 1, 1, 1, 29, 6, 8, 8, 4, 4, 1, 1, 2, 0, 1, 0, 1, 0, 0, 0, 30, 0, 3, 1, 27, 2, 5, 1, 13, 6, 9, 6, 49, 6, 1, 1, 2, 3, 1, 2, 52, 4, 3, 1, 5, 12, 5, 5, 8, 0, 3, 0, 1, 1, 3, 0, 1, 0, 0, 0, 2, 0, 0, 0, 0, 0, 0, 0, 1, 0, 0, 0, 0, 0, 0, 0, 1, 0, 0, 0, 0, 0, 0, 0, 1, 0, 0, 0, 0, 0, 0, 0, 
28, 3, 4, 3, 0, 1, 0, 0, 0, 0, 0, 0, 1, 1, 0, 1, 0, 0, 1, 0, 0, 0, 1, 0, 3, 27, 10, 12, 8, 0, 0, 2, 1, 0, 1, 0, 2, 1, 0, 0, 1, 33, 1, 0, 0, 17, 1, 2, 1, 11, 9, 6, 9, 50, 1, 3, 4, 1, 1, 1, 1, 41, 6, 4, 2, 7, 8, 7, 7, 1, 1, 0, 0, 5, 4, 0, 0, 2, 0, 0, 0, 0, 0, 0, 0, 2, 0, 0, 0, 0, 0, 0, 0, 2, 0, 0, 0, 2, 0, 0, 0, 1, 0, 0, 0, 0, 0, 0, 0, 2, 0, 0, 0, 
29, 9, 0, 1, 4, 0, 0, 0, 0, 0, 0, 2, 1, 2, 4, 1, 1, 1, 0, 1, 0, 0, 0, 0, 0, 23, 10, 6, 10, 2, 0, 1, 1, 9, 1, 3, 1, 1, 3, 1, 0, 35, 1, 0, 1, 1, 1, 2, 2, 12, 13, 10, 8, 48, 2, 2, 2, 3, 3, 2, 1, 44, 3, 3, 3, 8, 10, 9, 6, 2, 2, 1, 0, 3, 2, 3, 2, 1, 0, 0, 0, 1, 0, 0, 0, 0, 0, 0, 0, 1, 0, 0, 0, 0, 0, 0, 0, 1, 0, 0, 0, 0, 0, 0, 0, 1, 0, 0, 0, 1, 0, 0, 0, 
30, 4, 1, 0, 1, 2, 1, 0, 0, 0, 0, 0, 1, 1, 2, 3, 0, 1, 2, 0, 0, 0, 2, 0, 1, 32, 11, 7, 6, 3, 0, 1, 0, 20, 7, 2, 2, 0, 1, 0, 0, 26, 7, 0, 2, 3, 1, 1, 6, 10, 13, 8, 7, 45, 3, 0, 1, 0, 0, 0, 0, 45, 6, 7, 3, 20, 8, 7, 9, 8, 2, 0, 2, 2, 2, 2, 3, 0, 0, 0, 0, 1, 0, 0, 0, 0, 0, 0, 0, 0, 0, 0, 0, 0, 0, 0, 0, 0, 0, 0, 0, 0, 0, 0, 0, 2, 0, 0, 0, 1, 0, 0, 0, 
31, 0, 0, 1, 0, 0, 0, 0, 0, 2, 0, 3, 1, 0, 2, 0, 0, 0, 0, 3, 0, 1, 0, 1, 0, 34, 9, 7, 11, 5, 2, 4, 0, 38, 6, 0, 3, 0, 3, 1, 1, 35, 2, 1, 3, 1, 5, 6, 8, 6, 10, 5, 5, 46, 2, 2, 3, 2, 4, 2, 1, 32, 1, 4, 2, 15, 6, 12, 12, 4, 5, 2, 2, 1, 0, 0, 0, 0, 0, 0, 0, 2, 0, 0, 0, 0, 0, 0, 0, 1, 0, 0, 0, 0, 0, 0, 0, 2, 0, 0, 0, 0, 0, 0, 0, 1, 0, 0, 0, 0, 0, 0, 0, 
32, 2, 2, 1, 0, 0, 0, 0, 0, 2, 1, 1, 0, 0, 0, 0, 1, 0, 1, 0, 0, 0, 1, 0, 0, 26, 7, 12, 8, 1, 0, 1, 0, 46, 2, 3, 1, 3, 1, 0, 1, 22, 0, 1, 2, 7, 3, 5, 5, 6, 2, 3, 0, 46, 1, 0, 2, 5, 3, 9, 3, 22, 9, 5, 7, 23, 7, 8, 2, 20, 2, 0, 2, 2, 1, 0, 1, 2, 0, 0, 0, 0, 0, 0, 0, 3, 0, 0, 0, 0, 0, 0, 0, 0, 0, 0, 0, 0, 0, 0, 0, 0, 0, 0, 0, 1, 0, 0, 0, 1, 0, 0, 0, 
33, 3, 5, 1, 4, 0, 1, 3, 1, 1, 2, 0, 0, 0, 1, 3, 2, 1, 0, 0, 0, 1, 0, 0, 1, 35, 12, 8, 8, 2, 1, 1, 3, 55, 0, 1, 0, 5, 1, 0, 4, 12, 2, 0, 2, 4, 4, 1, 4, 8, 8, 1, 4, 30, 4, 4, 2, 5, 2, 3, 1, 24, 8, 1, 5, 16, 8, 6, 5, 15, 3, 0, 2, 0, 1, 1, 0, 0, 0, 0, 0, 0, 0, 0, 0, 1, 0, 0, 0, 0, 0, 0, 0, 1, 0, 0, 0, 0, 0, 0, 0, 1, 0, 0, 0, 2, 0, 0, 0, 0, 0, 0, 0, 
34, 0, 0, 1, 0, 1, 1, 0, 1, 1, 1, 1, 1, 1, 0, 4, 5, 1, 1, 1, 0, 0, 2, 0, 0, 33, 13, 9, 7, 2, 3, 3, 1, 44, 1, 1, 1, 1, 0, 0, 0, 21, 3, 2, 2, 6, 9, 3, 5, 22, 5, 5, 1, 18, 3, 1, 0, 1, 1, 2, 1, 22, 8, 5, 5, 11, 9, 5, 9, 13, 0, 1, 1, 8, 5, 3, 3, 0, 0, 0, 0, 0, 0, 0, 0, 1, 0, 0, 0, 0, 0, 0, 0, 0, 0, 0, 0, 2, 0, 0, 0, 2, 0, 0, 0, 0, 0, 0, 0, 0, 0, 0, 0, 
35, 1, 0, 0, 0, 0, 3, 2, 2, 0, 0, 0, 1, 1, 0, 0, 1, 1, 1, 0, 1, 0, 3, 0, 0, 44, 12, 11, 16, 0, 2, 3, 4, 38, 0, 1, 0, 2, 3, 0, 0, 15, 0, 1, 2, 14, 2, 2, 1, 16, 6, 5, 4, 16, 5, 2, 1, 5, 0, 0, 0, 11, 8, 4, 1, 12, 9, 9, 5, 6, 3, 0, 1, 18, 4, 4, 2, 0, 0, 0, 0, 2, 0, 0, 0, 0, 0, 0, 0, 1, 0, 0, 0, 0, 0, 0, 0, 0, 0, 0, 0, 1, 0, 0, 0, 0, 0, 0, 0, 2, 0, 0, 0, 
36, 1, 2, 0, 0, 0, 0, 0, 1, 1, 0, 1, 0, 0, 0, 0, 1, 0, 0, 0, 1, 1, 0, 1, 0, 65, 20, 10, 8, 8, 2, 4, 5, 24, 2, 1, 0, 3, 0, 0, 3, 13, 0, 1, 1, 1, 2, 1, 6, 31, 3, 6, 5, 26, 4, 0, 3, 2, 0, 2, 1, 12, 4, 2, 3, 13, 9, 10, 9, 2, 0, 0, 1, 7, 3, 1, 3, 1, 0, 0, 0, 0, 0, 0, 0, 0, 0, 0, 0, 1, 0, 0, 0, 2, 0, 0, 0, 1, 0, 0, 0, 0, 0, 0, 0, 0, 0, 0, 0, 1, 0, 0, 0, 
37, 1, 0, 0, 0, 0, 2, 2, 1, 0, 0, 0, 2, 1, 0, 0, 0, 0, 0, 1, 1, 0, 2, 1, 1, 72, 6, 9, 8, 2, 3, 2, 4, 21, 0, 2, 0, 1, 1, 1, 0, 9, 2, 0, 0, 5, 3, 4, 7, 27, 4, 3, 4, 34, 1, 2, 2, 3, 3, 3, 0, 9, 3, 4, 3, 10, 15, 11, 11, 1, 0, 0, 0, 7, 1, 1, 0, 0, 0, 0, 0, 0, 0, 0, 0, 0, 0, 0, 0, 0, 0, 0, 0, 1, 0, 0, 0, 5, 0, 0, 0, 0, 0, 0, 0, 1, 0, 0, 0, 0, 0, 0, 0, 
38, 1, 0, 1, 1, 4, 2, 0, 1, 0, 0, 4, 3, 0, 1, 0, 0, 0, 3, 0, 2, 1, 0, 0, 1, 67, 4, 10, 10, 3, 4, 4, 7, 16, 2, 0, 2, 6, 3, 1, 3, 11, 0, 1, 0, 11, 5, 8, 8, 24, 6, 6, 1, 35, 0, 2, 1, 1, 0, 2, 1, 10, 4, 6, 2, 7, 6, 10, 9, 3, 2, 0, 1, 0, 0, 0, 0, 0, 0, 0, 0, 0, 0, 0, 0, 0, 0, 0, 0, 0, 0, 0, 0, 2, 0, 0, 0, 2, 0, 0, 0, 0, 0, 0, 0, 0, 0, 0, 0, 2, 0, 0, 0, 
39, 1, 2, 0, 0, 2, 1, 0, 1, 0, 0, 0, 0, 0, 1, 0, 1, 1, 0, 0, 0, 1, 0, 2, 1, 68, 10, 7, 8, 3, 1, 2, 2, 14, 6, 8, 0, 4, 0, 4, 2, 0, 2, 0, 0, 3, 8, 13, 6, 20, 3, 4, 4, 35, 3, 1, 2, 4, 0, 1, 0, 4, 5, 3, 2, 6, 3, 4, 8, 1, 2, 0, 3, 11, 4, 5, 2, 2, 0, 0, 0, 2, 0, 0, 0, 0, 0, 0, 0, 1, 0, 0, 0, 0, 0, 0, 0, 3, 0, 0, 0, 1, 0, 0, 0, 0, 0, 0, 0, 1, 0, 0, 0, 
40, 0, 2, 2, 2, 0, 0, 0, 0, 4, 3, 0, 1, 3, 0, 2, 0, 3, 1, 0, 0, 1, 3, 0, 0, 68, 8, 13, 10, 2, 1, 2, 2, 28, 2, 0, 0, 1, 0, 1, 0, 0, 0, 1, 2, 7, 8, 1, 5, 16, 8, 3, 3, 38, 2, 3, 0, 1, 2, 0, 0, 3, 1, 8, 4, 2, 4, 0, 1, 1, 0, 1, 0, 16, 1, 1, 3, 0, 0, 0, 0, 0, 0, 0, 0, 4, 0, 0, 0, 1, 0, 0, 0, 1, 0, 0, 0, 0, 0, 0, 0, 0, 0, 0, 0, 1, 0, 0, 0, 1, 0, 0, 0, 
41, 1, 0, 1, 2, 0, 1, 1, 0, 1, 1, 0, 3, 1, 1, 1, 0, 0, 0, 0, 0, 0, 0, 1, 0, 80, 6, 10, 6, 3, 0, 2, 1, 17, 1, 0, 0, 6, 3, 0, 2, 1, 0, 1, 0, 5, 9, 8, 7, 15, 4, 5, 3, 42, 2, 4, 2, 1, 3, 2, 3, 6, 7, 5, 7, 2, 2, 0, 0, 3, 4, 1, 3, 0, 2, 1, 2, 0, 0, 0, 0, 0, 0, 0, 0, 1, 0, 0, 0, 0, 0, 0, 0, 3, 0, 0, 0, 1, 0, 0, 0, 1, 0, 0, 0, 1, 0, 0, 0, 2, 0, 0, 0, 
42, 0, 0, 0, 0, 0, 0, 0, 0, 1, 1, 1, 0, 1, 3, 3, 0, 0, 0, 0, 0, 1, 2, 2, 1, 78, 12, 11, 7, 0, 0, 0, 0, 31, 3, 0, 0, 11, 3, 0, 1, 1, 3, 2, 4, 8, 3, 4, 3, 24, 5, 5, 4, 39, 1, 2, 1, 1, 1, 3, 1, 7, 4, 9, 4, 0, 0, 0, 2, 13, 4, 1, 4, 3, 2, 1, 0, 1, 0, 0, 0, 0, 0, 0, 0, 1, 0, 0, 0, 1, 0, 0, 0, 2, 0, 0, 0, 0, 0, 0, 0, 2, 0, 0, 0, 0, 0, 0, 0, 0, 0, 0, 0, 
43, 1, 1, 0, 1, 1, 3, 2, 1, 1, 0, 0, 0, 0, 1, 1, 0, 0, 0, 0, 0, 5, 3, 1, 1, 76, 8, 6, 8, 0, 1, 0, 1, 33, 2, 2, 4, 16, 1, 0, 0, 13, 2, 0, 3, 2, 2, 0, 1, 29, 4, 2, 1, 28, 3, 4, 0, 2, 1, 3, 6, 9, 5, 10, 2, 9, 0, 2, 0, 8, 1, 2, 3, 3, 5, 1, 4, 1, 0, 0, 0, 2, 0, 0, 0, 1, 0, 0, 0, 1, 0, 0, 0, 2, 0, 0, 0, 0, 0, 0, 0, 3, 0, 0, 0, 1, 0, 0, 0, 0, 0, 0, 0, 
44, 1, 3, 0, 1, 0, 1, 0, 0, 0, 0, 0, 0, 1, 2, 2, 0, 1, 0, 0, 0, 0, 0, 1, 0, 64, 10, 8, 3, 2, 2, 0, 3, 28, 4, 1, 1, 14, 4, 2, 0, 0, 3, 0, 0, 2, 3, 0, 2, 21, 2, 2, 2, 38, 2, 1, 1, 0, 3, 3, 4, 4, 2, 10, 8, 8, 0, 0, 1, 2, 5, 4, 3, 4, 12, 3, 3, 5, 0, 0, 0, 0, 0, 0, 0, 0, 0, 0, 0, 2, 0, 0, 0, 1, 0, 0, 0, 0, 0, 0, 0, 0, 0, 0, 0, 0, 0, 0, 0, 2, 0, 0, 0, 
45, 1, 2, 2, 1, 0, 0, 0, 0, 1, 0, 0, 0, 0, 0, 0, 2, 0, 1, 0, 0, 2, 0, 2, 2, 67, 8, 9, 8, 1, 1, 2, 0, 30, 4, 2, 1, 21, 1, 2, 1, 9, 2, 4, 1, 3, 3, 4, 1, 12, 3, 3, 4, 31, 2, 2, 1, 4, 7, 2, 6, 12, 7, 3, 3, 0, 2, 1, 0, 4, 3, 4, 6, 16, 10, 3, 5, 1, 0, 0, 0, 0, 0, 0, 0, 2, 0, 0, 0, 2, 0, 0, 0, 1, 0, 0, 0, 1, 0, 0, 0, 0, 0, 0, 0, 0, 0, 0, 0, 0, 0, 0, 0, 
46, 1, 0, 0, 0, 1, 1, 0, 0, 0, 0, 1, 0, 1, 0, 2, 0, 1, 0, 0, 0, 0, 1, 1, 1, 54, 5, 4, 6, 2, 1, 0, 0, 31, 0, 3, 0, 24, 1, 2, 0, 15, 4, 4, 1, 4, 4, 5, 3, 7, 6, 6, 6, 26, 2, 2, 1, 4, 4, 5, 5, 2, 3, 5, 3, 2, 0, 0, 1, 5, 8, 6, 5, 21, 4, 1, 4, 0, 0, 0, 0, 2, 0, 0, 0, 3, 0, 0, 0, 0, 0, 0, 0, 0, 0, 0, 0, 1, 0, 0, 0, 3, 0, 0, 0, 0, 0, 0, 0, 2, 0, 0, 0, 
47, 1, 2, 1, 0, 1, 1, 0, 1, 1, 0, 1, 1, 1, 0, 1, 0, 1, 2, 1, 1, 1, 2, 0, 2, 47, 8, 7, 3, 0, 2, 0, 1, 29, 0, 2, 2, 24, 0, 3, 2, 19, 0, 1, 2, 8, 2, 5, 3, 15, 0, 4, 4, 38, 0, 1, 1, 1, 1, 1, 1, 4, 1, 2, 1, 1, 1, 1, 1, 14, 14, 3, 6, 12, 3, 3, 5, 0, 0, 0, 0, 0, 0, 0, 0, 1, 0, 0, 0, 1, 0, 0, 0, 1, 0, 0, 0, 1, 0, 0, 0, 1, 0, 0, 0, 0, 0, 0, 0, 0, 0, 0, 0, 
48, 4, 3, 3, 1, 1, 2, 0, 1, 0, 0, 0, 1, 0, 0, 0, 1, 2, 0, 0, 3, 0, 0, 0, 0, 40, 15, 12, 5, 2, 2, 2, 2, 24, 2, 4, 1, 27, 3, 1, 3, 5, 2, 2, 0, 9, 7, 3, 6, 4, 2, 0, 1, 31, 2, 2, 1, 7, 0, 1, 0, 0, 0, 2, 1, 0, 0, 0, 0, 20, 3, 3, 3, 3, 1, 1, 2, 3, 0, 0, 0, 0, 0, 0, 0, 0, 0, 0, 0, 0, 0, 0, 0, 2, 0, 0, 0, 1, 0, 0, 0, 1, 0, 0, 0, 0, 0, 0, 0, 0, 0, 0, 0, 
49, 1, 0, 0, 0, 2, 1, 3, 1, 0, 0, 0, 3, 1, 1, 2, 3, 0, 0, 0, 0, 1, 0, 1, 0, 50, 12, 6, 12, 1, 1, 3, 1, 35, 1, 1, 1, 25, 2, 2, 0, 13, 0, 0, 4, 6, 4, 1, 3, 13, 4, 0, 3, 51, 3, 4, 1, 9, 3, 1, 1, 2, 0, 0, 2, 0, 1, 0, 0, 7, 6, 5, 4, 1, 1, 0, 0, 1, 0, 0, 0, 0, 0, 0, 0, 0, 0, 0, 0, 0, 0, 0, 0, 0, 0, 0, 0, 0, 0, 0, 0, 0, 0, 0, 0, 0, 0, 0, 0, 0, 0, 0, 0, 
50, 0, 0, 0, 2, 0, 0, 0, 0, 0, 0, 1, 0, 1, 0, 1, 0, 1, 1, 0, 1, 0, 0, 0, 0, 68, 9, 6, 10, 4, 4, 3, 2, 29, 2, 3, 1, 24, 1, 2, 0, 6, 3, 1, 3, 4, 1, 0, 2, 27, 6, 4, 0, 58, 1, 1, 2, 2, 3, 2, 2, 0, 3, 1, 2, 1, 4, 3, 1, 0, 1, 1, 1, 0, 1, 2, 0, 0, 0, 0, 0, 0, 0, 0, 0, 0, 0, 0, 0, 1, 0, 0, 0, 0, 0, 0, 0, 1, 0, 0, 0, 0, 0, 0, 0, 0, 0, 0, 0, 0, 0, 0, 0, 
51, 1, 0, 0, 0, 0, 0, 1, 0, 1, 3, 0, 1, 0, 0, 0, 0, 1, 2, 0, 0, 0, 0, 1, 0, 59, 12, 14, 8, 7, 4, 3, 3, 45, 4, 0, 1, 21, 1, 0, 1, 9, 5, 1, 1, 2, 0, 2, 0, 23, 4, 3, 3, 57, 3, 1, 1, 1, 0, 0, 1, 0, 0, 0, 0, 3, 1, 3, 3, 2, 1, 2, 1, 1, 0, 0, 0, 2, 0, 0, 0, 1, 0, 0, 0, 2, 0, 0, 0, 1, 0, 0, 0, 2, 0, 0, 0, 0, 0, 0, 0, 2, 0, 0, 0, 0, 0, 0, 0, 1, 0, 0, 0, 
52, 0, 0, 0, 1, 0, 1, 0, 0, 0, 1, 1, 1, 0, 0, 1, 0, 0, 0, 2, 0, 0, 0, 0, 1, 63, 14, 8, 4, 4, 5, 5, 2, 38, 1, 1, 1, 23, 1, 1, 0, 0, 5, 1, 1, 2, 2, 2, 1, 15, 2, 3, 2, 72, 1, 0, 1, 2, 0, 2, 1, 3, 1, 1, 0, 3, 3, 4, 5, 2, 0, 1, 3, 1, 1, 0, 1, 0, 0, 0, 0, 0, 0, 0, 0, 0, 0, 0, 0, 1, 0, 0, 0, 1, 0, 0, 0, 1, 0, 0, 0, 1, 0, 0, 0, 0, 0, 0, 0, 0, 0, 0, 0, 
53, 0, 0, 0, 0, 0, 0, 0, 0, 0, 1, 2, 0, 0, 0, 1, 0, 3, 2, 3, 4, 0, 0, 0, 1, 73, 10, 9, 6, 2, 4, 4, 3, 25, 3, 2, 0, 8, 1, 2, 3, 2, 3, 2, 0, 0, 0, 0, 0, 7, 0, 1, 1, 70, 1, 1, 1, 5, 4, 1, 1, 0, 0, 0, 0, 7, 4, 8, 6, 5, 2, 4, 1, 4, 6, 5, 2, 3, 0, 0, 0, 2, 0, 0, 0, 1, 0, 0, 0, 0, 0, 0, 0, 0, 0, 0, 0, 1, 0, 0, 0, 2, 0, 0, 0, 0, 0, 0, 0, 1, 0, 0, 0, 
54, 1, 3, 3, 2, 0, 0, 1, 0, 1, 0, 0, 1, 1, 1, 0, 0, 3, 2, 1, 0, 0, 0, 1, 0, 67, 6, 10, 8, 6, 3, 2, 3, 16, 2, 0, 0, 3, 2, 3, 4, 0, 0, 0, 0, 0, 1, 1, 0, 5, 0, 0, 2, 72, 0, 5, 2, 2, 3, 2, 0, 2, 0, 1, 0, 9, 6, 6, 3, 2, 3, 3, 4, 4, 3, 4, 0, 1, 0, 0, 0, 1, 0, 0, 0, 0, 0, 0, 0, 0, 0, 0, 0, 1, 0, 0, 0, 0, 0, 0, 0, 1, 0, 0, 0, 1, 0, 0, 0, 0, 0, 0, 0, 
55, 0, 0, 0, 0, 1, 0, 1, 0, 0, 0, 0, 0, 0, 0, 1, 0, 1, 2, 1, 1, 0, 2, 1, 0, 68, 15, 15, 5, 5, 9, 6, 6, 1, 0, 4, 0, 10, 2, 0, 0, 3, 2, 2, 1, 5, 0, 0, 1, 12, 3, 4, 1, 70, 0, 2, 0, 15, 7, 1, 0, 1, 0, 0, 3, 10, 3, 7, 3, 0, 2, 1, 3, 1, 0, 1, 0, 2, 0, 0, 0, 1, 0, 0, 0, 0, 0, 0, 0, 5, 0, 0, 0, 0, 0, 0, 0, 2, 0, 0, 0, 0, 0, 0, 0, 0, 0, 0, 0, 1, 0, 0, 0, 
56, 4, 0, 0, 0, 0, 2, 4, 2, 0, 0, 0, 0, 0, 1, 1, 0, 0, 0, 0, 0, 0, 0, 1, 0, 73, 10, 8, 10, 12, 9, 5, 1, 4, 3, 1, 1, 1, 0, 0, 0, 11, 4, 1, 3, 0, 2, 2, 3, 14, 2, 1, 4, 68, 1, 2, 4, 11, 1, 1, 0, 13, 1, 1, 0, 8, 8, 6, 5, 0, 0, 0, 0, 0, 0, 1, 1, 0, 0, 0, 0, 1, 0, 0, 0, 0, 0, 0, 0, 0, 0, 0, 0, 1, 0, 0, 0, 0, 0, 0, 0, 2, 0, 0, 0, 0, 0, 0, 0, 0, 0, 0, 0, 
57, 1, 0, 0, 0, 0, 0, 2, 0, 0, 0, 1, 0, 1, 0, 1, 0, 10, 1, 0, 0, 0, 1, 1, 1, 70, 9, 5, 11, 18, 7, 13, 6, 1, 1, 0, 1, 0, 1, 0, 1, 18, 0, 0, 0, 0, 1, 2, 0, 14, 4, 1, 4, 62, 3, 2, 1, 1, 2, 2, 0, 7, 0, 0, 0, 5, 5, 5, 4, 0, 1, 3, 3, 20, 2, 0, 2, 0, 0, 0, 0, 1, 0, 0, 0, 0, 0, 0, 0, 0, 0, 0, 0, 3, 0, 0, 0, 0, 0, 0, 0, 2, 0, 0, 0, 2, 0, 0, 0, 0, 0, 0, 0, 
58, 1, 2, 0, 0, 0, 0, 2, 0, 0, 0, 1, 0, 1, 2, 0, 0, 0, 2, 0, 0, 2, 0, 0, 2, 68, 11, 6, 16, 22, 5, 4, 7, 1, 0, 0, 0, 4, 1, 3, 2, 1, 1, 0, 0, 1, 1, 0, 1, 5, 2, 3, 2, 54, 0, 0, 0, 4, 3, 3, 3, 13, 5, 1, 4, 4, 7, 3, 2, 5, 2, 3, 4, 23, 1, 2, 1, 1, 0, 0, 0, 1, 0, 0, 0, 1, 0, 0, 0, 0, 0, 0, 0, 0, 0, 0, 0, 3, 0, 0, 0, 0, 0, 0, 0, 1, 0, 0, 0, 1, 0, 0, 0, 
59, 1, 1, 1, 0, 0, 0, 0, 0, 0, 1, 0, 0, 0, 0, 0, 1, 0, 0, 2, 0, 0, 1, 0, 2, 76, 13, 11, 7, 19, 6, 6, 3, 1, 0, 1, 2, 3, 3, 1, 2, 0, 1, 2, 4, 1, 0, 1, 0, 1, 3, 2, 5, 29, 2, 1, 1, 14, 5, 1, 2, 24, 3, 3, 1, 5, 2, 8, 5, 11, 3, 0, 0, 12, 2, 1, 0, 1, 0, 0, 0, 0, 0, 0, 0, 0, 0, 0, 0, 1, 0, 0, 0, 0, 0, 0, 0, 1, 0, 0, 0, 0, 0, 0, 0, 0, 0, 0, 0, 1, 0, 0, 0, 
60, 1, 1, 1, 4, 0, 0, 0, 0, 1, 0, 1, 1, 1, 1, 0, 0, 1, 0, 0, 0, 0, 0, 0, 1, 81, 9, 12, 6, 22, 3, 3, 6, 1, 0, 0, 2, 0, 0, 2, 0, 0, 1, 0, 0, 1, 0, 1, 0, 2, 2, 2, 1, 20, 0, 2, 1, 9, 1, 4, 2, 14, 3, 4, 2, 7, 6, 6, 7, 4, 2, 6, 3, 0, 0, 0, 0, 1, 0, 0, 0, 0, 0, 0, 0, 0, 0, 0, 0, 1, 0, 0, 0, 0, 0, 0, 0, 2, 0, 0, 0, 2, 0, 0, 0, 1, 0, 0, 0, 0, 0, 0, 0, 
61, 0, 1, 0, 0, 1, 1, 1, 0, 1, 0, 0, 0, 0, 0, 0, 0, 0, 0, 0, 1, 2, 1, 0, 0, 75, 6, 11, 11, 26, 5, 5, 4, 7, 2, 1, 3, 4, 5, 3, 2, 4, 0, 1, 0, 8, 5, 2, 0, 2, 1, 1, 0, 18, 2, 0, 3, 0, 0, 1, 1, 19, 6, 6, 0, 8, 6, 3, 6, 2, 1, 0, 0, 0, 1, 1, 1, 1, 0, 0, 0, 0, 0, 0, 0, 1, 0, 0, 0, 0, 0, 0, 0, 0, 0, 0, 0, 1, 0, 0, 0, 2, 0, 0, 0, 0, 0, 0, 0, 0, 0, 0, 0, 
62, 0, 0, 1, 1, 0, 0, 1, 0, 2, 0, 1, 0, 2, 1, 0, 1, 1, 0, 0, 3, 1, 0, 0, 2, 58, 7, 4, 12, 24, 6, 5, 5, 12, 1, 1, 1, 2, 0, 2, 2, 1, 1, 1, 0, 20, 2, 3, 1, 0, 0, 0, 1, 9, 0, 2, 1, 5, 3, 1, 2, 19, 3, 3, 3, 0, 0, 0, 0, 0, 1, 1, 0, 9, 1, 2, 0, 1, 0, 0, 0, 4, 0, 0, 0, 1, 0, 0, 0, 0, 0, 0, 0, 0, 0, 0, 0, 1, 0, 0, 0, 0, 0, 0, 0, 0, 0, 0, 0, 0, 0, 0, 0, 
63, 2, 3, 2, 0, 2, 1, 1, 0, 0, 0, 0, 0, 0, 1, 0, 0, 0, 1, 3, 1, 0, 0, 0, 1, 72, 9, 15, 8, 27, 5, 1, 8, 1, 3, 2, 4, 0, 1, 1, 2, 4, 4, 2, 1, 21, 1, 0, 0, 4, 3, 0, 0, 7, 6, 2, 0, 0, 0, 1, 0, 14, 2, 5, 0, 5, 6, 3, 6, 1, 1, 0, 3, 4, 3, 3, 1, 1, 0, 0, 0, 0, 0, 0, 0, 0, 0, 0, 0, 0, 0, 0, 0, 1, 0, 0, 0, 0, 0, 0, 0, 1, 0, 0, 0, 0, 0, 0, 0, 0, 0, 0, 0, 
64, 0, 0, 1, 3, 0, 0, 0, 0, 0, 0, 0, 0, 0, 2, 3, 1, 2, 1, 1, 0, 0, 7, 0, 0, 62, 8, 9, 7, 24, 7, 1, 2, 6, 0, 1, 0, 3, 1, 2, 1, 9, 3, 1, 3, 25, 2, 1, 1, 4, 3, 1, 2, 14, 2, 4, 1, 2, 9, 5, 0, 2, 4, 0, 1, 15, 5, 4, 4, 2, 0, 2, 1, 6, 2, 0, 1, 1, 0, 0, 0, 1, 0, 0, 0, 0, 0, 0, 0, 1, 0, 0, 0, 0, 0, 0, 0, 0, 0, 0, 0, 0, 0, 0, 0, 1, 0, 0, 0, 1, 0, 0, 0, 
65, 3, 0, 1, 3, 1, 0, 2, 1, 2, 1, 0, 1, 0, 1, 0, 0, 1, 0, 0, 1, 0, 1, 0, 2, 59, 6, 8, 1, 17, 5, 2, 5, 1, 0, 0, 0, 0, 0, 0, 0, 2, 5, 2, 1, 31, 4, 3, 3, 5, 4, 4, 5, 13, 3, 3, 1, 3, 6, 4, 1, 6, 4, 4, 2, 11, 3, 6, 4, 1, 0, 0, 0, 6, 0, 2, 1, 1, 0, 0, 0, 0, 0, 0, 0, 0, 0, 0, 0, 0, 0, 0, 0, 0, 0, 0, 0, 2, 0, 0, 0, 2, 0, 0, 0, 0, 0, 0, 0, 2, 0, 0, 0, 
66, 2, 2, 2, 1, 0, 0, 1, 0, 1, 0, 0, 1, 5, 1, 3, 2, 2, 3, 0, 1, 1, 3, 2, 0, 53, 10, 7, 11, 24, 7, 3, 2, 0, 0, 0, 0, 0, 0, 0, 2, 3, 0, 1, 1, 31, 0, 1, 2, 9, 4, 2, 2, 4, 2, 4, 5, 3, 5, 2, 3, 5, 2, 2, 3, 4, 4, 8, 2, 1, 2, 0, 1, 0, 0, 3, 5, 1, 0, 0, 0, 1, 0, 0, 0, 0, 0, 0, 0, 1, 0, 0, 0, 1, 0, 0, 0, 0, 0, 0, 0, 0, 0, 0, 0, 0, 0, 0, 0, 1, 0, 0, 0, 
67, 5, 1, 2, 5, 0, 1, 0, 0, 0, 0, 0, 0, 5, 0, 1, 2, 0, 1, 0, 1, 0, 0, 0, 2, 45, 11, 8, 5, 25, 4, 5, 5, 8, 3, 0, 2, 6, 2, 1, 5, 2, 1, 0, 0, 36, 1, 0, 1, 12, 5, 0, 5, 2, 3, 0, 3, 0, 2, 1, 4, 4, 6, 1, 2, 12, 4, 2, 1, 1, 2, 2, 0, 0, 0, 0, 0, 1, 0, 0, 0, 0, 0, 0, 0, 0, 0, 0, 0, 0, 0, 0, 0, 1, 0, 0, 0, 0, 0, 0, 0, 2, 0, 0, 0, 2, 0, 0, 0, 2, 0, 0, 0, 
68, 4, 1, 4, 1, 0, 0, 0, 2, 1, 0, 1, 1, 2, 1, 2, 0, 0, 1, 0, 1, 0, 2, 0, 2, 37, 10, 9, 12, 19, 3, 5, 3, 8, 1, 3, 4, 1, 2, 1, 0, 4, 4, 2, 0, 34, 1, 0, 0, 8, 4, 3, 2, 10, 1, 3, 1, 0, 1, 2, 1, 6, 5, 3, 1, 4, 5, 3, 1, 0, 1, 4, 2, 0, 0, 0, 1, 0, 0, 0, 0, 1, 0, 0, 0, 2, 0, 0, 0, 0, 0, 0, 0, 1, 0, 0, 0, 1, 0, 0, 0, 0, 0, 0, 0, 0, 0, 0, 0, 1, 0, 0, 0, 
69, 1, 1, 0, 2, 1, 0, 0, 1, 1, 1, 1, 0, 1, 0, 1, 0, 0, 0, 0, 0, 0, 0, 1, 1, 40, 9, 9, 9, 24, 10, 5, 3, 7, 3, 2, 4, 3, 3, 1, 4, 0, 1, 0, 0, 37, 2, 2, 1, 10, 3, 3, 2, 9, 1, 2, 3, 3, 1, 0, 2, 7, 5, 3, 4, 6, 2, 4, 3, 1, 3, 2, 3, 3, 0, 5, 3, 0, 0, 0, 0, 1, 0, 0, 0, 0, 0, 0, 0, 1, 0, 0, 0, 1, 0, 0, 0, 0, 0, 0, 0, 0, 0, 0, 0, 1, 0, 0, 0, 0, 0, 0, 0, 
70, 0, 0, 0, 0, 1, 0, 0, 2, 0, 2, 2, 2, 1, 1, 0, 0, 0, 0, 0, 0, 0, 1, 0, 0, 35, 8, 4, 12, 36, 3, 3, 3, 18, 3, 3, 3, 7, 2, 1, 1, 0, 0, 0, 1, 27, 3, 1, 0, 8, 2, 6, 7, 7, 2, 0, 0, 2, 1, 2, 2, 2, 3, 2, 3, 5, 7, 4, 2, 11, 3, 1, 2, 1, 1, 0, 1, 2, 0, 0, 0, 1, 0, 0, 0, 1, 0, 0, 0, 3, 0, 0, 0, 1, 0, 0, 0, 1, 0, 0, 0, 1, 0, 0, 0, 0, 0, 0, 0, 0, 0, 0, 0, 
71, 4, 1, 5, 4, 3, 6, 0, 2, 1, 0, 0, 0, 0, 0, 0, 0, 0, 1, 0, 0, 0, 0, 1, 0, 24, 9, 6, 7, 38, 3, 7, 6, 23, 3, 0, 4, 1, 3, 2, 2, 1, 4, 3, 7, 12, 2, 3, 0, 2, 5, 2, 1, 3, 2, 1, 0, 6, 4, 1, 3, 5, 4, 1, 3, 8, 7, 11, 2, 7, 4, 3, 4, 3, 5, 3, 0, 1, 0, 0, 0, 0, 0, 0, 0, 0, 0, 0, 0, 0, 0, 0, 0, 0, 0, 0, 0, 1, 0, 0, 0, 0, 0, 0, 0, 1, 0, 0, 0, 1, 0, 0, 0, 
72, 0, 0, 1, 0, 1, 0, 1, 0, 0, 4, 1, 1, 0, 0, 0, 1, 1, 0, 0, 0, 1, 1, 1, 0, 13, 11, 5, 14, 33, 4, 6, 6, 17, 4, 2, 1, 1, 0, 2, 1, 1, 3, 0, 1, 16, 3, 2, 2, 13, 9, 1, 0, 3, 3, 6, 7, 7, 9, 7, 4, 2, 6, 4, 3, 5, 7, 5, 1, 6, 3, 8, 1, 7, 3, 4, 2, 0, 0, 0, 0, 0, 0, 0, 0, 2, 0, 0, 0, 0, 0, 0, 0, 1, 0, 0, 0, 1, 0, 0, 0, 0, 0, 0, 0, 0, 0, 0, 0, 2, 0, 0, 0, 
73, 1, 5, 0, 3, 0, 0, 0, 1, 2, 0, 1, 1, 1, 0, 1, 0, 0, 1, 0, 1, 3, 2, 2, 1, 18, 6, 9, 12, 29, 5, 1, 1, 5, 1, 2, 2, 2, 1, 4, 2, 3, 3, 1, 1, 32, 2, 2, 1, 1, 4, 0, 1, 7, 6, 5, 1, 3, 5, 4, 3, 5, 9, 8, 6, 4, 5, 0, 5, 2, 2, 3, 3, 14, 1, 7, 0, 1, 0, 0, 0, 4, 0, 0, 0, 0, 0, 0, 0, 2, 0, 0, 0, 0, 0, 0, 0, 0, 0, 0, 0, 1, 0, 0, 0, 0, 0, 0, 0, 0, 0, 0, 0, 
74, 2, 2, 2, 0, 2, 2, 1, 3, 0, 1, 0, 0, 0, 1, 0, 0, 2, 0, 1, 2, 1, 5, 0, 1, 13, 10, 6, 7, 31, 3, 4, 8, 6, 3, 2, 4, 0, 3, 1, 2, 6, 4, 2, 4, 30, 2, 1, 1, 1, 0, 1, 0, 0, 4, 1, 1, 3, 1, 2, 3, 18, 7, 14, 6, 6, 6, 3, 3, 8, 5, 4, 3, 13, 5, 1, 3, 0, 0, 0, 0, 1, 0, 0, 0, 0, 0, 0, 0, 2, 0, 0, 0, 0, 0, 0, 0, 0, 0, 0, 0, 2, 0, 0, 0, 2, 0, 0, 0, 0, 0, 0, 0, 
75, 1, 2, 2, 0, 0, 1, 0, 0, 2, 0, 0, 0, 0, 0, 0, 0, 0, 1, 0, 1, 2, 2, 0, 2, 9, 10, 10, 11, 24, 2, 2, 3, 1, 2, 0, 0, 3, 0, 1, 1, 9, 7, 3, 4, 42, 1, 1, 1, 3, 2, 1, 5, 1, 0, 0, 0, 0, 2, 1, 1, 25, 12, 8, 4, 7, 4, 6, 11, 8, 2, 3, 6, 20, 5, 2, 2, 1, 0, 0, 0, 2, 0, 0, 0, 2, 0, 0, 0, 1, 0, 0, 0, 1, 0, 0, 0, 1, 0, 0, 0, 3, 0, 0, 0, 0, 0, 0, 0, 0, 0, 0, 0, 
76, 0, 0, 0, 3, 1, 1, 1, 0, 1, 2, 2, 1, 3, 5, 1, 1, 0, 0, 2, 0, 0, 0, 0, 0, 11, 15, 7, 6, 15, 1, 1, 4, 2, 3, 2, 0, 5, 7, 3, 3, 20, 3, 1, 2, 47, 1, 2, 1, 4, 4, 2, 2, 0, 0, 1, 3, 5, 5, 3, 3, 28, 6, 9, 3, 1, 4, 2, 4, 3, 3, 1, 4, 17, 7, 4, 2, 0, 0, 0, 0, 0, 0, 0, 0, 1, 0, 0, 0, 1, 0, 0, 0, 0, 0, 0, 0, 0, 0, 0, 0, 3, 0, 0, 0, 4, 0, 0, 0, 1, 0, 0, 0, 
77, 0, 0, 0, 0, 0, 2, 0, 1, 5, 1, 0, 3, 1, 2, 0, 0, 2, 0, 1, 1, 0, 0, 0, 0, 15, 14, 11, 7, 1, 4, 3, 2, 0, 0, 1, 0, 0, 2, 2, 0, 29, 6, 3, 3, 40, 2, 2, 1, 10, 1, 4, 2, 4, 3, 3, 3, 20, 9, 3, 3, 21, 4, 6, 4, 0, 0, 1, 1, 5, 1, 2, 3, 15, 4, 2, 2, 3, 0, 0, 0, 0, 0, 0, 0, 1, 0, 0, 0, 0, 0, 0, 0, 1, 0, 0, 0, 1, 0, 0, 0, 2, 0, 0, 0, 0, 0, 0, 0, 2, 0, 0, 0, 
78, 1, 0, 1, 0, 0, 0, 0, 1, 2, 2, 2, 2, 0, 0, 2, 0, 0, 0, 0, 0, 0, 0, 0, 1, 12, 8, 10, 11, 9, 3, 2, 4, 5, 1, 3, 3, 1, 2, 1, 0, 30, 5, 4, 3, 20, 3, 2, 0, 3, 2, 1, 1, 5, 4, 6, 3, 41, 0, 3, 0, 12, 7, 3, 8, 2, 0, 2, 1, 7, 3, 3, 2, 8, 1, 2, 4, 0, 0, 0, 0, 0, 0, 0, 0, 0, 0, 0, 0, 1, 0, 0, 0, 1, 0, 0, 0, 0, 0, 0, 0, 2, 0, 0, 0, 0, 0, 0, 0, 0, 0, 0, 0, 
79, 0, 2, 0, 0, 0, 1, 1, 1, 0, 0, 0, 0, 1, 1, 0, 0, 0, 1, 0, 2, 0, 1, 1, 1, 18, 9, 8, 15, 14, 2, 0, 2, 3, 2, 2, 0, 6, 9, 6, 1, 26, 8, 2, 3, 21, 2, 2, 1, 3, 1, 0, 2, 2, 3, 4, 3, 47, 3, 1, 2, 12, 3, 8, 6, 12, 2, 1, 0, 4, 2, 4, 3, 4, 2, 2, 2, 2, 0, 0, 0, 0, 0, 0, 0, 3, 0, 0, 0, 0, 0, 0, 0, 1, 0, 0, 0, 1, 0, 0, 0, 1, 0, 0, 0, 0, 0, 0, 0, 0, 0, 0, 0, 
80, 0, 0, 1, 0, 0, 0, 0, 0, 2, 0, 0, 0, 0, 0, 2, 2, 4, 1, 1, 2, 0, 2, 1, 0, 8, 9, 10, 8, 9, 2, 4, 4, 1, 1, 1, 3, 5, 2, 3, 0, 22, 8, 2, 4, 22, 3, 0, 1, 1, 1, 1, 1, 3, 3, 3, 5, 39, 2, 0, 2, 12, 10, 11, 5, 18, 2, 0, 0, 7, 1, 3, 2, 2, 1, 4, 1, 0, 0, 0, 0, 3, 0, 0, 0, 2, 0, 0, 0, 0, 0, 0, 0, 0, 0, 0, 0, 0, 0, 0, 0, 0, 0, 0, 0, 1, 0, 0, 0, 1, 0, 0, 0, 
81, 1, 0, 1, 0, 2, 0, 0, 0, 0, 1, 1, 3, 0, 1, 1, 0, 0, 1, 0, 1, 0, 1, 0, 0, 8, 4, 10, 7, 9, 2, 4, 2, 1, 0, 1, 2, 0, 2, 3, 4, 16, 8, 5, 3, 19, 2, 2, 0, 2, 0, 0, 1, 9, 7, 6, 7, 49, 2, 0, 0, 12, 7, 10, 12, 23, 6, 1, 0, 5, 6, 2, 2, 1, 2, 2, 0, 0, 0, 0, 0, 0, 0, 0, 0, 1, 0, 0, 0, 1, 0, 0, 0, 0, 0, 0, 0, 1, 0, 0, 0, 0, 0, 0, 0, 0, 0, 0, 0, 0, 0, 0, 0, 
82, 0, 0, 0, 0, 1, 0, 0, 0, 4, 1, 3, 4, 0, 1, 0, 0, 1, 1, 1, 0, 2, 0, 0, 0, 10, 5, 12, 4, 1, 2, 0, 3, 3, 5, 4, 1, 9, 4, 2, 3, 30, 7, 4, 4, 2, 1, 0, 0, 7, 6, 7, 2, 17, 2, 3, 6, 51, 5, 2, 0, 9, 7, 5, 5, 22, 1, 0, 1, 4, 7, 5, 7, 1, 0, 0, 0, 1, 0, 0, 0, 1, 0, 0, 0, 2, 0, 0, 0, 1, 0, 0, 0, 1, 0, 0, 0, 0, 0, 0, 0, 1, 0, 0, 0, 0, 0, 0, 0, 2, 0, 0, 0, 
83, 2, 0, 2, 2, 0, 0, 0, 0, 0, 0, 0, 0, 1, 0, 1, 0, 0, 1, 0, 0, 0, 0, 1, 0, 14, 9, 9, 10, 4, 3, 3, 2, 18, 4, 0, 2, 11, 1, 2, 1, 43, 6, 6, 6, 1, 1, 3, 3, 13, 7, 3, 1, 6, 6, 5, 2, 42, 4, 2, 2, 1, 4, 7, 7, 18, 2, 3, 2, 4, 9, 4, 3, 0, 1, 2, 1, 1, 0, 0, 0, 0, 0, 0, 0, 0, 0, 0, 0, 1, 0, 0, 0, 0, 0, 0, 0, 1, 0, 0, 0, 0, 0, 0, 0, 2, 0, 0, 0, 0, 0, 0, 0, 
84, 0, 0, 0, 0, 3, 2, 0, 1, 0, 1, 0, 0, 0, 0, 0, 0, 0, 2, 0, 0, 0, 0, 2, 0, 22, 3, 8, 4, 0, 2, 0, 1, 3, 1, 2, 1, 10, 4, 4, 3, 59, 7, 8, 4, 3, 2, 2, 1, 15, 8, 1, 1, 10, 4, 4, 7, 52, 2, 2, 0, 5, 7, 7, 8, 15, 2, 1, 1, 15, 5, 5, 4, 2, 7, 2, 1, 1, 0, 0, 0, 1, 0, 0, 0, 0, 0, 0, 0, 0, 0, 0, 0, 0, 0, 0, 0, 1, 0, 0, 0, 0, 0, 0, 0, 0, 0, 0, 0, 0, 0, 0, 0, 
85, 1, 0, 0, 0, 1, 1, 5, 1, 1, 0, 0, 0, 0, 0, 1, 0, 0, 2, 2, 1, 1, 3, 1, 0, 6, 6, 11, 9, 2, 0, 0, 2, 7, 3, 0, 0, 12, 2, 1, 6, 54, 3, 4, 3, 7, 1, 2, 0, 6, 6, 3, 2, 18, 11, 7, 4, 54, 2, 5, 0, 10, 7, 7, 2, 27, 1, 0, 0, 7, 7, 6, 3, 3, 1, 3, 0, 2, 0, 0, 0, 1, 0, 0, 0, 2, 0, 0, 0, 0, 0, 0, 0, 0, 0, 0, 0, 3, 0, 0, 0, 1, 0, 0, 0, 1, 0, 0, 0, 1, 0, 0, 0, 
86, 0, 1, 2, 0, 0, 0, 2, 1, 0, 0, 0, 1, 0, 0, 0, 3, 0, 0, 1, 1, 0, 1, 1, 0, 8, 5, 7, 9, 4, 1, 1, 0, 4, 0, 1, 1, 32, 6, 1, 0, 62, 1, 8, 3, 14, 1, 0, 2, 2, 0, 0, 0, 32, 8, 6, 4, 63, 3, 3, 4, 5, 3, 5, 4, 20, 0, 0, 0, 3, 6, 8, 5, 0, 1, 0, 0, 1, 0, 0, 0, 0, 0, 0, 0, 1, 0, 0, 0, 0, 0, 0, 0, 1, 0, 0, 0, 0, 0, 0, 0, 0, 0, 0, 0, 1, 0, 0, 0, 0, 0, 0, 0, 
87, 0, 0, 2, 1, 1, 1, 1, 0, 1, 0, 2, 0, 0, 1, 2, 0, 1, 0, 0, 1, 0, 0, 0, 0, 7, 14, 7, 12, 3, 3, 2, 3, 1, 2, 0, 0, 31, 2, 1, 2, 55, 8, 5, 5, 7, 5, 4, 3, 1, 7, 3, 6, 21, 6, 7, 6, 55, 2, 2, 0, 1, 5, 4, 4, 16, 1, 0, 0, 9, 9, 2, 5, 0, 0, 0, 0, 0, 0, 0, 0, 3, 0, 0, 0, 3, 0, 0, 0, 0, 0, 0, 0, 1, 0, 0, 0, 1, 0, 0, 0, 0, 0, 0, 0, 1, 0, 0, 0, 1, 0, 0, 0, 
88, 2, 0, 3, 2, 3, 0, 0, 0, 0, 0, 0, 1, 1, 0, 0, 0, 2, 0, 1, 2, 0, 1, 0, 0, 9, 12, 11, 8, 8, 6, 7, 7, 2, 6, 1, 5, 11, 6, 3, 3, 55, 5, 6, 4, 2, 4, 3, 6, 6, 5, 2, 6, 25, 9, 4, 4, 47, 12, 3, 1, 7, 8, 2, 2, 6, 3, 0, 0, 12, 4, 8, 2, 2, 2, 0, 1, 1, 0, 0, 0, 2, 0, 0, 0, 1, 0, 0, 0, 0, 0, 0, 0, 1, 0, 0, 0, 0, 0, 0, 0, 0, 0, 0, 0, 0, 0, 0, 0, 1, 0, 0, 0, 
89, 0, 0, 0, 2, 0, 0, 1, 0, 2, 1, 1, 0, 1, 2, 2, 0, 0, 0, 0, 0, 1, 0, 0, 0, 14, 9, 8, 7, 5, 4, 8, 6, 0, 3, 0, 0, 14, 8, 4, 1, 54, 4, 2, 3, 4, 2, 0, 4, 6, 6, 7, 9, 16, 9, 8, 5, 56, 1, 3, 2, 2, 6, 3, 2, 10, 4, 2, 0, 5, 5, 4, 2, 10, 3, 3, 1, 0, 0, 0, 0, 1, 0, 0, 0, 0, 0, 0, 0, 2, 0, 0, 0, 1, 0, 0, 0, 2, 0, 0, 0, 1, 0, 0, 0, 0, 0, 0, 0, 3, 0, 0, 0, 
90, 2, 1, 0, 3, 0, 0, 0, 0, 0, 1, 0, 0, 0, 3, 0, 2, 1, 1, 0, 1, 1, 2, 0, 1, 5, 8, 4, 3, 13, 9, 1, 1, 0, 1, 3, 2, 21, 5, 3, 4, 47, 4, 6, 5, 0, 0, 0, 0, 8, 5, 6, 4, 10, 8, 8, 8, 47, 5, 2, 3, 3, 2, 1, 0, 20, 2, 0, 0, 5, 4, 2, 2, 16, 2, 3, 0, 0, 0, 0, 0, 0, 0, 0, 0, 2, 0, 0, 0, 2, 0, 0, 0, 0, 0, 0, 0, 0, 0, 0, 0, 2, 0, 0, 0, 0, 0, 0, 0, 3, 0, 0, 0, 
91, 4, 2, 2, 2, 0, 0, 1, 1, 1, 1, 1, 2, 1, 0, 1, 0, 0, 0, 2, 2, 2, 0, 4, 1, 4, 7, 9, 6, 16, 10, 3, 2, 4, 7, 3, 4, 18, 3, 3, 5, 52, 6, 4, 3, 3, 2, 3, 3, 6, 4, 9, 9, 4, 7, 3, 7, 50, 3, 1, 2, 1, 3, 0, 0, 29, 3, 2, 0, 5, 4, 6, 5, 7, 3, 0, 3, 0, 0, 0, 0, 0, 0, 0, 0, 0, 0, 0, 0, 1, 0, 0, 0, 0, 0, 0, 0, 0, 0, 0, 0, 2, 0, 0, 0, 1, 0, 0, 0, 0, 0, 0, 0, 
92, 0, 0, 0, 1, 1, 0, 0, 2, 1, 0, 0, 0, 0, 0, 1, 0, 2, 1, 0, 2, 0, 1, 0, 1, 4, 4, 8, 2, 16, 7, 5, 5, 2, 5, 6, 4, 23, 2, 4, 1, 58, 7, 1, 0, 1, 1, 0, 1, 8, 8, 9, 6, 5, 11, 2, 7, 34, 4, 2, 1, 22, 2, 1, 2, 49, 1, 1, 0, 9, 11, 9, 9, 9, 2, 4, 4, 0, 0, 0, 0, 1, 0, 0, 0, 0, 0, 0, 0, 0, 0, 0, 0, 1, 0, 0, 0, 0, 0, 0, 0, 0, 0, 0, 0, 0, 0, 0, 0, 3, 0, 0, 0, 
93, 2, 0, 2, 0, 1, 1, 0, 1, 1, 1, 0, 0, 0, 1, 0, 0, 0, 0, 0, 0, 1, 1, 1, 1, 13, 5, 4, 4, 19, 9, 6, 4, 3, 2, 3, 5, 25, 2, 4, 0, 47, 7, 5, 3, 1, 1, 1, 0, 6, 7, 14, 4, 5, 6, 7, 6, 32, 3, 6, 2, 27, 6, 2, 2, 49, 1, 1, 0, 14, 6, 6, 11, 15, 1, 0, 4, 1, 0, 0, 0, 0, 0, 0, 0, 0, 0, 0, 0, 0, 0, 0, 0, 0, 0, 0, 0, 0, 0, 0, 0, 0, 0, 0, 0, 2, 0, 0, 0, 0, 0, 0, 0, 
94, 0, 0, 1, 0, 2, 3, 0, 0, 0, 1, 1, 0, 1, 1, 0, 0, 3, 1, 2, 3, 0, 0, 0, 0, 6, 5, 5, 4, 31, 11, 9, 7, 0, 0, 0, 1, 22, 1, 3, 0, 55, 1, 5, 5, 7, 3, 2, 0, 4, 8, 9, 2, 5, 14, 7, 5, 46, 5, 4, 0, 23, 0, 0, 0, 53, 0, 1, 0, 27, 9, 9, 9, 8, 3, 5, 4, 0, 0, 0, 0, 3, 0, 0, 0, 0, 0, 0, 0, 0, 0, 0, 0, 0, 0, 0, 0, 0, 0, 0, 0, 1, 0, 0, 0, 1, 0, 0, 0, 0, 0, 0, 0, 
95, 0, 0, 1, 1, 2, 1, 0, 1, 1, 0, 0, 0, 1, 1, 4, 0, 0, 1, 0, 0, 1, 2, 1, 0, 6, 6, 6, 2, 44, 3, 5, 6, 8, 1, 0, 1, 12, 2, 3, 5, 62, 4, 4, 3, 7, 4, 7, 4, 11, 6, 5, 2, 20, 8, 8, 7, 38, 2, 0, 2, 13, 2, 1, 3, 58, 1, 0, 1, 22, 7, 9, 5, 16, 3, 2, 2, 0, 0, 0, 0, 3, 0, 0, 0, 0, 0, 0, 0, 1, 0, 0, 0, 0, 0, 0, 0, 0, 0, 0, 0, 0, 0, 0, 0, 0, 0, 0, 0, 0, 0, 0, 0, 
96, 2, 3, 2, 2, 5, 0, 1, 1, 2, 0, 0, 0, 2, 0, 0, 1, 1, 1, 0, 0, 0, 1, 0, 1, 5, 1, 2, 4, 37, 5, 4, 6, 16, 0, 1, 0, 7, 3, 3, 5, 51, 2, 3, 1, 12, 6, 6, 4, 19, 4, 3, 1, 15, 6, 8, 6, 35, 1, 1, 3, 14, 1, 0, 1, 58, 3, 0, 1, 17, 10, 10, 5, 14, 4, 3, 8, 2, 0, 0, 0, 1, 0, 0, 0, 2, 0, 0, 0, 0, 0, 0, 0, 1, 0, 0, 0, 0, 0, 0, 0, 0, 0, 0, 0, 1, 0, 0, 0, 1, 0, 0, 0, 
97, 0, 0, 0, 0, 1, 1, 2, 0, 1, 1, 0, 1, 0, 0, 0, 0, 2, 0, 0, 0, 0, 0, 0, 1, 9, 2, 3, 3, 22, 2, 3, 5, 0, 1, 0, 1, 25, 6, 2, 0, 47, 1, 4, 5, 9, 3, 7, 2, 17, 5, 9, 3, 14, 6, 6, 6, 23, 3, 3, 3, 15, 0, 0, 0, 63, 1, 0, 0, 27, 12, 5, 9, 15, 3, 3, 2, 0, 0, 0, 0, 1, 0, 0, 0, 2, 0, 0, 0, 0, 0, 0, 0, 1, 0, 0, 0, 0, 0, 0, 0, 0, 0, 0, 0, 0, 0, 0, 0, 3, 0, 0, 0, 
98, 1, 1, 4, 4, 0, 1, 1, 1, 1, 2, 1, 1, 1, 0, 0, 0, 3, 4, 2, 4, 0, 1, 0, 0, 7, 7, 3, 2, 18, 3, 4, 2, 2, 2, 0, 1, 24, 3, 2, 2, 44, 3, 1, 2, 6, 2, 4, 2, 35, 6, 6, 5, 25, 4, 4, 5, 13, 11, 5, 2, 1, 1, 3, 1, 55, 1, 2, 0, 35, 9, 11, 6, 21, 1, 4, 1, 0, 0, 0, 0, 1, 0, 0, 0, 1, 0, 0, 0, 0, 0, 0, 0, 0, 0, 0, 0, 1, 0, 0, 0, 0, 0, 0, 0, 0, 0, 0, 0, 2, 0, 0, 0, 
99, 0, 0, 0, 1, 0, 0, 0, 1, 0, 0, 0, 0, 0, 0, 1, 0, 3, 1, 2, 0, 0, 0, 0, 0, 14, 5, 8, 7, 15, 2, 8, 6, 0, 3, 2, 5, 26, 5, 6, 1, 40, 11, 4, 1, 6, 3, 6, 6, 39, 6, 3, 4, 13, 7, 5, 7, 27, 2, 0, 0, 12, 5, 2, 1, 68, 2, 2, 0, 31, 7, 12, 4, 16, 1, 2, 3, 1, 0, 0, 0, 0, 0, 0, 0, 3, 0, 0, 0, 2, 0, 0, 0, 1, 0, 0, 0, 2, 0, 0, 0, 1, 0, 0, 0, 2, 0, 0, 0, 0, 0, 0, 0, 