0, 1, 0, 1, 1, 0, 0, 0, 0, 0, 0, 0, 0, 0, 1, 0, 0, 0, 0, 0, 0, 2, 0, 2, 1, 9, 2, 2, 0, 1, 0, 1, 1, 1, 0, 0, 0, 3, 2, 3, 3, 2, 1, 1, 2, 0, 1, 0, 0, 4, 0, 0, 0, 1, 1, 4, 1, 1, 0, 0, 0, 0, 0, 0, 0, 4, 1, 1, 3, 0, 0, 2, 3, 2, 0, 0, 1, 1, 0, 0, 0, 2, 0, 0, 0, 0, 0, 0, 0, 2, 0, 0, 0, 1, 0, 0, 0, 1, 0, 0, 0, 1, 0, 0, 0, 1, 0, 0, 0, 1, 0, 0, 0, 
1, 0, 2, 0, 1, 0, 0, 0, 0, 1, 0, 0, 0, 0, 0, 1, 1, 0, 0, 0, 0, 1, 1, 0, 0, 13, 1, 0, 0, 11, 2, 4, 1, 0, 1, 0, 0, 1, 1, 2, 0, 2, 3, 4, 3, 1, 0, 0, 1, 0, 0, 1, 0, 3, 1, 1, 0, 0, 0, 1, 0, 1, 1, 2, 3, 1, 2, 1, 1, 0, 1, 0, 0, 3, 4, 2, 0, 0, 0, 0, 0, 1, 0, 0, 0, 0, 0, 0, 0, 5, 0, 0, 0, 1, 0, 0, 0, 0, 0, 0, 0, 0, 0, 0, 0, 1, 0, 0, 0, 0, 0, 0, 0, 
2, 0, 0, 2, 0, 0, 1, 1, 0, 2, 0, 0, 0, 0, 0, 0, 1, 1, 0, 0, 1, 0, 0, 0, 0, 23, 0, 1, 0, 24, 3, 2, 2, 3, 7, 3, 3, 0, 0, 1, 2, 2, 1, 2, 2, 2, 4, 1, 3, 0, 0, 0, 0, 0, 0, 1, 1, 7, 1, 0, 2, 0, 0, 0, 0, 2, 1, 2, 1, 3, 2, 2, 0, 3, 0, 2, 1, 0, 0, 0, 0, 1, 0, 0, 0, 0, 0, 0, 0, 1, 0, 0, 0, 2, 0, 0, 0, 1, 0, 0, 0, 0, 0, 0, 0, 0, 0, 0, 0, 2, 0, 0, 0, 
3, 2, 1, 0, 1, 0, 0, 0, 1, 0, 2, 0, 1, 1, 1, 1, 0, 0, 0, 1, 0, 0, 1, 0, 0, 29, 1, 1, 0, 21, 4, 1, 4, 1, 4, 0, 0, 0, 1, 1, 1, 1, 2, 2, 3, 0, 4, 1, 1, 1, 2, 2, 1, 5, 0, 1, 2, 13, 1, 0, 1, 2, 1, 0, 1, 5, 3, 1, 0, 0, 1, 0, 3, 3, 5, 4, 1, 1, 0, 0, 0, 1, 0, 0, 0, 0, 0, 0, 0, 0, 0, 0, 0, 1, 0, 0, 0, 6, 0, 0, 0, 0, 0, 0, 0, 1, 0, 0, 0, 0, 0, 0, 0, 
4, 1, 0, 0, 2, 4, 5, 2, 1, 0, 0, 1, 2, 0, 1, 3, 1, 0, 0, 0, 1, 1, 0, 1, 0, 24, 0, 1, 0, 25, 1, 5, 1, 6, 0, 2, 1, 3, 3, 11, 8, 0, 0, 2, 3, 1, 0, 1, 0, 3, 1, 0, 3, 3, 1, 2, 0, 11, 0, 0, 1, 0, 0, 0, 0, 2, 1, 0, 0, 3, 2, 2, 1, 0, 1, 0, 0, 1, 0, 0, 0, 1, 0, 0, 0, 2, 0, 0, 0, 0, 0, 0, 0, 0, 0, 0, 0, 0, 0, 0, 0, 0, 0, 0, 0, 2, 0, 0, 0, 0, 0, 0, 0, 
5, 1, 1, 0, 0, 1, 0, 0, 1, 0, 0, 0, 0, 0, 0, 1, 1, 0, 0, 2, 1, 0, 2, 0, 0, 25, 1, 1, 0, 33, 3, 2, 2, 8, 3, 1, 1, 8, 10, 6, 6, 1, 3, 4, 2, 10, 1, 2, 1, 2, 0, 0, 1, 1, 2, 0, 2, 2, 0, 0, 1, 1, 4, 0, 1, 2, 0, 2, 2, 0, 1, 1, 0, 1, 1, 1, 0, 0, 0, 0, 0, 1, 0, 0, 0, 1, 0, 0, 0, 1, 0, 0, 0, 3, 0, 0, 0, 0, 0, 0, 0, 1, 0, 0, 0, 0, 0, 0, 0, 0, 0, 0, 0, 
6, 0, 1, 1, 1, 0, 0, 0, 0, 1, 1, 0, 0, 0, 0, 1, 2, 0, 0, 0, 1, 1, 0, 1, 2, 14, 0, 2, 1, 41, 5, 3, 3, 7, 4, 2, 3, 6, 4, 6, 3, 3, 4, 2, 1, 6, 0, 0, 4, 2, 5, 1, 3, 1, 1, 0, 0, 1, 0, 1, 0, 20, 0, 0, 1, 4, 2, 0, 0, 0, 0, 0, 2, 1, 1, 1, 0, 0, 0, 0, 0, 0, 0, 0, 0, 0, 0, 0, 0, 1, 0, 0, 0, 0, 0, 0, 0, 0, 0, 0, 0, 4, 0, 0, 0, 1, 0, 0, 0, 0, 0, 0, 0, 
7, 2, 0, 1, 1, 2, 0, 2, 0, 1, 0, 1, 1, 1, 1, 0, 4, 1, 3, 0, 0, 0, 0, 0, 1, 15, 0, 2, 0, 44, 3, 6, 2, 1, 1, 1, 3, 3, 3, 2, 2, 3, 2, 1, 0, 7, 0, 0, 1, 2, 1, 1, 0, 14, 6, 1, 0, 2, 4, 1, 1, 16, 1, 2, 1, 2, 2, 0, 1, 1, 0, 0, 0, 0, 0, 0, 0, 0, 0, 0, 0, 0, 0, 0, 0, 0, 0, 0, 0, 1, 0, 0, 0, 2, 0, 0, 0, 0, 0, 0, 0, 2, 0, 0, 0, 1, 0, 0, 0, 1, 0, 0, 0, 
8, 8, 4, 1, 1, 1, 0, 1, 0, 2, 0, 0, 1, 0, 0, 0, 0, 0, 1, 1, 0, 1, 1, 3, 2, 20, 0, 1, 1, 42, 0, 2, 2, 2, 3, 1, 0, 0, 0, 1, 1, 3, 2, 0, 1, 0, 0, 1, 1, 0, 4, 3, 1, 11, 3, 2, 3, 23, 8, 1, 1, 3, 2, 1, 1, 15, 0, 2, 2, 2, 5, 4, 1, 0, 0, 0, 0, 1, 0, 0, 0, 0, 0, 0, 0, 0, 0, 0, 0, 1, 0, 0, 0, 0, 0, 0, 0, 0, 0, 0, 0, 0, 0, 0, 0, 0, 0, 0, 0, 0, 0, 0, 0, 
9, 2, 0, 0, 0, 1, 2, 1, 0, 1, 0, 0, 0, 0, 0, 0, 0, 2, 0, 1, 0, 1, 0, 1, 0, 24, 0, 0, 1, 21, 2, 1, 2, 12, 8, 0, 0, 1, 2, 0, 2, 2, 6, 3, 4, 1, 0, 0, 1, 8, 4, 3, 6, 14, 1, 0, 0, 14, 2, 1, 1, 1, 1, 1, 1, 11, 2, 4, 0, 2, 2, 2, 2, 2, 1, 1, 0, 1, 0, 0, 0, 0, 0, 0, 0, 2, 0, 0, 0, 0, 0, 0, 0, 2, 0, 0, 0, 1, 0, 0, 0, 2, 0, 0, 0, 1, 0, 0, 0, 1, 0, 0, 0, 
10, 0, 0, 0, 0, 3, 2, 0, 3, 2, 2, 0, 4, 0, 0, 0, 0, 0, 0, 1, 0, 2, 1, 0, 0, 26, 3, 1, 1, 28, 2, 1, 3, 12, 3, 0, 1, 1, 1, 1, 1, 3, 8, 9, 3, 1, 2, 0, 2, 3, 9, 6, 1, 11, 2, 3, 0, 4, 4, 2, 1, 9, 7, 7, 8, 11, 2, 1, 0, 3, 0, 3, 1, 23, 0, 0, 1, 2, 0, 0, 0, 0, 0, 0, 0, 0, 0, 0, 0, 2, 0, 0, 0, 1, 0, 0, 0, 0, 0, 0, 0, 2, 0, 0, 0, 0, 0, 0, 0, 2, 0, 0, 0, 
11, 0, 0, 0, 0, 0, 0, 0, 0, 0, 2, 1, 1, 0, 0, 0, 0, 4, 4, 0, 1, 4, 5, 1, 1, 34, 1, 1, 2, 40, 2, 2, 2, 8, 2, 1, 1, 0, 3, 0, 2, 1, 1, 0, 0, 5, 0, 0, 1, 8, 7, 9, 7, 8, 7, 0, 0, 1, 2, 2, 2, 5, 9, 10, 4, 11, 2, 0, 1, 1, 0, 2, 1, 21, 1, 0, 1, 0, 0, 0, 0, 1, 0, 0, 0, 1, 0, 0, 0, 0, 0, 0, 0, 1, 0, 0, 0, 0, 0, 0, 0, 1, 0, 0, 0, 0, 0, 0, 0, 0, 0, 0, 0, 
12, 2, 1, 1, 0, 0, 2, 1, 1, 0, 0, 0, 3, 2, 0, 0, 3, 0, 0, 0, 0, 0, 0, 1, 0, 62, 0, 1, 1, 35, 6, 4, 5, 5, 2, 0, 0, 0, 2, 1, 1, 0, 0, 0, 1, 2, 3, 4, 6, 22, 7, 9, 6, 10, 1, 0, 1, 0, 1, 0, 0, 5, 0, 3, 1, 0, 0, 0, 0, 1, 0, 1, 0, 26, 2, 1, 1, 0, 0, 0, 0, 1, 0, 0, 0, 1, 0, 0, 0, 1, 0, 0, 0, 0, 0, 0, 0, 1, 0, 0, 0, 2, 0, 0, 0, 0, 0, 0, 0, 0, 0, 0, 0, 
13, 0, 0, 2, 0, 2, 3, 3, 0, 0, 2, 0, 0, 0, 0, 0, 1, 1, 1, 0, 2, 1, 0, 2, 0, 42, 0, 0, 1, 36, 3, 1, 1, 0, 0, 0, 0, 0, 1, 0, 1, 0, 3, 3, 1, 12, 8, 4, 8, 22, 9, 10, 7, 0, 0, 0, 0, 3, 3, 1, 2, 11, 8, 1, 4, 4, 0, 3, 4, 2, 2, 1, 5, 35, 3, 0, 1, 0, 0, 0, 0, 0, 0, 0, 0, 1, 0, 0, 0, 1, 0, 0, 0, 2, 0, 0, 0, 1, 0, 0, 0, 1, 0, 0, 0, 1, 0, 0, 0, 0, 0, 0, 0, 
14, 0, 0, 0, 0, 0, 0, 0, 0, 0, 0, 0, 0, 2, 0, 1, 0, 1, 1, 0, 1, 1, 1, 0, 1, 42, 1, 0, 0, 29, 0, 1, 3, 1, 1, 3, 2, 1, 0, 0, 1, 0, 0, 1, 1, 6, 4, 5, 3, 28, 8, 8, 8, 4, 2, 3, 3, 3, 1, 1, 3, 27, 3, 2, 2, 4, 3, 4, 2, 2, 1, 1, 1, 30, 0, 0, 0, 0, 0, 0, 0, 0, 0, 0, 0, 0, 0, 0, 0, 2, 0, 0, 0, 0, 0, 0, 0, 0, 0, 0, 0, 0, 0, 0, 0, 1, 0, 0, 0, 1, 0, 0, 0, 
15, 0, 0, 0, 0, 0, 0, 1, 0, 0, 0, 0, 1, 0, 0, 1, 0, 4, 1, 1, 0, 0, 2, 0, 2, 43, 1, 2, 0, 27, 1, 2, 2, 3, 2, 5, 2, 2, 0, 0, 0, 5, 0, 6, 3, 15, 9, 3, 4, 35, 8, 5, 10, 5, 1, 1, 2, 3, 3, 2, 0, 33, 1, 1, 1, 1, 2, 0, 1, 0, 1, 1, 0, 28, 0, 1, 0, 1, 0, 0, 0, 2, 0, 0, 0, 0, 0, 0, 0, 1, 0, 0, 0, 0, 0, 0, 0, 0, 0, 0, 0, 2, 0, 0, 0, 1, 0, 0, 0, 1, 0, 0, 0, 
16, 2, 1, 1, 2, 2, 1, 0, 0, 0, 0, 0, 0, 0, 0, 0, 0, 1, 2, 1, 0, 0, 1, 0, 1, 46, 0, 1, 2, 26, 5, 0, 1, 3, 4, 3, 2, 5, 3, 3, 5, 2, 1, 0, 0, 10, 4, 4, 5, 30, 6, 8, 4, 3, 2, 2, 2, 1, 3, 0, 1, 26, 1, 2, 4, 7, 6, 3, 2, 0, 2, 2, 1, 35, 2, 0, 1, 1, 0, 0, 0, 0, 0, 0, 0, 1, 0, 0, 0, 0, 0, 0, 0, 1, 0, 0, 0, 0, 0, 0, 0, 0, 0, 0, 0, 0, 0, 0, 0, 2, 0, 0, 0, 
17, 0, 1, 0, 0, 0, 0, 1, 0, 0, 0, 2, 1, 2, 2, 0, 0, 1, 0, 0, 0, 3, 2, 2, 2, 51, 1, 1, 0, 6, 3, 3, 2, 1, 3, 4, 3, 1, 1, 1, 1, 0, 1, 1, 0, 9, 8, 3, 3, 32, 13, 4, 5, 0, 0, 0, 3, 0, 0, 0, 0, 30, 0, 0, 1, 4, 1, 1, 2, 1, 1, 4, 2, 28, 1, 2, 0, 1, 0, 0, 0, 0, 0, 0, 0, 1, 0, 0, 0, 0, 0, 0, 0, 2, 0, 0, 0, 0, 0, 0, 0, 1, 0, 0, 0, 0, 0, 0, 0, 2, 0, 0, 0, 
18, 0, 0, 1, 0, 0, 0, 0, 0, 0, 0, 0, 0, 0, 1, 0, 0, 0, 1, 1, 1, 1, 1, 0, 0, 46, 2, 1, 0, 1, 3, 0, 3, 2, 4, 1, 2, 7, 7, 6, 2, 1, 1, 2, 2, 8, 6, 2, 3, 27, 7, 3, 9, 3, 1, 0, 3, 2, 7, 8, 10, 23, 3, 1, 1, 6, 3, 0, 0, 3, 2, 0, 1, 32, 0, 0, 1, 0, 0, 0, 0, 0, 0, 0, 0, 1, 0, 0, 0, 0, 0, 0, 0, 0, 0, 0, 0, 0, 0, 0, 0, 1, 0, 0, 0, 3, 0, 0, 0, 1, 0, 0, 0, 
19, 1, 0, 1, 2, 0, 0, 0, 1, 1, 2, 0, 1, 0, 0, 0, 0, 0, 0, 0, 0, 0, 0, 1, 0, 43, 0, 1, 0, 0, 1, 1, 2, 8, 3, 0, 0, 3, 0, 3, 3, 10, 5, 4, 7, 6, 8, 4, 5, 12, 9, 6, 8, 0, 1, 0, 0, 7, 9, 6, 4, 9, 2, 2, 1, 2, 3, 2, 4, 11, 2, 4, 3, 29, 0, 0, 0, 1, 0, 0, 0, 0, 0, 0, 0, 2, 0, 0, 0, 0, 0, 0, 0, 1, 0, 0, 0, 0, 0, 0, 0, 0, 0, 0, 0, 3, 0, 0, 0, 3, 0, 0, 0, 
20, 0, 0, 0, 0, 0, 0, 1, 1, 1, 0, 1, 0, 0, 0, 1, 1, 0, 1, 0, 0, 2, 2, 0, 1, 52, 0, 0, 2, 2, 2, 1, 3, 3, 5, 2, 1, 1, 1, 1, 1, 6, 2, 4, 3, 12, 7, 6, 5, 9, 11, 7, 2, 0, 0, 0, 0, 12, 7, 8, 10, 23, 2, 3, 2, 1, 2, 0, 1, 3, 5, 2, 8, 22, 1, 2, 1, 1, 0, 0, 0, 0, 0, 0, 0, 1, 0, 0, 0, 0, 0, 0, 0, 2, 0, 0, 0, 0, 0, 0, 0, 0, 0, 0, 0, 0, 0, 0, 0, 0, 0, 0, 0, 
21, 0, 1, 1, 0, 0, 1, 1, 0, 3, 1, 3, 0, 0, 0, 2, 1, 0, 0, 0, 0, 0, 0, 0, 0, 46, 5, 2, 3, 0, 0, 0, 0, 2, 2, 1, 1, 1, 0, 4, 2, 2, 1, 2, 2, 10, 7, 6, 3, 11, 5, 3, 7, 1, 0, 0, 1, 23, 15, 10, 6, 34, 4, 1, 0, 2, 1, 0, 0, 7, 11, 6, 2, 30, 1, 0, 0, 0, 0, 0, 0, 2, 0, 0, 0, 0, 0, 0, 0, 1, 0, 0, 0, 1, 0, 0, 0, 1, 0, 0, 0, 2, 0, 0, 0, 1, 0, 0, 0, 0, 0, 0, 0, 
22, 0, 0, 1, 0, 0, 0, 2, 1, 0, 0, 0, 0, 1, 4, 0, 1, 0, 0, 0, 0, 0, 1, 0, 0, 53, 1, 1, 1, 2, 5, 3, 1, 1, 0, 0, 0, 5, 5, 12, 6, 1, 1, 3, 2, 8, 8, 5, 11, 19, 7, 1, 6, 2, 4, 1, 3, 25, 9, 6, 6, 31, 3, 3, 0, 6, 8, 2, 1, 2, 3, 5, 2, 11, 0, 0, 2, 1, 0, 0, 0, 1, 0, 0, 0, 0, 0, 0, 0, 1, 0, 0, 0, 0, 0, 0, 0, 2, 0, 0, 0, 1, 0, 0, 0, 0, 0, 0, 0, 1, 0, 0, 0, 
23, 1, 0, 1, 0, 0, 2, 1, 1, 0, 0, 0, 0, 1, 1, 0, 0, 1, 0, 0, 1, 0, 0, 1, 1, 59, 0, 1, 0, 7, 5, 8, 9, 2, 3, 5, 3, 1, 3, 1, 1, 7, 9, 0, 3, 14, 11, 9, 7, 16, 10, 8, 7, 3, 1, 1, 2, 14, 9, 5, 6, 22, 1, 2, 1, 22, 4, 1, 2, 3, 1, 3, 2, 1, 7, 3, 1, 1, 0, 0, 0, 1, 0, 0, 0, 1, 0, 0, 0, 0, 0, 0, 0, 3, 0, 0, 0, 0, 0, 0, 0, 1, 0, 0, 0, 1, 0, 0, 0, 1, 0, 0, 0, 
24, 0, 1, 0, 0, 0, 1, 0, 0, 1, 1, 1, 0, 0, 0, 1, 0, 0, 1, 0, 0, 0, 0, 1, 0, 62, 2, 1, 0, 3, 2, 5, 4, 8, 3, 0, 2, 8, 2, 0, 1, 12, 4, 3, 2, 21, 9, 9, 6, 20, 4, 7, 4, 0, 0, 0, 4, 10, 6, 18, 8, 13, 1, 2, 3, 25, 4, 1, 2, 6, 1, 2, 0, 1, 2, 0, 0, 1, 0, 0, 0, 1, 0, 0, 0, 0, 0, 0, 0, 0, 0, 0, 0, 2, 0, 0, 0, 0, 0, 0, 0, 2, 0, 0, 0, 1, 0, 0, 0, 1, 0, 0, 0, 
25, 0, 0, 0, 1, 2, 2, 0, 1, 0, 0, 0, 0, 1, 0, 0, 0, 1, 0, 0, 2, 0, 1, 1, 0, 53, 0, 0, 1, 0, 0, 0, 1, 3, 2, 5, 3, 16, 0, 3, 0, 7, 2, 9, 5, 26, 13, 8, 7, 16, 2, 9, 6, 5, 1, 1, 2, 7, 6, 11, 12, 3, 0, 1, 1, 20, 2, 3, 3, 7, 0, 0, 2, 0, 0, 1, 1, 1, 0, 0, 0, 0, 0, 0, 0, 2, 0, 0, 0, 1, 0, 0, 0, 1, 0, 0, 0, 1, 0, 0, 0, 1, 0, 0, 0, 1, 0, 0, 0, 0, 0, 0, 0, 
26, 0, 0, 0, 1, 0, 2, 0, 0, 2, 1, 1, 0, 0, 0, 0, 0, 0, 0, 0, 0, 1, 0, 2, 3, 47, 4, 0, 0, 2, 5, 3, 2, 10, 7, 3, 3, 6, 0, 1, 0, 3, 8, 2, 2, 26, 7, 14, 6, 17, 9, 3, 6, 10, 2, 3, 0, 10, 12, 6, 5, 6, 5, 2, 1, 43, 6, 0, 2, 0, 1, 0, 1, 7, 3, 3, 0, 0, 0, 0, 0, 1, 0, 0, 0, 2, 0, 0, 0, 1, 0, 0, 0, 2, 0, 0, 0, 0, 0, 0, 0, 0, 0, 0, 0, 1, 0, 0, 0, 0, 0, 0, 0, 
27, 2, 0, 1, 0, 0, 1, 0, 0, 0, 0, 0, 1, 0, 0, 0, 0, 1, 0, 0, 1, 1, 0, 0, 2, 38, 2, 0, 0, 2, 2, 3, 2, 15, 3, 1, 1, 0, 3, 1, 0, 14, 2, 9, 2, 28, 11, 6, 6, 14, 8, 8, 5, 1, 1, 3, 2, 5, 8, 4, 8, 2, 5, 4, 7, 47, 5, 2, 2, 2, 3, 0, 0, 29, 2, 2, 2, 0, 0, 0, 0, 1, 0, 0, 0, 0, 0, 0, 0, 1, 0, 0, 0, 0, 0, 0, 0, 0, 0, 0, 0, 1, 0, 0, 0, 1, 0, 0, 0, 2, 0, 0, 0, 
28, 0, 0, 0, 1, 1, 0, 1, 0, 0, 1, 0, 1, 0, 1, 0, 0, 2, 1, 0, 1, 1, 0, 0, 1, 39, 2, 0, 0, 2, 3, 3, 1, 11, 2, 3, 3, 0, 0, 0, 0, 13, 11, 2, 2, 23, 7, 6, 4, 15, 12, 6, 6, 3, 2, 0, 2, 1, 0, 1, 0, 3, 8, 4, 4, 44, 2, 3, 0, 1, 2, 1, 2, 36, 5, 1, 4, 2, 0, 0, 0, 0, 0, 0, 0, 1, 0, 0, 0, 0, 0, 0, 0, 0, 0, 0, 0, 1, 0, 0, 0, 0, 0, 0, 0, 0, 0, 0, 0, 0, 0, 0, 0, 
29, 1, 0, 1, 0, 2, 2, 0, 2, 0, 0, 1, 0, 0, 0, 2, 1, 0, 0, 1, 1, 0, 0, 0, 2, 42, 3, 1, 0, 6, 3, 2, 2, 2, 3, 2, 2, 1, 1, 2, 2, 15, 4, 3, 2, 11, 5, 7, 5, 21, 0, 5, 2, 1, 1, 0, 1, 1, 0, 0, 2, 6, 5, 1, 6, 46, 3, 3, 0, 9, 12, 5, 2, 43, 3, 2, 4, 0, 0, 0, 0, 0, 0, 0, 0, 0, 0, 0, 0, 1, 0, 0, 0, 0, 0, 0, 0, 0, 0, 0, 0, 0, 0, 0, 0, 1, 0, 0, 0, 1, 0, 0, 0, 
30, 6, 4, 0, 1, 0, 1, 0, 0, 0, 0, 0, 0, 6, 1, 1, 1, 0, 3, 0, 2, 1, 0, 2, 2, 47, 1, 2, 0, 7, 0, 2, 2, 6, 3, 2, 6, 0, 1, 5, 2, 10, 10, 6, 4, 6, 8, 8, 11, 3, 3, 7, 1, 4, 2, 3, 4, 1, 2, 1, 3, 3, 1, 1, 4, 49, 1, 1, 1, 23, 2, 8, 7, 39, 1, 1, 3, 0, 0, 0, 0, 1, 0, 0, 0, 1, 0, 0, 0, 0, 0, 0, 0, 0, 0, 0, 0, 0, 0, 0, 0, 1, 0, 0, 0, 0, 0, 0, 0, 0, 0, 0, 0, 
31, 2, 0, 2, 2, 0, 0, 0, 1, 0, 0, 1, 1, 2, 5, 4, 2, 1, 1, 0, 1, 0, 0, 0, 0, 49, 0, 0, 0, 13, 3, 1, 1, 2, 2, 3, 4, 0, 0, 1, 0, 19, 3, 0, 3, 8, 7, 9, 8, 19, 7, 3, 4, 3, 0, 1, 3, 2, 6, 1, 2, 5, 3, 0, 2, 58, 1, 3, 3, 23, 4, 2, 4, 35, 3, 5, 3, 0, 0, 0, 0, 0, 0, 0, 0, 0, 0, 0, 0, 0, 0, 0, 0, 0, 0, 0, 0, 1, 0, 0, 0, 2, 0, 0, 0, 0, 0, 0, 0, 1, 0, 0, 0, 
32, 2, 1, 0, 1, 4, 0, 0, 0, 0, 0, 0, 1, 1, 0, 0, 2, 1, 0, 0, 0, 0, 2, 1, 0, 39, 0, 0, 1, 10, 1, 1, 0, 3, 1, 0, 0, 3, 2, 2, 0, 5, 3, 5, 3, 8, 11, 4, 12, 18, 1, 1, 2, 0, 5, 1, 2, 0, 0, 1, 0, 0, 1, 0, 1, 52, 1, 3, 1, 28, 2, 3, 6, 44, 1, 0, 6, 1, 0, 0, 0, 1, 0, 0, 0, 1, 0, 0, 0, 2, 0, 0, 0, 1, 0, 0, 0, 0, 0, 0, 0, 0, 0, 0, 0, 0, 0, 0, 0, 2, 0, 0, 0, 
33, 1, 1, 0, 2, 1, 1, 1, 0, 0, 0, 1, 0, 0, 2, 0, 0, 0, 0, 0, 0, 1, 0, 0, 0, 39, 2, 1, 2, 2, 1, 1, 1, 1, 1, 0, 2, 11, 2, 2, 0, 0, 1, 1, 2, 3, 11, 3, 6, 2, 4, 3, 4, 8, 1, 2, 0, 5, 1, 8, 2, 6, 3, 3, 2, 48, 2, 1, 1, 33, 6, 1, 3, 60, 2, 0, 1, 0, 0, 0, 0, 0, 0, 0, 0, 0, 0, 0, 0, 1, 0, 0, 0, 0, 0, 0, 0, 0, 0, 0, 0, 0, 0, 0, 0, 1, 0, 0, 0, 1, 0, 0, 0, 
34, 3, 0, 1, 0, 0, 0, 0, 1, 0, 0, 0, 0, 0, 0, 1, 0, 1, 0, 1, 0, 0, 1, 0, 1, 46, 1, 0, 0, 1, 0, 1, 2, 2, 4, 2, 2, 11, 1, 0, 2, 4, 1, 1, 3, 11, 5, 4, 6, 1, 2, 0, 0, 1, 1, 2, 3, 3, 1, 3, 3, 22, 6, 3, 1, 38, 1, 2, 2, 24, 1, 5, 6, 59, 5, 1, 1, 0, 0, 0, 0, 0, 0, 0, 0, 0, 0, 0, 0, 0, 0, 0, 0, 3, 0, 0, 0, 1, 0, 0, 0, 1, 0, 0, 0, 2, 0, 0, 0, 0, 0, 0, 0, 
35, 1, 1, 0, 1, 1, 0, 1, 1, 0, 1, 1, 0, 1, 2, 1, 1, 0, 0, 0, 0, 3, 0, 0, 1, 49, 1, 0, 1, 3, 2, 3, 0, 1, 0, 2, 3, 8, 3, 0, 1, 4, 1, 3, 2, 3, 3, 1, 3, 1, 2, 2, 2, 3, 1, 0, 3, 0, 4, 0, 0, 15, 1, 2, 0, 45, 4, 4, 4, 29, 5, 3, 2, 47, 5, 4, 4, 1, 0, 0, 0, 0, 0, 0, 0, 1, 0, 0, 0, 1, 0, 0, 0, 1, 0, 0, 0, 0, 0, 0, 0, 0, 0, 0, 0, 0, 0, 0, 0, 0, 0, 0, 0, 
36, 1, 1, 2, 1, 0, 0, 0, 0, 0, 1, 0, 0, 0, 0, 1, 1, 1, 1, 0, 2, 2, 0, 0, 1, 37, 0, 1, 1, 2, 1, 1, 1, 0, 0, 0, 1, 6, 2, 0, 0, 1, 1, 0, 1, 2, 0, 0, 1, 4, 0, 1, 0, 5, 4, 6, 5, 2, 3, 2, 3, 10, 6, 0, 0, 55, 3, 2, 2, 31, 3, 2, 3, 56, 0, 3, 2, 0, 0, 0, 0, 1, 0, 0, 0, 0, 0, 0, 0, 0, 0, 0, 0, 0, 0, 0, 0, 1, 0, 0, 0, 2, 0, 0, 0, 4, 0, 0, 0, 1, 0, 0, 0, 
37, 0, 0, 1, 0, 3, 1, 0, 1, 1, 0, 0, 0, 0, 1, 0, 1, 1, 0, 0, 0, 1, 0, 0, 1, 41, 0, 1, 0, 4, 1, 1, 3, 0, 2, 1, 1, 1, 0, 0, 0, 3, 3, 0, 0, 0, 1, 1, 0, 16, 1, 2, 0, 6, 2, 4, 2, 2, 2, 3, 2, 13, 0, 1, 1, 51, 1, 2, 2, 10, 4, 6, 2, 58, 2, 6, 3, 0, 0, 0, 0, 2, 0, 0, 0, 1, 0, 0, 0, 1, 0, 0, 0, 0, 0, 0, 0, 2, 0, 0, 0, 0, 0, 0, 0, 0, 0, 0, 0, 1, 0, 0, 0, 
38, 2, 0, 0, 0, 0, 3, 0, 3, 5, 1, 1, 1, 1, 0, 0, 0, 0, 0, 0, 0, 0, 1, 0, 1, 48, 0, 2, 1, 8, 3, 1, 0, 0, 0, 0, 0, 1, 1, 2, 0, 4, 0, 0, 1, 1, 1, 2, 5, 14, 2, 0, 2, 2, 1, 0, 3, 2, 3, 0, 4, 2, 2, 1, 2, 50, 0, 1, 1, 16, 2, 3, 1, 65, 0, 2, 3, 1, 0, 0, 0, 3, 0, 0, 0, 2, 0, 0, 0, 0, 0, 0, 0, 0, 0, 0, 0, 2, 0, 0, 0, 2, 0, 0, 0, 0, 0, 0, 0, 1, 0, 0, 0, 
39, 0, 0, 1, 2, 0, 0, 0, 1, 1, 0, 0, 0, 1, 0, 1, 0, 0, 0, 0, 1, 0, 2, 0, 0, 50, 0, 2, 3, 22, 2, 0, 0, 14, 2, 4, 1, 2, 0, 0, 1, 4, 5, 5, 2, 3, 0, 2, 1, 16, 0, 0, 2, 0, 1, 0, 0, 3, 0, 1, 0, 2, 0, 2, 3, 62, 6, 0, 0, 8, 2, 4, 3, 57, 2, 5, 1, 0, 0, 0, 0, 0, 0, 0, 0, 1, 0, 0, 0, 3, 0, 0, 0, 1, 0, 0, 0, 1, 0, 0, 0, 1, 0, 0, 0, 2, 0, 0, 0, 0, 0, 0, 0, 
40, 1, 0, 0, 0, 0, 0, 0, 0, 0, 0, 0, 0, 1, 0, 1, 1, 1, 1, 1, 1, 0, 1, 1, 0, 67, 1, 2, 1, 3, 0, 1, 1, 34, 1, 0, 0, 1, 0, 1, 0, 15, 7, 8, 4, 0, 3, 1, 1, 19, 3, 1, 0, 7, 4, 0, 0, 1, 0, 2, 1, 2, 1, 1, 2, 63, 2, 3, 0, 2, 1, 3, 1, 57, 6, 5, 5, 2, 0, 0, 0, 1, 0, 0, 0, 0, 0, 0, 0, 0, 0, 0, 0, 0, 0, 0, 0, 1, 0, 0, 0, 0, 0, 0, 0, 2, 0, 0, 0, 0, 0, 0, 0, 
41, 4, 0, 3, 1, 1, 2, 2, 1, 0, 0, 0, 0, 1, 0, 1, 1, 1, 1, 0, 0, 0, 0, 0, 0, 69, 0, 0, 1, 0, 0, 0, 0, 23, 1, 0, 0, 14, 1, 2, 3, 14, 5, 3, 5, 4, 3, 5, 4, 30, 4, 0, 0, 0, 0, 1, 3, 3, 0, 2, 0, 0, 1, 2, 1, 47, 4, 0, 1, 2, 4, 7, 6, 62, 1, 2, 3, 0, 0, 0, 0, 1, 0, 0, 0, 1, 0, 0, 0, 1, 0, 0, 0, 0, 0, 0, 0, 0, 0, 0, 0, 1, 0, 0, 0, 4, 0, 0, 0, 1, 0, 0, 0, 
42, 1, 3, 2, 0, 0, 0, 0, 0, 0, 1, 0, 2, 1, 0, 0, 0, 0, 0, 1, 1, 0, 0, 0, 0, 60, 1, 0, 0, 8, 3, 2, 0, 22, 2, 0, 0, 7, 1, 1, 4, 16, 13, 7, 5, 5, 5, 3, 3, 32, 4, 3, 4, 2, 2, 0, 2, 0, 0, 0, 0, 0, 0, 0, 0, 37, 2, 1, 1, 5, 4, 7, 4, 44, 0, 2, 1, 0, 0, 0, 0, 0, 0, 0, 0, 1, 0, 0, 0, 0, 0, 0, 0, 0, 0, 0, 0, 0, 0, 0, 0, 1, 0, 0, 0, 3, 0, 0, 0, 0, 0, 0, 0, 
43, 1, 3, 4, 4, 0, 0, 0, 0, 0, 0, 0, 0, 1, 0, 1, 2, 0, 2, 0, 0, 0, 0, 0, 0, 62, 1, 0, 0, 6, 4, 2, 1, 25, 0, 3, 2, 4, 0, 2, 1, 30, 5, 2, 2, 4, 6, 1, 2, 48, 0, 1, 0, 3, 3, 2, 1, 1, 0, 1, 2, 1, 1, 2, 1, 39, 4, 2, 2, 7, 7, 3, 3, 43, 3, 4, 2, 1, 0, 0, 0, 0, 0, 0, 0, 0, 0, 0, 0, 2, 0, 0, 0, 1, 0, 0, 0, 0, 0, 0, 0, 0, 0, 0, 0, 1, 0, 0, 0, 0, 0, 0, 0, 
44, 0, 0, 1, 1, 0, 0, 1, 0, 0, 0, 0, 0, 0, 1, 0, 0, 0, 0, 0, 1, 1, 1, 0, 0, 70, 0, 0, 0, 1, 2, 0, 0, 42, 2, 0, 0, 1, 0, 2, 0, 27, 11, 13, 5, 5, 1, 2, 0, 48, 0, 0, 0, 17, 6, 4, 2, 0, 0, 0, 0, 5, 6, 8, 3, 39, 8, 1, 2, 4, 3, 2, 4, 44, 2, 5, 3, 1, 0, 0, 0, 1, 0, 0, 0, 0, 0, 0, 0, 1, 0, 0, 0, 1, 0, 0, 0, 1, 0, 0, 0, 1, 0, 0, 0, 4, 0, 0, 0, 0, 0, 0, 0, 
45, 1, 0, 0, 1, 0, 4, 1, 0, 1, 2, 1, 1, 8, 2, 0, 0, 0, 0, 1, 1, 1, 0, 0, 3, 78, 2, 2, 0, 0, 0, 0, 1, 42, 3, 0, 0, 1, 1, 0, 1, 47, 2, 1, 2, 1, 1, 0, 0, 40, 3, 1, 0, 22, 5, 1, 2, 4, 4, 3, 1, 3, 2, 3, 5, 47, 5, 3, 0, 3, 2, 3, 4, 40, 3, 0, 1, 1, 0, 0, 0, 0, 0, 0, 0, 0, 0, 0, 0, 0, 0, 0, 0, 1, 0, 0, 0, 1, 0, 0, 0, 1, 0, 0, 0, 0, 0, 0, 0, 0, 0, 0, 0, 
46, 0, 0, 0, 0, 0, 0, 0, 0, 0, 1, 0, 0, 0, 0, 0, 0, 12, 3, 1, 3, 0, 0, 0, 1, 70, 1, 0, 0, 0, 3, 0, 2, 38, 3, 1, 0, 2, 1, 2, 0, 37, 5, 6, 2, 0, 0, 3, 0, 34, 0, 1, 1, 20, 7, 3, 0, 1, 0, 0, 2, 6, 11, 4, 3, 48, 2, 2, 2, 4, 3, 3, 4, 36, 2, 3, 1, 1, 0, 0, 0, 1, 0, 0, 0, 0, 0, 0, 0, 0, 0, 0, 0, 0, 0, 0, 0, 1, 0, 0, 0, 1, 0, 0, 0, 2, 0, 0, 0, 1, 0, 0, 0, 
47, 1, 2, 0, 0, 0, 0, 1, 0, 0, 0, 0, 0, 0, 1, 0, 0, 1, 1, 0, 5, 2, 0, 0, 1, 68, 1, 0, 2, 2, 2, 2, 1, 40, 2, 1, 0, 0, 1, 3, 0, 30, 4, 4, 6, 4, 2, 3, 0, 36, 0, 1, 0, 22, 5, 1, 4, 12, 15, 6, 2, 1, 1, 5, 2, 36, 1, 1, 3, 4, 6, 4, 5, 31, 1, 1, 3, 1, 0, 0, 0, 0, 0, 0, 0, 2, 0, 0, 0, 0, 0, 0, 0, 0, 0, 0, 0, 1, 0, 0, 0, 3, 0, 0, 0, 0, 0, 0, 0, 1, 0, 0, 0, 
48, 1, 1, 0, 0, 0, 0, 0, 0, 3, 0, 3, 1, 0, 0, 0, 1, 0, 0, 0, 0, 3, 1, 0, 1, 74, 2, 1, 0, 0, 2, 2, 0, 33, 4, 0, 0, 0, 3, 3, 4, 31, 6, 8, 3, 13, 1, 2, 2, 33, 2, 0, 0, 18, 3, 3, 1, 30, 9, 3, 1, 0, 4, 1, 2, 31, 2, 4, 2, 7, 4, 5, 7, 21, 9, 3, 0, 1, 0, 0, 0, 1, 0, 0, 0, 0, 0, 0, 0, 0, 0, 0, 0, 0, 0, 0, 0, 1, 0, 0, 0, 0, 0, 0, 0, 1, 0, 0, 0, 1, 0, 0, 0, 
49, 1, 1, 1, 0, 1, 1, 0, 1, 0, 3, 0, 0, 0, 1, 0, 0, 1, 0, 0, 1, 1, 2, 0, 1, 74, 1, 1, 0, 11, 3, 2, 3, 32, 2, 0, 0, 3, 2, 6, 1, 31, 5, 4, 5, 1, 0, 0, 0, 46, 1, 0, 0, 1, 7, 4, 6, 36, 2, 4, 1, 2, 3, 1, 3, 36, 4, 0, 1, 5, 3, 2, 5, 22, 1, 1, 0, 1, 0, 0, 0, 1, 0, 0, 0, 1, 0, 0, 0, 0, 0, 0, 0, 3, 0, 0, 0, 1, 0, 0, 0, 0, 0, 0, 0, 2, 0, 0, 0, 0, 0, 0, 0, 
50, 1, 0, 0, 0, 0, 0, 0, 0, 1, 0, 0, 0, 1, 1, 0, 1, 0, 0, 1, 0, 0, 2, 2, 0, 71, 3, 1, 1, 15, 1, 2, 2, 39, 1, 0, 0, 9, 0, 6, 4, 35, 13, 6, 8, 0, 1, 0, 1, 39, 5, 1, 0, 11, 7, 9, 8, 22, 5, 4, 3, 1, 0, 1, 1, 37, 3, 2, 3, 5, 6, 8, 10, 19, 5, 2, 1, 1, 0, 0, 0, 0, 0, 0, 0, 0, 0, 0, 0, 1, 0, 0, 0, 0, 0, 0, 0, 0, 0, 0, 0, 4, 0, 0, 0, 0, 0, 0, 0, 0, 0, 0, 0, 
51, 1, 1, 1, 1, 1, 0, 0, 0, 0, 0, 0, 0, 0, 0, 1, 1, 1, 1, 2, 0, 0, 0, 0, 0, 81, 2, 2, 0, 12, 0, 3, 0, 26, 1, 2, 1, 7, 3, 5, 3, 49, 6, 5, 3, 6, 1, 2, 1, 49, 0, 1, 1, 10, 14, 9, 18, 15, 4, 2, 3, 2, 0, 1, 1, 30, 3, 3, 1, 1, 6, 8, 6, 49, 1, 0, 2, 0, 0, 0, 0, 0, 0, 0, 0, 0, 0, 0, 0, 0, 0, 0, 0, 1, 0, 0, 0, 0, 0, 0, 0, 2, 0, 0, 0, 4, 0, 0, 0, 2, 0, 0, 0, 
52, 1, 2, 2, 1, 1, 3, 0, 2, 1, 0, 0, 0, 1, 0, 0, 0, 0, 0, 1, 0, 1, 0, 0, 0, 68, 0, 1, 0, 6, 3, 0, 1, 29, 3, 2, 0, 24, 2, 3, 2, 41, 13, 8, 11, 1, 9, 3, 7, 46, 1, 0, 1, 7, 11, 10, 7, 7, 4, 1, 1, 5, 5, 2, 1, 30, 4, 1, 4, 6, 6, 4, 10, 53, 6, 1, 1, 1, 0, 0, 0, 0, 0, 0, 0, 1, 0, 0, 0, 0, 0, 0, 0, 0, 0, 0, 0, 1, 0, 0, 0, 2, 0, 0, 0, 2, 0, 0, 0, 0, 0, 0, 0, 
53, 0, 0, 0, 1, 1, 0, 0, 0, 0, 1, 0, 2, 1, 0, 0, 0, 0, 0, 0, 0, 0, 1, 0, 0, 65, 3, 1, 2, 11, 1, 1, 3, 28, 1, 0, 2, 9, 4, 4, 4, 55, 3, 3, 7, 9, 8, 4, 3, 57, 1, 0, 1, 7, 6, 8, 9, 2, 3, 0, 5, 9, 7, 5, 6, 41, 2, 3, 2, 6, 6, 7, 5, 55, 4, 6, 2, 0, 0, 0, 0, 0, 0, 0, 0, 0, 0, 0, 0, 1, 0, 0, 0, 1, 0, 0, 0, 0, 0, 0, 0, 2, 0, 0, 0, 1, 0, 0, 0, 1, 0, 0, 0, 
54, 0, 0, 0, 0, 0, 0, 2, 0, 7, 3, 1, 1, 0, 0, 1, 1, 0, 0, 2, 0, 0, 0, 1, 2, 56, 0, 0, 0, 31, 7, 2, 0, 36, 4, 3, 1, 26, 4, 1, 2, 51, 9, 5, 4, 6, 2, 2, 1, 53, 1, 1, 0, 8, 16, 12, 9, 6, 5, 2, 3, 9, 6, 6, 7, 38, 2, 2, 2, 8, 10, 1, 5, 45, 1, 2, 2, 1, 0, 0, 0, 0, 0, 0, 0, 2, 0, 0, 0, 0, 0, 0, 0, 3, 0, 0, 0, 0, 0, 0, 0, 0, 0, 0, 0, 0, 0, 0, 0, 0, 0, 0, 0, 
55, 0, 1, 3, 0, 1, 1, 1, 1, 0, 0, 1, 0, 1, 0, 1, 2, 3, 1, 2, 1, 0, 1, 0, 1, 65, 5, 2, 1, 32, 2, 0, 7, 37, 2, 2, 0, 19, 4, 1, 1, 43, 3, 4, 7, 7, 4, 4, 4, 46, 0, 2, 0, 10, 9, 9, 8, 5, 5, 2, 6, 6, 5, 7, 6, 19, 2, 3, 0, 18, 6, 7, 5, 64, 3, 3, 3, 0, 0, 0, 0, 0, 0, 0, 0, 0, 0, 0, 0, 0, 0, 0, 0, 1, 0, 0, 0, 0, 0, 0, 0, 2, 0, 0, 0, 1, 0, 0, 0, 0, 0, 0, 0, 
56, 1, 3, 0, 2, 0, 1, 0, 0, 0, 0, 0, 0, 0, 0, 1, 0, 0, 1, 0, 0, 1, 0, 1, 0, 77, 0, 1, 1, 30, 1, 2, 1, 25, 2, 1, 1, 13, 2, 1, 1, 39, 6, 5, 6, 7, 5, 10, 4, 54, 2, 0, 0, 9, 9, 8, 9, 3, 5, 4, 5, 4, 3, 2, 0, 16, 4, 4, 1, 17, 4, 3, 3, 57, 4, 0, 4, 1, 0, 0, 0, 0, 0, 0, 0, 0, 0, 0, 0, 0, 0, 0, 0, 0, 0, 0, 0, 1, 0, 0, 0, 3, 0, 0, 0, 0, 0, 0, 0, 1, 0, 0, 0, 
57, 0, 0, 0, 0, 2, 0, 0, 2, 0, 1, 4, 0, 0, 0, 0, 0, 0, 1, 0, 0, 0, 0, 0, 0, 74, 4, 0, 0, 25, 1, 2, 2, 26, 0, 1, 3, 3, 3, 3, 2, 45, 8, 3, 3, 9, 6, 4, 3, 66, 0, 0, 0, 14, 8, 17, 9, 10, 6, 2, 8, 5, 0, 0, 2, 15, 1, 4, 0, 4, 3, 7, 3, 68, 1, 3, 1, 0, 0, 0, 0, 2, 0, 0, 0, 0, 0, 0, 0, 1, 0, 0, 0, 0, 0, 0, 0, 0, 0, 0, 0, 0, 0, 0, 0, 2, 0, 0, 0, 2, 0, 0, 0, 
58, 1, 0, 0, 0, 0, 1, 0, 0, 0, 2, 0, 0, 2, 0, 3, 1, 0, 0, 0, 0, 2, 1, 2, 5, 82, 1, 1, 0, 24, 2, 0, 1, 31, 2, 1, 2, 2, 5, 5, 1, 40, 6, 2, 1, 4, 3, 8, 3, 65, 0, 0, 0, 11, 9, 10, 9, 22, 5, 10, 7, 2, 0, 0, 1, 13, 3, 1, 1, 4, 8, 5, 7, 72, 3, 3, 2, 0, 0, 0, 0, 0, 0, 0, 0, 1, 0, 0, 0, 1, 0, 0, 0, 2, 0, 0, 0, 0, 0, 0, 0, 0, 0, 0, 0, 0, 0, 0, 0, 0, 0, 0, 0, 
59, 3, 3, 3, 3, 0, 0, 3, 2, 1, 0, 1, 3, 2, 0, 1, 0, 0, 0, 1, 0, 0, 0, 0, 0, 78, 1, 0, 2, 17, 4, 2, 2, 40, 2, 5, 0, 6, 4, 3, 5, 27, 5, 9, 9, 2, 5, 4, 2, 51, 2, 0, 2, 16, 12, 13, 10, 27, 3, 8, 6, 2, 0, 0, 0, 1, 1, 4, 0, 15, 6, 4, 6, 61, 3, 3, 0, 0, 0, 0, 0, 0, 0, 0, 0, 1, 0, 0, 0, 0, 0, 0, 0, 3, 0, 0, 0, 1, 0, 0, 0, 1, 0, 0, 0, 0, 0, 0, 0, 0, 0, 0, 0, 
60, 1, 1, 1, 1, 1, 0, 1, 0, 0, 2, 2, 0, 0, 0, 0, 0, 1, 0, 1, 0, 0, 0, 0, 1, 79, 0, 0, 0, 14, 3, 1, 2, 40, 1, 1, 1, 3, 4, 5, 5, 43, 6, 8, 5, 0, 5, 3, 2, 43, 0, 0, 0, 15, 11, 19, 15, 33, 3, 6, 4, 1, 1, 1, 0, 3, 2, 2, 5, 6, 6, 4, 4, 63, 3, 0, 1, 1, 0, 0, 0, 1, 0, 0, 0, 0, 0, 0, 0, 0, 0, 0, 0, 0, 0, 0, 0, 1, 0, 0, 0, 1, 0, 0, 0, 1, 0, 0, 0, 0, 0, 0, 0, 
61, 0, 0, 1, 0, 0, 1, 1, 0, 1, 0, 0, 0, 0, 0, 0, 2, 0, 0, 0, 1, 0, 0, 0, 0, 73, 0, 0, 0, 4, 3, 4, 2, 42, 1, 0, 0, 2, 3, 1, 0, 48, 5, 6, 6, 9, 4, 4, 1, 38, 0, 1, 1, 16, 20, 16, 8, 23, 8, 4, 2, 4, 2, 0, 5, 5, 2, 1, 2, 0, 2, 8, 1, 47, 2, 1, 3, 1, 0, 0, 0, 0, 0, 0, 0, 0, 0, 0, 0, 1, 0, 0, 0, 1, 0, 0, 0, 0, 0, 0, 0, 0, 0, 0, 0, 0, 0, 0, 0, 0, 0, 0, 0, 
62, 0, 0, 1, 1, 1, 2, 4, 1, 1, 0, 0, 0, 0, 0, 0, 1, 1, 0, 0, 0, 2, 0, 0, 0, 66, 3, 0, 0, 12, 2, 1, 2, 28, 2, 3, 1, 0, 0, 0, 0, 47, 7, 5, 6, 11, 4, 4, 3, 48, 0, 1, 1, 23, 22, 9, 17, 28, 6, 5, 3, 1, 2, 0, 2, 0, 3, 1, 2, 1, 3, 1, 0, 43, 5, 3, 2, 0, 0, 0, 0, 0, 0, 0, 0, 0, 0, 0, 0, 0, 0, 0, 0, 1, 0, 0, 0, 0, 0, 0, 0, 1, 0, 0, 0, 2, 0, 0, 0, 0, 0, 0, 0, 
63, 8, 2, 0, 0, 0, 1, 0, 0, 0, 1, 0, 2, 1, 0, 1, 1, 0, 0, 0, 0, 0, 0, 0, 0, 58, 3, 4, 0, 4, 4, 2, 0, 29, 3, 1, 1, 3, 1, 2, 0, 40, 7, 4, 9, 13, 3, 1, 3, 49, 1, 0, 1, 14, 15, 14, 13, 38, 7, 2, 9, 1, 2, 0, 4, 3, 1, 0, 2, 0, 2, 0, 0, 39, 2, 2, 3, 0, 0, 0, 0, 1, 0, 0, 0, 1, 0, 0, 0, 0, 0, 0, 0, 1, 0, 0, 0, 1, 0, 0, 0, 1, 0, 0, 0, 0, 0, 0, 0, 0, 0, 0, 0, 
64, 3, 2, 2, 0, 0, 2, 0, 0, 1, 4, 1, 0, 0, 0, 0, 0, 2, 0, 0, 2, 1, 0, 0, 0, 57, 2, 0, 0, 4, 4, 3, 2, 40, 0, 2, 1, 1, 1, 0, 0, 44, 4, 7, 6, 32, 3, 2, 2, 46, 1, 1, 0, 15, 13, 11, 15, 47, 2, 4, 4, 2, 2, 1, 3, 6, 10, 5, 1, 0, 2, 2, 4, 37, 0, 1, 2, 3, 0, 0, 0, 2, 0, 0, 0, 0, 0, 0, 0, 0, 0, 0, 0, 0, 0, 0, 0, 2, 0, 0, 0, 0, 0, 0, 0, 0, 0, 0, 0, 0, 0, 0, 0, 
65, 1, 0, 0, 0, 3, 3, 1, 1, 9, 2, 1, 1, 2, 1, 0, 0, 4, 1, 0, 2, 1, 1, 0, 1, 45, 0, 0, 2, 0, 4, 5, 1, 41, 3, 3, 0, 0, 1, 0, 0, 33, 5, 5, 9, 37, 3, 1, 3, 37, 0, 2, 1, 15, 19, 10, 9, 41, 4, 2, 4, 3, 2, 2, 3, 3, 7, 7, 6, 2, 1, 0, 0, 33, 3, 0, 3, 2, 0, 0, 0, 1, 0, 0, 0, 2, 0, 0, 0, 1, 0, 0, 0, 0, 0, 0, 0, 1, 0, 0, 0, 1, 0, 0, 0, 0, 0, 0, 0, 0, 0, 0, 0, 
66, 0, 0, 0, 0, 0, 0, 1, 0, 5, 0, 0, 1, 0, 0, 1, 0, 4, 2, 2, 1, 0, 0, 0, 0, 45, 0, 1, 1, 2, 3, 2, 1, 50, 2, 0, 0, 3, 0, 3, 1, 32, 7, 3, 9, 23, 1, 1, 3, 26, 2, 0, 2, 10, 12, 10, 13, 29, 8, 7, 5, 7, 6, 3, 3, 4, 8, 4, 5, 8, 0, 1, 0, 31, 3, 3, 1, 1, 0, 0, 0, 0, 0, 0, 0, 0, 0, 0, 0, 0, 0, 0, 0, 1, 0, 0, 0, 1, 0, 0, 0, 1, 0, 0, 0, 4, 0, 0, 0, 0, 0, 0, 0, 
67, 0, 0, 2, 1, 0, 0, 0, 0, 0, 1, 0, 0, 0, 0, 1, 0, 1, 2, 0, 1, 1, 0, 0, 0, 50, 2, 1, 0, 1, 2, 2, 0, 46, 0, 3, 1, 1, 0, 0, 0, 40, 6, 10, 9, 5, 4, 2, 4, 38, 0, 0, 0, 19, 10, 16, 6, 30, 4, 6, 6, 1, 0, 3, 3, 16, 11, 8, 7, 0, 0, 0, 1, 19, 0, 6, 2, 3, 0, 0, 0, 0, 0, 0, 0, 0, 0, 0, 0, 0, 0, 0, 0, 0, 0, 0, 0, 1, 0, 0, 0, 1, 0, 0, 0, 0, 0, 0, 0, 2, 0, 0, 0, 
68, 1, 1, 3, 0, 2, 1, 3, 6, 1, 0, 0, 0, 1, 0, 0, 1, 0, 0, 1, 1, 1, 0, 0, 0, 52, 1, 1, 2, 1, 1, 0, 0, 38, 0, 1, 0, 1, 6, 1, 1, 50, 5, 1, 3, 0, 5, 3, 2, 33, 1, 0, 0, 20, 11, 16, 9, 41, 6, 4, 3, 4, 2, 3, 1, 23, 6, 8, 6, 3, 0, 2, 1, 21, 3, 3, 1, 0, 0, 0, 0, 1, 0, 0, 0, 0, 0, 0, 0, 0, 0, 0, 0, 0, 0, 0, 0, 0, 0, 0, 0, 0, 0, 0, 0, 1, 0, 0, 0, 0, 0, 0, 0, 
69, 1, 0, 2, 1, 1, 1, 1, 2, 0, 1, 0, 1, 1, 0, 2, 1, 0, 0, 1, 0, 0, 0, 0, 0, 56, 0, 1, 0, 2, 3, 0, 0, 33, 1, 1, 0, 9, 2, 2, 1, 57, 6, 12, 3, 3, 5, 9, 0, 51, 2, 1, 2, 20, 12, 12, 14, 34, 8, 3, 5, 2, 0, 0, 0, 22, 6, 10, 4, 2, 0, 3, 0, 23, 3, 5, 0, 1, 0, 0, 0, 0, 0, 0, 0, 1, 0, 0, 0, 0, 0, 0, 0, 0, 0, 0, 0, 0, 0, 0, 0, 0, 0, 0, 0, 1, 0, 0, 0, 1, 0, 0, 0, 
70, 1, 0, 0, 0, 0, 0, 0, 0, 0, 2, 1, 1, 1, 1, 0, 1, 1, 0, 1, 1, 0, 1, 0, 0, 59, 2, 0, 3, 2, 3, 1, 2, 31, 2, 0, 1, 11, 1, 0, 1, 66, 10, 4, 4, 0, 1, 0, 0, 53, 1, 2, 0, 21, 19, 20, 8, 41, 8, 3, 5, 3, 0, 0, 0, 15, 7, 8, 12, 2, 2, 1, 0, 25, 3, 1, 0, 1, 0, 0, 0, 3, 0, 0, 0, 0, 0, 0, 0, 1, 0, 0, 0, 1, 0, 0, 0, 0, 0, 0, 0, 1, 0, 0, 0, 0, 0, 0, 0, 1, 0, 0, 0, 
71, 0, 0, 0, 0, 0, 0, 0, 0, 1, 2, 1, 1, 0, 0, 0, 0, 0, 0, 0, 1, 0, 0, 1, 1, 49, 0, 0, 1, 2, 2, 4, 0, 30, 2, 0, 0, 9, 2, 3, 2, 73, 5, 3, 6, 3, 7, 2, 2, 58, 2, 2, 0, 23, 13, 12, 13, 44, 4, 5, 2, 1, 2, 2, 0, 16, 8, 8, 10, 3, 3, 0, 2, 6, 0, 1, 1, 1, 0, 0, 0, 2, 0, 0, 0, 0, 0, 0, 0, 0, 0, 0, 0, 1, 0, 0, 0, 2, 0, 0, 0, 1, 0, 0, 0, 0, 0, 0, 0, 1, 0, 0, 0, 
72, 0, 0, 1, 0, 0, 0, 1, 0, 0, 0, 0, 1, 0, 0, 2, 0, 0, 1, 0, 0, 1, 0, 0, 1, 53, 3, 0, 1, 17, 7, 2, 0, 22, 0, 1, 1, 0, 1, 0, 0, 68, 7, 6, 10, 3, 2, 7, 5, 41, 2, 1, 1, 12, 17, 10, 11, 35, 3, 6, 3, 6, 4, 1, 0, 21, 10, 7, 2, 4, 6, 7, 5, 0, 4, 0, 0, 2, 0, 0, 0, 0, 0, 0, 0, 1, 0, 0, 0, 0, 0, 0, 0, 0, 0, 0, 0, 2, 0, 0, 0, 0, 0, 0, 0, 1, 0, 0, 0, 1, 0, 0, 0, 
73, 2, 1, 3, 1, 0, 0, 0, 0, 0, 0, 0, 0, 0, 1, 2, 0, 0, 0, 0, 0, 1, 0, 0, 1, 50, 1, 1, 0, 28, 2, 0, 1, 14, 1, 0, 1, 3, 0, 2, 1, 83, 11, 5, 4, 4, 6, 1, 4, 36, 2, 0, 1, 14, 12, 10, 14, 34, 4, 6, 4, 0, 0, 0, 0, 17, 4, 6, 7, 6, 3, 1, 3, 0, 1, 1, 2, 0, 0, 0, 0, 1, 0, 0, 0, 1, 0, 0, 0, 1, 0, 0, 0, 5, 0, 0, 0, 1, 0, 0, 0, 1, 0, 0, 0, 1, 0, 0, 0, 3, 0, 0, 0, 
74, 13, 1, 0, 1, 0, 0, 0, 0, 0, 1, 1, 0, 0, 0, 1, 1, 0, 0, 0, 1, 1, 0, 0, 0, 49, 2, 3, 2, 23, 1, 0, 0, 10, 1, 2, 0, 2, 0, 0, 1, 95, 8, 8, 4, 4, 2, 0, 5, 24, 0, 0, 0, 9, 9, 9, 14, 41, 4, 4, 4, 3, 3, 2, 2, 21, 6, 11, 5, 0, 1, 2, 1, 1, 0, 0, 0, 1, 0, 0, 0, 2, 0, 0, 0, 2, 0, 0, 0, 1, 0, 0, 0, 0, 0, 0, 0, 1, 0, 0, 0, 1, 0, 0, 0, 0, 0, 0, 0, 0, 0, 0, 0, 
75, 0, 0, 0, 1, 0, 0, 0, 0, 1, 1, 0, 1, 0, 1, 1, 1, 1, 0, 1, 3, 1, 0, 1, 0, 37, 1, 0, 0, 26, 0, 2, 1, 6, 0, 1, 3, 1, 0, 1, 3, 90, 4, 7, 7, 2, 3, 8, 6, 14, 1, 0, 0, 10, 7, 13, 12, 37, 5, 2, 2, 0, 2, 0, 4, 25, 7, 7, 9, 4, 5, 2, 2, 2, 1, 3, 0, 1, 0, 0, 0, 1, 0, 0, 0, 1, 0, 0, 0, 0, 0, 0, 0, 1, 0, 0, 0, 0, 0, 0, 0, 1, 0, 0, 0, 1, 0, 0, 0, 0, 0, 0, 0, 
76, 0, 0, 1, 0, 1, 1, 0, 1, 9, 2, 5, 1, 2, 0, 2, 0, 0, 0, 0, 0, 0, 3, 0, 1, 39, 1, 0, 1, 22, 0, 0, 1, 5, 1, 0, 1, 1, 0, 2, 0, 87, 5, 9, 7, 5, 10, 4, 4, 14, 4, 0, 1, 9, 4, 10, 9, 52, 7, 2, 4, 2, 3, 1, 2, 23, 5, 10, 8, 4, 5, 5, 1, 3, 5, 3, 4, 0, 0, 0, 0, 0, 0, 0, 0, 1, 0, 0, 0, 0, 0, 0, 0, 0, 0, 0, 0, 1, 0, 0, 0, 0, 0, 0, 0, 0, 0, 0, 0, 1, 0, 0, 0, 
77, 2, 0, 0, 0, 1, 0, 0, 0, 0, 0, 0, 0, 1, 1, 1, 1, 0, 0, 0, 0, 0, 0, 0, 0, 41, 1, 2, 0, 16, 1, 0, 0, 18, 1, 1, 0, 7, 0, 0, 1, 91, 8, 2, 6, 6, 10, 7, 5, 12, 2, 1, 0, 3, 5, 5, 14, 46, 2, 3, 6, 6, 4, 2, 1, 20, 8, 5, 10, 5, 0, 3, 5, 4, 14, 9, 4, 0, 0, 0, 0, 0, 0, 0, 0, 0, 0, 0, 0, 1, 0, 0, 0, 0, 0, 0, 0, 2, 0, 0, 0, 3, 0, 0, 0, 1, 0, 0, 0, 3, 0, 0, 0, 
78, 0, 1, 0, 1, 0, 0, 1, 0, 1, 0, 1, 0, 2, 0, 1, 3, 0, 0, 0, 1, 0, 1, 1, 1, 38, 3, 0, 0, 16, 1, 1, 0, 31, 1, 0, 0, 6, 4, 2, 2, 78, 6, 3, 7, 8, 2, 3, 3, 8, 3, 0, 0, 12, 8, 10, 4, 43, 7, 7, 5, 1, 2, 0, 1, 3, 6, 7, 7, 4, 5, 2, 5, 10, 8, 9, 9, 0, 0, 0, 0, 2, 0, 0, 0, 0, 0, 0, 0, 2, 0, 0, 0, 2, 0, 0, 0, 2, 0, 0, 0, 1, 0, 0, 0, 0, 0, 0, 0, 1, 0, 0, 0, 
79, 2, 1, 1, 1, 1, 3, 1, 3, 2, 1, 0, 0, 2, 1, 3, 2, 0, 0, 0, 2, 1, 2, 6, 1, 44, 1, 1, 0, 8, 1, 0, 0, 29, 0, 1, 0, 2, 1, 1, 5, 72, 6, 7, 4, 7, 7, 7, 4, 10, 0, 2, 0, 16, 4, 4, 6, 48, 9, 2, 3, 3, 3, 0, 0, 4, 4, 2, 3, 2, 0, 0, 1, 3, 9, 8, 5, 0, 0, 0, 0, 0, 0, 0, 0, 1, 0, 0, 0, 1, 0, 0, 0, 1, 0, 0, 0, 2, 0, 0, 0, 0, 0, 0, 0, 3, 0, 0, 0, 2, 0, 0, 0, 
80, 3, 3, 3, 1, 2, 2, 3, 2, 0, 2, 0, 1, 1, 0, 1, 0, 0, 0, 1, 1, 2, 2, 0, 0, 41, 0, 0, 2, 12, 0, 1, 0, 27, 2, 0, 0, 5, 0, 2, 6, 72, 3, 6, 4, 14, 4, 3, 5, 10, 2, 0, 0, 3, 3, 5, 7, 38, 1, 8, 5, 1, 2, 0, 0, 0, 0, 0, 0, 0, 0, 2, 0, 5, 5, 7, 4, 0, 0, 0, 0, 2, 0, 0, 0, 1, 0, 0, 0, 0, 0, 0, 0, 1, 0, 0, 0, 1, 0, 0, 0, 0, 0, 0, 0, 0, 0, 0, 0, 1, 0, 0, 0, 
81, 0, 0, 0, 1, 1, 0, 0, 1, 1, 0, 0, 0, 2, 0, 1, 0, 1, 0, 1, 1, 0, 0, 1, 0, 40, 0, 2, 1, 10, 0, 0, 0, 16, 3, 0, 0, 5, 0, 0, 1, 72, 6, 5, 3, 9, 5, 7, 2, 3, 2, 1, 2, 13, 2, 5, 7, 34, 7, 7, 5, 0, 1, 1, 0, 3, 1, 6, 2, 0, 1, 1, 0, 2, 0, 2, 1, 1, 0, 0, 0, 1, 0, 0, 0, 3, 0, 0, 0, 2, 0, 0, 0, 0, 0, 0, 0, 0, 0, 0, 0, 0, 0, 0, 0, 0, 0, 0, 0, 2, 0, 0, 0, 
82, 0, 0, 0, 0, 0, 0, 0, 1, 0, 0, 0, 0, 0, 0, 1, 0, 2, 0, 0, 1, 1, 2, 2, 0, 48, 3, 2, 1, 1, 0, 1, 0, 14, 3, 0, 1, 8, 3, 1, 2, 69, 11, 5, 6, 3, 5, 5, 4, 2, 4, 4, 2, 14, 6, 3, 10, 43, 4, 6, 6, 1, 1, 0, 1, 13, 5, 1, 1, 0, 2, 1, 2, 6, 3, 1, 1, 1, 0, 0, 0, 0, 0, 0, 0, 0, 0, 0, 0, 2, 0, 0, 0, 1, 0, 0, 0, 2, 0, 0, 0, 1, 0, 0, 0, 0, 0, 0, 0, 1, 0, 0, 0, 
83, 1, 1, 1, 0, 3, 2, 0, 0, 0, 0, 0, 0, 0, 1, 1, 1, 0, 0, 0, 2, 1, 1, 0, 0, 60, 1, 0, 1, 1, 2, 1, 2, 3, 1, 1, 0, 3, 0, 0, 0, 88, 6, 5, 5, 4, 2, 3, 1, 2, 2, 2, 4, 16, 8, 8, 3, 41, 4, 5, 4, 0, 6, 4, 1, 7, 1, 0, 1, 1, 1, 0, 1, 19, 3, 3, 1, 1, 0, 0, 0, 0, 0, 0, 0, 0, 0, 0, 0, 0, 0, 0, 0, 2, 0, 0, 0, 2, 0, 0, 0, 1, 0, 0, 0, 2, 0, 0, 0, 1, 0, 0, 0, 
84, 0, 1, 1, 0, 0, 0, 1, 0, 1, 4, 1, 3, 0, 0, 2, 0, 1, 2, 0, 0, 0, 1, 0, 0, 49, 2, 1, 0, 2, 1, 2, 0, 7, 6, 2, 0, 5, 1, 2, 3, 83, 7, 7, 9, 2, 3, 4, 2, 1, 2, 0, 0, 22, 5, 9, 9, 32, 6, 3, 8, 0, 0, 1, 0, 19, 1, 0, 0, 0, 0, 0, 0, 15, 4, 3, 2, 1, 0, 0, 0, 2, 0, 0, 0, 0, 0, 0, 0, 2, 0, 0, 0, 0, 0, 0, 0, 2, 0, 0, 0, 0, 0, 0, 0, 0, 0, 0, 0, 0, 0, 0, 0, 
85, 1, 2, 3, 1, 0, 0, 0, 1, 0, 0, 0, 0, 3, 2, 0, 1, 0, 2, 0, 2, 0, 0, 1, 2, 54, 0, 0, 0, 6, 1, 0, 1, 10, 0, 1, 1, 0, 1, 1, 0, 94, 5, 6, 7, 6, 1, 3, 1, 5, 1, 1, 1, 37, 10, 4, 4, 31, 9, 3, 3, 3, 1, 0, 0, 13, 4, 1, 1, 1, 2, 2, 5, 24, 0, 2, 3, 0, 0, 0, 0, 1, 0, 0, 0, 0, 0, 0, 0, 2, 0, 0, 0, 1, 0, 0, 0, 0, 0, 0, 0, 1, 0, 0, 0, 0, 0, 0, 0, 2, 0, 0, 0, 
86, 3, 2, 2, 1, 0, 1, 1, 1, 0, 1, 0, 0, 0, 0, 1, 1, 1, 1, 0, 0, 0, 0, 0, 1, 39, 1, 0, 0, 20, 6, 1, 3, 8, 1, 2, 1, 0, 1, 2, 3, 100, 6, 4, 7, 0, 0, 0, 0, 12, 0, 1, 2, 32, 9, 4, 4, 25, 4, 3, 4, 2, 6, 5, 2, 9, 0, 1, 2, 9, 8, 8, 4, 29, 6, 2, 2, 0, 0, 0, 0, 0, 0, 0, 0, 0, 0, 0, 0, 0, 0, 0, 0, 0, 0, 0, 0, 1, 0, 0, 0, 1, 0, 0, 0, 1, 0, 0, 0, 2, 0, 0, 0, 
87, 1, 0, 0, 0, 0, 0, 1, 1, 0, 3, 0, 0, 0, 0, 0, 0, 0, 0, 1, 0, 2, 1, 1, 1, 37, 3, 1, 0, 32, 2, 1, 1, 0, 0, 1, 0, 5, 3, 6, 4, 100, 3, 10, 3, 5, 1, 1, 1, 6, 0, 1, 0, 25, 5, 2, 6, 29, 2, 5, 1, 15, 2, 3, 4, 16, 8, 1, 1, 3, 5, 2, 2, 35, 3, 1, 0, 0, 0, 0, 0, 0, 0, 0, 0, 0, 0, 0, 0, 3, 0, 0, 0, 0, 0, 0, 0, 3, 0, 0, 0, 1, 0, 0, 0, 0, 0, 0, 0, 1, 0, 0, 0, 
88, 1, 1, 2, 0, 0, 0, 0, 0, 0, 0, 1, 0, 1, 1, 0, 0, 0, 0, 1, 0, 0, 2, 0, 1, 41, 3, 1, 1, 39, 2, 1, 2, 0, 0, 0, 1, 6, 3, 4, 4, 100, 4, 7, 5, 1, 1, 1, 0, 8, 2, 1, 0, 32, 4, 6, 6, 26, 2, 5, 1, 24, 2, 4, 6, 9, 4, 2, 2, 6, 1, 9, 5, 37, 3, 1, 2, 1, 0, 0, 0, 0, 0, 0, 0, 0, 0, 0, 0, 1, 0, 0, 0, 0, 0, 0, 0, 0, 0, 0, 0, 0, 0, 0, 0, 1, 0, 0, 0, 0, 0, 0, 0, 
89, 2, 1, 0, 1, 1, 0, 0, 0, 0, 1, 1, 0, 0, 1, 0, 0, 2, 2, 2, 1, 0, 1, 1, 0, 33, 0, 0, 2, 37, 1, 3, 1, 4, 3, 3, 2, 9, 2, 3, 0, 100, 7, 6, 4, 7, 1, 2, 2, 14, 0, 0, 0, 33, 6, 6, 7, 28, 4, 7, 4, 16, 5, 5, 3, 1, 0, 4, 3, 2, 8, 1, 3, 23, 5, 4, 3, 0, 0, 0, 0, 1, 0, 0, 0, 1, 0, 0, 0, 0, 0, 0, 0, 1, 0, 0, 0, 0, 0, 0, 0, 0, 0, 0, 0, 1, 0, 0, 0, 1, 0, 0, 0, 
90, 1, 2, 0, 0, 0, 0, 1, 1, 1, 0, 0, 1, 0, 0, 1, 0, 0, 1, 0, 0, 0, 0, 0, 0, 32, 1, 3, 0, 34, 2, 1, 0, 12, 1, 1, 2, 13, 1, 1, 0, 97, 9, 4, 5, 1, 3, 1, 5, 25, 1, 1, 2, 38, 8, 3, 5, 43, 6, 4, 2, 19, 6, 3, 11, 16, 2, 1, 2, 2, 1, 3, 3, 37, 1, 1, 3, 3, 0, 0, 0, 0, 0, 0, 0, 1, 0, 0, 0, 0, 0, 0, 0, 2, 0, 0, 0, 1, 0, 0, 0, 2, 0, 0, 0, 2, 0, 0, 0, 0, 0, 0, 0, 
91, 0, 2, 1, 3, 0, 1, 2, 2, 0, 2, 3, 0, 0, 1, 1, 0, 1, 0, 0, 1, 1, 0, 0, 0, 27, 0, 1, 1, 24, 0, 1, 0, 12, 0, 2, 2, 15, 2, 2, 1, 86, 11, 3, 1, 5, 4, 4, 3, 31, 1, 3, 0, 51, 3, 7, 2, 37, 4, 3, 8, 23, 1, 6, 4, 16, 1, 0, 1, 2, 0, 0, 2, 43, 2, 1, 2, 0, 0, 0, 0, 0, 0, 0, 0, 0, 0, 0, 0, 0, 0, 0, 0, 1, 0, 0, 0, 1, 0, 0, 0, 2, 0, 0, 0, 2, 0, 0, 0, 0, 0, 0, 0, 
92, 0, 0, 0, 0, 8, 1, 0, 0, 0, 1, 1, 0, 0, 0, 0, 1, 0, 0, 2, 2, 0, 1, 0, 0, 34, 0, 1, 1, 24, 1, 1, 1, 1, 0, 2, 2, 11, 2, 2, 1, 90, 2, 12, 7, 10, 7, 3, 5, 35, 1, 1, 3, 49, 5, 6, 2, 31, 4, 1, 0, 17, 4, 2, 1, 10, 0, 1, 1, 7, 0, 3, 1, 36, 3, 3, 3, 0, 0, 0, 0, 0, 0, 0, 0, 3, 0, 0, 0, 2, 0, 0, 0, 0, 0, 0, 0, 1, 0, 0, 0, 2, 0, 0, 0, 0, 0, 0, 0, 0, 0, 0, 0, 
93, 3, 0, 0, 0, 0, 0, 0, 1, 2, 2, 0, 0, 1, 3, 2, 0, 0, 1, 1, 0, 1, 1, 1, 0, 32, 4, 0, 2, 27, 2, 3, 0, 4, 5, 7, 6, 2, 2, 1, 0, 100, 14, 8, 7, 4, 2, 4, 1, 33, 0, 1, 0, 37, 5, 2, 4, 14, 3, 4, 3, 9, 4, 3, 1, 0, 1, 2, 2, 9, 0, 2, 0, 22, 3, 2, 1, 1, 0, 0, 0, 1, 0, 0, 0, 0, 0, 0, 0, 0, 0, 0, 0, 0, 0, 0, 0, 1, 0, 0, 0, 1, 0, 0, 0, 1, 0, 0, 0, 1, 0, 0, 0, 
94, 2, 1, 0, 0, 1, 1, 2, 0, 3, 0, 2, 0, 2, 1, 1, 1, 0, 0, 0, 0, 1, 1, 1, 0, 33, 1, 0, 0, 35, 1, 1, 1, 14, 8, 10, 9, 1, 0, 2, 0, 100, 6, 7, 4, 19, 2, 7, 3, 22, 1, 3, 2, 29, 2, 3, 8, 0, 3, 4, 3, 2, 2, 1, 1, 0, 1, 2, 2, 16, 0, 3, 1, 27, 4, 5, 0, 0, 0, 0, 0, 2, 0, 0, 0, 3, 0, 0, 0, 1, 0, 0, 0, 0, 0, 0, 0, 1, 0, 0, 0, 0, 0, 0, 0, 1, 0, 0, 0, 1, 0, 0, 0, 
95, 0, 0, 0, 0, 0, 1, 0, 0, 0, 0, 0, 0, 1, 1, 0, 0, 2, 1, 0, 0, 1, 2, 2, 1, 24, 0, 3, 0, 22, 1, 1, 3, 21, 18, 11, 6, 2, 6, 5, 2, 100, 10, 6, 5, 7, 5, 3, 4, 25, 1, 0, 1, 29, 5, 2, 2, 2, 3, 4, 5, 2, 1, 0, 2, 1, 2, 1, 0, 21, 1, 1, 1, 36, 6, 3, 1, 2, 0, 0, 0, 0, 0, 0, 0, 0, 0, 0, 0, 1, 0, 0, 0, 1, 0, 0, 0, 0, 0, 0, 0, 0, 0, 0, 0, 0, 0, 0, 0, 0, 0, 0, 0, 
96, 1, 0, 0, 0, 0, 1, 3, 2, 1, 0, 1, 0, 0, 0, 0, 0, 0, 0, 0, 0, 0, 0, 0, 3, 24, 0, 1, 0, 8, 0, 1, 1, 35, 10, 6, 3, 1, 0, 0, 0, 100, 10, 6, 7, 0, 1, 6, 1, 26, 1, 3, 1, 30, 4, 5, 8, 2, 5, 2, 0, 3, 1, 2, 5, 0, 2, 0, 0, 16, 1, 5, 0, 35, 1, 2, 3, 1, 0, 0, 0, 0, 0, 0, 0, 0, 0, 0, 0, 2, 0, 0, 0, 0, 0, 0, 0, 4, 0, 0, 0, 0, 0, 0, 0, 0, 0, 0, 0, 2, 0, 0, 0, 
97, 0, 0, 0, 1, 0, 1, 1, 0, 0, 0, 0, 1, 2, 3, 3, 3, 0, 2, 0, 1, 0, 1, 3, 0, 20, 4, 0, 1, 8, 2, 2, 1, 31, 6, 8, 7, 2, 0, 0, 0, 100, 6, 5, 6, 0, 0, 0, 0, 38, 6, 0, 1, 36, 7, 3, 7, 1, 2, 3, 1, 6, 7, 8, 7, 3, 0, 3, 1, 22, 0, 2, 0, 35, 1, 3, 2, 1, 0, 0, 0, 0, 0, 0, 0, 1, 0, 0, 0, 0, 0, 0, 0, 1, 0, 0, 0, 2, 0, 0, 0, 0, 0, 0, 0, 1, 0, 0, 0, 0, 0, 0, 0, 
98, 0, 0, 0, 1, 0, 1, 2, 0, 1, 0, 0, 0, 0, 0, 0, 0, 0, 1, 1, 0, 1, 0, 2, 0, 20, 1, 4, 0, 10, 1, 0, 1, 23, 10, 2, 9, 0, 1, 1, 0, 100, 4, 8, 9, 2, 6, 5, 5, 43, 0, 1, 0, 38, 7, 7, 3, 16, 1, 2, 0, 7, 7, 6, 6, 12, 0, 2, 1, 0, 0, 0, 0, 41, 2, 2, 2, 1, 0, 0, 0, 0, 0, 0, 0, 0, 0, 0, 0, 0, 0, 0, 0, 1, 0, 0, 0, 0, 0, 0, 0, 0, 0, 0, 0, 0, 0, 0, 0, 1, 0, 0, 0, 
99, 1, 2, 1, 1, 1, 0, 0, 1, 1, 0, 1, 0, 1, 2, 0, 1, 0, 0, 0, 1, 0, 1, 0, 0, 35, 1, 2, 0, 1, 1, 1, 2, 21, 3, 7, 5, 2, 1, 0, 3, 100, 4, 5, 2, 4, 11, 2, 6, 48, 0, 0, 1, 43, 4, 5, 5, 6, 3, 0, 1, 9, 3, 11, 5, 11, 3, 5, 3, 1, 1, 2, 2, 35, 1, 2, 1, 0, 0, 0, 0, 1, 0, 0, 0, 1, 0, 0, 0, 0, 0, 0, 0, 1, 0, 0, 0, 0, 0, 0, 0, 1, 0, 0, 0, 1, 0, 0, 0, 2, 0, 0, 0, 