0, 0, 1, 0, 1, 0, 1, 0, 0, 0, 1, 1, 0, 2, 1, 0, 0, 0, 1, 0, 0, 0, 0, 0, 1, 3, 1, 0, 0, 1, 1, 0, 0, 5, 4, 2, 5, 2, 3, 1, 0, 4, 1, 1, 0, 4, 2, 1, 0, 0, 1, 0, 0, 0, 0, 0, 0, 1, 0, 1, 1, 0, 1, 0, 0, 0, 0, 0, 0, 7, 0, 0, 0, 1, 1, 0, 4, 0, 0, 0, 0, 3, 0, 0, 0, 3, 0, 0, 0, 0, 0, 0, 0, 1, 0, 0, 0, 1, 0, 0, 0, 2, 0, 0, 0, 0, 0, 0, 0, 1, 0, 0, 0, 
1, 0, 0, 1, 0, 0, 0, 2, 1, 0, 0, 0, 0, 0, 0, 0, 0, 0, 0, 0, 0, 1, 0, 1, 0, 1, 0, 2, 0, 2, 1, 2, 0, 6, 4, 3, 2, 1, 2, 0, 0, 13, 0, 0, 0, 2, 0, 1, 0, 3, 3, 2, 2, 6, 2, 5, 4, 1, 4, 1, 2, 3, 7, 4, 1, 0, 1, 0, 0, 0, 0, 1, 0, 13, 1, 0, 0, 0, 0, 0, 0, 1, 0, 0, 0, 0, 0, 0, 0, 1, 0, 0, 0, 2, 0, 0, 0, 0, 0, 0, 0, 7, 0, 0, 0, 1, 0, 0, 0, 0, 0, 0, 0, 
2, 0, 1, 0, 1, 0, 0, 0, 0, 0, 0, 0, 0, 0, 0, 1, 1, 0, 0, 0, 0, 1, 0, 1, 1, 1, 1, 1, 0, 1, 0, 0, 1, 3, 1, 4, 4, 0, 0, 2, 4, 11, 1, 1, 2, 0, 0, 0, 1, 0, 1, 0, 0, 2, 0, 1, 4, 2, 0, 1, 1, 1, 0, 1, 1, 0, 0, 1, 0, 1, 0, 0, 0, 16, 2, 0, 0, 2, 0, 0, 0, 2, 0, 0, 0, 0, 0, 0, 0, 1, 0, 0, 0, 0, 0, 0, 0, 1, 0, 0, 0, 0, 0, 0, 0, 0, 0, 0, 0, 2, 0, 0, 0, 
3, 1, 0, 0, 0, 0, 0, 1, 0, 1, 0, 0, 0, 0, 0, 0, 0, 0, 1, 0, 1, 1, 0, 1, 2, 3, 0, 4, 5, 3, 3, 2, 5, 2, 7, 1, 2, 0, 1, 0, 0, 7, 0, 1, 1, 1, 0, 4, 3, 1, 0, 0, 1, 1, 0, 2, 1, 0, 1, 1, 0, 2, 2, 0, 2, 0, 0, 2, 1, 4, 0, 1, 3, 6, 1, 1, 0, 0, 0, 0, 0, 2, 0, 0, 0, 1, 0, 0, 0, 0, 0, 0, 0, 1, 0, 0, 0, 1, 0, 0, 0, 1, 0, 0, 0, 2, 0, 0, 0, 0, 0, 0, 0, 
4, 0, 1, 0, 0, 0, 1, 2, 0, 0, 0, 0, 0, 0, 1, 1, 3, 1, 0, 0, 0, 0, 0, 0, 0, 6, 2, 4, 5, 13, 0, 4, 2, 5, 1, 5, 3, 3, 2, 1, 3, 0, 1, 0, 1, 10, 4, 3, 1, 0, 0, 1, 0, 2, 0, 3, 3, 4, 0, 1, 4, 0, 0, 0, 0, 6, 3, 2, 3, 0, 2, 2, 2, 11, 0, 0, 1, 1, 0, 0, 0, 3, 0, 0, 0, 3, 0, 0, 0, 0, 0, 0, 0, 0, 0, 0, 0, 1, 0, 0, 0, 0, 0, 0, 0, 0, 0, 0, 0, 0, 0, 0, 0, 
5, 1, 0, 0, 1, 3, 2, 1, 0, 1, 1, 0, 0, 0, 0, 0, 1, 1, 0, 0, 1, 0, 0, 0, 0, 8, 8, 9, 7, 5, 0, 1, 1, 3, 2, 5, 1, 4, 0, 1, 1, 0, 1, 0, 0, 6, 4, 2, 1, 3, 3, 2, 6, 2, 1, 1, 1, 4, 3, 1, 2, 1, 3, 3, 3, 21, 2, 2, 2, 1, 1, 1, 1, 18, 0, 0, 0, 3, 0, 0, 0, 1, 0, 0, 0, 0, 0, 0, 0, 0, 0, 0, 0, 1, 0, 0, 0, 0, 0, 0, 0, 2, 0, 0, 0, 0, 0, 0, 0, 0, 0, 0, 0, 
6, 1, 1, 0, 0, 1, 2, 2, 1, 1, 0, 0, 0, 1, 0, 0, 0, 0, 0, 0, 0, 0, 0, 1, 1, 10, 6, 9, 5, 4, 10, 8, 5, 1, 0, 0, 0, 0, 3, 3, 1, 1, 2, 0, 0, 25, 1, 2, 2, 0, 0, 0, 0, 6, 0, 1, 0, 1, 0, 0, 2, 0, 0, 0, 0, 21, 6, 2, 2, 2, 1, 1, 1, 21, 4, 1, 1, 1, 0, 0, 0, 0, 0, 0, 0, 0, 0, 0, 0, 3, 0, 0, 0, 0, 0, 0, 0, 2, 0, 0, 0, 0, 0, 0, 0, 1, 0, 0, 0, 0, 0, 0, 0, 
7, 0, 0, 0, 1, 0, 2, 0, 0, 0, 0, 0, 0, 0, 1, 0, 0, 0, 0, 1, 1, 0, 1, 1, 0, 8, 12, 6, 6, 19, 6, 3, 4, 2, 1, 2, 2, 11, 0, 4, 2, 2, 0, 3, 1, 16, 5, 3, 1, 0, 0, 3, 0, 0, 1, 0, 1, 6, 4, 0, 4, 2, 2, 1, 3, 17, 2, 3, 2, 1, 3, 0, 2, 10, 0, 0, 0, 1, 0, 0, 0, 1, 0, 0, 0, 0, 0, 0, 0, 0, 0, 0, 0, 0, 0, 0, 0, 1, 0, 0, 0, 1, 0, 0, 0, 0, 0, 0, 0, 1, 0, 0, 0, 
8, 2, 0, 2, 0, 0, 1, 0, 0, 1, 0, 0, 0, 0, 0, 0, 0, 1, 0, 0, 0, 0, 0, 0, 0, 19, 4, 11, 4, 27, 5, 5, 2, 4, 0, 7, 3, 1, 1, 2, 1, 2, 1, 2, 3, 21, 4, 4, 3, 2, 5, 6, 0, 2, 1, 2, 0, 0, 0, 0, 1, 0, 6, 4, 5, 15, 1, 1, 2, 11, 1, 1, 2, 0, 0, 1, 2, 1, 0, 0, 0, 1, 0, 0, 0, 1, 0, 0, 0, 0, 0, 0, 0, 2, 0, 0, 0, 2, 0, 0, 0, 1, 0, 0, 0, 0, 0, 0, 0, 2, 0, 0, 0, 
9, 0, 0, 1, 0, 1, 0, 0, 0, 0, 1, 0, 0, 0, 1, 0, 0, 2, 1, 0, 1, 1, 2, 1, 0, 6, 5, 6, 5, 27, 4, 6, 4, 3, 3, 6, 3, 1, 2, 2, 1, 1, 3, 2, 3, 31, 1, 4, 3, 3, 3, 5, 2, 3, 1, 7, 2, 1, 4, 0, 1, 1, 2, 1, 1, 26, 5, 2, 4, 13, 5, 2, 0, 0, 0, 0, 1, 2, 0, 0, 0, 0, 0, 0, 0, 0, 0, 0, 0, 1, 0, 0, 0, 1, 0, 0, 0, 0, 0, 0, 0, 1, 0, 0, 0, 0, 0, 0, 0, 0, 0, 0, 0, 
10, 0, 0, 0, 0, 0, 0, 0, 1, 0, 1, 1, 0, 0, 0, 0, 0, 0, 2, 0, 0, 0, 0, 0, 1, 2, 4, 3, 6, 15, 4, 4, 3, 12, 3, 5, 4, 2, 1, 2, 8, 2, 6, 3, 3, 41, 4, 4, 2, 16, 3, 3, 1, 0, 1, 0, 0, 5, 4, 1, 4, 1, 1, 0, 1, 31, 1, 3, 4, 9, 1, 2, 2, 3, 0, 5, 1, 0, 0, 0, 0, 0, 0, 0, 0, 0, 0, 0, 0, 1, 0, 0, 0, 0, 0, 0, 0, 1, 0, 0, 0, 0, 0, 0, 0, 1, 0, 0, 0, 3, 0, 0, 0, 
11, 0, 0, 2, 0, 0, 0, 0, 0, 0, 0, 1, 1, 0, 0, 2, 0, 0, 0, 0, 0, 1, 0, 0, 1, 4, 1, 1, 2, 12, 1, 5, 2, 4, 3, 3, 2, 8, 3, 4, 3, 8, 1, 3, 3, 42, 4, 0, 4, 23, 3, 4, 4, 2, 5, 4, 3, 0, 0, 1, 0, 0, 0, 1, 0, 30, 8, 3, 0, 3, 1, 0, 0, 5, 2, 2, 5, 0, 0, 0, 0, 1, 0, 0, 0, 0, 0, 0, 0, 0, 0, 0, 0, 2, 0, 0, 0, 0, 0, 0, 0, 0, 0, 0, 0, 0, 0, 0, 0, 0, 0, 0, 0, 
12, 1, 0, 0, 1, 0, 0, 0, 0, 0, 0, 0, 0, 0, 0, 0, 0, 0, 0, 0, 0, 0, 1, 0, 1, 8, 0, 2, 4, 8, 8, 7, 5, 4, 1, 2, 4, 2, 0, 2, 3, 0, 0, 1, 0, 35, 1, 2, 2, 11, 3, 2, 2, 1, 2, 1, 0, 1, 1, 1, 1, 3, 0, 4, 1, 43, 3, 2, 0, 0, 0, 0, 1, 1, 0, 0, 0, 0, 0, 0, 0, 0, 0, 0, 0, 2, 0, 0, 0, 0, 0, 0, 0, 0, 0, 0, 0, 0, 0, 0, 0, 2, 0, 0, 0, 1, 0, 0, 0, 0, 0, 0, 0, 
13, 1, 0, 0, 0, 1, 0, 0, 0, 2, 0, 0, 1, 0, 0, 0, 0, 3, 0, 0, 2, 2, 0, 1, 1, 8, 2, 2, 1, 7, 5, 6, 3, 0, 1, 2, 1, 0, 0, 0, 1, 1, 1, 0, 0, 25, 4, 1, 1, 5, 0, 2, 2, 0, 0, 0, 0, 0, 1, 2, 1, 1, 3, 2, 2, 45, 1, 2, 2, 0, 2, 2, 0, 13, 2, 1, 1, 0, 0, 0, 0, 1, 0, 0, 0, 1, 0, 0, 0, 1, 0, 0, 0, 1, 0, 0, 0, 0, 0, 0, 0, 0, 0, 0, 0, 3, 0, 0, 0, 1, 0, 0, 0, 
14, 0, 1, 1, 0, 0, 0, 0, 1, 1, 1, 0, 0, 0, 0, 0, 0, 0, 0, 0, 1, 1, 0, 1, 0, 4, 2, 2, 1, 5, 5, 3, 6, 2, 3, 2, 2, 1, 1, 3, 2, 15, 4, 2, 1, 28, 5, 5, 2, 1, 1, 2, 0, 0, 0, 0, 0, 3, 4, 1, 1, 9, 5, 3, 2, 52, 3, 3, 2, 4, 0, 0, 2, 11, 0, 3, 0, 1, 0, 0, 0, 1, 0, 0, 0, 0, 0, 0, 0, 0, 0, 0, 0, 0, 0, 0, 0, 0, 0, 0, 0, 2, 0, 0, 0, 1, 0, 0, 0, 2, 0, 0, 0, 
15, 1, 0, 1, 0, 0, 0, 0, 0, 1, 1, 1, 1, 0, 0, 1, 0, 1, 0, 1, 0, 0, 1, 0, 0, 0, 0, 1, 0, 5, 2, 1, 3, 0, 2, 1, 0, 0, 1, 3, 1, 29, 1, 0, 0, 22, 3, 5, 4, 0, 0, 3, 0, 0, 2, 2, 1, 3, 2, 6, 1, 6, 8, 5, 5, 60, 0, 2, 3, 2, 1, 1, 4, 22, 7, 2, 1, 0, 0, 0, 0, 0, 0, 0, 0, 0, 0, 0, 0, 1, 0, 0, 0, 0, 0, 0, 0, 1, 0, 0, 0, 1, 0, 0, 0, 1, 0, 0, 0, 2, 0, 0, 0, 
16, 0, 0, 0, 0, 0, 0, 0, 0, 0, 0, 0, 0, 1, 0, 2, 2, 1, 1, 0, 0, 1, 0, 1, 0, 0, 7, 1, 2, 3, 2, 0, 4, 1, 0, 1, 0, 4, 0, 4, 4, 26, 1, 1, 0, 34, 0, 2, 4, 1, 0, 1, 1, 0, 0, 0, 0, 1, 0, 3, 4, 6, 3, 6, 2, 55, 1, 2, 5, 6, 4, 2, 3, 35, 1, 3, 1, 0, 0, 0, 0, 0, 0, 0, 0, 1, 0, 0, 0, 2, 0, 0, 0, 0, 0, 0, 0, 0, 0, 0, 0, 0, 0, 0, 0, 0, 0, 0, 0, 1, 0, 0, 0, 
17, 0, 1, 0, 0, 3, 1, 1, 0, 0, 0, 0, 0, 0, 1, 1, 0, 1, 0, 0, 1, 0, 0, 0, 0, 6, 0, 0, 2, 0, 3, 1, 1, 5, 3, 6, 0, 0, 1, 1, 1, 44, 0, 0, 0, 26, 4, 2, 3, 5, 1, 2, 0, 0, 1, 1, 0, 0, 4, 3, 2, 16, 5, 2, 1, 53, 4, 5, 3, 6, 3, 1, 1, 34, 3, 0, 1, 1, 0, 0, 0, 0, 0, 0, 0, 1, 0, 0, 0, 0, 0, 0, 0, 2, 0, 0, 0, 2, 0, 0, 0, 0, 0, 0, 0, 0, 0, 0, 0, 0, 0, 0, 0, 
18, 0, 1, 0, 0, 0, 0, 0, 0, 0, 0, 1, 1, 0, 1, 0, 1, 0, 0, 0, 1, 0, 0, 1, 0, 7, 6, 6, 1, 1, 1, 1, 2, 10, 11, 3, 9, 0, 0, 0, 1, 42, 1, 0, 0, 17, 4, 4, 2, 5, 1, 2, 1, 3, 5, 5, 3, 3, 1, 1, 1, 3, 2, 0, 0, 57, 4, 5, 2, 7, 2, 1, 5, 29, 2, 1, 0, 2, 0, 0, 0, 1, 0, 0, 0, 1, 0, 0, 0, 0, 0, 0, 0, 1, 0, 0, 0, 0, 0, 0, 0, 0, 0, 0, 0, 3, 0, 0, 0, 1, 0, 0, 0, 
19, 0, 0, 0, 0, 0, 1, 0, 0, 1, 0, 0, 0, 0, 0, 0, 0, 0, 0, 0, 0, 0, 0, 0, 0, 2, 2, 0, 0, 3, 3, 0, 2, 16, 6, 4, 5, 12, 3, 0, 1, 21, 0, 0, 0, 22, 5, 0, 3, 1, 1, 4, 0, 3, 3, 4, 2, 1, 2, 4, 3, 0, 2, 1, 5, 77, 2, 2, 1, 4, 2, 3, 4, 10, 4, 7, 2, 0, 0, 0, 0, 2, 0, 0, 0, 0, 0, 0, 0, 0, 0, 0, 0, 1, 0, 0, 0, 1, 0, 0, 0, 3, 0, 0, 0, 1, 0, 0, 0, 2, 0, 0, 0, 
20, 1, 0, 0, 1, 0, 0, 0, 0, 1, 1, 0, 1, 0, 1, 0, 1, 0, 0, 0, 0, 1, 1, 1, 0, 1, 3, 0, 1, 8, 1, 0, 0, 16, 8, 3, 9, 9, 2, 0, 0, 28, 3, 0, 0, 33, 1, 2, 2, 0, 2, 1, 0, 3, 2, 1, 1, 1, 2, 1, 1, 4, 3, 3, 4, 71, 4, 1, 2, 4, 4, 1, 2, 22, 2, 4, 1, 2, 0, 0, 0, 0, 0, 0, 0, 0, 0, 0, 0, 0, 0, 0, 0, 1, 0, 0, 0, 2, 0, 0, 0, 0, 0, 0, 0, 0, 0, 0, 0, 1, 0, 0, 0, 
21, 0, 0, 0, 1, 2, 0, 2, 0, 1, 2, 1, 0, 1, 4, 2, 0, 0, 1, 0, 0, 3, 0, 0, 0, 1, 0, 1, 0, 9, 0, 0, 1, 20, 2, 7, 5, 14, 3, 1, 2, 21, 0, 1, 1, 22, 5, 3, 2, 0, 7, 4, 2, 0, 0, 0, 0, 3, 1, 2, 1, 3, 5, 4, 5, 62, 1, 0, 2, 2, 6, 0, 3, 34, 1, 1, 0, 1, 0, 0, 0, 0, 0, 0, 0, 1, 0, 0, 0, 0, 0, 0, 0, 2, 0, 0, 0, 2, 0, 0, 0, 0, 0, 0, 0, 0, 0, 0, 0, 1, 0, 0, 0, 
22, 0, 0, 0, 1, 0, 0, 0, 0, 1, 1, 0, 1, 0, 0, 0, 1, 0, 1, 0, 0, 2, 0, 2, 1, 5, 3, 1, 2, 3, 0, 0, 0, 26, 5, 2, 3, 14, 3, 0, 0, 21, 0, 1, 2, 24, 3, 5, 1, 6, 3, 9, 7, 2, 0, 4, 0, 6, 1, 1, 2, 6, 5, 9, 5, 35, 0, 1, 2, 3, 0, 0, 2, 8, 0, 3, 1, 2, 0, 0, 0, 0, 0, 0, 0, 0, 0, 0, 0, 2, 0, 0, 0, 1, 0, 0, 0, 0, 0, 0, 0, 2, 0, 0, 0, 0, 0, 0, 0, 1, 0, 0, 0, 
23, 0, 3, 0, 0, 0, 1, 2, 1, 0, 0, 0, 0, 0, 1, 0, 0, 0, 0, 0, 1, 0, 0, 0, 0, 13, 2, 1, 1, 0, 0, 0, 0, 16, 5, 5, 2, 9, 1, 1, 1, 31, 1, 2, 0, 14, 6, 4, 4, 1, 2, 1, 2, 25, 3, 1, 1, 7, 5, 1, 8, 6, 6, 9, 9, 36, 3, 3, 0, 4, 4, 2, 2, 1, 1, 2, 1, 0, 0, 0, 0, 2, 0, 0, 0, 0, 0, 0, 0, 0, 0, 0, 0, 1, 0, 0, 0, 1, 0, 0, 0, 0, 0, 0, 0, 2, 0, 0, 0, 0, 0, 0, 0, 
24, 0, 0, 0, 0, 1, 0, 1, 0, 1, 0, 0, 1, 2, 3, 2, 0, 1, 0, 0, 0, 0, 0, 0, 0, 14, 2, 1, 1, 2, 1, 3, 4, 25, 7, 5, 4, 6, 0, 0, 2, 28, 1, 0, 0, 27, 5, 4, 3, 2, 0, 2, 0, 37, 0, 1, 1, 3, 3, 3, 2, 10, 7, 7, 10, 27, 5, 1, 2, 5, 3, 2, 4, 1, 1, 2, 1, 1, 0, 0, 0, 2, 0, 0, 0, 0, 0, 0, 0, 0, 0, 0, 0, 0, 0, 0, 0, 0, 0, 0, 0, 2, 0, 0, 0, 1, 0, 0, 0, 1, 0, 0, 0, 
25, 0, 0, 0, 0, 0, 0, 1, 0, 1, 2, 4, 2, 0, 1, 0, 0, 1, 2, 0, 0, 0, 0, 2, 0, 0, 1, 2, 1, 3, 1, 3, 4, 40, 2, 4, 6, 9, 1, 3, 4, 28, 0, 0, 1, 29, 1, 2, 4, 3, 3, 6, 1, 26, 1, 0, 0, 0, 0, 0, 0, 12, 11, 9, 8, 24, 3, 3, 2, 6, 4, 5, 3, 2, 1, 3, 2, 1, 0, 0, 0, 0, 0, 0, 0, 0, 0, 0, 0, 2, 0, 0, 0, 0, 0, 0, 0, 0, 0, 0, 0, 2, 0, 0, 0, 1, 0, 0, 0, 0, 0, 0, 0, 
26, 1, 1, 1, 0, 2, 0, 0, 0, 4, 0, 2, 0, 0, 0, 0, 0, 2, 2, 2, 1, 0, 0, 0, 0, 1, 1, 3, 4, 6, 1, 1, 1, 42, 8, 3, 5, 6, 1, 0, 2, 26, 1, 1, 1, 3, 5, 3, 1, 4, 9, 3, 6, 21, 1, 0, 0, 1, 2, 3, 2, 9, 12, 10, 3, 24, 4, 1, 2, 6, 3, 3, 5, 1, 0, 1, 3, 2, 0, 0, 0, 0, 0, 0, 0, 0, 0, 0, 0, 1, 0, 0, 0, 0, 0, 0, 0, 1, 0, 0, 0, 1, 0, 0, 0, 2, 0, 0, 0, 1, 0, 0, 0, 
27, 0, 1, 2, 0, 0, 0, 1, 0, 0, 1, 3, 1, 0, 0, 1, 0, 0, 0, 0, 1, 0, 0, 0, 0, 3, 3, 3, 0, 0, 3, 4, 2, 48, 8, 4, 2, 5, 1, 0, 2, 25, 0, 1, 1, 1, 1, 0, 1, 1, 2, 4, 2, 14, 0, 0, 0, 1, 0, 0, 1, 8, 9, 7, 7, 30, 3, 2, 2, 10, 8, 10, 8, 2, 3, 1, 2, 1, 0, 0, 0, 0, 0, 0, 0, 0, 0, 0, 0, 2, 0, 0, 0, 1, 0, 0, 0, 0, 0, 0, 0, 2, 0, 0, 0, 3, 0, 0, 0, 0, 0, 0, 0, 
28, 1, 2, 2, 1, 2, 0, 1, 1, 0, 3, 0, 0, 0, 2, 1, 0, 0, 0, 0, 0, 0, 0, 0, 0, 0, 1, 0, 0, 3, 5, 1, 3, 39, 6, 4, 3, 1, 0, 0, 0, 33, 0, 1, 0, 2, 2, 2, 2, 1, 11, 6, 4, 21, 2, 0, 1, 3, 2, 3, 0, 6, 13, 4, 3, 19, 0, 1, 0, 14, 11, 4, 6, 2, 0, 1, 2, 0, 0, 0, 0, 1, 0, 0, 0, 2, 0, 0, 0, 0, 0, 0, 0, 0, 0, 0, 0, 1, 0, 0, 0, 1, 0, 0, 0, 0, 0, 0, 0, 1, 0, 0, 0, 
29, 0, 0, 2, 1, 0, 0, 0, 0, 0, 0, 0, 0, 0, 0, 0, 0, 0, 0, 0, 0, 3, 1, 1, 2, 0, 5, 1, 0, 0, 0, 0, 1, 39, 4, 4, 5, 0, 1, 0, 1, 18, 1, 0, 0, 1, 2, 0, 0, 4, 4, 6, 4, 14, 1, 0, 2, 3, 4, 2, 2, 15, 7, 6, 3, 13, 3, 1, 2, 20, 8, 6, 7, 1, 3, 1, 1, 0, 0, 0, 0, 2, 0, 0, 0, 0, 0, 0, 0, 0, 0, 0, 0, 2, 0, 0, 0, 1, 0, 0, 0, 1, 0, 0, 0, 2, 0, 0, 0, 2, 0, 0, 0, 
30, 4, 0, 1, 1, 0, 1, 1, 1, 0, 1, 2, 1, 0, 0, 0, 0, 0, 1, 1, 0, 0, 0, 0, 0, 1, 2, 0, 0, 2, 0, 0, 1, 32, 5, 2, 5, 23, 1, 0, 0, 14, 1, 0, 0, 4, 1, 0, 2, 1, 1, 2, 4, 22, 0, 1, 0, 1, 0, 0, 1, 1, 1, 4, 6, 1, 1, 2, 5, 11, 14, 3, 5, 5, 4, 5, 6, 1, 0, 0, 0, 1, 0, 0, 0, 2, 0, 0, 0, 1, 0, 0, 0, 0, 0, 0, 0, 1, 0, 0, 0, 0, 0, 0, 0, 1, 0, 0, 0, 0, 0, 0, 0, 
31, 3, 3, 1, 0, 0, 1, 0, 0, 0, 0, 0, 1, 0, 1, 2, 0, 0, 1, 0, 1, 0, 1, 0, 0, 2, 3, 4, 3, 5, 0, 1, 0, 34, 9, 7, 4, 33, 0, 1, 0, 25, 2, 0, 1, 4, 2, 7, 4, 1, 0, 1, 2, 1, 0, 0, 1, 2, 2, 2, 0, 2, 4, 2, 3, 1, 1, 1, 2, 9, 16, 7, 6, 1, 3, 5, 4, 1, 0, 0, 0, 0, 0, 0, 0, 0, 0, 0, 0, 1, 0, 0, 0, 0, 0, 0, 0, 0, 0, 0, 0, 0, 0, 0, 0, 0, 0, 0, 0, 0, 0, 0, 0, 
32, 0, 0, 1, 0, 0, 0, 0, 0, 0, 0, 0, 1, 1, 0, 0, 0, 1, 0, 0, 0, 1, 1, 1, 0, 1, 3, 5, 4, 10, 1, 2, 0, 32, 3, 7, 3, 31, 0, 1, 0, 16, 1, 0, 0, 1, 0, 1, 0, 8, 1, 0, 0, 10, 6, 1, 3, 5, 6, 6, 5, 3, 0, 0, 2, 0, 1, 0, 0, 8, 9, 13, 6, 3, 6, 5, 3, 0, 0, 0, 0, 0, 0, 0, 0, 1, 0, 0, 0, 0, 0, 0, 0, 0, 0, 0, 0, 0, 0, 0, 0, 2, 0, 0, 0, 1, 0, 0, 0, 1, 0, 0, 0, 
33, 0, 1, 2, 0, 1, 0, 0, 0, 1, 0, 1, 0, 0, 2, 0, 0, 0, 1, 0, 0, 0, 0, 0, 1, 1, 0, 0, 1, 4, 0, 0, 0, 26, 7, 4, 3, 22, 1, 0, 2, 10, 3, 0, 0, 0, 1, 2, 1, 2, 0, 1, 1, 3, 4, 1, 2, 8, 1, 3, 7, 14, 2, 2, 2, 0, 5, 3, 0, 16, 9, 23, 13, 2, 0, 3, 1, 2, 0, 0, 0, 1, 0, 0, 0, 2, 0, 0, 0, 0, 0, 0, 0, 1, 0, 0, 0, 0, 0, 0, 0, 3, 0, 0, 0, 3, 0, 0, 0, 0, 0, 0, 0, 
34, 0, 0, 1, 0, 0, 0, 0, 0, 1, 0, 0, 0, 1, 1, 1, 0, 0, 0, 0, 0, 0, 2, 0, 1, 1, 2, 1, 1, 3, 6, 1, 4, 25, 8, 5, 7, 24, 0, 2, 1, 6, 2, 1, 3, 1, 1, 1, 0, 2, 0, 0, 0, 0, 1, 0, 1, 3, 6, 8, 2, 8, 2, 3, 3, 1, 0, 0, 0, 28, 13, 8, 10, 0, 0, 0, 0, 1, 0, 0, 0, 1, 0, 0, 0, 0, 0, 0, 0, 1, 0, 0, 0, 0, 0, 0, 0, 0, 0, 0, 0, 0, 0, 0, 0, 1, 0, 0, 0, 1, 0, 0, 0, 
35, 1, 1, 1, 0, 0, 0, 0, 0, 0, 0, 0, 2, 0, 0, 0, 2, 1, 0, 1, 0, 2, 0, 0, 2, 0, 2, 1, 1, 2, 1, 0, 0, 22, 5, 4, 4, 35, 4, 1, 1, 8, 0, 0, 0, 2, 3, 0, 0, 2, 0, 0, 0, 1, 0, 1, 1, 6, 7, 6, 4, 4, 2, 3, 5, 0, 2, 0, 0, 15, 11, 14, 10, 12, 0, 0, 0, 0, 0, 0, 0, 2, 0, 0, 0, 1, 0, 0, 0, 1, 0, 0, 0, 1, 0, 0, 0, 2, 0, 0, 0, 0, 0, 0, 0, 2, 0, 0, 0, 0, 0, 0, 0, 
36, 0, 0, 0, 0, 0, 0, 0, 1, 3, 0, 1, 0, 0, 0, 0, 0, 0, 0, 0, 0, 0, 0, 0, 0, 0, 0, 0, 0, 0, 0, 0, 1, 25, 4, 5, 2, 40, 4, 1, 1, 6, 0, 0, 1, 1, 1, 3, 2, 14, 3, 0, 3, 0, 1, 1, 0, 0, 2, 1, 2, 0, 1, 1, 2, 1, 1, 2, 1, 10, 16, 11, 9, 15, 1, 2, 1, 2, 0, 0, 0, 0, 0, 0, 0, 2, 0, 0, 0, 1, 0, 0, 0, 1, 0, 0, 0, 0, 0, 0, 0, 0, 0, 0, 0, 3, 0, 0, 0, 0, 0, 0, 0, 
37, 2, 0, 1, 1, 0, 1, 2, 0, 0, 0, 1, 0, 0, 0, 0, 0, 1, 0, 0, 0, 1, 0, 2, 0, 3, 3, 5, 6, 2, 2, 0, 3, 23, 1, 7, 2, 49, 3, 2, 1, 2, 1, 0, 3, 1, 1, 2, 0, 14, 1, 1, 1, 3, 4, 3, 0, 1, 0, 1, 2, 0, 1, 1, 0, 4, 1, 1, 3, 19, 16, 10, 15, 32, 0, 1, 2, 1, 0, 0, 0, 0, 0, 0, 0, 0, 0, 0, 0, 0, 0, 0, 0, 2, 0, 0, 0, 1, 0, 0, 0, 0, 0, 0, 0, 0, 0, 0, 0, 0, 0, 0, 0, 
38, 0, 1, 1, 0, 0, 0, 1, 0, 1, 1, 0, 0, 0, 0, 0, 0, 0, 1, 1, 1, 0, 1, 0, 0, 0, 1, 0, 0, 10, 3, 0, 2, 9, 7, 3, 4, 49, 2, 0, 1, 9, 3, 5, 5, 5, 1, 0, 1, 0, 1, 2, 0, 1, 0, 0, 0, 5, 4, 9, 3, 2, 1, 2, 0, 1, 1, 2, 1, 23, 11, 9, 11, 41, 2, 1, 1, 0, 0, 0, 0, 0, 0, 0, 0, 0, 0, 0, 0, 0, 0, 0, 0, 1, 0, 0, 0, 2, 0, 0, 0, 1, 0, 0, 0, 1, 0, 0, 0, 1, 0, 0, 0, 
39, 1, 2, 0, 1, 0, 0, 2, 0, 1, 0, 0, 1, 0, 0, 0, 0, 1, 1, 0, 1, 0, 0, 1, 1, 5, 1, 0, 1, 23, 2, 2, 0, 3, 0, 2, 6, 68, 2, 0, 3, 9, 3, 6, 5, 0, 2, 1, 1, 3, 1, 1, 0, 0, 0, 0, 0, 4, 5, 4, 4, 0, 0, 0, 2, 3, 2, 4, 3, 13, 9, 13, 14, 34, 0, 0, 1, 0, 0, 0, 0, 1, 0, 0, 0, 1, 0, 0, 0, 1, 0, 0, 0, 1, 0, 0, 0, 0, 0, 0, 0, 1, 0, 0, 0, 0, 0, 0, 0, 1, 0, 0, 0, 
40, 0, 2, 2, 0, 1, 0, 0, 1, 0, 0, 1, 2, 1, 0, 1, 0, 1, 0, 0, 0, 2, 2, 0, 0, 10, 0, 0, 1, 15, 0, 1, 0, 15, 0, 2, 6, 45, 1, 1, 1, 2, 2, 8, 4, 0, 0, 2, 1, 2, 2, 2, 2, 0, 1, 0, 1, 7, 7, 4, 3, 1, 1, 3, 0, 0, 0, 0, 1, 21, 16, 17, 9, 20, 2, 0, 0, 2, 0, 0, 0, 1, 0, 0, 0, 0, 0, 0, 0, 0, 0, 0, 0, 1, 0, 0, 0, 2, 0, 0, 0, 0, 0, 0, 0, 0, 0, 0, 0, 1, 0, 0, 0, 
41, 0, 2, 0, 0, 0, 0, 2, 1, 0, 2, 3, 3, 0, 0, 0, 0, 0, 0, 0, 0, 1, 0, 0, 0, 5, 1, 1, 1, 18, 0, 0, 0, 24, 4, 0, 3, 43, 4, 3, 1, 7, 5, 8, 5, 2, 4, 0, 5, 4, 5, 2, 3, 0, 0, 1, 0, 6, 3, 8, 5, 1, 1, 2, 1, 1, 0, 0, 0, 39, 16, 17, 9, 20, 3, 1, 1, 2, 0, 0, 0, 1, 0, 0, 0, 0, 0, 0, 0, 0, 0, 0, 0, 2, 0, 0, 0, 1, 0, 0, 0, 0, 0, 0, 0, 1, 0, 0, 0, 0, 0, 0, 0, 
42, 3, 0, 0, 0, 0, 0, 0, 0, 0, 0, 0, 1, 0, 0, 0, 0, 0, 1, 0, 0, 0, 0, 0, 0, 5, 4, 4, 0, 23, 0, 0, 0, 21, 4, 1, 3, 48, 1, 0, 0, 7, 7, 6, 9, 4, 1, 3, 1, 4, 5, 4, 4, 0, 1, 0, 0, 7, 3, 6, 7, 1, 4, 3, 2, 0, 0, 1, 1, 51, 12, 17, 18, 22, 1, 2, 0, 0, 0, 0, 0, 0, 0, 0, 0, 2, 0, 0, 0, 0, 0, 0, 0, 1, 0, 0, 0, 1, 0, 0, 0, 0, 0, 0, 0, 1, 0, 0, 0, 0, 0, 0, 0, 
43, 0, 1, 0, 0, 0, 0, 0, 0, 0, 0, 0, 0, 0, 0, 3, 1, 1, 0, 0, 0, 0, 1, 0, 0, 17, 0, 0, 0, 19, 2, 0, 0, 28, 7, 3, 1, 47, 1, 2, 1, 14, 10, 5, 6, 14, 5, 2, 3, 6, 3, 6, 5, 5, 1, 0, 0, 1, 3, 0, 2, 0, 1, 1, 1, 2, 1, 2, 1, 57, 21, 12, 6, 13, 2, 0, 0, 0, 0, 0, 0, 0, 0, 0, 0, 4, 0, 0, 0, 1, 0, 0, 0, 0, 0, 0, 0, 1, 0, 0, 0, 1, 0, 0, 0, 1, 0, 0, 0, 1, 0, 0, 0, 
44, 0, 0, 0, 1, 1, 0, 0, 0, 1, 0, 1, 3, 0, 0, 0, 1, 0, 0, 0, 0, 0, 1, 1, 0, 7, 1, 0, 2, 28, 2, 0, 0, 45, 3, 2, 3, 56, 0, 1, 0, 12, 9, 7, 8, 15, 4, 2, 1, 8, 4, 12, 5, 18, 1, 1, 0, 3, 3, 1, 0, 9, 3, 0, 0, 2, 0, 4, 0, 58, 11, 11, 9, 19, 7, 0, 0, 1, 0, 0, 0, 1, 0, 0, 0, 2, 0, 0, 0, 2, 0, 0, 0, 0, 0, 0, 0, 3, 0, 0, 0, 0, 0, 0, 0, 0, 0, 0, 0, 0, 0, 0, 0, 
45, 0, 0, 0, 0, 2, 1, 0, 1, 0, 1, 1, 1, 0, 0, 1, 1, 0, 0, 0, 0, 1, 0, 0, 0, 15, 0, 0, 1, 23, 1, 1, 0, 54, 1, 1, 1, 39, 1, 0, 1, 3, 6, 14, 8, 8, 7, 6, 4, 14, 7, 5, 5, 32, 5, 1, 0, 5, 1, 2, 1, 6, 1, 0, 1, 0, 0, 0, 0, 48, 8, 6, 16, 27, 1, 2, 1, 0, 0, 0, 0, 0, 0, 0, 0, 1, 0, 0, 0, 2, 0, 0, 0, 1, 0, 0, 0, 1, 0, 0, 0, 2, 0, 0, 0, 1, 0, 0, 0, 1, 0, 0, 0, 
46, 0, 0, 1, 0, 0, 0, 0, 1, 0, 0, 0, 0, 0, 0, 0, 1, 0, 0, 2, 0, 0, 0, 0, 0, 16, 1, 1, 0, 20, 6, 2, 1, 41, 1, 2, 2, 36, 1, 0, 1, 6, 10, 8, 6, 12, 6, 2, 2, 9, 11, 13, 2, 26, 4, 1, 0, 24, 2, 2, 0, 14, 4, 1, 1, 4, 3, 1, 5, 49, 13, 12, 12, 24, 6, 1, 0, 1, 0, 0, 0, 2, 0, 0, 0, 0, 0, 0, 0, 0, 0, 0, 0, 0, 0, 0, 0, 1, 0, 0, 0, 0, 0, 0, 0, 1, 0, 0, 0, 1, 0, 0, 0, 
47, 1, 0, 1, 0, 0, 1, 1, 1, 0, 1, 1, 2, 1, 0, 0, 0, 0, 0, 0, 0, 2, 2, 3, 0, 20, 2, 0, 0, 16, 1, 1, 0, 40, 3, 3, 1, 39, 0, 1, 0, 10, 11, 2, 5, 7, 7, 7, 3, 11, 5, 9, 11, 34, 0, 1, 0, 11, 2, 0, 1, 18, 1, 1, 0, 0, 0, 3, 4, 48, 9, 8, 11, 20, 2, 2, 1, 1, 0, 0, 0, 1, 0, 0, 0, 1, 0, 0, 0, 2, 0, 0, 0, 0, 0, 0, 0, 1, 0, 0, 0, 1, 0, 0, 0, 0, 0, 0, 0, 1, 0, 0, 0, 
48, 0, 0, 0, 1, 0, 0, 0, 0, 0, 0, 0, 1, 0, 0, 0, 0, 0, 0, 0, 1, 1, 2, 0, 1, 29, 0, 1, 0, 29, 3, 3, 0, 34, 3, 3, 3, 31, 0, 0, 1, 6, 6, 4, 5, 12, 5, 2, 5, 5, 7, 10, 4, 34, 4, 3, 0, 1, 1, 2, 0, 23, 1, 1, 0, 1, 2, 1, 1, 28, 5, 18, 15, 24, 0, 0, 1, 1, 0, 0, 0, 1, 0, 0, 0, 3, 0, 0, 0, 1, 0, 0, 0, 2, 0, 0, 0, 4, 0, 0, 0, 0, 0, 0, 0, 0, 0, 0, 0, 1, 0, 0, 0, 
49, 1, 1, 2, 2, 0, 0, 0, 0, 0, 0, 0, 0, 0, 0, 0, 0, 1, 0, 0, 0, 0, 0, 0, 0, 15, 0, 2, 0, 35, 1, 1, 0, 36, 8, 3, 0, 30, 1, 1, 0, 6, 4, 3, 3, 6, 8, 5, 3, 7, 12, 4, 3, 51, 1, 1, 0, 2, 3, 0, 0, 21, 2, 0, 0, 1, 5, 1, 4, 31, 16, 12, 7, 11, 1, 1, 2, 2, 0, 0, 0, 2, 0, 0, 0, 0, 0, 0, 0, 0, 0, 0, 0, 1, 0, 0, 0, 0, 0, 0, 0, 0, 0, 0, 0, 0, 0, 0, 0, 1, 0, 0, 0, 
50, 1, 1, 0, 1, 1, 1, 0, 1, 0, 0, 0, 0, 1, 0, 0, 0, 0, 0, 0, 0, 1, 0, 0, 0, 24, 0, 4, 1, 33, 4, 0, 0, 42, 8, 4, 2, 12, 1, 1, 0, 4, 3, 1, 1, 4, 7, 6, 9, 4, 3, 3, 3, 52, 0, 0, 0, 3, 1, 2, 4, 25, 2, 0, 0, 4, 6, 4, 4, 25, 9, 14, 11, 0, 2, 0, 0, 0, 0, 0, 0, 2, 0, 0, 0, 1, 0, 0, 0, 4, 0, 0, 0, 2, 0, 0, 0, 0, 0, 0, 0, 0, 0, 0, 0, 0, 0, 0, 0, 1, 0, 0, 0, 
51, 0, 0, 1, 0, 1, 2, 1, 0, 3, 0, 1, 0, 0, 1, 0, 0, 2, 2, 1, 1, 0, 0, 0, 3, 21, 0, 0, 1, 42, 1, 3, 1, 42, 3, 0, 1, 8, 2, 0, 0, 0, 3, 3, 1, 5, 3, 1, 3, 2, 2, 2, 2, 55, 1, 1, 0, 12, 15, 3, 3, 12, 1, 0, 0, 6, 4, 8, 1, 20, 9, 11, 10, 0, 1, 2, 0, 0, 0, 0, 0, 0, 0, 0, 0, 0, 0, 0, 0, 1, 0, 0, 0, 0, 0, 0, 0, 1, 0, 0, 0, 1, 0, 0, 0, 2, 0, 0, 0, 3, 0, 0, 0, 
52, 0, 0, 0, 1, 1, 0, 0, 1, 0, 0, 0, 0, 0, 0, 0, 0, 1, 1, 0, 0, 0, 0, 1, 4, 22, 0, 0, 0, 33, 2, 0, 0, 31, 6, 4, 3, 8, 0, 1, 0, 5, 2, 1, 0, 1, 0, 0, 0, 2, 1, 2, 2, 61, 0, 1, 0, 21, 5, 1, 3, 6, 1, 1, 1, 1, 1, 0, 0, 11, 17, 12, 18, 6, 2, 6, 2, 3, 0, 0, 0, 0, 0, 0, 0, 0, 0, 0, 0, 2, 0, 0, 0, 1, 0, 0, 0, 0, 0, 0, 0, 0, 0, 0, 0, 1, 0, 0, 0, 2, 0, 0, 0, 
53, 0, 0, 0, 1, 1, 2, 0, 0, 0, 0, 0, 0, 0, 0, 0, 0, 2, 0, 0, 0, 0, 0, 0, 0, 34, 0, 0, 1, 30, 3, 0, 0, 39, 1, 4, 0, 7, 2, 1, 2, 0, 2, 0, 0, 0, 1, 2, 0, 0, 0, 0, 0, 67, 3, 1, 2, 14, 4, 5, 1, 20, 0, 0, 1, 4, 5, 2, 5, 11, 16, 10, 14, 2, 1, 1, 2, 1, 0, 0, 0, 0, 0, 0, 0, 0, 0, 0, 0, 1, 0, 0, 0, 0, 0, 0, 0, 1, 0, 0, 0, 0, 0, 0, 0, 0, 0, 0, 0, 1, 0, 0, 0, 
54, 2, 0, 0, 1, 0, 0, 0, 1, 0, 0, 0, 1, 0, 2, 0, 0, 0, 1, 0, 0, 0, 0, 0, 0, 17, 0, 0, 1, 39, 1, 1, 1, 38, 6, 3, 0, 13, 3, 1, 0, 0, 1, 1, 0, 2, 1, 1, 1, 2, 1, 2, 5, 76, 3, 1, 0, 8, 3, 5, 2, 5, 0, 0, 0, 2, 5, 1, 5, 13, 12, 14, 8, 0, 1, 1, 2, 0, 0, 0, 0, 0, 0, 0, 0, 0, 0, 0, 0, 0, 0, 0, 0, 0, 0, 0, 0, 0, 0, 0, 0, 0, 0, 0, 0, 0, 0, 0, 0, 1, 0, 0, 0, 
55, 0, 1, 0, 1, 0, 0, 1, 0, 2, 0, 0, 1, 0, 0, 0, 0, 0, 0, 1, 0, 0, 0, 1, 0, 24, 3, 2, 0, 37, 2, 4, 2, 34, 2, 2, 3, 1, 1, 1, 0, 0, 1, 0, 0, 0, 0, 0, 0, 7, 4, 3, 5, 73, 0, 2, 1, 13, 7, 0, 1, 0, 0, 0, 0, 3, 5, 1, 1, 13, 11, 14, 11, 7, 3, 2, 4, 0, 0, 0, 0, 2, 0, 0, 0, 0, 0, 0, 0, 1, 0, 0, 0, 0, 0, 0, 0, 0, 0, 0, 0, 2, 0, 0, 0, 0, 0, 0, 0, 1, 0, 0, 0, 
56, 0, 2, 0, 0, 0, 0, 0, 0, 0, 0, 1, 0, 0, 3, 1, 0, 0, 0, 0, 1, 1, 0, 0, 1, 21, 1, 1, 1, 42, 2, 4, 0, 30, 10, 1, 2, 1, 0, 0, 0, 2, 0, 1, 0, 0, 2, 1, 0, 8, 2, 1, 3, 76, 1, 0, 0, 5, 13, 3, 2, 0, 0, 0, 0, 2, 1, 2, 1, 12, 9, 16, 13, 6, 2, 6, 8, 1, 0, 0, 0, 1, 0, 0, 0, 0, 0, 0, 0, 1, 0, 0, 0, 0, 0, 0, 0, 2, 0, 0, 0, 1, 0, 0, 0, 1, 0, 0, 0, 3, 0, 0, 0, 
57, 1, 1, 1, 0, 1, 0, 0, 1, 3, 1, 2, 4, 0, 0, 0, 0, 0, 0, 0, 0, 1, 0, 0, 0, 34, 1, 0, 1, 42, 0, 1, 2, 22, 1, 3, 1, 0, 1, 1, 0, 2, 4, 0, 1, 1, 0, 0, 0, 14, 5, 1, 2, 69, 0, 0, 1, 8, 5, 6, 3, 5, 8, 7, 4, 11, 6, 3, 4, 9, 12, 13, 13, 1, 5, 5, 2, 0, 0, 0, 0, 1, 0, 0, 0, 0, 0, 0, 0, 0, 0, 0, 0, 2, 0, 0, 0, 0, 0, 0, 0, 1, 0, 0, 0, 1, 0, 0, 0, 0, 0, 0, 0, 
58, 1, 0, 2, 0, 0, 1, 0, 0, 0, 0, 0, 0, 0, 0, 1, 0, 0, 0, 0, 0, 0, 0, 0, 0, 49, 1, 0, 1, 60, 2, 1, 0, 34, 3, 6, 2, 1, 0, 1, 0, 0, 0, 0, 0, 0, 1, 0, 0, 8, 1, 6, 2, 62, 0, 2, 0, 5, 2, 1, 4, 0, 1, 0, 0, 6, 4, 3, 3, 11, 10, 14, 10, 3, 3, 3, 5, 2, 0, 0, 0, 0, 0, 0, 0, 0, 0, 0, 0, 2, 0, 0, 0, 1, 0, 0, 0, 2, 0, 0, 0, 1, 0, 0, 0, 1, 0, 0, 0, 1, 0, 0, 0, 
59, 0, 1, 1, 0, 0, 0, 0, 0, 0, 1, 0, 1, 0, 1, 0, 0, 0, 0, 0, 1, 1, 1, 0, 0, 43, 0, 0, 0, 55, 1, 1, 2, 35, 2, 2, 0, 0, 0, 1, 1, 3, 2, 2, 1, 4, 3, 3, 5, 8, 3, 1, 2, 61, 2, 2, 2, 0, 0, 0, 2, 1, 3, 0, 4, 8, 1, 3, 2, 12, 13, 13, 9, 2, 2, 5, 0, 1, 0, 0, 0, 3, 0, 0, 0, 0, 0, 0, 0, 0, 0, 0, 0, 0, 0, 0, 0, 2, 0, 0, 0, 3, 0, 0, 0, 0, 0, 0, 0, 0, 0, 0, 0, 
60, 1, 2, 2, 0, 0, 0, 1, 1, 0, 1, 1, 0, 0, 1, 1, 0, 1, 0, 1, 2, 0, 0, 0, 0, 38, 0, 0, 1, 55, 1, 2, 1, 50, 2, 2, 1, 7, 1, 0, 1, 1, 2, 0, 0, 2, 2, 2, 3, 11, 1, 0, 5, 43, 0, 1, 0, 7, 6, 6, 3, 1, 0, 0, 3, 17, 3, 4, 5, 12, 17, 12, 11, 0, 2, 0, 1, 0, 0, 0, 0, 0, 0, 0, 0, 1, 0, 0, 0, 1, 0, 0, 0, 0, 0, 0, 0, 1, 0, 0, 0, 3, 0, 0, 0, 0, 0, 0, 0, 1, 0, 0, 0, 
61, 0, 0, 0, 0, 0, 0, 1, 0, 0, 0, 0, 0, 1, 0, 0, 0, 0, 0, 0, 0, 2, 0, 2, 0, 33, 3, 0, 0, 65, 3, 2, 0, 46, 2, 2, 1, 1, 1, 0, 1, 0, 0, 0, 0, 0, 1, 0, 5, 11, 7, 6, 1, 43, 2, 0, 1, 4, 3, 3, 5, 1, 2, 2, 5, 30, 2, 2, 1, 11, 6, 8, 10, 6, 3, 1, 1, 1, 0, 0, 0, 0, 0, 0, 0, 0, 0, 0, 0, 3, 0, 0, 0, 2, 0, 0, 0, 0, 0, 0, 0, 0, 0, 0, 0, 0, 0, 0, 0, 1, 0, 0, 0, 
62, 2, 2, 1, 2, 1, 1, 1, 0, 1, 1, 0, 0, 0, 0, 1, 0, 0, 0, 0, 0, 0, 0, 0, 0, 20, 0, 0, 0, 61, 1, 2, 1, 40, 4, 3, 2, 1, 1, 1, 2, 1, 0, 0, 0, 3, 3, 3, 3, 11, 0, 2, 4, 46, 0, 1, 0, 4, 6, 5, 6, 4, 2, 0, 0, 35, 2, 1, 1, 20, 18, 15, 9, 4, 0, 3, 1, 3, 0, 0, 0, 0, 0, 0, 0, 0, 0, 0, 0, 0, 0, 0, 0, 1, 0, 0, 0, 2, 0, 0, 0, 4, 0, 0, 0, 0, 0, 0, 0, 0, 0, 0, 0, 
63, 0, 1, 1, 0, 1, 0, 0, 0, 1, 1, 1, 1, 0, 0, 2, 0, 1, 0, 0, 0, 1, 0, 0, 0, 21, 0, 1, 0, 68, 1, 3, 0, 45, 4, 5, 2, 2, 4, 1, 2, 1, 6, 4, 3, 3, 3, 5, 3, 1, 4, 1, 0, 32, 0, 3, 0, 0, 0, 0, 1, 9, 1, 1, 0, 34, 1, 3, 5, 27, 10, 5, 11, 4, 1, 1, 1, 2, 0, 0, 0, 1, 0, 0, 0, 1, 0, 0, 0, 2, 0, 0, 0, 0, 0, 0, 0, 1, 0, 0, 0, 1, 0, 0, 0, 0, 0, 0, 0, 0, 0, 0, 0, 
64, 0, 1, 1, 0, 1, 0, 0, 0, 0, 0, 1, 0, 0, 0, 0, 0, 1, 2, 2, 1, 1, 1, 0, 0, 16, 1, 1, 2, 75, 2, 2, 2, 54, 8, 4, 2, 1, 3, 4, 2, 6, 1, 2, 3, 6, 7, 3, 4, 1, 6, 4, 3, 28, 0, 1, 0, 2, 6, 3, 1, 5, 3, 1, 1, 20, 1, 1, 1, 28, 10, 12, 9, 2, 1, 1, 2, 0, 0, 0, 0, 0, 0, 0, 0, 1, 0, 0, 0, 1, 0, 0, 0, 0, 0, 0, 0, 1, 0, 0, 0, 0, 0, 0, 0, 1, 0, 0, 0, 0, 0, 0, 0, 
65, 1, 0, 2, 1, 0, 0, 0, 0, 0, 0, 1, 0, 0, 0, 0, 0, 0, 0, 1, 0, 0, 0, 0, 0, 21, 1, 0, 0, 71, 4, 1, 1, 63, 13, 5, 3, 4, 2, 2, 4, 17, 6, 3, 4, 12, 9, 8, 11, 9, 7, 6, 6, 18, 2, 0, 0, 1, 2, 3, 1, 6, 1, 0, 1, 18, 2, 6, 2, 23, 10, 7, 12, 3, 3, 3, 1, 1, 0, 0, 0, 1, 0, 0, 0, 0, 0, 0, 0, 1, 0, 0, 0, 0, 0, 0, 0, 0, 0, 0, 0, 0, 0, 0, 0, 1, 0, 0, 0, 2, 0, 0, 0, 
66, 1, 0, 1, 0, 0, 1, 0, 1, 0, 0, 2, 1, 1, 0, 0, 0, 1, 0, 1, 0, 2, 2, 0, 1, 30, 3, 0, 0, 68, 2, 0, 0, 73, 1, 1, 3, 7, 7, 6, 1, 12, 5, 1, 3, 9, 13, 14, 8, 6, 3, 3, 2, 16, 1, 0, 0, 3, 2, 4, 5, 1, 2, 0, 1, 20, 2, 1, 0, 20, 11, 3, 8, 6, 4, 5, 4, 1, 0, 0, 0, 0, 0, 0, 0, 1, 0, 0, 0, 1, 0, 0, 0, 1, 0, 0, 0, 2, 0, 0, 0, 0, 0, 0, 0, 2, 0, 0, 0, 1, 0, 0, 0, 
67, 1, 0, 0, 0, 0, 0, 1, 0, 0, 0, 0, 0, 0, 0, 0, 0, 0, 0, 0, 1, 0, 0, 0, 0, 26, 2, 1, 2, 70, 3, 0, 2, 68, 5, 0, 3, 3, 4, 6, 6, 2, 4, 8, 3, 10, 15, 11, 8, 4, 3, 7, 5, 15, 1, 1, 0, 8, 5, 4, 2, 0, 1, 1, 2, 29, 6, 2, 2, 12, 18, 12, 15, 9, 2, 3, 5, 0, 0, 0, 0, 0, 0, 0, 0, 0, 0, 0, 0, 0, 0, 0, 0, 0, 0, 0, 0, 2, 0, 0, 0, 0, 0, 0, 0, 2, 0, 0, 0, 2, 0, 0, 0, 
68, 3, 1, 2, 0, 1, 0, 0, 0, 0, 0, 0, 0, 0, 0, 0, 1, 1, 2, 2, 2, 1, 0, 1, 0, 21, 1, 1, 0, 75, 4, 0, 0, 78, 0, 0, 1, 14, 7, 4, 4, 5, 5, 5, 6, 11, 9, 6, 11, 1, 4, 4, 0, 13, 1, 0, 1, 3, 1, 5, 7, 1, 1, 2, 2, 33, 6, 3, 1, 16, 9, 8, 8, 12, 10, 9, 12, 0, 0, 0, 0, 0, 0, 0, 0, 4, 0, 0, 0, 0, 0, 0, 0, 1, 0, 0, 0, 1, 0, 0, 0, 0, 0, 0, 0, 0, 0, 0, 0, 2, 0, 0, 0, 
69, 0, 0, 0, 1, 0, 2, 1, 0, 0, 0, 0, 1, 0, 1, 0, 0, 1, 0, 0, 0, 0, 0, 0, 0, 39, 1, 3, 1, 65, 2, 1, 2, 65, 2, 3, 0, 27, 7, 5, 3, 6, 4, 10, 3, 14, 11, 17, 8, 1, 1, 2, 1, 17, 2, 0, 0, 1, 3, 1, 3, 0, 0, 0, 1, 26, 3, 2, 0, 11, 9, 14, 9, 4, 11, 7, 14, 2, 0, 0, 0, 1, 0, 0, 0, 2, 0, 0, 0, 0, 0, 0, 0, 0, 0, 0, 0, 0, 0, 0, 0, 1, 0, 0, 0, 0, 0, 0, 0, 0, 0, 0, 0, 
70, 0, 0, 1, 0, 1, 5, 3, 0, 1, 0, 0, 1, 2, 0, 1, 2, 1, 0, 0, 1, 0, 1, 0, 0, 31, 6, 0, 1, 55, 1, 1, 0, 64, 3, 1, 2, 31, 9, 5, 3, 7, 2, 9, 3, 10, 9, 11, 14, 4, 4, 1, 1, 13, 0, 0, 0, 0, 1, 2, 3, 0, 0, 0, 0, 31, 1, 4, 0, 7, 10, 6, 6, 21, 10, 10, 11, 2, 0, 0, 0, 3, 0, 0, 0, 1, 0, 0, 0, 2, 0, 0, 0, 0, 0, 0, 0, 1, 0, 0, 0, 1, 0, 0, 0, 0, 0, 0, 0, 3, 0, 0, 0, 
71, 1, 0, 0, 0, 0, 0, 1, 0, 0, 0, 1, 1, 0, 0, 0, 0, 0, 0, 0, 0, 2, 1, 0, 1, 44, 0, 0, 1, 52, 2, 0, 2, 67, 3, 2, 2, 36, 5, 3, 8, 8, 8, 4, 2, 9, 4, 6, 4, 0, 1, 0, 0, 1, 0, 0, 0, 3, 2, 1, 2, 0, 1, 0, 0, 28, 4, 2, 1, 6, 6, 7, 1, 20, 8, 8, 9, 2, 0, 0, 0, 1, 0, 0, 0, 1, 0, 0, 0, 1, 0, 0, 0, 1, 0, 0, 0, 0, 0, 0, 0, 2, 0, 0, 0, 2, 0, 0, 0, 0, 0, 0, 0, 
72, 2, 0, 3, 0, 1, 0, 1, 0, 0, 0, 0, 0, 0, 0, 0, 0, 1, 1, 0, 1, 0, 0, 1, 0, 36, 0, 0, 0, 53, 0, 0, 1, 73, 2, 8, 0, 50, 4, 3, 2, 3, 3, 4, 5, 6, 5, 9, 8, 2, 5, 4, 7, 5, 3, 0, 0, 3, 1, 0, 0, 3, 3, 1, 4, 27, 3, 1, 4, 3, 3, 6, 1, 26, 4, 7, 13, 0, 0, 0, 0, 1, 0, 0, 0, 0, 0, 0, 0, 0, 0, 0, 0, 1, 0, 0, 0, 1, 0, 0, 0, 0, 0, 0, 0, 0, 0, 0, 0, 1, 0, 0, 0, 
73, 0, 0, 1, 1, 1, 2, 0, 0, 0, 0, 0, 0, 1, 0, 0, 1, 0, 0, 1, 1, 0, 0, 0, 0, 33, 3, 1, 0, 47, 3, 1, 1, 68, 2, 1, 2, 57, 1, 6, 3, 0, 0, 0, 0, 3, 6, 5, 7, 11, 6, 3, 2, 3, 1, 0, 0, 6, 10, 4, 5, 6, 0, 1, 1, 39, 5, 3, 3, 6, 3, 6, 10, 26, 13, 8, 7, 1, 0, 0, 0, 0, 0, 0, 0, 0, 0, 0, 0, 0, 0, 0, 0, 3, 0, 0, 0, 0, 0, 0, 0, 0, 0, 0, 0, 1, 0, 0, 0, 2, 0, 0, 0, 
74, 3, 5, 1, 1, 1, 0, 0, 0, 1, 0, 0, 0, 0, 0, 2, 0, 1, 1, 0, 0, 0, 0, 0, 0, 46, 2, 0, 2, 41, 1, 2, 0, 67, 6, 4, 1, 40, 1, 4, 2, 2, 0, 0, 0, 1, 4, 2, 0, 13, 8, 8, 3, 7, 1, 1, 0, 4, 7, 6, 3, 0, 0, 1, 0, 55, 1, 7, 4, 18, 14, 5, 5, 32, 9, 5, 6, 1, 0, 0, 0, 0, 0, 0, 0, 2, 0, 0, 0, 0, 0, 0, 0, 2, 0, 0, 0, 2, 0, 0, 0, 0, 0, 0, 0, 2, 0, 0, 0, 1, 0, 0, 0, 
75, 0, 0, 1, 0, 0, 1, 1, 0, 1, 2, 0, 0, 0, 0, 0, 0, 0, 2, 1, 0, 0, 0, 0, 0, 52, 0, 1, 0, 58, 3, 0, 1, 62, 3, 1, 1, 25, 0, 5, 3, 0, 0, 0, 0, 0, 2, 0, 1, 24, 3, 3, 4, 6, 3, 1, 1, 2, 5, 3, 3, 0, 0, 0, 0, 60, 8, 1, 2, 27, 7, 8, 5, 33, 8, 3, 5, 3, 0, 0, 0, 1, 0, 0, 0, 2, 0, 0, 0, 2, 0, 0, 0, 0, 0, 0, 0, 0, 0, 0, 0, 0, 0, 0, 0, 0, 0, 0, 0, 0, 0, 0, 0, 
76, 3, 0, 1, 1, 1, 1, 0, 0, 0, 0, 0, 0, 0, 0, 0, 1, 3, 2, 0, 2, 1, 1, 0, 1, 48, 3, 0, 0, 48, 0, 1, 1, 48, 2, 4, 1, 26, 4, 2, 2, 0, 1, 0, 1, 3, 2, 1, 2, 12, 4, 2, 6, 4, 0, 0, 1, 0, 1, 1, 0, 2, 0, 1, 1, 66, 1, 2, 1, 28, 6, 6, 5, 24, 8, 10, 6, 1, 0, 0, 0, 1, 0, 0, 0, 1, 0, 0, 0, 1, 0, 0, 0, 0, 0, 0, 0, 2, 0, 0, 0, 4, 0, 0, 0, 0, 0, 0, 0, 0, 0, 0, 0, 
77, 0, 1, 0, 0, 0, 0, 0, 0, 0, 0, 0, 0, 2, 0, 0, 0, 0, 1, 0, 0, 0, 0, 0, 0, 41, 0, 1, 0, 33, 3, 1, 0, 55, 2, 4, 0, 28, 5, 4, 3, 1, 0, 1, 0, 3, 5, 0, 1, 9, 9, 4, 4, 1, 0, 1, 0, 0, 1, 1, 1, 0, 1, 0, 0, 60, 8, 2, 0, 33, 6, 8, 7, 37, 12, 9, 9, 1, 0, 0, 0, 0, 0, 0, 0, 0, 0, 0, 0, 1, 0, 0, 0, 1, 0, 0, 0, 1, 0, 0, 0, 4, 0, 0, 0, 0, 0, 0, 0, 2, 0, 0, 0, 
78, 1, 0, 0, 0, 0, 0, 1, 1, 0, 0, 0, 0, 0, 0, 0, 0, 0, 0, 0, 0, 1, 1, 0, 0, 41, 1, 0, 2, 46, 2, 1, 0, 55, 6, 2, 4, 28, 1, 2, 0, 4, 1, 0, 2, 1, 0, 0, 2, 4, 5, 9, 3, 1, 0, 0, 0, 0, 0, 0, 0, 0, 0, 0, 0, 58, 3, 4, 1, 38, 10, 3, 7, 42, 10, 8, 2, 2, 0, 0, 0, 2, 0, 0, 0, 1, 0, 0, 0, 1, 0, 0, 0, 0, 0, 0, 0, 2, 0, 0, 0, 1, 0, 0, 0, 0, 0, 0, 0, 0, 0, 0, 0, 
79, 0, 1, 2, 0, 1, 0, 0, 0, 1, 0, 0, 1, 0, 0, 0, 0, 0, 0, 0, 0, 0, 0, 1, 1, 36, 0, 4, 0, 46, 0, 0, 1, 65, 4, 0, 4, 23, 6, 2, 3, 20, 10, 3, 2, 3, 2, 2, 3, 1, 4, 4, 3, 1, 1, 1, 1, 3, 0, 1, 3, 0, 2, 0, 0, 66, 2, 3, 1, 36, 10, 4, 4, 48, 4, 7, 7, 2, 0, 0, 0, 0, 0, 0, 0, 1, 0, 0, 0, 0, 0, 0, 0, 0, 0, 0, 0, 0, 0, 0, 0, 2, 0, 0, 0, 0, 0, 0, 0, 1, 0, 0, 0, 
80, 0, 0, 1, 0, 1, 4, 4, 3, 1, 0, 0, 0, 1, 1, 1, 0, 0, 0, 1, 0, 0, 0, 0, 1, 31, 0, 3, 2, 59, 3, 0, 0, 78, 4, 0, 3, 11, 6, 5, 4, 13, 6, 1, 2, 11, 3, 1, 1, 4, 1, 3, 3, 8, 3, 3, 2, 1, 2, 2, 0, 10, 4, 1, 3, 57, 2, 1, 3, 22, 6, 6, 5, 36, 6, 11, 8, 0, 0, 0, 0, 0, 0, 0, 0, 0, 0, 0, 0, 1, 0, 0, 0, 0, 0, 0, 0, 2, 0, 0, 0, 0, 0, 0, 0, 1, 0, 0, 0, 1, 0, 0, 0, 
81, 0, 1, 0, 1, 1, 1, 0, 0, 0, 0, 1, 0, 1, 1, 1, 0, 1, 0, 0, 1, 0, 0, 0, 0, 22, 1, 1, 2, 51, 0, 1, 2, 85, 1, 3, 1, 17, 11, 5, 3, 2, 3, 3, 0, 19, 2, 0, 0, 1, 5, 5, 2, 3, 1, 4, 3, 0, 0, 0, 0, 14, 0, 3, 3, 68, 10, 3, 3, 20, 5, 6, 6, 41, 6, 6, 10, 1, 0, 0, 0, 1, 0, 0, 0, 0, 0, 0, 0, 1, 0, 0, 0, 0, 0, 0, 0, 1, 0, 0, 0, 1, 0, 0, 0, 2, 0, 0, 0, 0, 0, 0, 0, 
82, 2, 0, 0, 1, 1, 0, 1, 0, 0, 0, 1, 0, 0, 0, 0, 0, 1, 1, 0, 0, 0, 0, 1, 0, 40, 6, 1, 1, 27, 1, 1, 2, 78, 3, 5, 3, 19, 4, 6, 1, 0, 3, 1, 1, 13, 0, 1, 3, 5, 4, 2, 4, 9, 1, 2, 2, 0, 0, 0, 0, 13, 1, 1, 4, 75, 4, 2, 1, 16, 11, 6, 7, 33, 5, 4, 7, 0, 0, 0, 0, 0, 0, 0, 0, 0, 0, 0, 0, 2, 0, 0, 0, 2, 0, 0, 0, 1, 0, 0, 0, 3, 0, 0, 0, 0, 0, 0, 0, 0, 0, 0, 0, 
83, 1, 1, 0, 0, 1, 0, 1, 0, 2, 2, 1, 1, 0, 0, 0, 0, 1, 0, 1, 0, 1, 2, 0, 1, 43, 0, 0, 1, 23, 1, 2, 0, 81, 4, 6, 2, 4, 5, 5, 1, 0, 2, 2, 2, 22, 2, 1, 0, 3, 5, 1, 6, 7, 2, 0, 1, 0, 3, 0, 0, 0, 2, 1, 1, 91, 3, 2, 3, 22, 8, 5, 4, 13, 9, 8, 8, 1, 0, 0, 0, 1, 0, 0, 0, 0, 0, 0, 0, 1, 0, 0, 0, 1, 0, 0, 0, 1, 0, 0, 0, 2, 0, 0, 0, 0, 0, 0, 0, 0, 0, 0, 0, 
84, 1, 1, 0, 0, 2, 1, 0, 1, 1, 0, 0, 0, 0, 0, 0, 0, 1, 0, 0, 0, 0, 2, 0, 0, 44, 1, 0, 0, 35, 2, 0, 1, 88, 3, 2, 3, 6, 4, 3, 4, 3, 1, 1, 0, 16, 5, 1, 0, 4, 3, 5, 4, 2, 2, 2, 1, 0, 1, 2, 0, 0, 0, 0, 0, 99, 0, 4, 1, 23, 6, 5, 5, 11, 11, 8, 8, 1, 0, 0, 0, 0, 0, 0, 0, 1, 0, 0, 0, 1, 0, 0, 0, 0, 0, 0, 0, 3, 0, 0, 0, 0, 0, 0, 0, 0, 0, 0, 0, 1, 0, 0, 0, 
85, 0, 2, 0, 1, 0, 1, 0, 0, 0, 0, 0, 0, 0, 2, 0, 0, 0, 0, 0, 1, 0, 1, 1, 1, 45, 0, 0, 2, 29, 0, 1, 0, 79, 3, 2, 5, 6, 6, 1, 3, 1, 3, 2, 1, 21, 1, 1, 2, 4, 4, 3, 2, 0, 0, 2, 2, 1, 0, 0, 1, 2, 2, 1, 1, 99, 5, 1, 0, 7, 7, 7, 6, 8, 7, 9, 8, 2, 0, 0, 0, 0, 0, 0, 0, 1, 0, 0, 0, 1, 0, 0, 0, 0, 0, 0, 0, 0, 0, 0, 0, 0, 0, 0, 0, 2, 0, 0, 0, 1, 0, 0, 0, 
86, 0, 0, 0, 1, 1, 1, 0, 0, 0, 0, 2, 0, 0, 0, 0, 1, 0, 0, 0, 0, 3, 0, 0, 0, 51, 2, 0, 2, 12, 1, 0, 2, 72, 2, 2, 3, 0, 1, 2, 2, 11, 1, 6, 1, 36, 2, 1, 0, 14, 10, 2, 3, 4, 4, 2, 5, 0, 1, 3, 0, 0, 1, 2, 1, 92, 3, 1, 2, 3, 3, 7, 2, 7, 11, 11, 12, 1, 0, 0, 0, 0, 0, 0, 0, 2, 0, 0, 0, 1, 0, 0, 0, 1, 0, 0, 0, 1, 0, 0, 0, 0, 0, 0, 0, 0, 0, 0, 0, 0, 0, 0, 0, 
87, 0, 0, 0, 0, 0, 1, 0, 1, 1, 0, 0, 0, 4, 1, 0, 0, 0, 1, 0, 0, 0, 0, 0, 0, 35, 5, 0, 1, 13, 1, 0, 3, 71, 4, 0, 1, 0, 1, 0, 0, 14, 1, 0, 3, 37, 3, 1, 2, 30, 3, 4, 1, 5, 7, 4, 3, 1, 4, 4, 3, 1, 0, 1, 0, 84, 1, 0, 1, 3, 4, 4, 2, 11, 10, 13, 10, 1, 0, 0, 0, 1, 0, 0, 0, 2, 0, 0, 0, 0, 0, 0, 0, 0, 0, 0, 0, 0, 0, 0, 0, 0, 0, 0, 0, 0, 0, 0, 0, 0, 0, 0, 0, 
88, 0, 0, 1, 0, 0, 0, 0, 0, 0, 0, 0, 1, 0, 0, 0, 0, 0, 0, 0, 0, 1, 1, 2, 0, 35, 1, 2, 3, 5, 2, 0, 0, 66, 3, 1, 1, 1, 2, 2, 0, 5, 3, 2, 2, 40, 9, 1, 1, 36, 8, 2, 3, 13, 1, 1, 4, 4, 2, 1, 0, 0, 0, 0, 0, 74, 0, 0, 0, 6, 5, 4, 3, 15, 15, 14, 10, 0, 0, 0, 0, 3, 0, 0, 0, 2, 0, 0, 0, 0, 0, 0, 0, 0, 0, 0, 0, 1, 0, 0, 0, 0, 0, 0, 0, 2, 0, 0, 0, 1, 0, 0, 0, 
89, 0, 0, 0, 0, 0, 0, 0, 1, 0, 1, 0, 0, 0, 1, 0, 0, 0, 2, 1, 1, 0, 0, 0, 0, 42, 3, 2, 3, 8, 0, 2, 0, 76, 3, 0, 2, 11, 0, 0, 0, 6, 7, 5, 5, 58, 2, 0, 4, 42, 6, 4, 7, 0, 2, 1, 1, 2, 5, 1, 1, 7, 2, 3, 7, 75, 2, 1, 1, 1, 0, 1, 0, 11, 13, 12, 14, 1, 0, 0, 0, 1, 0, 0, 0, 2, 0, 0, 0, 1, 0, 0, 0, 1, 0, 0, 0, 0, 0, 0, 0, 1, 0, 0, 0, 2, 0, 0, 0, 0, 0, 0, 0, 
90, 1, 0, 1, 0, 1, 0, 3, 2, 1, 0, 0, 0, 0, 0, 0, 0, 0, 1, 0, 0, 1, 2, 0, 1, 59, 2, 0, 1, 1, 0, 0, 0, 59, 4, 7, 1, 1, 1, 2, 1, 6, 4, 4, 11, 65, 4, 0, 0, 45, 2, 5, 2, 1, 1, 2, 1, 15, 1, 2, 0, 5, 5, 6, 6, 60, 3, 2, 3, 2, 0, 2, 2, 18, 14, 15, 9, 1, 0, 0, 0, 1, 0, 0, 0, 1, 0, 0, 0, 1, 0, 0, 0, 0, 0, 0, 0, 3, 0, 0, 0, 0, 0, 0, 0, 0, 0, 0, 0, 2, 0, 0, 0, 
91, 0, 0, 0, 0, 3, 0, 1, 0, 0, 2, 1, 0, 1, 0, 0, 0, 0, 0, 1, 1, 2, 0, 1, 1, 55, 1, 1, 1, 4, 2, 4, 6, 75, 6, 4, 5, 1, 1, 2, 2, 6, 5, 3, 6, 68, 4, 0, 2, 36, 6, 3, 5, 1, 1, 1, 2, 20, 4, 3, 3, 5, 3, 2, 2, 54, 3, 1, 1, 2, 3, 1, 0, 12, 19, 19, 6, 1, 0, 0, 0, 0, 0, 0, 0, 0, 0, 0, 0, 0, 0, 0, 0, 1, 0, 0, 0, 0, 0, 0, 0, 1, 0, 0, 0, 1, 0, 0, 0, 0, 0, 0, 0, 
92, 0, 0, 0, 1, 1, 0, 0, 1, 0, 0, 0, 1, 0, 0, 0, 0, 0, 0, 0, 0, 0, 2, 0, 0, 63, 0, 2, 0, 3, 0, 2, 2, 91, 1, 4, 1, 0, 1, 0, 0, 5, 4, 1, 1, 64, 0, 3, 2, 29, 4, 2, 0, 1, 0, 1, 2, 20, 2, 1, 2, 1, 1, 2, 1, 39, 2, 4, 0, 5, 2, 4, 4, 19, 18, 14, 19, 0, 0, 0, 0, 1, 0, 0, 0, 0, 0, 0, 0, 1, 0, 0, 0, 1, 0, 0, 0, 1, 0, 0, 0, 1, 0, 0, 0, 2, 0, 0, 0, 0, 0, 0, 0, 
93, 0, 1, 0, 1, 0, 0, 0, 0, 4, 0, 0, 1, 0, 0, 1, 0, 0, 2, 0, 1, 1, 1, 1, 0, 70, 0, 1, 1, 5, 1, 2, 5, 91, 9, 1, 2, 0, 0, 0, 0, 2, 3, 2, 4, 74, 3, 3, 3, 27, 5, 3, 4, 1, 3, 0, 3, 24, 1, 1, 0, 0, 0, 0, 0, 26, 0, 1, 4, 3, 2, 1, 2, 16, 14, 16, 9, 0, 0, 0, 0, 0, 0, 0, 0, 1, 0, 0, 0, 2, 0, 0, 0, 2, 0, 0, 0, 3, 0, 0, 0, 0, 0, 0, 0, 1, 0, 0, 0, 0, 0, 0, 0, 
94, 3, 4, 0, 1, 0, 0, 0, 1, 1, 1, 2, 0, 0, 1, 0, 1, 0, 0, 0, 0, 0, 0, 0, 0, 71, 1, 2, 0, 4, 1, 5, 1, 81, 4, 4, 2, 1, 0, 1, 1, 1, 1, 2, 2, 90, 1, 2, 2, 23, 4, 3, 2, 0, 1, 2, 0, 25, 2, 0, 1, 2, 0, 2, 4, 17, 3, 2, 0, 5, 6, 8, 6, 17, 6, 13, 10, 0, 0, 0, 0, 2, 0, 0, 0, 3, 0, 0, 0, 2, 0, 0, 0, 0, 0, 0, 0, 4, 0, 0, 0, 0, 0, 0, 0, 2, 0, 0, 0, 0, 0, 0, 0, 
95, 1, 0, 1, 0, 3, 2, 1, 0, 0, 2, 0, 0, 0, 1, 1, 1, 0, 0, 0, 0, 0, 0, 0, 0, 51, 1, 0, 0, 3, 1, 3, 6, 81, 5, 3, 4, 3, 1, 0, 1, 2, 6, 1, 1, 85, 3, 2, 4, 22, 3, 3, 0, 5, 3, 4, 2, 7, 2, 2, 2, 3, 4, 6, 3, 21, 4, 1, 2, 7, 5, 5, 8, 23, 13, 20, 14, 1, 0, 0, 0, 1, 0, 0, 0, 1, 0, 0, 0, 1, 0, 0, 0, 2, 0, 0, 0, 1, 0, 0, 0, 1, 0, 0, 0, 0, 0, 0, 0, 1, 0, 0, 0, 
96, 0, 1, 1, 0, 1, 0, 2, 0, 2, 0, 0, 1, 1, 0, 0, 2, 0, 0, 1, 0, 1, 0, 0, 0, 44, 1, 2, 0, 2, 5, 5, 3, 89, 5, 1, 6, 3, 2, 1, 2, 3, 3, 6, 5, 90, 3, 4, 1, 5, 6, 4, 3, 0, 0, 0, 0, 4, 3, 2, 1, 9, 7, 5, 8, 18, 1, 1, 3, 5, 5, 3, 9, 33, 9, 12, 10, 0, 0, 0, 0, 0, 0, 0, 0, 0, 0, 0, 0, 0, 0, 0, 0, 1, 0, 0, 0, 0, 0, 0, 0, 1, 0, 0, 0, 1, 0, 0, 0, 0, 0, 0, 0, 
97, 1, 0, 1, 0, 0, 0, 1, 1, 0, 0, 0, 2, 0, 0, 1, 1, 0, 0, 2, 0, 0, 1, 1, 0, 38, 2, 0, 0, 1, 1, 0, 1, 92, 5, 3, 1, 2, 8, 0, 2, 4, 1, 2, 2, 94, 7, 4, 1, 10, 6, 2, 4, 1, 0, 0, 0, 5, 6, 6, 1, 22, 7, 2, 2, 16, 2, 1, 1, 10, 7, 10, 3, 29, 15, 9, 6, 2, 0, 0, 0, 1, 0, 0, 0, 2, 0, 0, 0, 3, 0, 0, 0, 0, 0, 0, 0, 0, 0, 0, 0, 0, 0, 0, 0, 2, 0, 0, 0, 1, 0, 0, 0, 
98, 0, 2, 1, 0, 2, 2, 0, 0, 0, 1, 0, 0, 0, 0, 0, 0, 1, 0, 0, 0, 2, 0, 1, 1, 38, 2, 0, 0, 1, 3, 0, 1, 92, 3, 7, 2, 13, 4, 5, 1, 7, 4, 4, 3, 85, 1, 0, 0, 13, 3, 1, 1, 0, 0, 0, 1, 1, 3, 2, 0, 14, 7, 3, 5, 18, 1, 2, 1, 13, 13, 6, 7, 13, 15, 10, 9, 1, 0, 0, 0, 1, 0, 0, 0, 2, 0, 0, 0, 0, 0, 0, 0, 1, 0, 0, 0, 1, 0, 0, 0, 3, 0, 0, 0, 3, 0, 0, 0, 1, 0, 0, 0, 
99, 3, 1, 0, 0, 1, 0, 0, 0, 2, 0, 1, 1, 1, 0, 0, 0, 0, 1, 0, 0, 0, 0, 1, 0, 41, 7, 2, 3, 5, 5, 4, 2, 97, 4, 3, 4, 15, 8, 0, 3, 5, 5, 3, 4, 78, 2, 1, 1, 2, 2, 1, 0, 1, 4, 1, 3, 5, 8, 1, 5, 7, 5, 5, 4, 22, 4, 0, 2, 5, 11, 8, 3, 11, 16, 10, 7, 1, 0, 0, 0, 1, 0, 0, 0, 0, 0, 0, 0, 0, 0, 0, 0, 1, 0, 0, 0, 1, 0, 0, 0, 0, 0, 0, 0, 0, 0, 0, 0, 0, 0, 0, 0, 