0, 1, 2, 0, 0, 0, 0, 0, 0, 0, 0, 2, 1, 1, 0, 0, 0, 2, 0, 0, 0, 0, 0, 0, 1, 3, 2, 0, 2, 2, 0, 1, 1, 0, 0, 0, 1, 3, 0, 2, 0, 2, 0, 1, 0, 3, 0, 0, 2, 5, 2, 1, 4, 3, 0, 3, 1, 0, 0, 0, 0, 3, 3, 3, 0, 0, 4, 0, 1, 0, 0, 2, 0, 0, 4, 0, 2, 1, 0, 0, 0, 2, 0, 0, 0, 0, 0, 0, 0, 2, 0, 0, 0, 2, 0, 0, 0, 2, 0, 0, 0, 0, 0, 0, 0, 0, 0, 0, 0, 0, 0, 0, 0, 
1, 2, 0, 2, 1, 0, 3, 2, 1, 0, 0, 0, 0, 1, 0, 0, 1, 1, 0, 1, 1, 0, 0, 1, 1, 3, 6, 2, 1, 4, 1, 4, 3, 6, 1, 0, 4, 1, 3, 3, 2, 0, 0, 1, 1, 11, 2, 1, 0, 13, 1, 0, 0, 2, 0, 3, 0, 3, 3, 2, 0, 0, 0, 1, 1, 1, 3, 2, 1, 0, 1, 1, 0, 1, 1, 0, 0, 0, 0, 0, 0, 1, 0, 0, 0, 0, 0, 0, 0, 1, 0, 0, 0, 0, 0, 0, 0, 0, 0, 0, 0, 0, 0, 0, 0, 0, 0, 0, 0, 0, 0, 0, 0, 
2, 7, 1, 1, 1, 0, 1, 2, 1, 1, 0, 0, 0, 0, 0, 0, 0, 0, 2, 1, 1, 0, 0, 0, 0, 19, 5, 3, 2, 1, 3, 2, 0, 2, 1, 2, 2, 0, 0, 0, 2, 3, 2, 4, 1, 29, 0, 2, 4, 2, 3, 3, 1, 3, 2, 1, 5, 1, 4, 2, 0, 0, 1, 0, 0, 3, 2, 1, 3, 2, 4, 1, 3, 0, 2, 1, 3, 2, 0, 0, 0, 1, 0, 0, 0, 1, 0, 0, 0, 1, 0, 0, 0, 0, 0, 0, 0, 3, 0, 0, 0, 0, 0, 0, 0, 1, 0, 0, 0, 0, 0, 0, 0, 
3, 0, 0, 0, 0, 2, 0, 1, 1, 1, 0, 2, 0, 2, 1, 1, 1, 0, 1, 1, 0, 0, 2, 0, 0, 25, 2, 1, 2, 0, 2, 2, 1, 1, 3, 0, 2, 2, 2, 0, 0, 4, 4, 3, 3, 34, 0, 2, 0, 1, 5, 3, 2, 3, 2, 3, 2, 2, 3, 0, 2, 0, 0, 1, 0, 6, 2, 1, 3, 4, 6, 6, 0, 9, 3, 3, 1, 2, 0, 0, 0, 1, 0, 0, 0, 0, 0, 0, 0, 0, 0, 0, 0, 1, 0, 0, 0, 1, 0, 0, 0, 1, 0, 0, 0, 0, 0, 0, 0, 0, 0, 0, 0, 
4, 1, 1, 0, 0, 0, 0, 1, 0, 1, 0, 0, 1, 0, 0, 1, 1, 0, 1, 0, 2, 0, 0, 0, 1, 35, 2, 4, 5, 7, 2, 2, 2, 1, 1, 0, 0, 4, 3, 0, 1, 1, 1, 1, 2, 23, 8, 5, 2, 4, 0, 1, 0, 7, 2, 4, 2, 3, 0, 4, 0, 3, 1, 3, 2, 0, 1, 3, 4, 5, 11, 5, 7, 9, 2, 1, 1, 1, 0, 0, 0, 0, 0, 0, 0, 0, 0, 0, 0, 0, 0, 0, 0, 0, 0, 0, 0, 1, 0, 0, 0, 1, 0, 0, 0, 0, 0, 0, 0, 1, 0, 0, 0, 
5, 2, 2, 2, 1, 0, 0, 0, 0, 0, 0, 0, 1, 1, 0, 0, 1, 0, 0, 1, 0, 0, 1, 0, 0, 64, 3, 3, 2, 6, 2, 5, 4, 1, 0, 0, 0, 1, 1, 0, 4, 10, 3, 3, 1, 35, 0, 0, 1, 3, 5, 2, 2, 0, 0, 1, 1, 5, 2, 0, 1, 1, 4, 5, 1, 0, 0, 1, 0, 6, 5, 12, 5, 0, 1, 0, 0, 1, 0, 0, 0, 3, 0, 0, 0, 0, 0, 0, 0, 1, 0, 0, 0, 0, 0, 0, 0, 2, 0, 0, 0, 0, 0, 0, 0, 2, 0, 0, 0, 0, 0, 0, 0, 
6, 0, 0, 0, 1, 0, 0, 0, 0, 0, 2, 1, 0, 2, 1, 0, 0, 3, 2, 0, 2, 2, 2, 1, 0, 51, 1, 0, 0, 3, 5, 8, 5, 3, 1, 0, 2, 2, 6, 5, 5, 12, 3, 3, 0, 17, 5, 1, 0, 11, 0, 6, 3, 1, 1, 0, 2, 0, 0, 3, 2, 1, 3, 0, 1, 1, 0, 0, 0, 12, 10, 11, 5, 1, 0, 1, 0, 1, 0, 0, 0, 0, 0, 0, 0, 1, 0, 0, 0, 0, 0, 0, 0, 1, 0, 0, 0, 1, 0, 0, 0, 0, 0, 0, 0, 1, 0, 0, 0, 0, 0, 0, 0, 
7, 1, 2, 1, 0, 0, 3, 2, 1, 1, 0, 0, 2, 1, 0, 0, 0, 0, 2, 1, 0, 0, 1, 1, 0, 46, 1, 0, 1, 14, 2, 9, 0, 9, 2, 1, 1, 5, 3, 2, 1, 8, 2, 1, 2, 3, 3, 1, 1, 7, 6, 5, 4, 1, 0, 1, 0, 4, 3, 3, 4, 3, 1, 0, 0, 0, 1, 2, 2, 23, 8, 11, 4, 2, 3, 1, 1, 0, 0, 0, 0, 0, 0, 0, 0, 0, 0, 0, 0, 0, 0, 0, 0, 2, 0, 0, 0, 1, 0, 0, 0, 1, 0, 0, 0, 0, 0, 0, 0, 0, 0, 0, 0, 
8, 1, 1, 1, 1, 0, 0, 1, 1, 0, 1, 0, 1, 1, 0, 1, 0, 2, 1, 2, 0, 1, 2, 0, 2, 42, 2, 1, 0, 15, 3, 3, 1, 24, 4, 1, 1, 1, 0, 0, 0, 16, 2, 1, 1, 2, 4, 0, 0, 4, 6, 4, 6, 2, 0, 1, 1, 4, 3, 10, 9, 2, 2, 3, 1, 2, 1, 1, 0, 8, 10, 8, 7, 3, 0, 2, 0, 1, 0, 0, 0, 3, 0, 0, 0, 0, 0, 0, 0, 1, 0, 0, 0, 0, 0, 0, 0, 1, 0, 0, 0, 0, 0, 0, 0, 0, 0, 0, 0, 0, 0, 0, 0, 
9, 1, 0, 1, 1, 1, 0, 0, 0, 0, 0, 0, 0, 0, 0, 0, 1, 0, 0, 0, 0, 0, 0, 2, 0, 42, 2, 0, 1, 1, 4, 5, 2, 30, 0, 0, 1, 8, 1, 0, 0, 17, 3, 2, 0, 3, 2, 0, 0, 10, 7, 4, 4, 3, 5, 0, 0, 9, 8, 8, 3, 0, 0, 3, 0, 5, 3, 0, 1, 13, 14, 11, 9, 3, 1, 1, 3, 0, 0, 0, 0, 0, 0, 0, 0, 0, 0, 0, 0, 0, 0, 0, 0, 0, 0, 0, 0, 0, 0, 0, 0, 1, 0, 0, 0, 1, 0, 0, 0, 0, 0, 0, 0, 
10, 1, 0, 1, 0, 1, 1, 0, 0, 0, 0, 0, 0, 1, 0, 0, 0, 2, 0, 0, 0, 0, 1, 1, 1, 43, 1, 0, 3, 5, 3, 4, 8, 34, 2, 0, 0, 0, 2, 0, 2, 5, 2, 1, 0, 9, 3, 3, 1, 4, 12, 6, 8, 0, 0, 1, 1, 2, 8, 5, 3, 10, 1, 2, 1, 0, 2, 4, 1, 29, 15, 10, 6, 1, 2, 4, 2, 0, 0, 0, 0, 1, 0, 0, 0, 1, 0, 0, 0, 2, 0, 0, 0, 0, 0, 0, 0, 0, 0, 0, 0, 1, 0, 0, 0, 1, 0, 0, 0, 1, 0, 0, 0, 
11, 0, 1, 0, 1, 0, 0, 0, 0, 5, 2, 3, 6, 0, 1, 0, 2, 0, 0, 0, 0, 0, 0, 0, 0, 35, 2, 1, 0, 6, 8, 6, 3, 31, 0, 1, 1, 0, 2, 1, 2, 0, 0, 0, 0, 7, 1, 0, 0, 8, 8, 7, 3, 1, 1, 2, 1, 2, 1, 0, 0, 15, 1, 0, 0, 8, 0, 0, 0, 45, 6, 8, 7, 6, 7, 5, 0, 1, 0, 0, 0, 2, 0, 0, 0, 0, 0, 0, 0, 1, 0, 0, 0, 1, 0, 0, 0, 2, 0, 0, 0, 1, 0, 0, 0, 1, 0, 0, 0, 2, 0, 0, 0, 
12, 0, 0, 1, 0, 0, 0, 0, 0, 0, 1, 0, 0, 0, 0, 1, 0, 0, 0, 0, 1, 0, 0, 0, 0, 35, 1, 3, 0, 11, 12, 10, 15, 12, 2, 0, 0, 0, 0, 0, 0, 6, 2, 0, 1, 4, 3, 2, 0, 3, 6, 12, 3, 0, 0, 1, 1, 1, 0, 0, 0, 35, 1, 1, 2, 2, 0, 2, 0, 54, 16, 9, 6, 17, 2, 3, 0, 1, 0, 0, 0, 1, 0, 0, 0, 1, 0, 0, 0, 0, 0, 0, 0, 1, 0, 0, 0, 0, 0, 0, 0, 2, 0, 0, 0, 1, 0, 0, 0, 1, 0, 0, 0, 
13, 0, 0, 3, 0, 1, 1, 1, 0, 0, 0, 0, 0, 0, 0, 0, 0, 3, 0, 1, 1, 1, 0, 0, 0, 24, 1, 1, 0, 16, 21, 7, 13, 9, 0, 0, 0, 2, 0, 3, 1, 7, 5, 0, 0, 5, 1, 5, 4, 4, 2, 5, 2, 15, 0, 0, 2, 1, 2, 2, 2, 35, 2, 2, 0, 9, 0, 4, 0, 54, 7, 10, 4, 15, 3, 4, 4, 1, 0, 0, 0, 2, 0, 0, 0, 0, 0, 0, 0, 1, 0, 0, 0, 1, 0, 0, 0, 0, 0, 0, 0, 0, 0, 0, 0, 0, 0, 0, 0, 1, 0, 0, 0, 
14, 1, 0, 1, 0, 1, 0, 0, 0, 1, 0, 1, 0, 0, 0, 0, 0, 0, 1, 0, 0, 0, 0, 1, 0, 16, 0, 0, 1, 19, 12, 14, 18, 15, 0, 1, 1, 1, 0, 2, 1, 0, 0, 1, 0, 4, 4, 3, 5, 6, 6, 2, 10, 10, 1, 0, 0, 3, 1, 0, 2, 51, 1, 1, 0, 1, 0, 1, 2, 58, 8, 8, 9, 14, 4, 4, 4, 0, 0, 0, 0, 3, 0, 0, 0, 0, 0, 0, 0, 1, 0, 0, 0, 0, 0, 0, 0, 0, 0, 0, 0, 0, 0, 0, 0, 2, 0, 0, 0, 0, 0, 0, 0, 
15, 0, 0, 0, 0, 0, 1, 0, 0, 0, 0, 2, 0, 0, 0, 2, 0, 1, 1, 0, 0, 3, 2, 1, 1, 10, 0, 0, 1, 17, 17, 14, 13, 24, 3, 0, 0, 5, 0, 0, 0, 6, 4, 3, 3, 1, 5, 0, 2, 2, 3, 4, 2, 0, 1, 2, 0, 0, 1, 1, 1, 50, 2, 2, 0, 5, 2, 1, 2, 71, 11, 12, 9, 16, 5, 2, 3, 1, 0, 0, 0, 0, 0, 0, 0, 1, 0, 0, 0, 1, 0, 0, 0, 0, 0, 0, 0, 4, 0, 0, 0, 2, 0, 0, 0, 1, 0, 0, 0, 1, 0, 0, 0, 
16, 0, 2, 0, 0, 0, 0, 2, 0, 2, 1, 0, 1, 0, 0, 0, 1, 1, 1, 1, 0, 1, 3, 1, 0, 3, 6, 1, 8, 19, 19, 16, 10, 17, 0, 0, 0, 2, 5, 4, 3, 0, 0, 0, 0, 3, 4, 3, 3, 1, 1, 2, 0, 2, 3, 2, 1, 0, 2, 1, 0, 55, 1, 2, 0, 4, 4, 1, 6, 88, 8, 5, 7, 15, 5, 3, 2, 2, 0, 0, 0, 2, 0, 0, 0, 4, 0, 0, 0, 0, 0, 0, 0, 0, 0, 0, 0, 1, 0, 0, 0, 0, 0, 0, 0, 0, 0, 0, 0, 1, 0, 0, 0, 
17, 0, 1, 0, 0, 1, 0, 0, 1, 1, 0, 2, 0, 0, 0, 1, 1, 4, 0, 0, 1, 0, 1, 0, 0, 6, 7, 4, 4, 17, 13, 13, 11, 7, 0, 0, 0, 6, 9, 9, 5, 0, 0, 2, 1, 8, 5, 4, 4, 2, 2, 3, 0, 3, 5, 7, 5, 1, 1, 3, 2, 61, 2, 0, 0, 16, 3, 3, 4, 88, 9, 11, 7, 31, 3, 2, 1, 1, 0, 0, 0, 0, 0, 0, 0, 1, 0, 0, 0, 2, 0, 0, 0, 2, 0, 0, 0, 0, 0, 0, 0, 2, 0, 0, 0, 1, 0, 0, 0, 0, 0, 0, 0, 
18, 0, 1, 0, 0, 0, 0, 0, 0, 1, 1, 1, 1, 0, 0, 0, 0, 0, 1, 0, 0, 1, 0, 0, 0, 12, 6, 2, 2, 12, 9, 15, 10, 0, 0, 0, 1, 13, 4, 4, 4, 1, 2, 2, 5, 10, 5, 5, 2, 3, 10, 4, 2, 7, 14, 5, 14, 12, 0, 0, 1, 54, 4, 0, 0, 16, 8, 3, 2, 88, 6, 6, 11, 33, 5, 3, 1, 0, 0, 0, 0, 0, 0, 0, 0, 3, 0, 0, 0, 0, 0, 0, 0, 1, 0, 0, 0, 1, 0, 0, 0, 0, 0, 0, 0, 3, 0, 0, 0, 1, 0, 0, 0, 
19, 5, 4, 5, 3, 5, 5, 0, 0, 0, 0, 1, 1, 1, 0, 1, 0, 3, 2, 2, 0, 0, 1, 1, 0, 9, 7, 3, 5, 11, 5, 7, 8, 16, 2, 0, 2, 7, 7, 10, 5, 3, 5, 5, 1, 3, 0, 2, 6, 5, 5, 3, 6, 5, 4, 4, 5, 12, 1, 2, 0, 43, 0, 1, 0, 25, 0, 0, 3, 78, 11, 10, 5, 30, 2, 3, 4, 1, 0, 0, 0, 0, 0, 0, 0, 1, 0, 0, 0, 2, 0, 0, 0, 0, 0, 0, 0, 1, 0, 0, 0, 2, 0, 0, 0, 1, 0, 0, 0, 0, 0, 0, 0, 
20, 1, 3, 2, 3, 2, 0, 0, 0, 1, 0, 0, 0, 0, 1, 1, 0, 0, 0, 0, 1, 1, 2, 1, 0, 1, 8, 2, 2, 11, 8, 7, 11, 25, 1, 2, 0, 8, 7, 8, 5, 7, 3, 2, 1, 4, 1, 4, 0, 5, 7, 2, 2, 2, 4, 3, 1, 3, 0, 1, 0, 33, 2, 0, 0, 20, 4, 1, 3, 77, 4, 6, 6, 32, 1, 0, 3, 1, 0, 0, 0, 0, 0, 0, 0, 0, 0, 0, 0, 0, 0, 0, 0, 1, 0, 0, 0, 1, 0, 0, 0, 1, 0, 0, 0, 0, 0, 0, 0, 3, 0, 0, 0, 
21, 1, 2, 0, 0, 0, 0, 1, 0, 3, 0, 0, 0, 1, 2, 3, 2, 0, 0, 0, 0, 0, 0, 1, 0, 1, 2, 2, 0, 7, 13, 5, 5, 26, 4, 1, 0, 6, 9, 13, 7, 0, 0, 2, 1, 6, 0, 1, 1, 13, 9, 2, 7, 0, 0, 0, 0, 3, 1, 4, 0, 26, 1, 1, 0, 17, 2, 2, 3, 70, 8, 6, 12, 23, 7, 3, 1, 2, 0, 0, 0, 0, 0, 0, 0, 1, 0, 0, 0, 1, 0, 0, 0, 1, 0, 0, 0, 1, 0, 0, 0, 0, 0, 0, 0, 0, 0, 0, 0, 0, 0, 0, 0, 
22, 0, 1, 0, 0, 1, 0, 1, 1, 0, 0, 0, 0, 0, 0, 0, 1, 0, 0, 0, 0, 1, 0, 0, 3, 2, 2, 2, 1, 12, 11, 9, 7, 26, 1, 0, 0, 7, 10, 6, 6, 8, 6, 1, 0, 1, 2, 0, 1, 30, 8, 7, 10, 0, 1, 1, 0, 0, 3, 1, 0, 22, 1, 0, 3, 3, 5, 2, 0, 77, 13, 5, 4, 28, 6, 2, 1, 0, 0, 0, 0, 1, 0, 0, 0, 0, 0, 0, 0, 0, 0, 0, 0, 0, 0, 0, 0, 0, 0, 0, 0, 2, 0, 0, 0, 0, 0, 0, 0, 0, 0, 0, 0, 
23, 2, 2, 0, 0, 2, 1, 1, 0, 1, 3, 1, 0, 0, 0, 0, 1, 1, 1, 0, 0, 0, 1, 1, 0, 4, 1, 3, 0, 4, 8, 6, 8, 25, 0, 3, 2, 3, 3, 5, 4, 31, 1, 3, 0, 3, 1, 0, 0, 38, 5, 3, 13, 0, 0, 1, 1, 1, 3, 5, 1, 18, 0, 0, 0, 2, 1, 3, 3, 74, 9, 9, 4, 32, 1, 1, 2, 0, 0, 0, 0, 0, 0, 0, 0, 1, 0, 0, 0, 0, 0, 0, 0, 4, 0, 0, 0, 1, 0, 0, 0, 0, 0, 0, 0, 2, 0, 0, 0, 1, 0, 0, 0, 
24, 2, 0, 0, 2, 1, 1, 1, 0, 0, 0, 0, 0, 1, 0, 0, 0, 0, 2, 0, 0, 0, 0, 0, 1, 1, 0, 3, 2, 6, 4, 6, 12, 49, 2, 0, 0, 8, 7, 3, 4, 26, 3, 1, 1, 2, 1, 0, 0, 31, 17, 5, 5, 1, 4, 2, 0, 1, 0, 1, 1, 6, 0, 1, 0, 9, 3, 2, 1, 79, 10, 9, 5, 35, 1, 1, 3, 0, 0, 0, 0, 0, 0, 0, 0, 1, 0, 0, 0, 1, 0, 0, 0, 0, 0, 0, 0, 1, 0, 0, 0, 0, 0, 0, 0, 0, 0, 0, 0, 0, 0, 0, 0, 
25, 0, 0, 1, 3, 0, 1, 0, 1, 1, 0, 1, 1, 2, 1, 0, 1, 0, 0, 0, 0, 2, 0, 0, 0, 6, 1, 5, 4, 5, 1, 2, 9, 57, 0, 0, 1, 10, 9, 2, 4, 33, 1, 1, 1, 2, 1, 2, 5, 27, 9, 5, 6, 0, 0, 1, 0, 5, 3, 3, 3, 20, 3, 1, 1, 6, 7, 5, 5, 76, 15, 4, 4, 22, 3, 4, 0, 1, 0, 0, 0, 1, 0, 0, 0, 3, 0, 0, 0, 0, 0, 0, 0, 0, 0, 0, 0, 2, 0, 0, 0, 0, 0, 0, 0, 0, 0, 0, 0, 1, 0, 0, 0, 
26, 0, 0, 1, 0, 0, 0, 0, 0, 0, 0, 0, 0, 0, 0, 0, 0, 0, 0, 0, 1, 2, 1, 1, 1, 9, 7, 7, 6, 5, 6, 4, 1, 66, 5, 0, 0, 10, 18, 10, 4, 23, 4, 2, 2, 3, 4, 2, 5, 18, 7, 1, 6, 2, 1, 4, 0, 7, 6, 4, 5, 23, 0, 1, 0, 2, 3, 5, 11, 79, 5, 7, 5, 26, 1, 3, 3, 0, 0, 0, 0, 1, 0, 0, 0, 2, 0, 0, 0, 1, 0, 0, 0, 3, 0, 0, 0, 0, 0, 0, 0, 0, 0, 0, 0, 0, 0, 0, 0, 0, 0, 0, 0, 
27, 3, 2, 1, 2, 0, 1, 0, 2, 0, 0, 0, 0, 1, 0, 0, 0, 0, 2, 0, 3, 0, 1, 1, 0, 8, 4, 6, 9, 0, 0, 1, 0, 77, 1, 0, 2, 10, 7, 4, 5, 13, 3, 2, 0, 4, 5, 0, 3, 26, 8, 12, 7, 3, 2, 2, 5, 10, 6, 8, 10, 12, 0, 0, 0, 4, 3, 8, 7, 72, 6, 8, 7, 15, 0, 1, 1, 1, 0, 0, 0, 2, 0, 0, 0, 1, 0, 0, 0, 0, 0, 0, 0, 1, 0, 0, 0, 0, 0, 0, 0, 1, 0, 0, 0, 0, 0, 0, 0, 1, 0, 0, 0, 
28, 1, 1, 1, 1, 0, 1, 0, 0, 0, 0, 1, 2, 1, 1, 1, 1, 0, 1, 0, 0, 0, 0, 0, 1, 6, 5, 6, 4, 3, 1, 2, 2, 68, 5, 0, 0, 4, 5, 13, 8, 11, 2, 1, 0, 5, 3, 3, 5, 47, 11, 10, 3, 2, 0, 1, 0, 15, 13, 13, 8, 9, 2, 0, 1, 10, 13, 9, 4, 58, 12, 6, 6, 8, 4, 1, 4, 0, 0, 0, 0, 0, 0, 0, 0, 0, 0, 0, 0, 0, 0, 0, 0, 0, 0, 0, 0, 1, 0, 0, 0, 1, 0, 0, 0, 0, 0, 0, 0, 2, 0, 0, 0, 
29, 0, 0, 0, 0, 1, 0, 0, 0, 4, 1, 2, 1, 0, 0, 0, 0, 0, 0, 0, 0, 0, 0, 0, 2, 8, 7, 14, 9, 18, 2, 1, 1, 63, 1, 0, 0, 3, 6, 8, 6, 24, 1, 1, 1, 7, 4, 1, 3, 48, 2, 5, 2, 0, 2, 1, 1, 17, 16, 19, 12, 2, 0, 1, 1, 14, 5, 8, 9, 64, 5, 9, 5, 11, 3, 5, 1, 0, 0, 0, 0, 1, 0, 0, 0, 3, 0, 0, 0, 0, 0, 0, 0, 0, 0, 0, 0, 0, 0, 0, 0, 0, 0, 0, 0, 1, 0, 0, 0, 0, 0, 0, 0, 
30, 0, 1, 1, 1, 1, 2, 1, 1, 0, 0, 0, 0, 0, 0, 0, 0, 0, 0, 0, 1, 1, 0, 0, 1, 19, 7, 2, 8, 25, 1, 1, 0, 63, 0, 0, 0, 9, 5, 3, 4, 29, 0, 1, 2, 13, 2, 1, 1, 45, 5, 7, 5, 0, 1, 0, 0, 36, 7, 6, 12, 2, 0, 5, 4, 18, 7, 9, 1, 60, 12, 6, 14, 18, 3, 3, 1, 1, 0, 0, 0, 0, 0, 0, 0, 2, 0, 0, 0, 2, 0, 0, 0, 1, 0, 0, 0, 1, 0, 0, 0, 1, 0, 0, 0, 1, 0, 0, 0, 0, 0, 0, 0, 
31, 0, 0, 1, 0, 0, 2, 1, 0, 1, 1, 1, 0, 1, 0, 1, 1, 0, 1, 0, 0, 1, 1, 0, 0, 13, 14, 9, 4, 22, 0, 1, 0, 69, 3, 1, 0, 2, 3, 2, 3, 27, 3, 1, 0, 13, 3, 2, 1, 39, 6, 6, 5, 0, 0, 0, 1, 31, 11, 7, 8, 15, 3, 0, 2, 11, 10, 7, 6, 65, 14, 10, 8, 10, 4, 4, 1, 2, 0, 0, 0, 1, 0, 0, 0, 1, 0, 0, 0, 1, 0, 0, 0, 1, 0, 0, 0, 1, 0, 0, 0, 2, 0, 0, 0, 0, 0, 0, 0, 2, 0, 0, 0, 
32, 0, 0, 0, 1, 1, 0, 0, 0, 2, 0, 1, 2, 0, 0, 0, 0, 0, 1, 0, 0, 0, 0, 0, 1, 14, 10, 5, 10, 22, 1, 0, 2, 57, 2, 1, 0, 2, 2, 0, 0, 27, 0, 1, 1, 26, 8, 0, 3, 43, 4, 6, 4, 1, 1, 1, 2, 25, 17, 10, 8, 11, 4, 5, 4, 16, 6, 5, 7, 84, 16, 7, 4, 0, 0, 3, 0, 0, 0, 0, 0, 0, 0, 0, 0, 1, 0, 0, 0, 0, 0, 0, 0, 1, 0, 0, 0, 0, 0, 0, 0, 0, 0, 0, 0, 1, 0, 0, 0, 0, 0, 0, 0, 
33, 0, 2, 0, 0, 0, 0, 0, 1, 0, 1, 0, 0, 0, 0, 0, 1, 4, 6, 2, 2, 0, 0, 0, 0, 21, 5, 7, 6, 29, 1, 1, 3, 63, 2, 0, 0, 0, 0, 2, 2, 23, 1, 1, 2, 26, 2, 0, 2, 36, 7, 11, 4, 2, 1, 0, 2, 27, 15, 16, 11, 24, 4, 5, 0, 7, 8, 2, 6, 87, 6, 2, 8, 0, 0, 0, 0, 0, 0, 0, 0, 2, 0, 0, 0, 0, 0, 0, 0, 2, 0, 0, 0, 0, 0, 0, 0, 0, 0, 0, 0, 2, 0, 0, 0, 0, 0, 0, 0, 1, 0, 0, 0, 
34, 1, 0, 1, 2, 0, 1, 1, 1, 0, 0, 0, 0, 1, 0, 0, 1, 2, 1, 2, 0, 0, 1, 0, 0, 7, 3, 8, 3, 25, 0, 0, 0, 67, 3, 0, 1, 2, 0, 0, 1, 22, 8, 3, 2, 25, 2, 2, 2, 43, 6, 8, 7, 0, 1, 1, 0, 35, 9, 16, 12, 29, 1, 3, 1, 9, 8, 11, 5, 80, 8, 10, 10, 0, 1, 4, 1, 1, 0, 0, 0, 1, 0, 0, 0, 3, 0, 0, 0, 1, 0, 0, 0, 0, 0, 0, 0, 0, 0, 0, 0, 0, 0, 0, 0, 0, 0, 0, 0, 3, 0, 0, 0, 
35, 3, 0, 1, 0, 0, 2, 0, 0, 0, 1, 0, 0, 1, 0, 0, 2, 1, 3, 0, 1, 0, 1, 0, 0, 6, 2, 4, 6, 14, 0, 2, 0, 79, 5, 1, 1, 2, 1, 4, 2, 34, 4, 0, 0, 20, 1, 7, 0, 50, 4, 4, 5, 6, 2, 0, 0, 38, 17, 12, 12, 28, 2, 0, 0, 6, 7, 9, 5, 70, 10, 8, 10, 1, 0, 0, 1, 1, 0, 0, 0, 0, 0, 0, 0, 0, 0, 0, 0, 0, 0, 0, 0, 0, 0, 0, 0, 1, 0, 0, 0, 1, 0, 0, 0, 0, 0, 0, 0, 2, 0, 0, 0, 
36, 1, 0, 0, 0, 0, 0, 0, 0, 1, 0, 0, 1, 0, 0, 0, 0, 0, 0, 0, 0, 1, 2, 2, 4, 6, 6, 5, 6, 0, 0, 0, 0, 92, 0, 1, 0, 4, 2, 1, 2, 19, 1, 3, 0, 28, 5, 2, 2, 36, 6, 4, 6, 0, 1, 1, 0, 36, 9, 10, 10, 31, 2, 0, 1, 3, 5, 6, 6, 78, 6, 11, 12, 1, 3, 1, 2, 3, 0, 0, 0, 1, 0, 0, 0, 2, 0, 0, 0, 1, 0, 0, 0, 2, 0, 0, 0, 0, 0, 0, 0, 1, 0, 0, 0, 2, 0, 0, 0, 0, 0, 0, 0, 
37, 1, 0, 1, 1, 1, 1, 0, 0, 1, 1, 0, 1, 0, 0, 1, 0, 0, 0, 0, 0, 0, 0, 0, 2, 0, 0, 0, 0, 1, 7, 3, 1, 85, 0, 0, 3, 4, 1, 1, 0, 7, 5, 3, 1, 40, 3, 1, 1, 32, 11, 3, 5, 0, 1, 0, 0, 32, 18, 8, 8, 40, 11, 3, 1, 8, 4, 4, 2, 79, 12, 5, 3, 2, 2, 0, 0, 0, 0, 0, 0, 0, 0, 0, 0, 1, 0, 0, 0, 3, 0, 0, 0, 1, 0, 0, 0, 1, 0, 0, 0, 1, 0, 0, 0, 0, 0, 0, 0, 0, 0, 0, 0, 
38, 0, 1, 0, 0, 0, 0, 0, 0, 1, 0, 0, 0, 0, 0, 1, 1, 1, 1, 1, 0, 0, 0, 0, 1, 0, 0, 1, 0, 7, 3, 2, 3, 97, 2, 3, 0, 1, 2, 0, 0, 5, 3, 1, 1, 43, 2, 2, 4, 38, 8, 6, 5, 3, 2, 2, 5, 40, 17, 2, 10, 40, 1, 5, 0, 7, 1, 4, 4, 67, 8, 6, 4, 3, 2, 1, 1, 1, 0, 0, 0, 0, 0, 0, 0, 1, 0, 0, 0, 1, 0, 0, 0, 1, 0, 0, 0, 0, 0, 0, 0, 0, 0, 0, 0, 3, 0, 0, 0, 0, 0, 0, 0, 
39, 0, 0, 0, 2, 1, 0, 0, 0, 0, 0, 0, 0, 0, 0, 1, 0, 0, 0, 1, 2, 0, 0, 0, 1, 0, 1, 0, 0, 1, 1, 0, 0, 98, 0, 1, 0, 3, 1, 3, 1, 3, 3, 3, 6, 43, 2, 1, 2, 34, 2, 6, 6, 8, 3, 2, 1, 34, 8, 9, 8, 39, 5, 7, 4, 2, 6, 3, 1, 61, 7, 6, 11, 3, 4, 3, 1, 0, 0, 0, 0, 2, 0, 0, 0, 0, 0, 0, 0, 0, 0, 0, 0, 1, 0, 0, 0, 0, 0, 0, 0, 1, 0, 0, 0, 1, 0, 0, 0, 1, 0, 0, 0, 
40, 2, 2, 4, 2, 4, 0, 0, 1, 1, 0, 0, 0, 0, 0, 0, 0, 0, 2, 1, 1, 0, 2, 0, 4, 0, 1, 2, 1, 0, 1, 0, 0, 94, 0, 0, 0, 3, 0, 0, 2, 1, 1, 1, 1, 41, 2, 1, 2, 46, 8, 1, 5, 3, 5, 2, 1, 15, 13, 6, 15, 42, 2, 4, 2, 1, 0, 1, 0, 63, 10, 8, 3, 2, 1, 3, 0, 0, 0, 0, 0, 1, 0, 0, 0, 2, 0, 0, 0, 0, 0, 0, 0, 1, 0, 0, 0, 1, 0, 0, 0, 0, 0, 0, 0, 1, 0, 0, 0, 1, 0, 0, 0, 
41, 1, 2, 3, 0, 2, 1, 0, 0, 0, 0, 0, 0, 0, 0, 1, 2, 1, 0, 1, 0, 0, 0, 0, 1, 5, 0, 1, 0, 14, 2, 1, 1, 97, 0, 0, 0, 1, 2, 2, 0, 3, 2, 4, 3, 32, 4, 3, 1, 51, 6, 2, 7, 5, 4, 3, 2, 11, 9, 9, 15, 44, 4, 1, 2, 0, 0, 0, 0, 59, 9, 7, 4, 2, 3, 1, 2, 0, 0, 0, 0, 1, 0, 0, 0, 0, 0, 0, 0, 1, 0, 0, 0, 2, 0, 0, 0, 2, 0, 0, 0, 0, 0, 0, 0, 0, 0, 0, 0, 0, 0, 0, 0, 
42, 3, 3, 2, 0, 0, 1, 1, 0, 0, 1, 0, 0, 0, 1, 0, 0, 0, 0, 0, 0, 1, 1, 0, 1, 3, 3, 2, 0, 14, 3, 1, 2, 79, 0, 0, 0, 1, 2, 0, 2, 0, 0, 1, 0, 42, 1, 1, 3, 41, 7, 2, 6, 2, 1, 2, 1, 11, 7, 9, 6, 46, 9, 2, 2, 4, 5, 7, 3, 56, 12, 11, 8, 1, 0, 2, 0, 0, 0, 0, 0, 0, 0, 0, 0, 0, 0, 0, 0, 5, 0, 0, 0, 0, 0, 0, 0, 1, 0, 0, 0, 0, 0, 0, 0, 0, 0, 0, 0, 0, 0, 0, 0, 
43, 5, 1, 2, 0, 2, 1, 2, 1, 1, 1, 1, 2, 0, 0, 0, 0, 0, 0, 0, 2, 2, 0, 0, 1, 3, 3, 1, 1, 15, 1, 1, 3, 73, 2, 0, 0, 2, 0, 1, 2, 1, 1, 0, 2, 36, 4, 1, 4, 35, 6, 3, 9, 4, 1, 1, 0, 5, 8, 4, 13, 51, 1, 2, 2, 9, 8, 4, 5, 66, 3, 8, 9, 4, 2, 3, 2, 0, 0, 0, 0, 0, 0, 0, 0, 1, 0, 0, 0, 0, 0, 0, 0, 0, 0, 0, 0, 1, 0, 0, 0, 2, 0, 0, 0, 0, 0, 0, 0, 2, 0, 0, 0, 
44, 0, 2, 2, 0, 0, 0, 1, 0, 0, 0, 0, 0, 0, 1, 2, 0, 1, 0, 0, 1, 1, 1, 0, 1, 23, 4, 2, 1, 14, 0, 4, 4, 62, 0, 0, 1, 0, 0, 1, 0, 15, 2, 1, 0, 25, 2, 3, 2, 34, 6, 7, 9, 4, 2, 2, 2, 5, 8, 11, 9, 50, 0, 0, 1, 6, 4, 4, 2, 63, 9, 3, 3, 7, 0, 3, 1, 0, 0, 0, 0, 0, 0, 0, 0, 0, 0, 0, 0, 0, 0, 0, 0, 0, 0, 0, 0, 1, 0, 0, 0, 0, 0, 0, 0, 1, 0, 0, 0, 0, 0, 0, 0, 
45, 1, 1, 1, 0, 3, 3, 0, 0, 1, 1, 0, 1, 0, 1, 0, 0, 0, 0, 2, 0, 0, 0, 0, 0, 21, 0, 3, 0, 5, 1, 3, 0, 54, 0, 1, 0, 0, 0, 2, 0, 26, 5, 1, 2, 19, 0, 2, 1, 32, 8, 3, 8, 7, 3, 6, 1, 7, 6, 6, 6, 44, 6, 4, 3, 3, 9, 3, 5, 65, 11, 5, 8, 4, 2, 1, 4, 1, 0, 0, 0, 0, 0, 0, 0, 0, 0, 0, 0, 0, 0, 0, 0, 3, 0, 0, 0, 0, 0, 0, 0, 1, 0, 0, 0, 0, 0, 0, 0, 0, 0, 0, 0, 
46, 2, 8, 2, 3, 0, 0, 0, 0, 0, 0, 0, 0, 0, 2, 0, 0, 1, 4, 2, 1, 3, 5, 0, 1, 12, 2, 1, 3, 8, 5, 2, 2, 61, 0, 1, 1, 1, 0, 3, 0, 19, 1, 0, 1, 6, 9, 1, 1, 33, 11, 6, 6, 0, 1, 0, 0, 7, 8, 5, 2, 45, 2, 2, 0, 3, 2, 3, 9, 66, 6, 13, 4, 4, 4, 4, 2, 0, 0, 0, 0, 0, 0, 0, 0, 0, 0, 0, 0, 0, 0, 0, 0, 0, 0, 0, 0, 0, 0, 0, 0, 0, 0, 0, 0, 1, 0, 0, 0, 1, 0, 0, 0, 
47, 5, 5, 6, 5, 1, 0, 0, 0, 2, 0, 2, 0, 4, 1, 2, 1, 1, 0, 0, 0, 0, 1, 0, 1, 11, 4, 0, 0, 7, 1, 4, 2, 64, 7, 1, 0, 1, 1, 3, 0, 15, 3, 1, 0, 10, 3, 4, 5, 35, 4, 4, 3, 4, 3, 3, 2, 8, 7, 6, 6, 42, 2, 2, 3, 2, 5, 2, 4, 63, 7, 8, 6, 1, 2, 7, 5, 1, 0, 0, 0, 1, 0, 0, 0, 1, 0, 0, 0, 1, 0, 0, 0, 0, 0, 0, 0, 1, 0, 0, 0, 1, 0, 0, 0, 1, 0, 0, 0, 2, 0, 0, 0, 
48, 0, 3, 0, 2, 0, 0, 0, 0, 1, 0, 0, 1, 0, 1, 0, 1, 0, 1, 0, 0, 0, 2, 0, 0, 8, 1, 1, 1, 9, 6, 2, 0, 63, 0, 1, 1, 0, 2, 2, 0, 31, 6, 2, 1, 15, 5, 2, 0, 27, 4, 6, 5, 0, 0, 0, 0, 11, 6, 3, 6, 56, 2, 0, 2, 3, 0, 2, 3, 61, 16, 6, 7, 16, 2, 4, 7, 0, 0, 0, 0, 0, 0, 0, 0, 1, 0, 0, 0, 2, 0, 0, 0, 0, 0, 0, 0, 0, 0, 0, 0, 2, 0, 0, 0, 0, 0, 0, 0, 1, 0, 0, 0, 
49, 1, 0, 2, 2, 1, 1, 1, 1, 1, 0, 0, 2, 0, 2, 1, 1, 0, 2, 5, 4, 0, 1, 0, 0, 6, 0, 1, 1, 4, 5, 1, 0, 66, 4, 3, 0, 2, 2, 0, 5, 43, 0, 0, 0, 30, 0, 2, 2, 24, 6, 4, 4, 1, 0, 2, 1, 11, 7, 1, 3, 42, 0, 1, 0, 1, 1, 1, 2, 65, 10, 6, 5, 28, 5, 3, 3, 1, 0, 0, 0, 1, 0, 0, 0, 1, 0, 0, 0, 2, 0, 0, 0, 1, 0, 0, 0, 0, 0, 0, 0, 2, 0, 0, 0, 1, 0, 0, 0, 0, 0, 0, 0, 
50, 3, 2, 1, 2, 0, 0, 0, 1, 0, 1, 0, 0, 1, 3, 0, 1, 0, 0, 0, 0, 0, 2, 1, 1, 3, 2, 0, 2, 2, 3, 2, 0, 73, 1, 0, 0, 1, 0, 1, 0, 34, 0, 2, 2, 24, 2, 1, 2, 12, 13, 8, 7, 0, 1, 1, 0, 9, 8, 8, 2, 37, 2, 2, 2, 14, 1, 0, 0, 69, 12, 11, 4, 13, 8, 4, 5, 0, 0, 0, 0, 0, 0, 0, 0, 2, 0, 0, 0, 0, 0, 0, 0, 1, 0, 0, 0, 0, 0, 0, 0, 0, 0, 0, 0, 0, 0, 0, 0, 2, 0, 0, 0, 
51, 0, 0, 0, 0, 2, 1, 2, 1, 0, 0, 0, 0, 0, 3, 0, 0, 1, 1, 1, 2, 0, 0, 0, 0, 0, 1, 1, 3, 4, 2, 1, 2, 69, 0, 0, 1, 8, 2, 1, 0, 26, 0, 1, 0, 29, 4, 3, 3, 28, 8, 8, 4, 1, 0, 1, 3, 11, 8, 6, 8, 26, 2, 1, 1, 11, 0, 0, 0, 73, 10, 12, 6, 9, 10, 4, 4, 1, 0, 0, 0, 0, 0, 0, 0, 0, 0, 0, 0, 0, 0, 0, 0, 0, 0, 0, 0, 1, 0, 0, 0, 2, 0, 0, 0, 1, 0, 0, 0, 1, 0, 0, 0, 
52, 1, 0, 0, 0, 0, 0, 0, 1, 0, 1, 0, 0, 0, 3, 0, 1, 2, 0, 1, 1, 0, 0, 0, 0, 7, 0, 2, 1, 3, 1, 0, 2, 65, 1, 0, 3, 15, 0, 0, 3, 9, 1, 1, 0, 23, 2, 0, 1, 37, 8, 5, 9, 1, 4, 3, 0, 9, 11, 7, 5, 23, 2, 2, 3, 21, 0, 0, 1, 77, 4, 11, 3, 17, 1, 8, 3, 1, 0, 0, 0, 0, 0, 0, 0, 0, 0, 0, 0, 2, 0, 0, 0, 1, 0, 0, 0, 0, 0, 0, 0, 2, 0, 0, 0, 1, 0, 0, 0, 1, 0, 0, 0, 
53, 0, 3, 0, 1, 2, 1, 0, 1, 0, 0, 0, 0, 0, 0, 0, 0, 0, 0, 0, 0, 3, 1, 0, 0, 0, 2, 0, 1, 28, 1, 0, 4, 69, 7, 0, 0, 7, 1, 2, 1, 9, 0, 0, 0, 16, 1, 3, 5, 37, 3, 8, 5, 3, 4, 7, 0, 11, 10, 10, 8, 11, 1, 3, 2, 29, 1, 0, 0, 72, 10, 7, 6, 0, 2, 1, 1, 1, 0, 0, 0, 0, 0, 0, 0, 2, 0, 0, 0, 1, 0, 0, 0, 0, 0, 0, 0, 0, 0, 0, 0, 1, 0, 0, 0, 1, 0, 0, 0, 1, 0, 0, 0, 
54, 2, 5, 1, 1, 7, 1, 2, 4, 0, 1, 0, 1, 0, 1, 0, 0, 1, 2, 0, 4, 0, 0, 0, 3, 0, 1, 2, 2, 16, 3, 3, 0, 75, 3, 0, 0, 15, 1, 1, 1, 2, 1, 0, 2, 17, 2, 1, 2, 47, 10, 6, 5, 5, 8, 2, 6, 4, 6, 8, 6, 13, 1, 3, 0, 18, 1, 2, 0, 72, 9, 7, 4, 0, 0, 0, 0, 2, 0, 0, 0, 0, 0, 0, 0, 2, 0, 0, 0, 1, 0, 0, 0, 0, 0, 0, 0, 0, 0, 0, 0, 1, 0, 0, 0, 0, 0, 0, 0, 0, 0, 0, 0, 
55, 0, 0, 0, 0, 1, 1, 1, 1, 1, 2, 1, 2, 1, 1, 1, 0, 0, 0, 1, 0, 0, 1, 0, 0, 4, 1, 1, 3, 11, 3, 1, 1, 79, 0, 0, 0, 7, 3, 1, 0, 0, 2, 1, 3, 12, 3, 1, 2, 39, 10, 4, 2, 4, 7, 1, 4, 7, 9, 6, 1, 3, 0, 3, 0, 15, 1, 0, 1, 64, 10, 8, 7, 0, 2, 1, 2, 0, 0, 0, 0, 0, 0, 0, 0, 1, 0, 0, 0, 1, 0, 0, 0, 1, 0, 0, 0, 1, 0, 0, 0, 0, 0, 0, 0, 0, 0, 0, 0, 0, 0, 0, 0, 
56, 0, 0, 0, 0, 0, 0, 0, 0, 0, 0, 0, 0, 1, 1, 1, 1, 1, 0, 0, 0, 1, 0, 2, 0, 13, 1, 2, 5, 1, 1, 3, 1, 68, 1, 0, 0, 7, 0, 5, 1, 2, 1, 1, 2, 2, 1, 1, 0, 38, 8, 7, 8, 7, 7, 6, 5, 6, 11, 4, 6, 0, 0, 0, 0, 16, 0, 1, 0, 63, 7, 6, 3, 1, 2, 2, 1, 2, 0, 0, 0, 2, 0, 0, 0, 2, 0, 0, 0, 1, 0, 0, 0, 0, 0, 0, 0, 1, 0, 0, 0, 6, 0, 0, 0, 0, 0, 0, 0, 0, 0, 0, 0, 
57, 1, 0, 0, 0, 0, 1, 0, 0, 0, 0, 0, 1, 2, 0, 0, 1, 0, 2, 0, 1, 0, 2, 0, 0, 11, 3, 0, 1, 9, 1, 3, 2, 76, 1, 1, 1, 3, 2, 2, 4, 3, 1, 2, 1, 4, 5, 5, 5, 40, 4, 7, 6, 1, 5, 5, 0, 7, 2, 11, 8, 0, 2, 3, 0, 4, 0, 0, 0, 51, 7, 11, 8, 1, 1, 2, 0, 2, 0, 0, 0, 0, 0, 0, 0, 1, 0, 0, 0, 0, 0, 0, 0, 1, 0, 0, 0, 1, 0, 0, 0, 0, 0, 0, 0, 0, 0, 0, 0, 0, 0, 0, 0, 
58, 5, 3, 0, 0, 0, 0, 0, 0, 0, 0, 0, 0, 0, 1, 0, 0, 0, 0, 0, 0, 0, 0, 0, 1, 8, 4, 2, 2, 2, 6, 5, 1, 71, 3, 2, 0, 3, 3, 5, 2, 1, 0, 1, 0, 8, 3, 2, 7, 36, 4, 10, 6, 4, 1, 2, 1, 10, 9, 6, 5, 0, 1, 3, 6, 0, 0, 1, 1, 54, 11, 9, 8, 1, 0, 1, 0, 4, 0, 0, 0, 1, 0, 0, 0, 1, 0, 0, 0, 2, 0, 0, 0, 1, 0, 0, 0, 0, 0, 0, 0, 1, 0, 0, 0, 1, 0, 0, 0, 0, 0, 0, 0, 
59, 2, 2, 1, 1, 0, 0, 0, 0, 0, 0, 0, 0, 0, 2, 1, 0, 2, 0, 0, 2, 0, 0, 0, 0, 15, 2, 1, 2, 10, 2, 1, 3, 81, 4, 0, 1, 3, 5, 3, 0, 2, 6, 2, 3, 2, 2, 1, 0, 47, 2, 1, 4, 5, 1, 1, 0, 14, 12, 9, 6, 0, 0, 2, 0, 2, 0, 2, 3, 52, 10, 7, 10, 3, 2, 1, 0, 0, 0, 0, 0, 2, 0, 0, 0, 0, 0, 0, 0, 0, 0, 0, 0, 2, 0, 0, 0, 0, 0, 0, 0, 0, 0, 0, 0, 1, 0, 0, 0, 2, 0, 0, 0, 
60, 0, 0, 0, 0, 0, 0, 0, 0, 3, 1, 0, 0, 0, 3, 0, 0, 0, 1, 1, 0, 0, 0, 0, 0, 8, 3, 1, 3, 15, 2, 3, 4, 87, 1, 0, 0, 4, 0, 4, 2, 1, 0, 0, 1, 1, 2, 2, 5, 38, 8, 8, 5, 0, 3, 2, 0, 10, 8, 9, 10, 1, 2, 2, 2, 2, 1, 4, 1, 68, 11, 5, 3, 2, 5, 1, 1, 1, 0, 0, 0, 2, 0, 0, 0, 1, 0, 0, 0, 0, 0, 0, 0, 0, 0, 0, 0, 0, 0, 0, 0, 1, 0, 0, 0, 3, 0, 0, 0, 0, 0, 0, 0, 
61, 0, 1, 0, 0, 1, 0, 0, 0, 1, 0, 0, 0, 1, 1, 2, 4, 0, 1, 0, 0, 1, 0, 0, 0, 11, 1, 5, 3, 18, 3, 5, 3, 97, 3, 1, 0, 13, 2, 2, 3, 1, 5, 3, 1, 2, 4, 3, 6, 41, 4, 3, 2, 0, 0, 0, 0, 7, 8, 5, 1, 3, 0, 2, 0, 0, 2, 0, 1, 75, 6, 9, 8, 2, 0, 0, 1, 0, 0, 0, 0, 1, 0, 0, 0, 0, 0, 0, 0, 1, 0, 0, 0, 1, 0, 0, 0, 0, 0, 0, 0, 0, 0, 0, 0, 1, 0, 0, 0, 1, 0, 0, 0, 
62, 4, 2, 1, 1, 0, 0, 0, 2, 0, 0, 0, 0, 1, 0, 0, 0, 0, 1, 0, 0, 0, 1, 1, 1, 11, 2, 3, 4, 19, 4, 5, 3, 93, 1, 1, 0, 17, 1, 1, 0, 4, 1, 1, 0, 4, 3, 3, 4, 35, 2, 5, 3, 1, 1, 3, 3, 7, 5, 4, 6, 1, 3, 0, 0, 1, 3, 4, 2, 75, 8, 9, 10, 2, 5, 6, 5, 1, 0, 0, 0, 0, 0, 0, 0, 1, 0, 0, 0, 0, 0, 0, 0, 1, 0, 0, 0, 0, 0, 0, 0, 0, 0, 0, 0, 1, 0, 0, 0, 1, 0, 0, 0, 
63, 2, 1, 2, 1, 0, 0, 0, 0, 1, 1, 0, 0, 1, 0, 0, 0, 0, 0, 0, 0, 1, 1, 3, 2, 19, 1, 2, 2, 18, 0, 3, 2, 70, 2, 4, 0, 12, 1, 1, 0, 3, 1, 1, 2, 4, 8, 3, 5, 24, 7, 11, 8, 0, 0, 0, 4, 4, 11, 4, 2, 4, 2, 1, 2, 10, 3, 1, 1, 87, 13, 8, 11, 3, 2, 1, 5, 0, 0, 0, 0, 0, 0, 0, 0, 4, 0, 0, 0, 2, 0, 0, 0, 0, 0, 0, 0, 0, 0, 0, 0, 0, 0, 0, 0, 0, 0, 0, 0, 0, 0, 0, 0, 
64, 1, 0, 4, 0, 0, 0, 0, 0, 0, 0, 0, 0, 0, 1, 0, 1, 2, 1, 1, 1, 1, 0, 1, 0, 19, 3, 0, 0, 11, 2, 6, 3, 67, 3, 3, 0, 10, 4, 2, 4, 9, 2, 3, 2, 7, 7, 5, 5, 20, 11, 3, 8, 2, 3, 1, 1, 9, 5, 3, 7, 2, 1, 0, 3, 3, 2, 2, 1, 97, 6, 13, 7, 6, 3, 2, 1, 0, 0, 0, 0, 1, 0, 0, 0, 0, 0, 0, 0, 1, 0, 0, 0, 0, 0, 0, 0, 2, 0, 0, 0, 2, 0, 0, 0, 2, 0, 0, 0, 0, 0, 0, 0, 
65, 1, 0, 0, 0, 0, 0, 0, 0, 0, 1, 0, 1, 0, 2, 0, 0, 0, 0, 0, 0, 0, 1, 0, 0, 16, 1, 4, 0, 15, 6, 3, 4, 78, 0, 0, 1, 10, 6, 4, 2, 8, 3, 5, 2, 5, 7, 2, 2, 24, 10, 11, 7, 1, 3, 2, 4, 4, 4, 9, 4, 6, 0, 0, 0, 10, 3, 6, 4, 92, 1, 6, 12, 2, 2, 2, 3, 0, 0, 0, 0, 3, 0, 0, 0, 1, 0, 0, 0, 1, 0, 0, 0, 1, 0, 0, 0, 0, 0, 0, 0, 0, 0, 0, 0, 0, 0, 0, 0, 0, 0, 0, 0, 
66, 0, 0, 2, 0, 0, 0, 1, 2, 0, 1, 0, 1, 0, 1, 1, 1, 2, 4, 1, 0, 0, 0, 1, 0, 21, 3, 2, 4, 26, 3, 6, 1, 68, 2, 0, 0, 7, 7, 3, 2, 12, 3, 4, 1, 2, 7, 3, 5, 29, 8, 8, 2, 3, 2, 0, 1, 8, 6, 9, 5, 1, 0, 1, 2, 4, 3, 3, 3, 100, 4, 12, 10, 2, 1, 0, 1, 0, 0, 0, 0, 0, 0, 0, 0, 0, 0, 0, 0, 4, 0, 0, 0, 1, 0, 0, 0, 0, 0, 0, 0, 1, 0, 0, 0, 0, 0, 0, 0, 2, 0, 0, 0, 
67, 0, 0, 1, 0, 1, 0, 1, 2, 0, 1, 0, 0, 1, 0, 2, 0, 1, 1, 0, 0, 2, 1, 1, 0, 36, 1, 0, 1, 17, 4, 2, 3, 78, 0, 0, 0, 9, 2, 2, 0, 11, 0, 3, 1, 5, 6, 4, 9, 25, 9, 8, 9, 2, 1, 2, 1, 9, 12, 3, 6, 3, 0, 2, 1, 3, 2, 1, 0, 100, 10, 8, 11, 8, 1, 0, 0, 0, 0, 0, 0, 0, 0, 0, 0, 1, 0, 0, 0, 0, 0, 0, 0, 1, 0, 0, 0, 2, 0, 0, 0, 0, 0, 0, 0, 0, 0, 0, 0, 0, 0, 0, 0, 
68, 1, 1, 1, 1, 3, 3, 1, 1, 0, 0, 0, 0, 0, 0, 0, 1, 0, 0, 1, 0, 1, 0, 0, 2, 30, 3, 0, 2, 13, 4, 4, 0, 76, 0, 1, 0, 4, 3, 0, 1, 12, 3, 1, 0, 11, 9, 7, 9, 34, 8, 9, 9, 2, 1, 4, 1, 12, 9, 6, 1, 3, 2, 1, 0, 0, 0, 2, 0, 100, 7, 7, 7, 4, 4, 1, 1, 1, 0, 0, 0, 1, 0, 0, 0, 2, 0, 0, 0, 1, 0, 0, 0, 0, 0, 0, 0, 1, 0, 0, 0, 0, 0, 0, 0, 4, 0, 0, 0, 0, 0, 0, 0, 
69, 1, 1, 0, 0, 2, 2, 1, 1, 1, 1, 0, 1, 1, 2, 1, 0, 0, 1, 1, 1, 0, 0, 0, 0, 34, 9, 3, 0, 13, 5, 2, 2, 69, 2, 0, 0, 0, 0, 0, 0, 6, 4, 0, 0, 5, 8, 3, 5, 36, 4, 5, 9, 0, 0, 0, 0, 11, 7, 10, 7, 5, 3, 0, 2, 6, 2, 0, 2, 100, 7, 12, 3, 0, 4, 2, 0, 0, 0, 0, 0, 1, 0, 0, 0, 0, 0, 0, 0, 1, 0, 0, 0, 1, 0, 0, 0, 1, 0, 0, 0, 1, 0, 0, 0, 0, 0, 0, 0, 3, 0, 0, 0, 
70, 1, 0, 0, 0, 0, 0, 0, 0, 0, 1, 0, 0, 1, 0, 0, 0, 0, 0, 0, 0, 0, 0, 0, 0, 43, 6, 4, 1, 15, 3, 2, 1, 58, 0, 1, 0, 3, 1, 3, 2, 17, 4, 1, 0, 5, 4, 5, 5, 33, 9, 3, 7, 1, 2, 1, 1, 27, 8, 8, 8, 2, 1, 0, 2, 4, 3, 1, 2, 100, 7, 11, 7, 2, 0, 2, 1, 2, 0, 0, 0, 2, 0, 0, 0, 1, 0, 0, 0, 0, 0, 0, 0, 1, 0, 0, 0, 1, 0, 0, 0, 1, 0, 0, 0, 1, 0, 0, 0, 0, 0, 0, 0, 
71, 0, 0, 0, 0, 0, 0, 0, 0, 0, 0, 0, 1, 2, 0, 1, 0, 0, 1, 0, 0, 0, 1, 0, 0, 49, 2, 1, 2, 2, 2, 3, 5, 40, 0, 1, 3, 0, 0, 1, 0, 0, 0, 0, 0, 14, 7, 6, 9, 39, 5, 6, 1, 1, 2, 3, 0, 31, 8, 5, 6, 7, 3, 3, 5, 4, 2, 2, 4, 100, 10, 6, 4, 0, 0, 0, 0, 0, 0, 0, 0, 3, 0, 0, 0, 1, 0, 0, 0, 1, 0, 0, 0, 0, 0, 0, 0, 0, 0, 0, 0, 0, 0, 0, 0, 7, 0, 0, 0, 1, 0, 0, 0, 
72, 0, 2, 0, 3, 0, 2, 0, 1, 2, 0, 0, 1, 0, 0, 0, 0, 1, 1, 1, 1, 1, 1, 0, 0, 61, 2, 1, 3, 3, 3, 4, 5, 38, 0, 2, 0, 0, 0, 0, 0, 4, 3, 0, 0, 10, 2, 4, 9, 22, 5, 7, 8, 1, 0, 3, 2, 30, 3, 7, 5, 3, 7, 4, 4, 1, 0, 0, 1, 100, 7, 13, 6, 3, 0, 0, 2, 0, 0, 0, 0, 1, 0, 0, 0, 1, 0, 0, 0, 0, 0, 0, 0, 2, 0, 0, 0, 1, 0, 0, 0, 2, 0, 0, 0, 2, 0, 0, 0, 1, 0, 0, 0, 
73, 4, 6, 2, 2, 0, 1, 1, 0, 1, 0, 1, 0, 0, 0, 0, 3, 0, 0, 1, 1, 0, 1, 0, 1, 67, 2, 3, 3, 6, 4, 2, 1, 32, 0, 1, 0, 3, 1, 1, 1, 3, 2, 2, 2, 2, 1, 4, 2, 29, 9, 10, 7, 13, 9, 4, 2, 22, 5, 9, 8, 16, 8, 4, 1, 0, 0, 0, 0, 100, 7, 10, 4, 0, 2, 0, 0, 2, 0, 0, 0, 1, 0, 0, 0, 1, 0, 0, 0, 2, 0, 0, 0, 0, 0, 0, 0, 1, 0, 0, 0, 0, 0, 0, 0, 0, 0, 0, 0, 0, 0, 0, 0, 
74, 2, 1, 3, 1, 1, 0, 0, 0, 1, 2, 0, 0, 0, 3, 1, 0, 2, 0, 0, 2, 0, 0, 1, 0, 76, 3, 0, 1, 3, 4, 3, 4, 9, 0, 1, 0, 3, 1, 0, 2, 3, 2, 2, 2, 1, 1, 1, 1, 35, 3, 4, 7, 23, 3, 3, 0, 22, 9, 10, 4, 10, 5, 7, 0, 4, 0, 3, 8, 100, 8, 10, 6, 1, 1, 2, 2, 3, 0, 0, 0, 2, 0, 0, 0, 1, 0, 0, 0, 4, 0, 0, 0, 1, 0, 0, 0, 1, 0, 0, 0, 0, 0, 0, 0, 2, 0, 0, 0, 2, 0, 0, 0, 
75, 1, 0, 0, 0, 0, 0, 2, 4, 0, 0, 0, 1, 1, 1, 0, 1, 0, 0, 0, 0, 0, 0, 0, 0, 75, 2, 2, 3, 17, 4, 6, 5, 0, 0, 3, 0, 2, 0, 0, 4, 0, 2, 2, 0, 3, 0, 0, 0, 25, 3, 6, 4, 25, 4, 1, 2, 20, 9, 9, 8, 12, 3, 0, 3, 1, 1, 2, 4, 100, 9, 9, 5, 13, 2, 3, 3, 1, 0, 0, 0, 1, 0, 0, 0, 1, 0, 0, 0, 3, 0, 0, 0, 1, 0, 0, 0, 0, 0, 0, 0, 2, 0, 0, 0, 0, 0, 0, 0, 0, 0, 0, 0, 
76, 0, 0, 0, 1, 0, 0, 0, 0, 0, 0, 0, 0, 3, 2, 1, 1, 0, 0, 0, 0, 2, 0, 1, 1, 75, 4, 5, 1, 18, 5, 7, 4, 2, 0, 0, 1, 1, 1, 1, 0, 2, 6, 4, 5, 2, 0, 0, 1, 18, 10, 7, 5, 34, 4, 3, 0, 30, 11, 13, 3, 16, 3, 9, 1, 0, 1, 0, 1, 100, 6, 8, 8, 10, 2, 0, 1, 1, 0, 0, 0, 1, 0, 0, 0, 1, 0, 0, 0, 0, 0, 0, 0, 1, 0, 0, 0, 1, 0, 0, 0, 2, 0, 0, 0, 0, 0, 0, 0, 1, 0, 0, 0, 
77, 2, 0, 1, 0, 0, 0, 0, 0, 0, 1, 1, 0, 0, 0, 0, 1, 1, 0, 0, 0, 2, 0, 1, 0, 76, 1, 3, 0, 16, 2, 4, 5, 0, 2, 1, 0, 0, 0, 0, 0, 1, 6, 5, 4, 2, 1, 7, 4, 18, 14, 9, 11, 36, 4, 3, 2, 33, 9, 7, 12, 25, 3, 3, 5, 1, 1, 0, 0, 100, 10, 8, 4, 0, 0, 1, 1, 1, 0, 0, 0, 0, 0, 0, 0, 1, 0, 0, 0, 0, 0, 0, 0, 1, 0, 0, 0, 0, 0, 0, 0, 0, 0, 0, 0, 0, 0, 0, 0, 0, 0, 0, 0, 
78, 1, 0, 1, 1, 1, 0, 1, 0, 0, 1, 0, 1, 0, 0, 0, 1, 1, 1, 1, 2, 2, 0, 1, 0, 85, 2, 3, 3, 5, 5, 6, 8, 0, 1, 2, 2, 0, 1, 0, 1, 3, 1, 0, 0, 6, 1, 4, 4, 33, 4, 4, 4, 42, 2, 0, 0, 33, 6, 1, 6, 20, 1, 4, 3, 8, 5, 4, 2, 100, 16, 9, 8, 2, 1, 2, 1, 0, 0, 0, 0, 1, 0, 0, 0, 0, 0, 0, 0, 0, 0, 0, 0, 2, 0, 0, 0, 0, 0, 0, 0, 2, 0, 0, 0, 1, 0, 0, 0, 0, 0, 0, 0, 
79, 1, 1, 0, 0, 0, 0, 1, 0, 0, 0, 0, 0, 0, 0, 0, 0, 0, 0, 0, 1, 0, 1, 2, 1, 75, 2, 3, 2, 12, 6, 8, 3, 0, 1, 1, 0, 3, 5, 1, 1, 3, 0, 1, 0, 1, 2, 3, 4, 13, 6, 6, 4, 29, 1, 1, 3, 43, 13, 8, 5, 12, 7, 4, 1, 1, 0, 0, 1, 100, 11, 6, 6, 0, 0, 0, 0, 1, 0, 0, 0, 0, 0, 0, 0, 0, 0, 0, 0, 0, 0, 0, 0, 0, 0, 0, 0, 1, 0, 0, 0, 0, 0, 0, 0, 0, 0, 0, 0, 1, 0, 0, 0, 
80, 0, 0, 0, 1, 0, 1, 0, 0, 3, 2, 1, 2, 2, 0, 0, 0, 0, 1, 0, 0, 0, 0, 1, 0, 76, 2, 3, 2, 22, 4, 6, 4, 1, 1, 0, 2, 2, 1, 4, 0, 4, 3, 1, 1, 4, 1, 1, 3, 10, 7, 6, 6, 16, 4, 5, 2, 41, 7, 4, 3, 13, 3, 3, 3, 0, 1, 0, 1, 100, 8, 11, 8, 0, 1, 2, 0, 5, 0, 0, 0, 0, 0, 0, 0, 0, 0, 0, 0, 1, 0, 0, 0, 0, 0, 0, 0, 1, 0, 0, 0, 1, 0, 0, 0, 2, 0, 0, 0, 0, 0, 0, 0, 
81, 2, 2, 1, 0, 0, 0, 0, 3, 1, 0, 0, 0, 0, 0, 0, 0, 2, 0, 0, 1, 0, 3, 1, 1, 75, 6, 4, 1, 28, 5, 3, 4, 4, 2, 3, 4, 0, 1, 1, 0, 6, 2, 5, 2, 0, 0, 1, 1, 9, 2, 11, 7, 22, 2, 2, 0, 28, 8, 9, 7, 3, 1, 2, 2, 1, 2, 2, 3, 100, 12, 7, 4, 2, 1, 2, 1, 1, 0, 0, 0, 0, 0, 0, 0, 1, 0, 0, 0, 2, 0, 0, 0, 0, 0, 0, 0, 0, 0, 0, 0, 1, 0, 0, 0, 2, 0, 0, 0, 0, 0, 0, 0, 
82, 1, 0, 0, 1, 0, 1, 2, 0, 1, 2, 2, 2, 0, 0, 0, 0, 0, 1, 0, 0, 3, 0, 0, 0, 98, 6, 1, 1, 17, 7, 6, 4, 1, 0, 1, 1, 1, 0, 0, 1, 2, 7, 5, 3, 3, 1, 2, 3, 7, 8, 5, 7, 7, 3, 5, 5, 37, 8, 4, 5, 4, 1, 3, 4, 4, 3, 2, 2, 100, 6, 13, 12, 4, 3, 2, 6, 3, 0, 0, 0, 0, 0, 0, 0, 0, 0, 0, 0, 0, 0, 0, 0, 0, 0, 0, 0, 1, 0, 0, 0, 2, 0, 0, 0, 0, 0, 0, 0, 0, 0, 0, 0, 
83, 0, 0, 0, 0, 1, 1, 1, 0, 0, 1, 0, 0, 0, 0, 0, 0, 0, 0, 0, 1, 0, 0, 0, 1, 100, 5, 1, 2, 17, 3, 3, 5, 4, 3, 2, 2, 1, 3, 0, 3, 3, 2, 2, 3, 8, 3, 2, 3, 11, 4, 6, 2, 4, 1, 0, 2, 23, 10, 10, 8, 7, 3, 2, 2, 3, 3, 2, 4, 100, 14, 6, 4, 4, 3, 7, 3, 0, 0, 0, 0, 1, 0, 0, 0, 3, 0, 0, 0, 1, 0, 0, 0, 1, 0, 0, 0, 1, 0, 0, 0, 0, 0, 0, 0, 0, 0, 0, 0, 0, 0, 0, 0, 
84, 0, 0, 0, 0, 0, 2, 0, 1, 3, 2, 0, 0, 2, 1, 0, 0, 0, 0, 0, 0, 0, 0, 1, 0, 100, 5, 2, 1, 17, 11, 3, 1, 4, 3, 4, 0, 1, 1, 0, 3, 0, 1, 0, 0, 9, 4, 2, 1, 3, 5, 2, 7, 3, 2, 2, 2, 32, 13, 7, 5, 5, 2, 2, 4, 10, 6, 4, 3, 100, 7, 10, 8, 4, 2, 7, 4, 1, 0, 0, 0, 0, 0, 0, 0, 1, 0, 0, 0, 0, 0, 0, 0, 1, 0, 0, 0, 2, 0, 0, 0, 0, 0, 0, 0, 1, 0, 0, 0, 1, 0, 0, 0, 
85, 1, 0, 0, 0, 0, 0, 0, 0, 0, 0, 2, 1, 1, 1, 1, 0, 0, 0, 0, 0, 0, 1, 1, 0, 100, 4, 2, 0, 15, 6, 5, 8, 2, 1, 1, 0, 7, 2, 2, 0, 2, 1, 1, 3, 5, 6, 3, 2, 11, 3, 8, 5, 6, 2, 2, 0, 33, 8, 11, 5, 1, 0, 2, 1, 2, 2, 2, 3, 100, 4, 8, 7, 10, 3, 4, 3, 1, 0, 0, 0, 2, 0, 0, 0, 1, 0, 0, 0, 0, 0, 0, 0, 0, 0, 0, 0, 0, 0, 0, 0, 0, 0, 0, 0, 0, 0, 0, 0, 1, 0, 0, 0, 
86, 2, 3, 0, 2, 0, 0, 1, 1, 3, 1, 0, 0, 0, 1, 1, 3, 0, 1, 0, 0, 0, 2, 0, 2, 100, 1, 2, 2, 10, 3, 3, 9, 7, 0, 1, 0, 1, 0, 0, 0, 4, 2, 1, 1, 2, 0, 0, 0, 6, 3, 2, 3, 0, 0, 2, 2, 39, 10, 5, 6, 4, 3, 2, 4, 0, 0, 0, 0, 100, 8, 13, 7, 3, 1, 3, 3, 0, 0, 0, 0, 2, 0, 0, 0, 1, 0, 0, 0, 0, 0, 0, 0, 0, 0, 0, 0, 0, 0, 0, 0, 1, 0, 0, 0, 2, 0, 0, 0, 3, 0, 0, 0, 
87, 0, 1, 1, 2, 0, 0, 1, 0, 0, 0, 0, 0, 1, 1, 1, 3, 0, 1, 1, 2, 0, 0, 0, 0, 100, 2, 1, 1, 7, 7, 6, 4, 2, 2, 1, 1, 7, 4, 1, 0, 5, 7, 2, 3, 0, 0, 0, 1, 6, 5, 5, 3, 2, 2, 0, 0, 34, 9, 7, 8, 5, 4, 3, 4, 2, 1, 0, 0, 100, 7, 8, 3, 1, 2, 0, 5, 0, 0, 0, 0, 2, 0, 0, 0, 0, 0, 0, 0, 0, 0, 0, 0, 1, 0, 0, 0, 1, 0, 0, 0, 1, 0, 0, 0, 0, 0, 0, 0, 0, 0, 0, 0, 
88, 3, 1, 0, 1, 1, 1, 1, 1, 1, 0, 0, 0, 0, 0, 0, 0, 2, 3, 0, 2, 0, 0, 1, 0, 94, 2, 1, 2, 4, 5, 2, 7, 1, 0, 1, 2, 6, 3, 4, 6, 5, 10, 5, 2, 1, 0, 0, 1, 1, 3, 3, 1, 0, 0, 1, 0, 35, 8, 3, 5, 10, 11, 12, 8, 11, 5, 2, 0, 100, 8, 5, 6, 4, 2, 1, 2, 1, 0, 0, 0, 2, 0, 0, 0, 0, 0, 0, 0, 0, 0, 0, 0, 0, 0, 0, 0, 0, 0, 0, 0, 0, 0, 0, 0, 0, 0, 0, 0, 2, 0, 0, 0, 
89, 1, 1, 1, 3, 0, 0, 0, 1, 0, 1, 1, 1, 0, 1, 0, 1, 2, 4, 2, 0, 1, 0, 0, 0, 100, 2, 3, 1, 7, 1, 6, 5, 0, 1, 0, 1, 5, 7, 0, 6, 3, 2, 0, 1, 1, 0, 2, 0, 7, 3, 7, 4, 15, 2, 0, 0, 22, 8, 6, 4, 12, 4, 6, 6, 27, 2, 4, 1, 100, 5, 8, 4, 2, 0, 0, 1, 1, 0, 0, 0, 1, 0, 0, 0, 2, 0, 0, 0, 2, 0, 0, 0, 1, 0, 0, 0, 0, 0, 0, 0, 0, 0, 0, 0, 1, 0, 0, 0, 0, 0, 0, 0, 
90, 0, 0, 0, 0, 2, 0, 3, 4, 1, 1, 2, 2, 0, 0, 2, 1, 2, 2, 1, 1, 1, 0, 0, 0, 89, 2, 1, 3, 4, 6, 2, 1, 5, 2, 2, 0, 4, 7, 5, 1, 2, 0, 0, 4, 2, 1, 3, 2, 10, 3, 2, 3, 14, 0, 0, 0, 18, 2, 9, 6, 2, 0, 4, 4, 18, 2, 7, 1, 100, 8, 5, 9, 0, 1, 1, 0, 0, 0, 0, 0, 0, 0, 0, 0, 0, 0, 0, 0, 1, 0, 0, 0, 1, 0, 0, 0, 0, 0, 0, 0, 1, 0, 0, 0, 0, 0, 0, 0, 0, 0, 0, 0, 
91, 2, 0, 0, 1, 0, 0, 1, 1, 0, 0, 1, 0, 0, 1, 3, 1, 0, 0, 0, 1, 1, 0, 2, 0, 87, 1, 2, 2, 5, 4, 1, 2, 0, 3, 2, 0, 6, 5, 7, 3, 3, 4, 5, 0, 4, 4, 5, 3, 5, 5, 3, 3, 9, 3, 1, 1, 6, 3, 4, 1, 5, 1, 3, 3, 22, 5, 2, 0, 100, 6, 12, 8, 1, 2, 2, 5, 0, 0, 0, 0, 0, 0, 0, 0, 0, 0, 0, 0, 0, 0, 0, 0, 3, 0, 0, 0, 0, 0, 0, 0, 0, 0, 0, 0, 1, 0, 0, 0, 0, 0, 0, 0, 
92, 3, 2, 1, 1, 0, 0, 0, 0, 0, 0, 0, 1, 2, 3, 1, 0, 0, 0, 0, 0, 0, 0, 2, 1, 86, 1, 1, 1, 7, 5, 7, 5, 6, 2, 4, 2, 12, 14, 4, 5, 1, 1, 1, 0, 0, 4, 4, 3, 7, 8, 8, 9, 23, 0, 0, 0, 0, 0, 0, 0, 0, 0, 0, 0, 13, 0, 1, 1, 100, 7, 9, 6, 2, 2, 2, 0, 1, 0, 0, 0, 0, 0, 0, 0, 1, 0, 0, 0, 2, 0, 0, 0, 2, 0, 0, 0, 4, 0, 0, 0, 1, 0, 0, 0, 0, 0, 0, 0, 1, 0, 0, 0, 
93, 1, 1, 0, 0, 1, 0, 0, 0, 0, 1, 2, 0, 0, 2, 1, 1, 0, 0, 0, 0, 1, 2, 0, 0, 92, 2, 2, 0, 10, 8, 6, 4, 3, 0, 3, 2, 9, 5, 9, 5, 4, 2, 4, 6, 2, 0, 3, 0, 8, 10, 6, 8, 10, 3, 0, 1, 0, 0, 1, 0, 0, 2, 1, 0, 0, 0, 2, 0, 100, 7, 9, 10, 6, 3, 5, 3, 3, 0, 0, 0, 1, 0, 0, 0, 0, 0, 0, 0, 0, 0, 0, 0, 0, 0, 0, 0, 1, 0, 0, 0, 0, 0, 0, 0, 0, 0, 0, 0, 1, 0, 0, 0, 
94, 2, 0, 0, 2, 0, 0, 0, 2, 7, 0, 0, 1, 0, 0, 0, 0, 1, 0, 0, 2, 0, 0, 1, 0, 93, 2, 2, 1, 9, 8, 6, 6, 11, 2, 1, 1, 7, 7, 2, 8, 20, 2, 4, 3, 1, 0, 1, 0, 6, 4, 7, 4, 0, 1, 3, 4, 2, 1, 1, 3, 0, 1, 0, 0, 1, 1, 2, 1, 100, 7, 11, 7, 4, 2, 2, 3, 1, 0, 0, 0, 1, 0, 0, 0, 0, 0, 0, 0, 0, 0, 0, 0, 1, 0, 0, 0, 1, 0, 0, 0, 0, 0, 0, 0, 1, 0, 0, 0, 0, 0, 0, 0, 
95, 4, 3, 3, 4, 1, 1, 2, 0, 0, 0, 0, 0, 0, 0, 0, 0, 1, 0, 0, 0, 1, 5, 0, 0, 90, 1, 3, 1, 19, 6, 3, 6, 13, 0, 0, 0, 9, 10, 11, 7, 24, 2, 6, 0, 1, 1, 0, 0, 4, 3, 5, 3, 4, 1, 5, 2, 2, 2, 1, 0, 1, 0, 3, 0, 3, 1, 1, 2, 100, 7, 6, 9, 1, 0, 0, 0, 0, 0, 0, 0, 2, 0, 0, 0, 0, 0, 0, 0, 1, 0, 0, 0, 3, 0, 0, 0, 1, 0, 0, 0, 0, 0, 0, 0, 0, 0, 0, 0, 0, 0, 0, 0, 
96, 0, 0, 0, 0, 0, 0, 0, 0, 1, 1, 1, 4, 2, 2, 0, 0, 1, 6, 5, 2, 0, 0, 1, 0, 93, 5, 1, 1, 12, 7, 6, 3, 5, 1, 5, 4, 28, 11, 12, 5, 20, 2, 2, 1, 11, 2, 0, 0, 2, 0, 0, 1, 1, 7, 3, 1, 0, 0, 1, 0, 1, 2, 0, 0, 3, 2, 3, 2, 100, 7, 10, 3, 5, 1, 2, 3, 0, 0, 0, 0, 0, 0, 0, 0, 0, 0, 0, 0, 0, 0, 0, 0, 2, 0, 0, 0, 0, 0, 0, 0, 0, 0, 0, 0, 0, 0, 0, 0, 1, 0, 0, 0, 
97, 0, 0, 1, 1, 0, 0, 1, 1, 1, 0, 0, 1, 0, 0, 0, 2, 0, 0, 0, 1, 1, 1, 1, 0, 87, 0, 7, 4, 11, 1, 5, 5, 1, 5, 3, 2, 32, 9, 16, 5, 9, 5, 4, 2, 16, 0, 0, 0, 12, 0, 1, 2, 3, 2, 3, 7, 1, 0, 0, 0, 2, 0, 0, 0, 1, 6, 4, 2, 100, 10, 1, 5, 2, 2, 1, 2, 0, 0, 0, 0, 1, 0, 0, 0, 1, 0, 0, 0, 2, 0, 0, 0, 0, 0, 0, 0, 2, 0, 0, 0, 0, 0, 0, 0, 0, 0, 0, 0, 1, 0, 0, 0, 
98, 6, 1, 0, 0, 1, 1, 1, 0, 1, 5, 1, 0, 0, 0, 0, 0, 0, 0, 0, 0, 0, 0, 0, 0, 90, 1, 3, 0, 9, 10, 5, 4, 3, 7, 3, 2, 37, 8, 9, 4, 15, 18, 4, 5, 10, 8, 5, 8, 17, 2, 1, 2, 5, 4, 3, 4, 3, 3, 2, 1, 1, 0, 1, 1, 0, 0, 0, 0, 100, 11, 12, 10, 0, 0, 0, 0, 1, 0, 0, 0, 1, 0, 0, 0, 1, 0, 0, 0, 0, 0, 0, 0, 0, 0, 0, 0, 2, 0, 0, 0, 1, 0, 0, 0, 1, 0, 0, 0, 0, 0, 0, 0, 
99, 0, 0, 0, 0, 2, 0, 1, 0, 2, 0, 0, 0, 0, 0, 0, 0, 0, 0, 0, 1, 0, 1, 0, 1, 88, 0, 1, 2, 3, 3, 4, 3, 2, 3, 1, 4, 37, 7, 6, 4, 30, 2, 4, 2, 6, 9, 9, 3, 36, 1, 0, 1, 15, 7, 6, 7, 2, 2, 2, 0, 4, 6, 5, 4, 1, 4, 5, 2, 100, 4, 8, 5, 10, 2, 2, 1, 0, 0, 0, 0, 0, 0, 0, 0, 0, 0, 0, 0, 1, 0, 0, 0, 0, 0, 0, 0, 1, 0, 0, 0, 0, 0, 0, 0, 0, 0, 0, 0, 0, 0, 0, 0, 