0, 1, 0, 0, 0, 0, 0, 0, 0, 0, 0, 0, 0, 0, 0, 0, 1, 0, 0, 1, 1, 0, 0, 0, 0, 1, 5, 0, 3, 1, 3, 0, 2, 1, 2, 0, 3, 7, 6, 1, 1, 3, 2, 2, 1, 1, 0, 1, 0, 2, 1, 5, 1, 11, 2, 0, 1, 0, 2, 0, 1, 1, 1, 0, 0, 0, 1, 0, 0, 1, 0, 0, 1, 5, 4, 0, 0, 0, 0, 0, 0, 1, 0, 0, 0, 1, 0, 0, 0, 1, 0, 0, 0, 0, 0, 0, 0, 0, 0, 0, 0, 0, 0, 0, 0, 1, 0, 0, 0, 2, 0, 0, 0, 
1, 1, 0, 0, 0, 1, 2, 1, 0, 1, 1, 0, 1, 0, 0, 0, 0, 0, 0, 0, 0, 0, 0, 0, 1, 1, 0, 0, 1, 0, 0, 3, 0, 16, 2, 1, 1, 1, 0, 1, 1, 0, 2, 1, 1, 0, 1, 0, 0, 1, 4, 2, 2, 10, 3, 0, 2, 1, 1, 1, 1, 1, 0, 1, 1, 5, 3, 8, 1, 6, 3, 4, 0, 2, 6, 2, 0, 2, 0, 0, 0, 1, 0, 0, 0, 2, 0, 0, 0, 0, 0, 0, 0, 0, 0, 0, 0, 0, 0, 0, 0, 0, 0, 0, 0, 0, 0, 0, 0, 1, 0, 0, 0, 
2, 0, 0, 0, 0, 0, 2, 0, 0, 0, 0, 0, 0, 0, 1, 0, 0, 0, 0, 0, 0, 3, 0, 0, 0, 0, 4, 2, 1, 0, 0, 0, 0, 22, 1, 3, 1, 1, 1, 1, 0, 1, 0, 2, 0, 1, 4, 0, 3, 8, 1, 5, 2, 11, 3, 1, 2, 4, 3, 1, 4, 1, 1, 3, 3, 8, 3, 2, 5, 14, 1, 1, 2, 2, 6, 6, 0, 0, 0, 0, 0, 1, 0, 0, 0, 0, 0, 0, 0, 1, 0, 0, 0, 2, 0, 0, 0, 0, 0, 0, 0, 0, 0, 0, 0, 0, 0, 0, 0, 1, 0, 0, 0, 
3, 2, 1, 0, 1, 0, 0, 0, 1, 1, 2, 3, 0, 1, 0, 0, 0, 0, 0, 0, 0, 0, 0, 0, 0, 0, 1, 1, 2, 1, 1, 1, 0, 28, 1, 4, 1, 2, 1, 0, 0, 1, 0, 2, 1, 2, 2, 2, 4, 14, 2, 2, 1, 7, 2, 0, 1, 5, 4, 3, 4, 0, 1, 1, 0, 13, 10, 5, 6, 20, 2, 1, 2, 1, 7, 4, 3, 1, 0, 0, 0, 2, 0, 0, 0, 0, 0, 0, 0, 1, 0, 0, 0, 2, 0, 0, 0, 3, 0, 0, 0, 3, 0, 0, 0, 0, 0, 0, 0, 0, 0, 0, 0, 
4, 0, 4, 1, 0, 1, 0, 0, 0, 0, 0, 0, 1, 0, 0, 0, 0, 0, 1, 0, 1, 0, 0, 1, 0, 3, 1, 2, 2, 4, 1, 1, 0, 41, 2, 1, 3, 2, 0, 0, 0, 2, 0, 1, 0, 6, 5, 5, 3, 19, 2, 4, 3, 7, 2, 4, 3, 5, 3, 2, 4, 3, 1, 0, 1, 6, 7, 13, 7, 18, 2, 0, 1, 16, 5, 7, 6, 1, 0, 0, 0, 0, 0, 0, 0, 0, 0, 0, 0, 0, 0, 0, 0, 0, 0, 0, 0, 0, 0, 0, 0, 2, 0, 0, 0, 4, 0, 0, 0, 1, 0, 0, 0, 
5, 2, 2, 0, 0, 2, 0, 1, 0, 0, 0, 0, 0, 2, 2, 0, 0, 0, 0, 0, 0, 2, 0, 0, 1, 0, 0, 0, 0, 1, 0, 1, 1, 46, 2, 2, 1, 6, 2, 1, 2, 2, 3, 3, 0, 2, 0, 2, 3, 23, 0, 4, 0, 11, 10, 3, 1, 4, 5, 5, 2, 0, 2, 2, 0, 3, 6, 6, 8, 14, 5, 2, 2, 25, 10, 5, 6, 0, 0, 0, 0, 0, 0, 0, 0, 0, 0, 0, 0, 0, 0, 0, 0, 1, 0, 0, 0, 0, 0, 0, 0, 1, 0, 0, 0, 0, 0, 0, 0, 1, 0, 0, 0, 
6, 2, 0, 0, 0, 0, 0, 0, 1, 0, 0, 2, 0, 0, 0, 1, 0, 0, 0, 1, 0, 0, 0, 0, 0, 6, 4, 2, 1, 3, 0, 3, 1, 34, 1, 1, 1, 2, 2, 4, 5, 7, 4, 11, 0, 1, 0, 1, 0, 19, 2, 0, 1, 12, 0, 2, 2, 4, 5, 5, 5, 1, 0, 0, 1, 2, 5, 3, 6, 2, 5, 4, 0, 40, 2, 1, 1, 0, 0, 0, 0, 1, 0, 0, 0, 0, 0, 0, 0, 4, 0, 0, 0, 0, 0, 0, 0, 0, 0, 0, 0, 1, 0, 0, 0, 0, 0, 0, 0, 1, 0, 0, 0, 
7, 0, 0, 0, 0, 0, 0, 1, 1, 1, 0, 1, 0, 0, 0, 1, 1, 0, 0, 0, 1, 1, 0, 1, 0, 3, 1, 2, 2, 0, 0, 3, 0, 35, 6, 3, 0, 7, 5, 6, 4, 8, 7, 10, 4, 1, 0, 0, 1, 1, 3, 4, 5, 8, 3, 8, 6, 2, 7, 3, 4, 1, 1, 2, 0, 3, 3, 5, 3, 0, 1, 2, 0, 24, 10, 8, 1, 0, 0, 0, 0, 1, 0, 0, 0, 1, 0, 0, 0, 0, 0, 0, 0, 2, 0, 0, 0, 1, 0, 0, 0, 0, 0, 0, 0, 0, 0, 0, 0, 0, 0, 0, 0, 
8, 0, 0, 2, 0, 3, 0, 2, 2, 0, 1, 0, 0, 0, 0, 0, 0, 0, 2, 0, 0, 1, 1, 0, 0, 8, 6, 1, 0, 8, 3, 0, 1, 39, 1, 3, 1, 4, 6, 5, 1, 14, 8, 5, 5, 4, 1, 1, 5, 3, 3, 1, 2, 4, 8, 11, 6, 3, 6, 6, 6, 7, 4, 5, 0, 5, 2, 2, 1, 0, 4, 0, 2, 31, 7, 1, 2, 0, 0, 0, 0, 1, 0, 0, 0, 1, 0, 0, 0, 1, 0, 0, 0, 2, 0, 0, 0, 0, 0, 0, 0, 3, 0, 0, 0, 0, 0, 0, 0, 1, 0, 0, 0, 
9, 0, 0, 1, 1, 0, 0, 0, 0, 1, 0, 0, 0, 0, 1, 0, 0, 0, 2, 0, 0, 0, 1, 0, 1, 21, 1, 1, 1, 13, 4, 2, 2, 23, 0, 0, 0, 4, 6, 11, 2, 13, 2, 4, 6, 0, 1, 2, 1, 1, 2, 4, 4, 2, 9, 2, 5, 12, 7, 4, 5, 1, 2, 3, 0, 0, 1, 0, 2, 0, 0, 0, 1, 24, 7, 3, 4, 2, 0, 0, 0, 0, 0, 0, 0, 1, 0, 0, 0, 1, 0, 0, 0, 0, 0, 0, 0, 0, 0, 0, 0, 0, 0, 0, 0, 0, 0, 0, 0, 1, 0, 0, 0, 
10, 1, 2, 2, 0, 1, 1, 1, 0, 1, 0, 0, 0, 0, 0, 0, 0, 0, 0, 0, 0, 0, 0, 0, 2, 27, 0, 1, 1, 24, 1, 1, 3, 14, 2, 1, 1, 3, 3, 4, 5, 1, 5, 8, 6, 0, 1, 0, 3, 0, 0, 0, 0, 9, 2, 7, 4, 7, 9, 5, 6, 10, 7, 5, 2, 0, 1, 0, 0, 3, 1, 2, 2, 33, 4, 4, 3, 1, 0, 0, 0, 1, 0, 0, 0, 1, 0, 0, 0, 0, 0, 0, 0, 2, 0, 0, 0, 0, 0, 0, 0, 2, 0, 0, 0, 0, 0, 0, 0, 1, 0, 0, 0, 
11, 0, 0, 0, 0, 0, 1, 0, 0, 0, 2, 4, 1, 0, 0, 0, 1, 0, 0, 0, 0, 0, 0, 0, 0, 18, 1, 3, 0, 32, 4, 2, 2, 10, 1, 0, 1, 2, 4, 1, 2, 7, 5, 7, 5, 1, 1, 1, 1, 2, 2, 1, 1, 2, 2, 3, 2, 3, 9, 5, 9, 13, 4, 7, 4, 1, 1, 3, 0, 3, 2, 1, 2, 43, 6, 3, 6, 0, 0, 0, 0, 2, 0, 0, 0, 0, 0, 0, 0, 0, 0, 0, 0, 1, 0, 0, 0, 0, 0, 0, 0, 0, 0, 0, 0, 2, 0, 0, 0, 0, 0, 0, 0, 
12, 0, 0, 0, 1, 0, 0, 1, 0, 0, 1, 0, 0, 0, 0, 0, 0, 1, 0, 0, 0, 0, 0, 0, 0, 34, 1, 2, 2, 36, 3, 0, 1, 2, 0, 2, 0, 2, 6, 0, 0, 4, 2, 5, 3, 5, 2, 2, 2, 0, 0, 1, 1, 0, 1, 0, 0, 7, 4, 9, 7, 6, 6, 8, 6, 4, 2, 1, 1, 3, 0, 1, 1, 49, 6, 7, 4, 2, 0, 0, 0, 0, 0, 0, 0, 0, 0, 0, 0, 3, 0, 0, 0, 0, 0, 0, 0, 0, 0, 0, 0, 1, 0, 0, 0, 3, 0, 0, 0, 1, 0, 0, 0, 
13, 0, 0, 0, 0, 0, 1, 2, 0, 0, 0, 0, 0, 0, 0, 0, 0, 0, 0, 0, 0, 0, 2, 0, 1, 36, 1, 0, 2, 33, 3, 1, 0, 1, 2, 0, 0, 0, 1, 0, 0, 0, 1, 0, 3, 12, 1, 1, 3, 3, 0, 2, 0, 1, 2, 1, 0, 16, 5, 7, 10, 10, 11, 4, 9, 1, 1, 0, 1, 6, 0, 0, 2, 55, 8, 4, 3, 2, 0, 0, 0, 2, 0, 0, 0, 1, 0, 0, 0, 1, 0, 0, 0, 2, 0, 0, 0, 0, 0, 0, 0, 1, 0, 0, 0, 1, 0, 0, 0, 1, 0, 0, 0, 
14, 0, 0, 0, 0, 1, 0, 0, 0, 0, 1, 0, 0, 1, 0, 0, 1, 1, 0, 0, 0, 0, 1, 0, 0, 42, 6, 1, 5, 38, 2, 0, 1, 1, 2, 0, 0, 1, 4, 0, 1, 2, 1, 0, 0, 6, 1, 3, 0, 6, 6, 6, 2, 0, 0, 2, 0, 10, 11, 3, 5, 20, 14, 8, 7, 0, 2, 0, 1, 1, 1, 1, 2, 48, 7, 3, 1, 0, 0, 0, 0, 0, 0, 0, 0, 2, 0, 0, 0, 0, 0, 0, 0, 1, 0, 0, 0, 0, 0, 0, 0, 0, 0, 0, 0, 0, 0, 0, 0, 0, 0, 0, 0, 
15, 0, 0, 0, 1, 0, 2, 1, 1, 1, 0, 0, 0, 0, 1, 1, 1, 1, 0, 0, 0, 0, 0, 1, 1, 53, 0, 0, 0, 26, 1, 1, 1, 0, 0, 0, 0, 2, 0, 0, 1, 2, 1, 3, 2, 10, 5, 1, 1, 11, 2, 5, 3, 0, 0, 1, 0, 9, 6, 3, 9, 35, 4, 2, 5, 0, 0, 2, 0, 1, 2, 2, 2, 57, 2, 6, 8, 0, 0, 0, 0, 3, 0, 0, 0, 0, 0, 0, 0, 0, 0, 0, 0, 1, 0, 0, 0, 1, 0, 0, 0, 0, 0, 0, 0, 1, 0, 0, 0, 2, 0, 0, 0, 
16, 0, 0, 0, 0, 2, 0, 1, 0, 1, 0, 0, 1, 0, 1, 1, 0, 2, 0, 2, 0, 1, 1, 1, 0, 40, 4, 1, 0, 28, 0, 1, 0, 3, 2, 3, 1, 2, 0, 1, 0, 0, 0, 1, 0, 22, 3, 0, 2, 12, 7, 3, 4, 1, 4, 3, 4, 3, 7, 5, 8, 27, 10, 4, 9, 2, 2, 1, 1, 1, 1, 0, 2, 53, 2, 3, 6, 0, 0, 0, 0, 1, 0, 0, 0, 1, 0, 0, 0, 0, 0, 0, 0, 1, 0, 0, 0, 0, 0, 0, 0, 0, 0, 0, 0, 1, 0, 0, 0, 0, 0, 0, 0, 
17, 0, 0, 0, 0, 0, 0, 0, 0, 0, 0, 0, 1, 0, 0, 0, 0, 0, 0, 0, 0, 2, 0, 0, 2, 49, 2, 1, 1, 32, 3, 1, 4, 2, 1, 4, 3, 4, 2, 2, 1, 0, 1, 5, 1, 15, 3, 3, 3, 1, 1, 4, 4, 4, 1, 4, 9, 8, 4, 9, 8, 26, 11, 10, 8, 0, 0, 4, 0, 4, 3, 1, 1, 56, 4, 7, 6, 0, 0, 0, 0, 2, 0, 0, 0, 0, 0, 0, 0, 1, 0, 0, 0, 0, 0, 0, 0, 1, 0, 0, 0, 1, 0, 0, 0, 2, 0, 0, 0, 2, 0, 0, 0, 
18, 0, 0, 0, 0, 0, 2, 2, 1, 0, 0, 0, 1, 0, 3, 0, 1, 0, 1, 3, 1, 0, 0, 1, 0, 43, 1, 2, 0, 29, 5, 4, 0, 0, 0, 0, 1, 0, 0, 2, 0, 6, 0, 2, 1, 25, 4, 3, 1, 0, 0, 0, 1, 5, 3, 5, 4, 6, 9, 6, 5, 37, 6, 12, 3, 2, 1, 1, 0, 2, 1, 7, 1, 51, 9, 2, 4, 0, 0, 0, 0, 0, 0, 0, 0, 0, 0, 0, 0, 1, 0, 0, 0, 0, 0, 0, 0, 0, 0, 0, 0, 0, 0, 0, 0, 0, 0, 0, 0, 0, 0, 0, 0, 
19, 0, 0, 0, 0, 2, 0, 2, 0, 3, 1, 0, 1, 2, 1, 1, 0, 0, 0, 0, 0, 0, 1, 0, 0, 44, 5, 0, 0, 35, 3, 2, 0, 4, 2, 2, 1, 2, 2, 3, 2, 1, 0, 2, 1, 27, 3, 1, 2, 0, 1, 1, 1, 0, 2, 0, 0, 10, 10, 6, 1, 40, 8, 7, 3, 2, 7, 3, 2, 2, 4, 2, 2, 55, 6, 5, 3, 0, 0, 0, 0, 2, 0, 0, 0, 0, 0, 0, 0, 0, 0, 0, 0, 0, 0, 0, 0, 0, 0, 0, 0, 1, 0, 0, 0, 3, 0, 0, 0, 1, 0, 0, 0, 
20, 3, 2, 1, 1, 1, 0, 0, 0, 0, 0, 0, 0, 0, 0, 0, 0, 1, 0, 0, 0, 0, 0, 1, 0, 26, 1, 2, 0, 12, 3, 4, 1, 3, 3, 2, 0, 7, 5, 2, 2, 0, 5, 4, 3, 37, 1, 1, 0, 3, 3, 3, 1, 3, 2, 1, 1, 2, 2, 5, 1, 48, 6, 5, 6, 2, 1, 3, 2, 3, 4, 8, 3, 61, 9, 5, 5, 1, 0, 0, 0, 0, 0, 0, 0, 0, 0, 0, 0, 0, 0, 0, 0, 0, 0, 0, 0, 0, 0, 0, 0, 0, 0, 0, 0, 1, 0, 0, 0, 1, 0, 0, 0, 
21, 2, 0, 0, 0, 2, 0, 0, 0, 0, 1, 1, 1, 0, 0, 0, 0, 0, 1, 0, 0, 1, 1, 1, 1, 44, 2, 0, 0, 14, 0, 0, 1, 1, 5, 2, 1, 0, 0, 2, 0, 2, 2, 0, 2, 35, 4, 1, 0, 1, 2, 1, 2, 2, 4, 2, 3, 4, 7, 3, 1, 40, 9, 6, 5, 2, 0, 1, 1, 3, 2, 4, 3, 58, 3, 3, 6, 0, 0, 0, 0, 3, 0, 0, 0, 0, 0, 0, 0, 1, 0, 0, 0, 2, 0, 0, 0, 0, 0, 0, 0, 0, 0, 0, 0, 1, 0, 0, 0, 4, 0, 0, 0, 
22, 1, 0, 0, 0, 0, 0, 1, 0, 1, 2, 2, 1, 1, 0, 0, 0, 0, 1, 1, 0, 2, 0, 0, 0, 28, 1, 0, 0, 2, 0, 1, 0, 3, 2, 4, 4, 0, 1, 1, 0, 0, 0, 0, 0, 36, 3, 0, 2, 0, 3, 1, 2, 15, 7, 3, 5, 2, 1, 0, 0, 40, 11, 7, 7, 2, 1, 0, 1, 10, 7, 7, 6, 60, 6, 5, 4, 0, 0, 0, 0, 1, 0, 0, 0, 1, 0, 0, 0, 1, 0, 0, 0, 3, 0, 0, 0, 0, 0, 0, 0, 1, 0, 0, 0, 0, 0, 0, 0, 0, 0, 0, 0, 
23, 0, 0, 0, 0, 2, 1, 0, 1, 1, 2, 0, 0, 0, 0, 1, 0, 0, 0, 0, 1, 0, 0, 0, 2, 23, 3, 1, 0, 5, 4, 5, 1, 7, 6, 10, 9, 4, 1, 2, 3, 2, 2, 2, 4, 33, 2, 1, 0, 7, 7, 9, 5, 25, 4, 3, 1, 2, 2, 3, 2, 49, 12, 7, 5, 0, 0, 0, 0, 7, 9, 3, 3, 57, 4, 9, 2, 0, 0, 0, 0, 1, 0, 0, 0, 1, 0, 0, 0, 1, 0, 0, 0, 0, 0, 0, 0, 0, 0, 0, 0, 0, 0, 0, 0, 0, 0, 0, 0, 2, 0, 0, 0, 
24, 1, 0, 3, 1, 1, 2, 0, 1, 0, 1, 0, 0, 0, 0, 0, 1, 1, 2, 0, 1, 0, 2, 0, 2, 35, 0, 4, 2, 4, 5, 6, 1, 6, 8, 10, 4, 2, 2, 3, 3, 0, 0, 0, 0, 26, 1, 1, 1, 6, 4, 9, 8, 19, 3, 1, 4, 3, 1, 1, 0, 51, 7, 9, 7, 6, 2, 1, 2, 1, 5, 3, 4, 48, 3, 1, 1, 0, 0, 0, 0, 0, 0, 0, 0, 0, 0, 0, 0, 0, 0, 0, 0, 0, 0, 0, 0, 0, 0, 0, 0, 0, 0, 0, 0, 0, 0, 0, 0, 1, 0, 0, 0, 
25, 0, 1, 0, 0, 0, 0, 0, 0, 0, 0, 0, 1, 2, 1, 2, 0, 1, 0, 1, 0, 0, 0, 1, 1, 46, 4, 4, 2, 3, 5, 3, 3, 6, 6, 5, 6, 2, 1, 1, 1, 0, 1, 0, 0, 25, 0, 4, 2, 4, 3, 10, 6, 11, 1, 1, 5, 0, 0, 1, 0, 61, 7, 5, 6, 0, 5, 1, 5, 6, 1, 3, 3, 39, 7, 7, 4, 0, 0, 0, 0, 0, 0, 0, 0, 2, 0, 0, 0, 0, 0, 0, 0, 0, 0, 0, 0, 0, 0, 0, 0, 1, 0, 0, 0, 1, 0, 0, 0, 1, 0, 0, 0, 
26, 1, 0, 2, 2, 0, 0, 0, 0, 0, 0, 0, 0, 1, 1, 1, 0, 0, 1, 0, 1, 2, 0, 0, 0, 47, 1, 0, 1, 3, 4, 3, 4, 7, 7, 7, 4, 1, 0, 0, 1, 12, 4, 1, 1, 28, 1, 0, 1, 7, 9, 6, 5, 15, 4, 3, 7, 13, 7, 5, 2, 52, 6, 6, 2, 0, 1, 1, 0, 4, 0, 5, 2, 46, 12, 6, 2, 2, 0, 0, 0, 1, 0, 0, 0, 1, 0, 0, 0, 0, 0, 0, 0, 3, 0, 0, 0, 0, 0, 0, 0, 0, 0, 0, 0, 0, 0, 0, 0, 2, 0, 0, 0, 
27, 0, 1, 0, 0, 0, 0, 3, 0, 0, 0, 0, 0, 0, 0, 0, 0, 1, 1, 1, 0, 1, 0, 1, 0, 49, 0, 0, 2, 4, 2, 1, 1, 5, 10, 6, 5, 6, 2, 3, 5, 2, 1, 3, 2, 11, 2, 0, 3, 4, 5, 3, 5, 19, 6, 10, 3, 14, 6, 0, 0, 35, 7, 7, 3, 2, 1, 0, 3, 2, 0, 3, 4, 47, 5, 6, 7, 3, 0, 0, 0, 0, 0, 0, 0, 0, 0, 0, 0, 1, 0, 0, 0, 0, 0, 0, 0, 0, 0, 0, 0, 3, 0, 0, 0, 2, 0, 0, 0, 1, 0, 0, 0, 
28, 0, 1, 2, 0, 1, 1, 0, 1, 1, 0, 0, 1, 0, 0, 0, 0, 0, 0, 0, 0, 0, 1, 0, 0, 63, 0, 2, 2, 0, 1, 1, 0, 17, 6, 6, 8, 19, 4, 3, 1, 3, 3, 5, 2, 15, 5, 2, 3, 3, 4, 2, 3, 23, 4, 2, 3, 9, 5, 1, 2, 37, 9, 3, 4, 0, 1, 3, 0, 3, 3, 2, 0, 50, 4, 5, 1, 7, 0, 0, 0, 1, 0, 0, 0, 1, 0, 0, 0, 0, 0, 0, 0, 1, 0, 0, 0, 0, 0, 0, 0, 0, 0, 0, 0, 0, 0, 0, 0, 0, 0, 0, 0, 
29, 0, 0, 0, 0, 0, 2, 0, 0, 1, 0, 1, 1, 2, 1, 1, 0, 0, 0, 0, 0, 1, 0, 0, 1, 51, 3, 4, 1, 1, 1, 1, 5, 13, 4, 15, 7, 10, 0, 3, 1, 0, 0, 0, 0, 23, 2, 3, 1, 4, 0, 4, 3, 35, 0, 4, 3, 10, 2, 0, 3, 23, 5, 11, 9, 3, 2, 2, 0, 2, 0, 0, 0, 42, 7, 6, 6, 0, 0, 0, 0, 1, 0, 0, 0, 4, 0, 0, 0, 2, 0, 0, 0, 0, 0, 0, 0, 0, 0, 0, 0, 0, 0, 0, 0, 0, 0, 0, 0, 2, 0, 0, 0, 
30, 0, 1, 3, 1, 0, 2, 0, 0, 0, 0, 0, 0, 1, 2, 1, 0, 0, 0, 0, 1, 0, 2, 1, 0, 59, 2, 1, 0, 1, 5, 4, 3, 14, 5, 6, 3, 1, 1, 1, 0, 4, 3, 2, 0, 31, 1, 2, 1, 3, 4, 2, 3, 31, 6, 4, 2, 10, 5, 5, 1, 41, 4, 5, 6, 3, 0, 1, 1, 7, 4, 6, 1, 57, 1, 2, 1, 3, 0, 0, 0, 1, 0, 0, 0, 0, 0, 0, 0, 0, 0, 0, 0, 1, 0, 0, 0, 0, 0, 0, 0, 0, 0, 0, 0, 1, 0, 0, 0, 2, 0, 0, 0, 
31, 0, 0, 1, 0, 2, 1, 0, 1, 0, 0, 0, 0, 1, 0, 1, 1, 0, 0, 1, 0, 0, 0, 0, 1, 69, 3, 2, 1, 3, 4, 2, 4, 10, 8, 9, 8, 3, 2, 4, 5, 2, 1, 3, 2, 25, 3, 1, 3, 0, 0, 0, 0, 29, 3, 5, 3, 8, 5, 1, 2, 31, 7, 4, 4, 2, 2, 2, 2, 7, 7, 6, 6, 59, 8, 6, 4, 1, 0, 0, 0, 0, 0, 0, 0, 1, 0, 0, 0, 1, 0, 0, 0, 0, 0, 0, 0, 0, 0, 0, 0, 0, 0, 0, 0, 1, 0, 0, 0, 1, 0, 0, 0, 
32, 1, 0, 0, 0, 0, 1, 1, 0, 0, 0, 2, 1, 1, 0, 0, 0, 0, 0, 0, 0, 2, 0, 0, 0, 68, 1, 2, 1, 3, 2, 2, 4, 7, 6, 7, 3, 4, 8, 2, 4, 1, 1, 2, 0, 6, 1, 1, 3, 1, 1, 0, 1, 24, 6, 1, 2, 20, 4, 3, 4, 43, 9, 6, 4, 2, 1, 0, 2, 7, 6, 6, 7, 56, 5, 6, 2, 2, 0, 0, 0, 1, 0, 0, 0, 2, 0, 0, 0, 1, 0, 0, 0, 2, 0, 0, 0, 0, 0, 0, 0, 0, 0, 0, 0, 2, 0, 0, 0, 1, 0, 0, 0, 
33, 0, 0, 0, 0, 0, 0, 0, 0, 0, 0, 0, 1, 2, 0, 0, 0, 0, 0, 0, 0, 0, 0, 0, 0, 75, 4, 2, 2, 0, 0, 0, 0, 9, 0, 5, 9, 4, 4, 4, 4, 2, 1, 1, 3, 11, 3, 2, 1, 2, 5, 4, 5, 17, 2, 0, 3, 5, 5, 1, 1, 32, 11, 7, 6, 6, 3, 1, 2, 2, 3, 3, 3, 57, 4, 4, 2, 2, 0, 0, 0, 3, 0, 0, 0, 3, 0, 0, 0, 1, 0, 0, 0, 3, 0, 0, 0, 1, 0, 0, 0, 1, 0, 0, 0, 2, 0, 0, 0, 1, 0, 0, 0, 
34, 1, 1, 2, 1, 2, 0, 1, 0, 0, 0, 0, 0, 0, 0, 0, 3, 2, 0, 0, 0, 0, 1, 0, 0, 73, 1, 1, 1, 12, 3, 3, 1, 2, 5, 3, 5, 0, 7, 4, 2, 0, 0, 1, 1, 11, 3, 3, 0, 6, 7, 7, 4, 9, 4, 4, 5, 3, 1, 2, 1, 37, 9, 7, 9, 2, 1, 0, 0, 2, 3, 1, 2, 63, 7, 4, 5, 1, 0, 0, 0, 0, 0, 0, 0, 0, 0, 0, 0, 1, 0, 0, 0, 2, 0, 0, 0, 1, 0, 0, 0, 0, 0, 0, 0, 0, 0, 0, 0, 1, 0, 0, 0, 
35, 1, 0, 0, 0, 0, 0, 1, 2, 3, 0, 4, 2, 1, 1, 2, 0, 1, 0, 3, 0, 0, 3, 2, 1, 76, 2, 2, 0, 12, 0, 1, 4, 0, 3, 2, 1, 4, 2, 2, 2, 6, 0, 0, 0, 19, 3, 2, 1, 9, 6, 10, 7, 7, 3, 4, 4, 1, 2, 3, 0, 46, 8, 1, 5, 2, 0, 0, 1, 3, 1, 1, 2, 59, 6, 2, 8, 3, 0, 0, 0, 1, 0, 0, 0, 0, 0, 0, 0, 2, 0, 0, 0, 1, 0, 0, 0, 0, 0, 0, 0, 0, 0, 0, 0, 0, 0, 0, 0, 1, 0, 0, 0, 
36, 0, 0, 0, 0, 0, 0, 0, 0, 1, 1, 1, 0, 1, 0, 0, 0, 1, 1, 0, 0, 1, 1, 0, 0, 89, 0, 1, 1, 6, 5, 2, 1, 0, 0, 1, 0, 6, 6, 2, 3, 4, 1, 1, 2, 13, 3, 4, 2, 4, 2, 2, 2, 12, 1, 6, 4, 0, 2, 1, 0, 39, 9, 10, 3, 8, 4, 5, 2, 0, 8, 1, 0, 61, 12, 4, 6, 2, 0, 0, 0, 3, 0, 0, 0, 2, 0, 0, 0, 0, 0, 0, 0, 1, 0, 0, 0, 1, 0, 0, 0, 1, 0, 0, 0, 1, 0, 0, 0, 1, 0, 0, 0, 
37, 1, 1, 0, 0, 0, 1, 0, 0, 0, 1, 1, 1, 0, 0, 1, 0, 0, 0, 0, 0, 0, 1, 0, 0, 80, 4, 0, 0, 0, 1, 2, 3, 0, 0, 1, 0, 4, 2, 6, 8, 0, 1, 1, 0, 19, 3, 2, 1, 7, 4, 6, 1, 7, 3, 3, 4, 3, 1, 2, 1, 39, 6, 6, 6, 9, 4, 4, 2, 6, 4, 3, 6, 65, 6, 7, 2, 0, 0, 0, 0, 1, 0, 0, 0, 0, 0, 0, 0, 2, 0, 0, 0, 1, 0, 0, 0, 0, 0, 0, 0, 0, 0, 0, 0, 0, 0, 0, 0, 3, 0, 0, 0, 
38, 0, 1, 1, 0, 0, 1, 0, 0, 0, 0, 0, 1, 1, 0, 0, 0, 1, 0, 0, 0, 1, 0, 1, 0, 78, 2, 2, 0, 0, 1, 2, 1, 1, 3, 2, 1, 9, 14, 11, 13, 2, 1, 2, 1, 5, 2, 1, 1, 2, 1, 2, 5, 5, 2, 4, 2, 1, 2, 3, 2, 30, 7, 6, 5, 13, 5, 2, 3, 6, 3, 2, 8, 81, 4, 3, 4, 3, 0, 0, 0, 0, 0, 0, 0, 0, 0, 0, 0, 0, 0, 0, 0, 0, 0, 0, 0, 0, 0, 0, 0, 1, 0, 0, 0, 2, 0, 0, 0, 0, 0, 0, 0, 
39, 0, 0, 1, 0, 0, 0, 0, 1, 5, 1, 0, 1, 0, 0, 1, 0, 1, 0, 0, 0, 0, 0, 0, 1, 73, 1, 1, 1, 1, 1, 0, 0, 3, 1, 2, 1, 9, 8, 10, 9, 3, 1, 0, 2, 6, 7, 1, 8, 1, 1, 0, 0, 15, 6, 5, 3, 1, 3, 5, 3, 26, 7, 8, 4, 15, 1, 0, 1, 8, 2, 7, 5, 80, 4, 1, 2, 0, 0, 0, 0, 1, 0, 0, 0, 0, 0, 0, 0, 0, 0, 0, 0, 0, 0, 0, 0, 1, 0, 0, 0, 0, 0, 0, 0, 0, 0, 0, 0, 3, 0, 0, 0, 
40, 1, 0, 1, 0, 0, 0, 0, 1, 1, 1, 0, 1, 2, 0, 0, 0, 0, 0, 0, 0, 1, 1, 1, 2, 71, 0, 1, 2, 2, 1, 0, 1, 2, 5, 2, 1, 13, 7, 8, 4, 0, 3, 0, 3, 3, 3, 2, 2, 0, 1, 1, 0, 12, 6, 7, 2, 5, 2, 5, 7, 30, 5, 11, 5, 23, 2, 2, 1, 4, 3, 4, 2, 70, 4, 2, 4, 2, 0, 0, 0, 2, 0, 0, 0, 4, 0, 0, 0, 0, 0, 0, 0, 0, 0, 0, 0, 0, 0, 0, 0, 1, 0, 0, 0, 1, 0, 0, 0, 0, 0, 0, 0, 
41, 0, 1, 1, 0, 1, 0, 1, 0, 0, 0, 0, 0, 0, 0, 2, 1, 0, 0, 0, 0, 0, 0, 0, 0, 68, 0, 3, 1, 4, 0, 0, 1, 1, 4, 0, 1, 5, 6, 2, 4, 0, 1, 1, 0, 1, 3, 6, 2, 1, 2, 1, 1, 25, 9, 3, 0, 8, 5, 7, 2, 27, 11, 3, 3, 26, 3, 0, 0, 3, 5, 2, 3, 71, 5, 4, 5, 3, 0, 0, 0, 0, 0, 0, 0, 0, 0, 0, 0, 0, 0, 0, 0, 0, 0, 0, 0, 0, 0, 0, 0, 0, 0, 0, 0, 1, 0, 0, 0, 1, 0, 0, 0, 
42, 0, 0, 2, 1, 1, 0, 3, 0, 0, 0, 1, 0, 0, 0, 0, 1, 0, 0, 0, 1, 0, 0, 2, 0, 57, 2, 0, 4, 3, 3, 0, 0, 4, 1, 3, 2, 5, 3, 4, 3, 9, 5, 2, 0, 6, 4, 4, 7, 3, 0, 1, 1, 36, 4, 3, 4, 5, 2, 8, 2, 14, 3, 4, 5, 24, 1, 3, 3, 13, 4, 5, 6, 67, 6, 3, 6, 1, 0, 0, 0, 1, 0, 0, 0, 2, 0, 0, 0, 0, 0, 0, 0, 1, 0, 0, 0, 0, 0, 0, 0, 0, 0, 0, 0, 0, 0, 0, 0, 0, 0, 0, 0, 
43, 0, 0, 1, 1, 3, 1, 0, 0, 3, 1, 0, 0, 0, 0, 0, 0, 0, 0, 0, 0, 1, 1, 0, 2, 48, 6, 0, 2, 13, 2, 2, 0, 0, 1, 0, 0, 2, 1, 4, 2, 13, 3, 3, 0, 5, 7, 7, 4, 3, 1, 2, 1, 45, 0, 0, 2, 1, 4, 3, 1, 10, 9, 9, 4, 11, 4, 3, 2, 29, 4, 1, 6, 76, 1, 3, 6, 0, 0, 0, 0, 0, 0, 0, 0, 0, 0, 0, 0, 1, 0, 0, 0, 1, 0, 0, 0, 0, 0, 0, 0, 0, 0, 0, 0, 1, 0, 0, 0, 3, 0, 0, 0, 
44, 3, 0, 1, 0, 0, 0, 1, 0, 1, 0, 0, 0, 1, 0, 0, 0, 0, 0, 1, 0, 0, 1, 1, 0, 46, 4, 0, 0, 12, 2, 1, 0, 3, 3, 1, 1, 1, 6, 5, 6, 18, 3, 0, 0, 6, 7, 3, 4, 0, 0, 0, 0, 41, 3, 1, 1, 0, 2, 0, 1, 10, 9, 9, 3, 11, 2, 0, 4, 22, 7, 2, 3, 74, 4, 3, 5, 0, 0, 0, 0, 1, 0, 0, 0, 1, 0, 0, 0, 0, 0, 0, 0, 0, 0, 0, 0, 0, 0, 0, 0, 0, 0, 0, 0, 0, 0, 0, 0, 2, 0, 0, 0, 
45, 0, 0, 0, 0, 0, 0, 1, 0, 1, 0, 0, 0, 0, 0, 0, 1, 0, 0, 0, 0, 0, 0, 0, 1, 43, 1, 0, 2, 19, 0, 0, 0, 17, 5, 5, 2, 6, 3, 10, 8, 11, 4, 1, 0, 9, 2, 5, 5, 1, 0, 0, 1, 34, 4, 1, 2, 2, 0, 0, 3, 9, 8, 5, 10, 2, 1, 0, 1, 10, 3, 1, 4, 69, 1, 4, 1, 2, 0, 0, 0, 2, 0, 0, 0, 2, 0, 0, 0, 1, 0, 0, 0, 3, 0, 0, 0, 0, 0, 0, 0, 0, 0, 0, 0, 0, 0, 0, 0, 2, 0, 0, 0, 
46, 0, 0, 1, 0, 1, 1, 1, 0, 0, 0, 0, 1, 0, 1, 0, 0, 0, 0, 0, 0, 0, 0, 0, 0, 31, 3, 4, 1, 15, 1, 2, 0, 15, 2, 4, 5, 22, 1, 8, 4, 31, 0, 2, 0, 16, 2, 2, 6, 2, 1, 1, 1, 33, 1, 3, 2, 0, 2, 1, 1, 6, 9, 5, 7, 9, 0, 1, 1, 4, 2, 1, 3, 62, 8, 7, 5, 0, 0, 0, 0, 1, 0, 0, 0, 1, 0, 0, 0, 1, 0, 0, 0, 0, 0, 0, 0, 0, 0, 0, 0, 2, 0, 0, 0, 0, 0, 0, 0, 0, 0, 0, 0, 
47, 3, 2, 0, 5, 0, 0, 0, 1, 0, 0, 0, 0, 2, 0, 0, 1, 0, 0, 0, 0, 0, 1, 2, 1, 41, 3, 2, 1, 18, 0, 1, 1, 24, 7, 1, 1, 11, 5, 4, 6, 25, 6, 4, 0, 6, 3, 2, 3, 4, 2, 1, 0, 34, 2, 6, 4, 12, 6, 1, 3, 8, 9, 6, 9, 0, 1, 0, 0, 3, 3, 6, 5, 67, 6, 2, 2, 0, 0, 0, 0, 2, 0, 0, 0, 0, 0, 0, 0, 1, 0, 0, 0, 1, 0, 0, 0, 1, 0, 0, 0, 0, 0, 0, 0, 0, 0, 0, 0, 1, 0, 0, 0, 
48, 1, 1, 1, 0, 1, 0, 0, 0, 0, 0, 0, 0, 0, 0, 1, 0, 0, 1, 1, 0, 2, 2, 0, 2, 46, 1, 2, 1, 3, 1, 1, 0, 19, 3, 3, 3, 19, 10, 7, 8, 46, 1, 0, 1, 4, 4, 2, 3, 2, 0, 2, 4, 34, 1, 1, 1, 21, 0, 0, 1, 5, 5, 8, 4, 0, 3, 3, 1, 6, 9, 5, 3, 73, 9, 5, 4, 0, 0, 0, 0, 1, 0, 0, 0, 0, 0, 0, 0, 0, 0, 0, 0, 1, 0, 0, 0, 0, 0, 0, 0, 0, 0, 0, 0, 0, 0, 0, 0, 0, 0, 0, 0, 
49, 1, 1, 4, 1, 1, 0, 0, 0, 0, 0, 0, 0, 0, 0, 1, 0, 3, 0, 1, 3, 0, 0, 0, 0, 42, 2, 1, 3, 1, 0, 0, 0, 18, 4, 1, 4, 31, 12, 9, 7, 54, 2, 1, 1, 2, 5, 1, 2, 0, 0, 1, 0, 25, 2, 2, 0, 25, 3, 1, 4, 1, 0, 0, 1, 0, 0, 1, 1, 17, 2, 5, 3, 80, 2, 0, 4, 0, 0, 0, 0, 1, 0, 0, 0, 0, 0, 0, 0, 4, 0, 0, 0, 0, 0, 0, 0, 0, 0, 0, 0, 1, 0, 0, 0, 1, 0, 0, 0, 0, 0, 0, 0, 
50, 0, 0, 0, 1, 0, 0, 0, 0, 1, 1, 1, 1, 1, 1, 0, 0, 0, 0, 1, 0, 0, 0, 1, 0, 60, 4, 1, 0, 1, 1, 1, 0, 25, 8, 3, 1, 46, 10, 6, 4, 51, 3, 0, 1, 0, 0, 0, 0, 0, 3, 0, 0, 32, 3, 3, 1, 17, 1, 2, 2, 1, 0, 3, 1, 1, 0, 0, 1, 21, 5, 6, 5, 68, 8, 1, 2, 4, 0, 0, 0, 1, 0, 0, 0, 2, 0, 0, 0, 1, 0, 0, 0, 3, 0, 0, 0, 2, 0, 0, 0, 1, 0, 0, 0, 0, 0, 0, 0, 0, 0, 0, 0, 
51, 0, 0, 1, 0, 1, 1, 0, 0, 0, 0, 2, 0, 1, 2, 0, 1, 0, 0, 0, 0, 0, 2, 0, 0, 63, 2, 1, 1, 1, 1, 2, 1, 41, 2, 4, 6, 54, 5, 4, 4, 35, 2, 2, 0, 1, 4, 1, 1, 11, 0, 3, 1, 26, 4, 2, 5, 0, 0, 0, 0, 0, 1, 2, 0, 0, 0, 1, 1, 31, 4, 8, 4, 72, 2, 2, 1, 2, 0, 0, 0, 1, 0, 0, 0, 3, 0, 0, 0, 0, 0, 0, 0, 1, 0, 0, 0, 0, 0, 0, 0, 0, 0, 0, 0, 0, 0, 0, 0, 2, 0, 0, 0, 
52, 0, 1, 0, 2, 0, 0, 1, 0, 0, 0, 1, 0, 1, 0, 0, 0, 0, 0, 0, 0, 2, 1, 2, 1, 72, 2, 1, 0, 2, 1, 3, 0, 43, 1, 1, 2, 54, 4, 3, 5, 29, 2, 1, 2, 5, 0, 1, 1, 8, 2, 3, 1, 33, 1, 1, 1, 2, 2, 1, 0, 1, 0, 0, 1, 0, 0, 1, 0, 39, 8, 5, 1, 45, 10, 3, 4, 0, 0, 0, 0, 0, 0, 0, 0, 2, 0, 0, 0, 0, 0, 0, 0, 1, 0, 0, 0, 0, 0, 0, 0, 1, 0, 0, 0, 2, 0, 0, 0, 0, 0, 0, 0, 
53, 1, 1, 0, 0, 0, 0, 2, 0, 0, 1, 0, 0, 3, 0, 1, 2, 0, 1, 0, 0, 1, 0, 0, 1, 81, 5, 0, 2, 5, 4, 8, 6, 54, 0, 1, 3, 30, 7, 10, 1, 33, 1, 0, 2, 2, 1, 1, 2, 6, 0, 0, 0, 14, 2, 1, 4, 1, 4, 5, 3, 3, 0, 2, 0, 1, 1, 4, 2, 39, 13, 2, 4, 38, 5, 2, 4, 0, 0, 0, 0, 1, 0, 0, 0, 1, 0, 0, 0, 0, 0, 0, 0, 1, 0, 0, 0, 2, 0, 0, 0, 0, 0, 0, 0, 0, 0, 0, 0, 0, 0, 0, 0, 
54, 1, 0, 0, 1, 0, 0, 0, 0, 0, 0, 0, 1, 0, 1, 1, 1, 2, 0, 1, 1, 0, 0, 0, 1, 80, 1, 0, 2, 3, 7, 6, 1, 65, 2, 3, 3, 16, 4, 7, 3, 18, 0, 1, 1, 1, 2, 1, 0, 12, 2, 0, 0, 15, 5, 4, 3, 2, 4, 2, 4, 0, 0, 0, 0, 1, 1, 1, 0, 47, 2, 4, 1, 20, 4, 3, 5, 0, 0, 0, 0, 0, 0, 0, 0, 1, 0, 0, 0, 0, 0, 0, 0, 1, 0, 0, 0, 2, 0, 0, 0, 0, 0, 0, 0, 0, 0, 0, 0, 0, 0, 0, 0, 
55, 0, 3, 2, 0, 0, 0, 0, 0, 0, 0, 0, 1, 0, 1, 0, 0, 0, 0, 1, 0, 0, 0, 0, 0, 91, 1, 2, 1, 11, 6, 7, 4, 74, 5, 1, 0, 8, 8, 9, 4, 12, 6, 1, 3, 7, 2, 4, 4, 8, 2, 0, 0, 21, 5, 7, 2, 4, 3, 4, 1, 2, 2, 0, 1, 4, 4, 3, 4, 43, 5, 6, 0, 8, 1, 4, 5, 2, 0, 0, 0, 2, 0, 0, 0, 0, 0, 0, 0, 1, 0, 0, 0, 0, 0, 0, 0, 3, 0, 0, 0, 1, 0, 0, 0, 0, 0, 0, 0, 0, 0, 0, 0, 
56, 1, 1, 0, 1, 0, 1, 0, 0, 0, 1, 0, 2, 0, 1, 0, 0, 2, 0, 1, 0, 0, 0, 0, 0, 83, 0, 2, 0, 7, 9, 7, 10, 61, 1, 2, 9, 3, 7, 5, 5, 22, 5, 1, 0, 4, 0, 3, 3, 17, 0, 0, 0, 36, 4, 1, 2, 1, 2, 0, 1, 18, 4, 1, 3, 2, 1, 0, 1, 30, 2, 6, 6, 2, 3, 2, 7, 1, 0, 0, 0, 1, 0, 0, 0, 0, 0, 0, 0, 1, 0, 0, 0, 0, 0, 0, 0, 1, 0, 0, 0, 1, 0, 0, 0, 2, 0, 0, 0, 1, 0, 0, 0, 
57, 2, 1, 0, 0, 1, 0, 0, 1, 0, 0, 0, 1, 0, 0, 0, 1, 0, 1, 1, 0, 0, 0, 0, 0, 95, 5, 1, 0, 10, 6, 6, 10, 73, 2, 1, 2, 14, 10, 7, 2, 18, 3, 1, 0, 3, 1, 3, 1, 23, 0, 1, 1, 48, 1, 3, 2, 2, 0, 1, 0, 10, 6, 1, 8, 2, 4, 3, 2, 28, 2, 5, 2, 1, 2, 0, 1, 0, 0, 0, 0, 2, 0, 0, 0, 1, 0, 0, 0, 4, 0, 0, 0, 1, 0, 0, 0, 0, 0, 0, 0, 6, 0, 0, 0, 2, 0, 0, 0, 3, 0, 0, 0, 
58, 1, 0, 0, 3, 1, 0, 0, 0, 5, 3, 1, 1, 0, 1, 0, 0, 1, 0, 0, 0, 0, 0, 0, 0, 100, 5, 0, 1, 9, 5, 8, 5, 68, 6, 1, 5, 5, 4, 1, 4, 19, 4, 0, 1, 0, 0, 0, 0, 15, 0, 0, 0, 51, 2, 2, 2, 3, 6, 3, 5, 11, 4, 4, 3, 7, 5, 2, 0, 19, 4, 4, 6, 2, 0, 1, 1, 2, 0, 0, 0, 2, 0, 0, 0, 0, 0, 0, 0, 0, 0, 0, 0, 0, 0, 0, 0, 2, 0, 0, 0, 0, 0, 0, 0, 0, 0, 0, 0, 2, 0, 0, 0, 
59, 4, 2, 2, 0, 0, 0, 0, 0, 2, 0, 2, 0, 1, 0, 0, 0, 0, 0, 0, 0, 0, 1, 0, 0, 100, 2, 3, 1, 18, 7, 5, 11, 81, 3, 4, 2, 0, 2, 1, 0, 3, 1, 1, 4, 7, 1, 1, 1, 2, 1, 1, 0, 56, 0, 1, 5, 4, 11, 8, 8, 6, 3, 0, 3, 1, 4, 1, 1, 31, 3, 1, 5, 1, 0, 0, 0, 1, 0, 0, 0, 2, 0, 0, 0, 0, 0, 0, 0, 0, 0, 0, 0, 1, 0, 0, 0, 0, 0, 0, 0, 0, 0, 0, 0, 0, 0, 0, 0, 2, 0, 0, 0, 
60, 0, 0, 1, 0, 0, 0, 1, 0, 0, 0, 0, 1, 1, 0, 0, 0, 1, 0, 1, 1, 1, 0, 0, 0, 90, 1, 1, 1, 24, 1, 1, 7, 78, 1, 1, 1, 4, 1, 2, 0, 2, 2, 1, 1, 3, 3, 1, 5, 2, 2, 2, 2, 53, 2, 3, 3, 7, 10, 10, 8, 1, 0, 0, 1, 0, 0, 1, 0, 39, 4, 4, 4, 10, 3, 2, 2, 0, 0, 0, 0, 0, 0, 0, 0, 1, 0, 0, 0, 0, 0, 0, 0, 1, 0, 0, 0, 1, 0, 0, 0, 0, 0, 0, 0, 0, 0, 0, 0, 2, 0, 0, 0, 
61, 1, 1, 1, 0, 1, 0, 0, 0, 1, 0, 0, 0, 0, 0, 0, 0, 0, 1, 0, 0, 0, 1, 1, 0, 95, 2, 1, 0, 16, 4, 5, 8, 60, 6, 7, 2, 0, 1, 0, 2, 2, 0, 0, 0, 3, 3, 2, 1, 1, 0, 2, 1, 58, 4, 5, 3, 8, 3, 4, 4, 4, 2, 9, 2, 3, 0, 1, 1, 39, 4, 3, 5, 27, 1, 2, 0, 2, 0, 0, 0, 1, 0, 0, 0, 2, 0, 0, 0, 0, 0, 0, 0, 4, 0, 0, 0, 1, 0, 0, 0, 0, 0, 0, 0, 0, 0, 0, 0, 0, 0, 0, 0, 
62, 1, 0, 1, 0, 1, 0, 1, 0, 0, 0, 0, 0, 0, 0, 2, 0, 1, 0, 0, 1, 0, 0, 1, 1, 95, 1, 3, 1, 6, 3, 6, 4, 61, 1, 2, 1, 0, 0, 1, 1, 3, 1, 6, 1, 0, 0, 2, 0, 4, 3, 2, 5, 71, 3, 2, 0, 2, 5, 7, 7, 6, 8, 8, 4, 2, 2, 1, 3, 43, 2, 3, 3, 5, 0, 1, 1, 4, 0, 0, 0, 0, 0, 0, 0, 0, 0, 0, 0, 0, 0, 0, 0, 0, 0, 0, 0, 3, 0, 0, 0, 1, 0, 0, 0, 1, 0, 0, 0, 2, 0, 0, 0, 
63, 0, 1, 0, 1, 0, 0, 1, 0, 1, 1, 0, 0, 0, 0, 0, 1, 0, 0, 0, 0, 0, 0, 0, 0, 95, 4, 1, 0, 9, 5, 6, 2, 57, 4, 2, 2, 9, 10, 4, 1, 8, 4, 1, 2, 2, 3, 3, 3, 0, 2, 2, 1, 75, 5, 7, 0, 10, 2, 8, 7, 9, 6, 2, 3, 1, 3, 0, 0, 43, 4, 2, 2, 8, 1, 1, 0, 0, 0, 0, 0, 2, 0, 0, 0, 0, 0, 0, 0, 0, 0, 0, 0, 0, 0, 0, 0, 1, 0, 0, 0, 1, 0, 0, 0, 0, 0, 0, 0, 1, 0, 0, 0, 
64, 0, 1, 1, 0, 0, 0, 1, 0, 0, 0, 0, 0, 0, 1, 1, 0, 0, 0, 2, 0, 0, 0, 0, 0, 94, 4, 4, 0, 12, 7, 7, 1, 52, 3, 2, 1, 1, 7, 4, 2, 8, 6, 3, 7, 4, 5, 3, 5, 7, 5, 1, 0, 78, 2, 3, 0, 5, 4, 3, 2, 15, 7, 8, 7, 1, 0, 1, 0, 37, 3, 6, 9, 22, 1, 1, 2, 0, 0, 0, 0, 0, 0, 0, 0, 0, 0, 0, 0, 3, 0, 0, 0, 2, 0, 0, 0, 2, 0, 0, 0, 0, 0, 0, 0, 1, 0, 0, 0, 0, 0, 0, 0, 
65, 1, 1, 1, 1, 0, 0, 0, 1, 0, 1, 0, 0, 0, 1, 0, 0, 2, 0, 0, 0, 2, 0, 0, 0, 100, 0, 0, 2, 13, 3, 5, 10, 47, 3, 1, 4, 1, 0, 0, 1, 6, 5, 3, 3, 4, 7, 4, 5, 11, 2, 3, 2, 89, 1, 3, 5, 5, 5, 6, 3, 12, 6, 1, 4, 1, 0, 4, 0, 30, 4, 4, 3, 20, 2, 1, 0, 0, 0, 0, 0, 0, 0, 0, 0, 1, 0, 0, 0, 1, 0, 0, 0, 1, 0, 0, 0, 0, 0, 0, 0, 0, 0, 0, 0, 0, 0, 0, 0, 1, 0, 0, 0, 
66, 0, 0, 1, 0, 0, 0, 1, 0, 0, 2, 0, 0, 1, 0, 0, 0, 0, 1, 1, 2, 0, 0, 0, 0, 100, 6, 1, 1, 16, 2, 2, 2, 41, 4, 1, 2, 4, 3, 0, 0, 12, 7, 4, 6, 0, 1, 1, 1, 1, 2, 2, 2, 100, 1, 1, 3, 11, 5, 5, 4, 4, 6, 9, 4, 0, 0, 1, 1, 36, 9, 8, 6, 19, 2, 0, 2, 0, 0, 0, 0, 0, 0, 0, 0, 0, 0, 0, 0, 2, 0, 0, 0, 0, 0, 0, 0, 0, 0, 0, 0, 0, 0, 0, 0, 0, 0, 0, 0, 1, 0, 0, 0, 
67, 0, 0, 1, 0, 1, 1, 0, 0, 1, 0, 0, 0, 0, 1, 0, 0, 0, 0, 0, 0, 0, 0, 1, 0, 100, 2, 1, 1, 14, 0, 3, 4, 25, 5, 7, 2, 15, 1, 0, 1, 11, 7, 3, 6, 4, 6, 7, 5, 0, 0, 1, 0, 100, 4, 5, 2, 3, 5, 4, 0, 0, 1, 2, 2, 2, 0, 1, 1, 43, 6, 6, 0, 21, 1, 1, 1, 2, 0, 0, 0, 2, 0, 0, 0, 0, 0, 0, 0, 0, 0, 0, 0, 1, 0, 0, 0, 2, 0, 0, 0, 0, 0, 0, 0, 5, 0, 0, 0, 0, 0, 0, 0, 
68, 0, 0, 1, 0, 3, 0, 0, 1, 0, 0, 0, 2, 0, 0, 0, 0, 0, 0, 0, 0, 1, 0, 0, 0, 100, 2, 7, 1, 8, 3, 4, 2, 30, 2, 5, 3, 19, 2, 1, 2, 6, 5, 4, 4, 9, 9, 5, 8, 6, 0, 1, 0, 100, 3, 2, 2, 3, 8, 1, 3, 1, 2, 1, 0, 0, 2, 1, 0, 34, 3, 4, 2, 25, 2, 1, 0, 0, 0, 0, 0, 2, 0, 0, 0, 0, 0, 0, 0, 0, 0, 0, 0, 0, 0, 0, 0, 0, 0, 0, 0, 2, 0, 0, 0, 1, 0, 0, 0, 0, 0, 0, 0, 
69, 1, 2, 0, 0, 0, 0, 0, 0, 1, 0, 0, 0, 0, 0, 0, 0, 0, 0, 0, 1, 0, 0, 0, 0, 100, 3, 1, 1, 2, 6, 4, 2, 44, 4, 5, 0, 23, 2, 2, 2, 8, 6, 8, 7, 18, 5, 7, 5, 0, 0, 0, 0, 100, 1, 0, 2, 3, 7, 4, 0, 4, 2, 3, 0, 1, 1, 0, 1, 30, 2, 7, 3, 25, 2, 0, 2, 0, 0, 0, 0, 1, 0, 0, 0, 0, 0, 0, 0, 0, 0, 0, 0, 1, 0, 0, 0, 2, 0, 0, 0, 0, 0, 0, 0, 0, 0, 0, 0, 0, 0, 0, 0, 
70, 3, 0, 2, 0, 1, 0, 0, 0, 0, 0, 0, 0, 0, 1, 0, 0, 0, 0, 0, 0, 0, 0, 1, 1, 100, 1, 7, 2, 3, 1, 1, 0, 51, 1, 2, 1, 27, 1, 1, 1, 6, 5, 7, 5, 12, 2, 3, 4, 12, 0, 0, 0, 100, 1, 2, 2, 2, 3, 0, 3, 2, 2, 0, 3, 0, 0, 1, 0, 32, 3, 7, 6, 17, 1, 0, 3, 0, 0, 0, 0, 1, 0, 0, 0, 0, 0, 0, 0, 1, 0, 0, 0, 1, 0, 0, 0, 0, 0, 0, 0, 0, 0, 0, 0, 0, 0, 0, 0, 1, 0, 0, 0, 
71, 1, 2, 2, 1, 0, 0, 0, 1, 0, 0, 0, 0, 0, 0, 0, 0, 0, 1, 2, 1, 0, 0, 0, 0, 100, 2, 0, 1, 0, 1, 0, 0, 48, 4, 5, 1, 18, 0, 4, 3, 7, 3, 5, 7, 4, 8, 9, 7, 26, 2, 0, 0, 100, 3, 1, 3, 0, 1, 0, 0, 0, 0, 1, 1, 4, 3, 5, 4, 46, 8, 4, 2, 21, 1, 0, 0, 2, 0, 0, 0, 1, 0, 0, 0, 2, 0, 0, 0, 2, 0, 0, 0, 0, 0, 0, 0, 0, 0, 0, 0, 0, 0, 0, 0, 1, 0, 0, 0, 0, 0, 0, 0, 
72, 2, 4, 0, 1, 0, 0, 1, 0, 0, 0, 0, 1, 0, 1, 0, 1, 0, 0, 0, 0, 1, 1, 0, 0, 100, 2, 0, 1, 1, 4, 1, 3, 44, 5, 4, 3, 24, 1, 0, 0, 7, 6, 2, 13, 13, 6, 2, 6, 33, 2, 0, 0, 100, 3, 3, 3, 4, 1, 1, 0, 0, 2, 2, 4, 2, 2, 5, 3, 38, 8, 4, 8, 10, 1, 0, 1, 1, 0, 0, 0, 1, 0, 0, 0, 0, 0, 0, 0, 0, 0, 0, 0, 0, 0, 0, 0, 1, 0, 0, 0, 0, 0, 0, 0, 0, 0, 0, 0, 1, 0, 0, 0, 
73, 1, 1, 0, 0, 1, 0, 2, 0, 0, 2, 3, 0, 0, 0, 1, 0, 0, 0, 0, 0, 0, 0, 0, 0, 100, 7, 1, 3, 3, 3, 6, 6, 48, 9, 1, 0, 15, 1, 0, 2, 11, 5, 9, 6, 7, 3, 2, 7, 30, 0, 1, 0, 100, 3, 2, 2, 0, 0, 0, 0, 3, 1, 4, 3, 11, 1, 7, 5, 43, 4, 1, 5, 11, 1, 1, 1, 2, 0, 0, 0, 2, 0, 0, 0, 1, 0, 0, 0, 2, 0, 0, 0, 2, 0, 0, 0, 0, 0, 0, 0, 2, 0, 0, 0, 0, 0, 0, 0, 0, 0, 0, 0, 
74, 0, 0, 0, 0, 0, 0, 0, 0, 1, 0, 1, 1, 0, 0, 1, 0, 1, 0, 0, 0, 1, 0, 2, 1, 100, 9, 1, 0, 2, 4, 5, 4, 50, 2, 2, 4, 17, 2, 2, 1, 7, 6, 5, 5, 6, 4, 3, 2, 40, 5, 0, 0, 100, 6, 2, 0, 0, 3, 0, 0, 2, 1, 4, 1, 3, 3, 5, 4, 39, 2, 3, 1, 6, 1, 2, 1, 2, 0, 0, 0, 0, 0, 0, 0, 0, 0, 0, 0, 1, 0, 0, 0, 1, 0, 0, 0, 1, 0, 0, 0, 0, 0, 0, 0, 3, 0, 0, 0, 0, 0, 0, 0, 
75, 0, 0, 1, 0, 0, 0, 1, 0, 0, 0, 0, 0, 1, 0, 3, 1, 0, 0, 0, 0, 0, 0, 0, 0, 100, 2, 2, 0, 6, 2, 2, 4, 36, 1, 3, 6, 7, 4, 0, 0, 6, 4, 2, 4, 3, 5, 4, 2, 38, 2, 2, 0, 100, 4, 1, 3, 4, 3, 5, 3, 5, 1, 1, 2, 2, 2, 4, 0, 30, 2, 5, 1, 1, 0, 3, 2, 1, 0, 0, 0, 1, 0, 0, 0, 0, 0, 0, 0, 0, 0, 0, 0, 1, 0, 0, 0, 1, 0, 0, 0, 1, 0, 0, 0, 0, 0, 0, 0, 2, 0, 0, 0, 
76, 0, 1, 0, 0, 2, 1, 1, 0, 4, 0, 3, 1, 1, 1, 1, 0, 0, 0, 1, 0, 0, 0, 0, 0, 100, 3, 0, 2, 2, 0, 2, 3, 27, 5, 5, 3, 0, 0, 0, 1, 0, 0, 0, 0, 4, 5, 6, 4, 32, 0, 0, 0, 100, 2, 0, 2, 6, 5, 0, 2, 7, 7, 6, 4, 5, 3, 0, 2, 23, 1, 6, 6, 2, 4, 0, 2, 1, 0, 0, 0, 1, 0, 0, 0, 1, 0, 0, 0, 1, 0, 0, 0, 0, 0, 0, 0, 0, 0, 0, 0, 3, 0, 0, 0, 0, 0, 0, 0, 0, 0, 0, 0, 
77, 1, 1, 0, 1, 0, 1, 0, 0, 0, 0, 0, 0, 0, 2, 1, 0, 0, 1, 0, 1, 0, 0, 1, 0, 100, 1, 0, 1, 2, 1, 6, 2, 9, 3, 1, 2, 3, 2, 3, 1, 3, 0, 0, 1, 2, 5, 2, 2, 30, 1, 0, 1, 100, 3, 0, 0, 4, 7, 4, 2, 10, 6, 2, 8, 6, 3, 0, 1, 32, 4, 3, 4, 0, 0, 0, 0, 1, 0, 0, 0, 0, 0, 0, 0, 2, 0, 0, 0, 2, 0, 0, 0, 2, 0, 0, 0, 1, 0, 0, 0, 0, 0, 0, 0, 2, 0, 0, 0, 2, 0, 0, 0, 
78, 1, 1, 0, 0, 0, 3, 1, 0, 0, 1, 1, 1, 0, 1, 2, 0, 0, 0, 0, 0, 0, 0, 0, 0, 100, 2, 1, 3, 2, 1, 2, 3, 16, 0, 6, 1, 4, 2, 2, 6, 4, 0, 1, 1, 1, 4, 0, 0, 17, 0, 0, 0, 100, 1, 1, 1, 2, 3, 4, 5, 7, 7, 5, 5, 11, 4, 1, 2, 39, 6, 8, 5, 6, 2, 2, 4, 1, 0, 0, 0, 1, 0, 0, 0, 2, 0, 0, 0, 2, 0, 0, 0, 0, 0, 0, 0, 3, 0, 0, 0, 2, 0, 0, 0, 0, 0, 0, 0, 0, 0, 0, 0, 
79, 0, 0, 0, 0, 2, 3, 3, 0, 0, 0, 0, 0, 0, 0, 0, 0, 1, 1, 0, 1, 0, 0, 0, 1, 100, 2, 2, 1, 3, 1, 0, 2, 6, 3, 2, 6, 2, 2, 6, 3, 1, 1, 0, 0, 13, 5, 5, 0, 12, 1, 1, 0, 100, 9, 3, 4, 6, 3, 4, 5, 9, 4, 8, 4, 1, 1, 2, 0, 46, 5, 5, 1, 1, 0, 3, 0, 1, 0, 0, 0, 0, 0, 0, 0, 1, 0, 0, 0, 1, 0, 0, 0, 1, 0, 0, 0, 0, 0, 0, 0, 1, 0, 0, 0, 0, 0, 0, 0, 1, 0, 0, 0, 
80, 0, 0, 1, 0, 4, 0, 0, 1, 0, 0, 0, 1, 0, 0, 0, 0, 0, 0, 1, 0, 1, 0, 0, 0, 100, 2, 0, 2, 1, 2, 0, 1, 11, 3, 3, 3, 5, 1, 2, 2, 0, 0, 0, 3, 15, 4, 4, 2, 15, 0, 0, 0, 100, 1, 2, 0, 0, 1, 0, 0, 3, 8, 9, 6, 9, 2, 3, 1, 37, 3, 1, 6, 4, 0, 3, 0, 1, 0, 0, 0, 0, 0, 0, 0, 2, 0, 0, 0, 0, 0, 0, 0, 1, 0, 0, 0, 1, 0, 0, 0, 0, 0, 0, 0, 0, 0, 0, 0, 0, 0, 0, 0, 
81, 0, 0, 0, 2, 0, 1, 0, 1, 0, 0, 0, 0, 1, 0, 0, 1, 0, 0, 0, 0, 0, 1, 0, 0, 100, 3, 1, 5, 3, 1, 2, 1, 3, 2, 2, 3, 5, 4, 2, 0, 2, 1, 1, 0, 23, 0, 2, 0, 16, 0, 0, 1, 100, 4, 3, 2, 1, 0, 2, 1, 10, 6, 9, 6, 4, 3, 0, 4, 57, 5, 7, 3, 1, 2, 3, 1, 0, 0, 0, 0, 2, 0, 0, 0, 0, 0, 0, 0, 0, 0, 0, 0, 0, 0, 0, 0, 0, 0, 0, 0, 1, 0, 0, 0, 1, 0, 0, 0, 1, 0, 0, 0, 
82, 2, 0, 0, 0, 1, 0, 0, 2, 0, 0, 0, 0, 0, 0, 0, 0, 1, 0, 0, 1, 0, 0, 2, 0, 100, 2, 1, 1, 2, 4, 1, 1, 0, 1, 0, 1, 17, 4, 1, 4, 2, 1, 3, 1, 25, 1, 3, 3, 5, 1, 0, 0, 100, 5, 5, 0, 10, 0, 0, 2, 19, 6, 9, 8, 11, 1, 0, 0, 53, 1, 2, 9, 5, 6, 7, 6, 4, 0, 0, 0, 2, 0, 0, 0, 1, 0, 0, 0, 0, 0, 0, 0, 0, 0, 0, 0, 0, 0, 0, 0, 0, 0, 0, 0, 0, 0, 0, 0, 1, 0, 0, 0, 
83, 3, 1, 3, 0, 3, 0, 0, 0, 0, 0, 0, 0, 0, 0, 1, 2, 1, 2, 0, 0, 0, 0, 0, 0, 100, 3, 1, 1, 3, 2, 2, 0, 3, 2, 1, 2, 7, 4, 2, 1, 4, 4, 5, 5, 27, 4, 2, 3, 0, 0, 0, 0, 100, 0, 2, 1, 0, 0, 0, 2, 19, 15, 7, 5, 7, 0, 3, 2, 64, 8, 2, 1, 13, 4, 4, 4, 0, 0, 0, 0, 0, 0, 0, 0, 1, 0, 0, 0, 0, 0, 0, 0, 1, 0, 0, 0, 1, 0, 0, 0, 1, 0, 0, 0, 0, 0, 0, 0, 1, 0, 0, 0, 
84, 2, 0, 1, 1, 0, 0, 0, 0, 0, 1, 0, 0, 0, 0, 0, 0, 1, 0, 0, 1, 0, 0, 1, 0, 100, 1, 6, 2, 3, 2, 3, 1, 1, 2, 1, 0, 3, 3, 4, 1, 16, 5, 4, 4, 24, 0, 0, 1, 1, 0, 0, 2, 100, 4, 2, 3, 8, 5, 2, 3, 28, 4, 8, 10, 1, 2, 2, 2, 49, 4, 7, 2, 4, 6, 6, 6, 1, 0, 0, 0, 1, 0, 0, 0, 0, 0, 0, 0, 1, 0, 0, 0, 1, 0, 0, 0, 1, 0, 0, 0, 0, 0, 0, 0, 0, 0, 0, 0, 2, 0, 0, 0, 
85, 0, 1, 1, 0, 2, 1, 0, 0, 0, 1, 0, 0, 3, 0, 1, 1, 0, 1, 0, 0, 2, 1, 1, 0, 100, 3, 1, 2, 3, 0, 0, 0, 2, 3, 0, 6, 5, 5, 6, 0, 17, 3, 1, 3, 15, 7, 0, 1, 0, 2, 3, 1, 100, 4, 3, 2, 15, 3, 0, 1, 24, 9, 11, 7, 1, 0, 3, 0, 43, 4, 7, 4, 7, 3, 6, 3, 0, 0, 0, 0, 0, 0, 0, 0, 0, 0, 0, 0, 0, 0, 0, 0, 1, 0, 0, 0, 0, 0, 0, 0, 2, 0, 0, 0, 1, 0, 0, 0, 2, 0, 0, 0, 
86, 0, 0, 1, 0, 0, 0, 0, 1, 0, 0, 0, 1, 0, 0, 0, 0, 0, 0, 0, 1, 0, 1, 0, 0, 100, 8, 2, 5, 2, 0, 4, 0, 1, 3, 3, 1, 8, 9, 6, 3, 23, 4, 0, 2, 16, 3, 1, 1, 0, 4, 0, 0, 100, 3, 4, 2, 24, 3, 1, 1, 19, 7, 5, 8, 1, 0, 1, 0, 41, 1, 5, 2, 5, 7, 6, 3, 1, 0, 0, 0, 1, 0, 0, 0, 1, 0, 0, 0, 1, 0, 0, 0, 1, 0, 0, 0, 0, 0, 0, 0, 0, 0, 0, 0, 0, 0, 0, 0, 0, 0, 0, 0, 
87, 0, 2, 0, 0, 3, 1, 0, 1, 0, 0, 1, 0, 1, 1, 0, 0, 0, 0, 0, 1, 1, 0, 0, 1, 100, 2, 2, 1, 1, 2, 2, 1, 8, 0, 1, 1, 13, 10, 2, 4, 30, 7, 5, 1, 8, 0, 2, 1, 9, 2, 2, 2, 100, 1, 3, 3, 22, 2, 1, 0, 27, 5, 6, 3, 1, 5, 2, 2, 34, 3, 1, 3, 12, 11, 2, 5, 1, 0, 0, 0, 2, 0, 0, 0, 1, 0, 0, 0, 0, 0, 0, 0, 1, 0, 0, 0, 1, 0, 0, 0, 0, 0, 0, 0, 1, 0, 0, 0, 1, 0, 0, 0, 
88, 1, 0, 0, 0, 0, 0, 0, 0, 1, 0, 0, 1, 0, 0, 0, 0, 0, 0, 1, 1, 1, 0, 0, 0, 100, 1, 1, 0, 11, 0, 2, 3, 14, 2, 2, 1, 7, 4, 5, 5, 43, 2, 4, 3, 1, 0, 1, 3, 22, 5, 2, 1, 100, 4, 0, 2, 24, 0, 3, 0, 11, 3, 8, 7, 0, 1, 1, 2, 20, 3, 3, 4, 13, 13, 5, 5, 2, 0, 0, 0, 0, 0, 0, 0, 1, 0, 0, 0, 2, 0, 0, 0, 1, 0, 0, 0, 0, 0, 0, 0, 1, 0, 0, 0, 1, 0, 0, 0, 1, 0, 0, 0, 
89, 2, 2, 1, 1, 1, 0, 0, 0, 0, 1, 0, 0, 1, 0, 0, 0, 2, 2, 0, 2, 0, 1, 1, 0, 100, 2, 1, 2, 4, 3, 2, 4, 11, 0, 1, 0, 4, 13, 7, 6, 50, 5, 3, 4, 5, 4, 3, 0, 28, 0, 3, 1, 100, 2, 5, 1, 23, 2, 0, 0, 2, 4, 2, 5, 0, 2, 0, 0, 5, 5, 7, 3, 19, 5, 12, 4, 0, 0, 0, 0, 0, 0, 0, 0, 0, 0, 0, 0, 0, 0, 0, 0, 0, 0, 0, 0, 0, 0, 0, 0, 0, 0, 0, 0, 0, 0, 0, 0, 0, 0, 0, 0, 
90, 0, 0, 0, 1, 2, 2, 1, 0, 2, 0, 1, 0, 1, 4, 0, 2, 1, 0, 0, 1, 0, 0, 1, 0, 100, 2, 5, 1, 1, 0, 0, 0, 10, 3, 5, 3, 6, 7, 10, 7, 39, 4, 3, 3, 4, 2, 4, 2, 35, 1, 2, 0, 100, 5, 2, 1, 22, 1, 0, 1, 0, 4, 5, 2, 0, 0, 3, 1, 7, 8, 1, 3, 22, 10, 3, 6, 0, 0, 0, 0, 0, 0, 0, 0, 1, 0, 0, 0, 0, 0, 0, 0, 0, 0, 0, 0, 2, 0, 0, 0, 0, 0, 0, 0, 0, 0, 0, 0, 2, 0, 0, 0, 
91, 1, 1, 0, 1, 1, 0, 2, 0, 1, 0, 1, 1, 0, 0, 1, 0, 0, 1, 0, 1, 0, 0, 1, 0, 100, 3, 1, 2, 0, 1, 1, 2, 19, 0, 0, 2, 13, 16, 8, 18, 45, 4, 0, 3, 3, 2, 0, 0, 47, 1, 1, 0, 100, 1, 5, 3, 21, 2, 1, 0, 1, 1, 0, 3, 0, 0, 0, 0, 1, 0, 6, 1, 31, 5, 13, 8, 1, 0, 0, 0, 0, 0, 0, 0, 1, 0, 0, 0, 0, 0, 0, 0, 3, 0, 0, 0, 0, 0, 0, 0, 0, 0, 0, 0, 4, 0, 0, 0, 0, 0, 0, 0, 
92, 1, 0, 1, 1, 3, 3, 0, 0, 1, 0, 0, 0, 0, 0, 0, 0, 1, 1, 0, 0, 1, 0, 1, 1, 100, 4, 2, 3, 0, 2, 1, 0, 25, 6, 1, 1, 9, 13, 14, 12, 30, 2, 2, 3, 2, 5, 2, 1, 59, 1, 2, 3, 100, 5, 2, 2, 4, 2, 1, 2, 0, 0, 0, 0, 3, 0, 1, 2, 0, 0, 0, 2, 31, 9, 5, 6, 0, 0, 0, 0, 0, 0, 0, 0, 0, 0, 0, 0, 2, 0, 0, 0, 2, 0, 0, 0, 2, 0, 0, 0, 0, 0, 0, 0, 0, 0, 0, 0, 2, 0, 0, 0, 
93, 0, 0, 1, 0, 1, 3, 2, 0, 0, 0, 0, 0, 0, 0, 0, 0, 1, 0, 0, 1, 0, 0, 1, 0, 100, 0, 1, 0, 17, 3, 2, 0, 28, 1, 1, 1, 14, 11, 14, 20, 27, 6, 1, 3, 0, 0, 1, 1, 71, 3, 1, 1, 100, 1, 2, 1, 2, 2, 0, 1, 0, 0, 0, 1, 8, 2, 1, 0, 0, 0, 0, 1, 33, 4, 10, 3, 1, 0, 0, 0, 0, 0, 0, 0, 1, 0, 0, 0, 0, 0, 0, 0, 1, 0, 0, 0, 2, 0, 0, 0, 0, 0, 0, 0, 1, 0, 0, 0, 2, 0, 0, 0, 
94, 0, 0, 0, 0, 1, 1, 1, 4, 0, 0, 1, 0, 0, 0, 0, 2, 2, 1, 0, 2, 0, 0, 1, 0, 100, 1, 2, 4, 16, 0, 2, 1, 25, 0, 1, 2, 16, 15, 12, 15, 32, 4, 3, 3, 1, 0, 0, 0, 71, 2, 3, 1, 100, 5, 3, 5, 11, 1, 3, 1, 0, 0, 0, 1, 14, 1, 1, 0, 1, 2, 0, 1, 36, 2, 6, 6, 0, 0, 0, 0, 3, 0, 0, 0, 0, 0, 0, 0, 0, 0, 0, 0, 1, 0, 0, 0, 0, 0, 0, 0, 0, 0, 0, 0, 1, 0, 0, 0, 0, 0, 0, 0, 
95, 0, 0, 0, 0, 1, 1, 0, 1, 1, 0, 0, 1, 1, 0, 0, 0, 2, 1, 0, 0, 1, 0, 0, 0, 100, 5, 1, 2, 15, 0, 0, 1, 30, 2, 3, 2, 17, 14, 14, 13, 13, 2, 2, 3, 0, 0, 1, 0, 88, 1, 2, 0, 100, 2, 2, 3, 16, 2, 1, 3, 4, 5, 4, 4, 2, 1, 1, 2, 16, 2, 1, 1, 26, 6, 6, 7, 0, 0, 0, 0, 0, 0, 0, 0, 1, 0, 0, 0, 0, 0, 0, 0, 0, 0, 0, 0, 1, 0, 0, 0, 2, 0, 0, 0, 1, 0, 0, 0, 0, 0, 0, 0, 
96, 0, 0, 1, 0, 1, 0, 0, 2, 0, 1, 2, 2, 0, 0, 0, 0, 2, 1, 1, 0, 0, 1, 0, 1, 100, 1, 1, 1, 19, 1, 0, 0, 45, 0, 0, 0, 20, 16, 10, 16, 2, 3, 0, 2, 0, 0, 0, 1, 94, 1, 0, 1, 100, 2, 3, 1, 10, 1, 9, 3, 4, 6, 5, 3, 2, 5, 1, 1, 17, 3, 1, 2, 21, 7, 9, 3, 0, 0, 0, 0, 2, 0, 0, 0, 0, 0, 0, 0, 0, 0, 0, 0, 1, 0, 0, 0, 0, 0, 0, 0, 0, 0, 0, 0, 0, 0, 0, 0, 1, 0, 0, 0, 
97, 2, 1, 1, 1, 0, 0, 0, 0, 0, 0, 0, 0, 1, 0, 1, 1, 2, 3, 2, 0, 1, 0, 2, 0, 78, 2, 1, 2, 24, 4, 1, 0, 43, 0, 0, 0, 17, 15, 13, 9, 0, 0, 0, 0, 2, 1, 2, 2, 93, 2, 2, 2, 100, 2, 3, 3, 24, 1, 2, 2, 4, 4, 4, 3, 0, 3, 2, 1, 23, 3, 2, 0, 28, 3, 5, 5, 1, 0, 0, 0, 1, 0, 0, 0, 0, 0, 0, 0, 0, 0, 0, 0, 2, 0, 0, 0, 0, 0, 0, 0, 0, 0, 0, 0, 1, 0, 0, 0, 0, 0, 0, 0, 
98, 2, 0, 0, 1, 0, 0, 0, 3, 2, 0, 0, 0, 0, 0, 1, 1, 0, 0, 0, 0, 0, 0, 0, 0, 71, 3, 2, 1, 30, 0, 0, 0, 37, 0, 1, 1, 12, 18, 14, 15, 3, 2, 0, 0, 4, 1, 2, 2, 95, 0, 1, 3, 100, 5, 2, 3, 17, 2, 3, 3, 3, 1, 1, 2, 7, 2, 3, 4, 36, 0, 0, 2, 21, 7, 4, 10, 1, 0, 0, 0, 1, 0, 0, 0, 0, 0, 0, 0, 1, 0, 0, 0, 0, 0, 0, 0, 1, 0, 0, 0, 1, 0, 0, 0, 0, 0, 0, 0, 2, 0, 0, 0, 
99, 0, 0, 0, 0, 1, 0, 0, 0, 0, 0, 0, 1, 1, 0, 0, 1, 0, 1, 0, 2, 0, 1, 1, 2, 74, 1, 1, 1, 25, 0, 0, 2, 34, 2, 2, 0, 15, 10, 18, 14, 9, 1, 0, 0, 9, 4, 1, 1, 88, 4, 2, 3, 100, 2, 2, 2, 2, 2, 1, 2, 18, 2, 2, 1, 2, 3, 2, 7, 15, 1, 0, 1, 13, 7, 7, 6, 0, 0, 0, 0, 3, 0, 0, 0, 1, 0, 0, 0, 0, 0, 0, 0, 1, 0, 0, 0, 1, 0, 0, 0, 1, 0, 0, 0, 0, 0, 0, 0, 1, 0, 0, 0, 