0, 0, 0, 1, 0, 2, 2, 0, 0, 0, 0, 0, 0, 0, 0, 1, 1, 0, 1, 0, 1, 2, 2, 0, 1, 3, 1, 1, 0, 0, 0, 4, 2, 0, 2, 1, 2, 10, 6, 5, 1, 0, 1, 0, 1, 0, 2, 0, 0, 0, 1, 1, 1, 2, 2, 1, 0, 2, 1, 1, 1, 0, 1, 0, 0, 1, 1, 2, 0, 1, 3, 0, 3, 0, 0, 0, 0, 0, 0, 0, 0, 1, 0, 0, 0, 0, 0, 0, 0, 0, 0, 0, 0, 1, 0, 0, 0, 1, 0, 0, 0, 0, 0, 0, 0, 1, 0, 0, 0, 1, 0, 0, 0, 
1, 2, 1, 1, 1, 0, 0, 0, 0, 0, 1, 0, 0, 0, 1, 1, 1, 1, 2, 1, 1, 0, 0, 1, 1, 0, 0, 0, 1, 5, 0, 1, 0, 0, 2, 2, 0, 1, 4, 6, 1, 0, 0, 1, 0, 1, 1, 4, 1, 0, 1, 0, 1, 0, 0, 1, 0, 5, 2, 4, 3, 2, 0, 1, 0, 0, 4, 3, 1, 2, 3, 1, 4, 0, 0, 0, 0, 0, 0, 0, 0, 0, 0, 0, 0, 2, 0, 0, 0, 1, 0, 0, 0, 1, 0, 0, 0, 1, 0, 0, 0, 1, 0, 0, 0, 0, 0, 0, 0, 1, 0, 0, 0, 
2, 2, 1, 3, 0, 1, 1, 1, 1, 1, 0, 0, 0, 0, 0, 1, 0, 0, 0, 0, 0, 0, 0, 0, 0, 0, 0, 2, 2, 2, 1, 1, 3, 1, 1, 1, 0, 0, 2, 1, 0, 0, 0, 0, 0, 0, 2, 1, 1, 1, 0, 1, 0, 6, 2, 0, 0, 5, 0, 4, 2, 1, 0, 1, 2, 1, 3, 0, 0, 2, 2, 6, 3, 0, 0, 0, 0, 0, 0, 0, 0, 2, 0, 0, 0, 0, 0, 0, 0, 0, 0, 0, 0, 0, 0, 0, 0, 1, 0, 0, 0, 0, 0, 0, 0, 0, 0, 0, 0, 0, 0, 0, 0, 
3, 1, 0, 1, 2, 2, 0, 0, 0, 0, 1, 1, 0, 0, 0, 0, 0, 0, 1, 1, 2, 1, 0, 0, 0, 2, 0, 2, 3, 1, 2, 1, 3, 2, 1, 1, 1, 0, 0, 1, 0, 6, 3, 5, 5, 1, 6, 1, 0, 1, 1, 2, 0, 10, 0, 2, 1, 1, 2, 0, 0, 0, 0, 0, 0, 1, 1, 2, 1, 9, 5, 3, 2, 0, 1, 1, 0, 1, 0, 0, 0, 0, 0, 0, 0, 3, 0, 0, 0, 1, 0, 0, 0, 0, 0, 0, 0, 0, 0, 0, 0, 1, 0, 0, 0, 1, 0, 0, 0, 1, 0, 0, 0, 
4, 0, 3, 0, 1, 0, 0, 0, 0, 0, 1, 1, 0, 0, 0, 1, 1, 0, 0, 0, 0, 0, 0, 0, 0, 1, 0, 0, 1, 7, 2, 4, 5, 0, 1, 0, 2, 1, 1, 0, 1, 8, 6, 6, 5, 16, 1, 2, 0, 1, 4, 2, 3, 1, 1, 1, 1, 0, 1, 1, 0, 13, 2, 2, 0, 1, 2, 1, 1, 5, 6, 6, 3, 0, 1, 0, 0, 0, 0, 0, 0, 3, 0, 0, 0, 0, 0, 0, 0, 1, 0, 0, 0, 0, 0, 0, 0, 0, 0, 0, 0, 0, 0, 0, 0, 0, 0, 0, 0, 0, 0, 0, 0, 
5, 0, 2, 0, 2, 1, 0, 1, 0, 0, 1, 0, 0, 0, 0, 1, 1, 2, 0, 0, 0, 0, 0, 0, 0, 1, 5, 4, 3, 0, 0, 0, 2, 7, 1, 0, 2, 0, 2, 2, 2, 15, 8, 4, 4, 5, 0, 1, 1, 6, 5, 2, 4, 1, 1, 0, 1, 8, 2, 0, 1, 4, 3, 5, 4, 3, 3, 1, 1, 2, 5, 6, 5, 1, 0, 0, 0, 0, 0, 0, 0, 1, 0, 0, 0, 0, 0, 0, 0, 0, 0, 0, 0, 0, 0, 0, 0, 0, 0, 0, 0, 1, 0, 0, 0, 1, 0, 0, 0, 0, 0, 0, 0, 
6, 2, 0, 2, 0, 1, 0, 0, 0, 0, 0, 0, 0, 0, 1, 0, 1, 0, 0, 0, 0, 1, 2, 2, 0, 3, 4, 5, 5, 3, 7, 3, 1, 3, 1, 0, 0, 2, 2, 0, 4, 13, 13, 6, 4, 6, 0, 1, 1, 2, 2, 3, 2, 2, 1, 3, 1, 9, 2, 0, 0, 7, 2, 2, 3, 0, 0, 0, 0, 10, 5, 7, 7, 3, 1, 1, 4, 0, 0, 0, 0, 0, 0, 0, 0, 0, 0, 0, 0, 2, 0, 0, 0, 4, 0, 0, 0, 2, 0, 0, 0, 2, 0, 0, 0, 0, 0, 0, 0, 0, 0, 0, 0, 
7, 0, 0, 2, 0, 0, 0, 0, 1, 3, 0, 1, 0, 0, 0, 0, 0, 1, 0, 0, 0, 0, 0, 0, 0, 3, 8, 3, 3, 3, 3, 2, 1, 2, 0, 0, 0, 0, 0, 0, 2, 6, 8, 7, 11, 7, 1, 0, 1, 0, 0, 1, 3, 0, 1, 0, 0, 22, 3, 1, 0, 12, 6, 5, 0, 1, 0, 1, 1, 11, 7, 4, 6, 2, 2, 0, 2, 0, 0, 0, 0, 2, 0, 0, 0, 1, 0, 0, 0, 1, 0, 0, 0, 1, 0, 0, 0, 0, 0, 0, 0, 0, 0, 0, 0, 1, 0, 0, 0, 0, 0, 0, 0, 
8, 2, 0, 3, 0, 1, 1, 1, 1, 0, 1, 0, 0, 0, 1, 0, 1, 0, 0, 1, 0, 0, 0, 0, 0, 2, 4, 1, 1, 2, 3, 2, 2, 2, 1, 0, 1, 0, 0, 2, 2, 7, 6, 4, 5, 2, 1, 0, 1, 8, 0, 0, 2, 3, 0, 1, 4, 22, 0, 0, 0, 19, 6, 3, 2, 1, 2, 2, 2, 13, 12, 6, 9, 3, 3, 5, 3, 0, 0, 0, 0, 2, 0, 0, 0, 0, 0, 0, 0, 0, 0, 0, 0, 1, 0, 0, 0, 1, 0, 0, 0, 0, 0, 0, 0, 1, 0, 0, 0, 0, 0, 0, 0, 
9, 2, 0, 2, 2, 1, 2, 0, 0, 0, 0, 0, 1, 0, 0, 0, 0, 0, 0, 0, 0, 0, 0, 1, 0, 4, 3, 3, 2, 4, 0, 1, 1, 2, 4, 0, 1, 0, 1, 1, 0, 3, 7, 6, 5, 19, 5, 4, 3, 1, 1, 0, 3, 4, 4, 1, 3, 9, 0, 1, 0, 6, 1, 2, 2, 0, 0, 0, 0, 20, 8, 5, 4, 1, 1, 2, 0, 1, 0, 0, 0, 2, 0, 0, 0, 1, 0, 0, 0, 0, 0, 0, 0, 1, 0, 0, 0, 0, 0, 0, 0, 0, 0, 0, 0, 1, 0, 0, 0, 0, 0, 0, 0, 
10, 1, 1, 1, 0, 0, 0, 2, 0, 1, 0, 0, 0, 0, 0, 0, 0, 1, 2, 0, 0, 0, 0, 0, 1, 1, 1, 2, 1, 1, 0, 1, 1, 0, 1, 2, 0, 2, 1, 1, 0, 6, 8, 2, 5, 18, 2, 6, 1, 5, 3, 9, 3, 0, 0, 0, 0, 3, 1, 2, 0, 3, 4, 2, 2, 1, 0, 1, 0, 15, 14, 5, 3, 1, 0, 1, 0, 3, 0, 0, 0, 0, 0, 0, 0, 1, 0, 0, 0, 2, 0, 0, 0, 0, 0, 0, 0, 0, 0, 0, 0, 3, 0, 0, 0, 2, 0, 0, 0, 0, 0, 0, 0, 
11, 0, 1, 1, 1, 0, 1, 0, 1, 1, 0, 1, 0, 1, 1, 0, 1, 0, 0, 0, 0, 0, 1, 0, 1, 1, 1, 1, 0, 0, 1, 1, 1, 5, 7, 4, 6, 1, 0, 1, 1, 3, 4, 6, 2, 22, 3, 2, 5, 8, 5, 3, 6, 5, 0, 0, 0, 5, 2, 2, 3, 1, 3, 1, 0, 2, 0, 0, 0, 17, 14, 9, 6, 0, 0, 0, 0, 0, 0, 0, 0, 0, 0, 0, 0, 1, 0, 0, 0, 1, 0, 0, 0, 0, 0, 0, 0, 1, 0, 0, 0, 1, 0, 0, 0, 0, 0, 0, 0, 0, 0, 0, 0, 
12, 1, 0, 0, 1, 0, 0, 1, 1, 0, 0, 0, 0, 0, 0, 1, 0, 2, 0, 0, 1, 2, 0, 0, 0, 5, 5, 2, 2, 0, 0, 0, 0, 0, 0, 0, 0, 7, 3, 2, 2, 1, 5, 2, 4, 21, 0, 2, 7, 13, 6, 4, 8, 1, 1, 2, 0, 5, 9, 7, 3, 3, 1, 1, 0, 1, 2, 0, 0, 26, 9, 6, 5, 1, 2, 1, 3, 0, 0, 0, 0, 2, 0, 0, 0, 1, 0, 0, 0, 0, 0, 0, 0, 1, 0, 0, 0, 1, 0, 0, 0, 2, 0, 0, 0, 1, 0, 0, 0, 0, 0, 0, 0, 
13, 0, 0, 1, 2, 0, 0, 0, 1, 1, 0, 0, 0, 0, 0, 0, 0, 1, 0, 1, 0, 0, 0, 2, 0, 5, 2, 4, 2, 1, 2, 2, 2, 0, 0, 0, 0, 10, 3, 1, 0, 8, 4, 0, 5, 23, 4, 2, 2, 22, 8, 2, 10, 0, 1, 2, 1, 3, 1, 1, 6, 3, 0, 6, 6, 1, 3, 2, 1, 26, 10, 13, 7, 5, 4, 4, 6, 0, 0, 0, 0, 0, 0, 0, 0, 0, 0, 0, 0, 0, 0, 0, 0, 1, 0, 0, 0, 0, 0, 0, 0, 1, 0, 0, 0, 0, 0, 0, 0, 1, 0, 0, 0, 
14, 2, 0, 1, 2, 1, 1, 3, 0, 1, 0, 1, 0, 0, 0, 0, 0, 1, 0, 0, 0, 0, 1, 1, 0, 4, 9, 2, 5, 10, 2, 3, 0, 0, 0, 1, 1, 20, 10, 1, 1, 4, 5, 0, 3, 10, 2, 2, 1, 29, 3, 4, 5, 0, 1, 3, 1, 1, 0, 2, 0, 0, 0, 1, 1, 2, 2, 1, 1, 34, 8, 8, 5, 2, 2, 2, 2, 0, 0, 0, 0, 2, 0, 0, 0, 1, 0, 0, 0, 0, 0, 0, 0, 1, 0, 0, 0, 1, 0, 0, 0, 0, 0, 0, 0, 2, 0, 0, 0, 0, 0, 0, 0, 
15, 0, 0, 1, 0, 0, 0, 0, 0, 2, 1, 0, 0, 0, 0, 0, 0, 0, 0, 1, 0, 1, 0, 0, 0, 5, 8, 2, 6, 1, 2, 0, 1, 4, 0, 1, 1, 35, 5, 1, 3, 1, 4, 2, 2, 12, 4, 5, 3, 34, 12, 10, 6, 1, 4, 1, 3, 0, 1, 1, 0, 0, 2, 0, 0, 1, 0, 0, 1, 34, 11, 8, 5, 5, 4, 0, 4, 2, 0, 0, 0, 0, 0, 0, 0, 0, 0, 0, 0, 2, 0, 0, 0, 1, 0, 0, 0, 0, 0, 0, 0, 0, 0, 0, 0, 0, 0, 0, 0, 0, 0, 0, 0, 
16, 0, 0, 0, 0, 1, 0, 1, 0, 0, 0, 0, 0, 4, 1, 1, 0, 0, 1, 1, 0, 0, 1, 0, 0, 0, 1, 0, 0, 2, 1, 0, 0, 2, 2, 0, 0, 52, 6, 0, 0, 9, 5, 0, 1, 29, 8, 2, 4, 40, 9, 3, 10, 4, 4, 1, 5, 0, 1, 0, 0, 0, 1, 1, 1, 1, 2, 1, 0, 42, 10, 11, 5, 0, 0, 3, 1, 1, 0, 0, 0, 1, 0, 0, 0, 0, 0, 0, 0, 0, 0, 0, 0, 0, 0, 0, 0, 0, 0, 0, 0, 1, 0, 0, 0, 2, 0, 0, 0, 0, 0, 0, 0, 
17, 2, 1, 1, 0, 0, 1, 2, 0, 0, 1, 1, 2, 1, 0, 0, 1, 1, 0, 0, 0, 1, 0, 0, 0, 3, 2, 0, 0, 1, 3, 3, 5, 2, 2, 3, 4, 62, 1, 0, 2, 10, 1, 1, 2, 22, 2, 3, 3, 50, 4, 7, 3, 7, 2, 3, 4, 0, 0, 1, 0, 4, 5, 3, 3, 5, 8, 4, 2, 47, 13, 6, 6, 1, 0, 0, 0, 0, 0, 0, 0, 0, 0, 0, 0, 2, 0, 0, 0, 0, 0, 0, 0, 0, 0, 0, 0, 3, 0, 0, 0, 0, 0, 0, 0, 0, 0, 0, 0, 0, 0, 0, 0, 
18, 0, 1, 0, 0, 0, 1, 2, 1, 0, 0, 0, 0, 0, 0, 0, 0, 0, 0, 1, 1, 0, 1, 0, 1, 1, 0, 1, 0, 4, 3, 2, 2, 6, 4, 4, 1, 53, 5, 5, 5, 2, 1, 2, 1, 12, 5, 5, 4, 47, 10, 10, 6, 7, 6, 4, 3, 0, 0, 0, 0, 1, 0, 3, 2, 3, 3, 1, 0, 52, 15, 4, 7, 4, 0, 1, 0, 4, 0, 0, 0, 1, 0, 0, 0, 0, 0, 0, 0, 1, 0, 0, 0, 0, 0, 0, 0, 0, 0, 0, 0, 0, 0, 0, 0, 1, 0, 0, 0, 1, 0, 0, 0, 
19, 0, 0, 0, 1, 0, 0, 0, 0, 0, 1, 0, 1, 0, 0, 1, 0, 0, 0, 0, 0, 0, 1, 1, 0, 0, 0, 0, 1, 4, 4, 1, 5, 1, 2, 1, 0, 52, 2, 0, 0, 1, 0, 2, 2, 10, 4, 4, 2, 50, 5, 5, 3, 4, 1, 6, 5, 2, 3, 3, 5, 0, 2, 2, 2, 4, 2, 4, 4, 60, 12, 9, 9, 2, 0, 1, 0, 0, 0, 0, 0, 0, 0, 0, 0, 1, 0, 0, 0, 2, 0, 0, 0, 2, 0, 0, 0, 0, 0, 0, 0, 3, 0, 0, 0, 0, 0, 0, 0, 0, 0, 0, 0, 
20, 0, 1, 2, 1, 1, 0, 2, 0, 1, 0, 0, 1, 1, 1, 1, 0, 1, 2, 0, 0, 0, 0, 0, 0, 2, 2, 2, 7, 7, 2, 3, 3, 6, 6, 3, 4, 48, 2, 1, 3, 5, 3, 4, 3, 4, 7, 1, 5, 34, 9, 6, 5, 1, 2, 1, 0, 0, 0, 0, 1, 0, 0, 1, 1, 1, 2, 3, 0, 84, 11, 6, 8, 2, 0, 1, 1, 2, 0, 0, 0, 1, 0, 0, 0, 2, 0, 0, 0, 0, 0, 0, 0, 1, 0, 0, 0, 0, 0, 0, 0, 0, 0, 0, 0, 0, 0, 0, 0, 0, 0, 0, 0, 
21, 1, 0, 0, 0, 0, 0, 0, 0, 1, 0, 0, 1, 1, 2, 0, 0, 0, 0, 1, 0, 0, 0, 1, 0, 3, 4, 7, 8, 7, 6, 8, 5, 9, 1, 1, 6, 38, 4, 0, 2, 0, 2, 1, 0, 5, 3, 0, 3, 25, 12, 7, 6, 1, 0, 1, 0, 1, 2, 5, 1, 1, 0, 1, 0, 5, 6, 4, 3, 100, 18, 6, 2, 4, 1, 1, 1, 3, 0, 0, 0, 2, 0, 0, 0, 0, 0, 0, 0, 0, 0, 0, 0, 3, 0, 0, 0, 1, 0, 0, 0, 4, 0, 0, 0, 0, 0, 0, 0, 0, 0, 0, 0, 
22, 0, 0, 0, 1, 0, 0, 0, 0, 0, 0, 1, 0, 1, 1, 0, 0, 1, 1, 2, 0, 0, 0, 0, 1, 12, 7, 12, 3, 7, 12, 10, 3, 2, 5, 0, 3, 34, 2, 1, 1, 0, 1, 0, 2, 3, 0, 0, 0, 24, 7, 1, 6, 2, 2, 2, 2, 3, 5, 2, 2, 3, 2, 0, 1, 3, 2, 2, 4, 100, 7, 7, 9, 0, 0, 3, 1, 2, 0, 0, 0, 1, 0, 0, 0, 0, 0, 0, 0, 0, 0, 0, 0, 2, 0, 0, 0, 0, 0, 0, 0, 1, 0, 0, 0, 0, 0, 0, 0, 1, 0, 0, 0, 
23, 5, 2, 0, 2, 8, 1, 0, 0, 0, 1, 0, 0, 1, 0, 0, 0, 0, 1, 0, 0, 0, 0, 0, 1, 13, 12, 11, 9, 5, 7, 6, 3, 3, 2, 2, 2, 42, 6, 1, 1, 3, 1, 2, 3, 0, 0, 0, 0, 34, 9, 6, 6, 3, 0, 1, 0, 1, 2, 0, 1, 4, 2, 1, 0, 0, 1, 1, 0, 100, 16, 7, 13, 2, 0, 1, 2, 1, 0, 0, 0, 2, 0, 0, 0, 1, 0, 0, 0, 0, 0, 0, 0, 3, 0, 0, 0, 3, 0, 0, 0, 1, 0, 0, 0, 0, 0, 0, 0, 1, 0, 0, 0, 
24, 0, 0, 1, 0, 1, 0, 0, 0, 0, 1, 0, 0, 1, 3, 0, 1, 0, 0, 0, 2, 1, 0, 0, 1, 25, 7, 8, 8, 5, 3, 8, 10, 1, 2, 0, 0, 37, 2, 1, 2, 1, 1, 0, 1, 2, 2, 2, 0, 46, 6, 6, 3, 3, 7, 3, 3, 4, 6, 6, 3, 3, 1, 2, 0, 8, 3, 1, 0, 100, 10, 8, 3, 2, 2, 2, 2, 0, 0, 0, 0, 1, 0, 0, 0, 1, 0, 0, 0, 0, 0, 0, 0, 0, 0, 0, 0, 0, 0, 0, 0, 0, 0, 0, 0, 2, 0, 0, 0, 2, 0, 0, 0, 
25, 0, 0, 0, 2, 0, 1, 1, 0, 0, 0, 1, 1, 1, 0, 0, 1, 0, 0, 0, 0, 1, 0, 0, 0, 36, 8, 6, 8, 13, 14, 11, 10, 2, 1, 6, 2, 41, 3, 1, 0, 1, 1, 0, 3, 1, 1, 5, 0, 27, 4, 5, 4, 0, 0, 2, 1, 3, 1, 1, 0, 2, 1, 1, 2, 21, 2, 1, 0, 100, 8, 6, 8, 8, 3, 2, 4, 0, 0, 0, 0, 3, 0, 0, 0, 0, 0, 0, 0, 2, 0, 0, 0, 1, 0, 0, 0, 0, 0, 0, 0, 3, 0, 0, 0, 0, 0, 0, 0, 2, 0, 0, 0, 
26, 0, 0, 1, 0, 0, 1, 0, 0, 0, 0, 0, 0, 0, 0, 1, 0, 0, 0, 0, 0, 1, 0, 0, 0, 32, 6, 6, 10, 25, 14, 16, 7, 5, 3, 9, 2, 37, 0, 1, 2, 10, 6, 3, 2, 3, 1, 3, 1, 14, 6, 6, 5, 1, 2, 1, 0, 0, 1, 0, 2, 4, 2, 4, 5, 2, 2, 1, 1, 100, 5, 8, 7, 2, 4, 3, 3, 0, 0, 0, 0, 1, 0, 0, 0, 0, 0, 0, 0, 0, 0, 0, 0, 1, 0, 0, 0, 0, 0, 0, 0, 1, 0, 0, 0, 1, 0, 0, 0, 2, 0, 0, 0, 
27, 2, 1, 1, 1, 1, 1, 0, 0, 0, 0, 0, 0, 0, 1, 0, 1, 1, 0, 0, 0, 0, 0, 1, 2, 27, 11, 14, 12, 38, 8, 9, 11, 4, 2, 5, 2, 30, 4, 0, 0, 2, 4, 1, 4, 0, 0, 0, 0, 16, 4, 7, 6, 7, 4, 1, 1, 2, 2, 4, 1, 0, 5, 2, 4, 0, 0, 1, 0, 100, 5, 6, 7, 0, 0, 0, 1, 1, 0, 0, 0, 0, 0, 0, 0, 0, 0, 0, 0, 1, 0, 0, 0, 0, 0, 0, 0, 0, 0, 0, 0, 0, 0, 0, 0, 0, 0, 0, 0, 2, 0, 0, 0, 
28, 0, 1, 1, 0, 1, 0, 2, 0, 1, 0, 0, 0, 1, 0, 0, 0, 0, 0, 2, 0, 1, 0, 0, 0, 37, 4, 8, 4, 46, 12, 6, 4, 1, 2, 0, 1, 37, 2, 1, 6, 8, 7, 2, 6, 1, 0, 1, 0, 23, 12, 9, 3, 4, 5, 3, 5, 1, 0, 0, 1, 14, 1, 1, 2, 1, 2, 2, 1, 100, 10, 4, 6, 0, 6, 5, 4, 1, 0, 0, 0, 0, 0, 0, 0, 0, 0, 0, 0, 0, 0, 0, 0, 3, 0, 0, 0, 1, 0, 0, 0, 0, 0, 0, 0, 0, 0, 0, 0, 0, 0, 0, 0, 
29, 5, 1, 1, 0, 0, 1, 1, 1, 0, 0, 2, 1, 0, 1, 1, 0, 0, 2, 0, 1, 0, 0, 0, 0, 25, 11, 10, 10, 45, 13, 14, 11, 1, 2, 0, 0, 40, 1, 2, 1, 1, 3, 2, 4, 12, 0, 1, 1, 18, 8, 9, 11, 2, 3, 5, 1, 0, 0, 1, 2, 19, 2, 1, 2, 0, 0, 4, 1, 100, 6, 7, 4, 2, 2, 2, 2, 2, 0, 0, 0, 0, 0, 0, 0, 1, 0, 0, 0, 0, 0, 0, 0, 0, 0, 0, 0, 3, 0, 0, 0, 0, 0, 0, 0, 2, 0, 0, 0, 0, 0, 0, 0, 
30, 0, 0, 1, 1, 2, 0, 2, 1, 0, 1, 0, 0, 0, 0, 0, 0, 0, 1, 0, 1, 0, 0, 0, 0, 31, 7, 4, 7, 59, 7, 12, 12, 0, 1, 2, 0, 33, 3, 5, 3, 8, 2, 2, 3, 13, 4, 0, 0, 28, 9, 8, 4, 1, 3, 4, 3, 0, 0, 0, 0, 25, 6, 2, 0, 0, 0, 0, 0, 100, 8, 8, 7, 2, 2, 1, 3, 2, 0, 0, 0, 1, 0, 0, 0, 0, 0, 0, 0, 0, 0, 0, 0, 2, 0, 0, 0, 2, 0, 0, 0, 2, 0, 0, 0, 0, 0, 0, 0, 0, 0, 0, 0, 
31, 0, 0, 0, 1, 1, 0, 0, 1, 1, 0, 0, 0, 1, 0, 1, 1, 0, 0, 0, 2, 0, 0, 0, 0, 29, 12, 6, 11, 76, 10, 6, 6, 1, 3, 3, 1, 33, 4, 0, 0, 3, 1, 1, 1, 12, 1, 0, 1, 26, 1, 3, 9, 0, 2, 3, 1, 3, 4, 2, 1, 41, 4, 3, 2, 3, 3, 3, 2, 100, 13, 8, 9, 0, 4, 0, 5, 0, 0, 0, 0, 1, 0, 0, 0, 1, 0, 0, 0, 2, 0, 0, 0, 1, 0, 0, 0, 0, 0, 0, 0, 0, 0, 0, 0, 1, 0, 0, 0, 0, 0, 0, 0, 
32, 1, 1, 1, 0, 1, 0, 0, 1, 0, 1, 0, 0, 2, 3, 0, 2, 0, 0, 0, 0, 0, 0, 0, 0, 37, 8, 8, 9, 65, 4, 8, 5, 3, 0, 0, 0, 41, 1, 1, 1, 1, 1, 1, 1, 0, 1, 1, 0, 26, 8, 5, 6, 1, 0, 0, 0, 6, 4, 4, 2, 30, 1, 2, 4, 2, 2, 1, 3, 100, 7, 9, 3, 1, 1, 1, 1, 1, 0, 0, 0, 3, 0, 0, 0, 2, 0, 0, 0, 2, 0, 0, 0, 1, 0, 0, 0, 1, 0, 0, 0, 0, 0, 0, 0, 0, 0, 0, 0, 1, 0, 0, 0, 
33, 1, 1, 1, 0, 1, 0, 0, 3, 0, 1, 0, 1, 0, 0, 0, 0, 0, 0, 1, 0, 0, 0, 0, 0, 34, 7, 5, 5, 52, 8, 5, 11, 0, 0, 0, 1, 36, 1, 1, 1, 1, 1, 1, 1, 2, 1, 0, 3, 22, 3, 7, 5, 1, 1, 4, 3, 9, 7, 1, 10, 41, 0, 3, 0, 2, 0, 0, 0, 100, 12, 10, 6, 2, 2, 2, 2, 0, 0, 0, 0, 2, 0, 0, 0, 1, 0, 0, 0, 0, 0, 0, 0, 1, 0, 0, 0, 2, 0, 0, 0, 1, 0, 0, 0, 0, 0, 0, 0, 5, 0, 0, 0, 
34, 1, 0, 1, 0, 3, 0, 0, 0, 0, 0, 0, 0, 3, 1, 1, 2, 1, 0, 0, 0, 0, 0, 1, 0, 24, 7, 7, 7, 56, 10, 10, 10, 0, 3, 1, 0, 40, 4, 4, 0, 0, 0, 1, 2, 6, 3, 5, 3, 15, 1, 7, 11, 1, 1, 0, 0, 25, 8, 8, 3, 36, 0, 0, 2, 1, 0, 2, 0, 100, 12, 7, 7, 2, 3, 1, 4, 1, 0, 0, 0, 1, 0, 0, 0, 0, 0, 0, 0, 1, 0, 0, 0, 1, 0, 0, 0, 0, 0, 0, 0, 1, 0, 0, 0, 3, 0, 0, 0, 1, 0, 0, 0, 
35, 0, 1, 1, 0, 1, 0, 2, 1, 0, 0, 0, 0, 0, 2, 0, 0, 0, 0, 0, 0, 1, 0, 1, 0, 28, 7, 4, 3, 57, 11, 10, 5, 2, 2, 3, 2, 45, 0, 4, 0, 1, 1, 5, 1, 3, 1, 4, 0, 16, 8, 8, 7, 0, 1, 1, 2, 22, 10, 3, 12, 38, 1, 3, 1, 0, 0, 0, 0, 100, 12, 3, 6, 4, 3, 2, 2, 1, 0, 0, 0, 0, 0, 0, 0, 0, 0, 0, 0, 0, 0, 0, 0, 2, 0, 0, 0, 1, 0, 0, 0, 0, 0, 0, 0, 0, 0, 0, 0, 0, 0, 0, 0, 
36, 1, 1, 1, 1, 0, 0, 0, 0, 0, 0, 0, 1, 2, 0, 0, 0, 0, 0, 0, 0, 0, 1, 0, 0, 14, 4, 6, 10, 40, 7, 9, 7, 4, 4, 7, 1, 44, 0, 0, 2, 1, 0, 1, 2, 9, 3, 5, 0, 16, 6, 2, 5, 1, 2, 2, 0, 26, 4, 6, 4, 37, 1, 0, 0, 2, 5, 1, 3, 100, 9, 6, 9, 0, 0, 2, 1, 0, 0, 0, 0, 1, 0, 0, 0, 1, 0, 0, 0, 0, 0, 0, 0, 0, 0, 0, 0, 1, 0, 0, 0, 0, 0, 0, 0, 2, 0, 0, 0, 0, 0, 0, 0, 
37, 1, 0, 1, 0, 0, 1, 0, 1, 1, 0, 0, 3, 1, 1, 1, 1, 2, 1, 1, 3, 0, 0, 0, 1, 4, 14, 6, 3, 39, 6, 6, 8, 3, 8, 8, 7, 46, 8, 4, 1, 0, 0, 0, 0, 7, 1, 1, 3, 15, 1, 5, 5, 3, 0, 5, 1, 21, 6, 4, 5, 32, 2, 4, 4, 7, 3, 5, 6, 100, 17, 7, 2, 0, 2, 1, 0, 0, 0, 0, 0, 0, 0, 0, 0, 0, 0, 0, 0, 0, 0, 0, 0, 1, 0, 0, 0, 1, 0, 0, 0, 1, 0, 0, 0, 2, 0, 0, 0, 0, 0, 0, 0, 
38, 2, 3, 2, 2, 1, 0, 0, 0, 0, 0, 1, 1, 0, 0, 0, 0, 0, 0, 1, 0, 2, 0, 1, 2, 13, 10, 11, 15, 45, 12, 8, 7, 6, 3, 8, 4, 48, 1, 1, 1, 0, 1, 0, 0, 2, 2, 3, 1, 1, 8, 6, 7, 4, 5, 5, 2, 13, 7, 6, 7, 29, 2, 2, 1, 8, 8, 3, 1, 100, 20, 3, 8, 0, 0, 0, 1, 2, 0, 0, 0, 1, 0, 0, 0, 1, 0, 0, 0, 0, 0, 0, 0, 1, 0, 0, 0, 3, 0, 0, 0, 0, 0, 0, 0, 2, 0, 0, 0, 0, 0, 0, 0, 
39, 1, 0, 0, 0, 0, 0, 1, 0, 0, 0, 0, 0, 0, 1, 1, 0, 1, 0, 1, 0, 0, 0, 0, 0, 26, 12, 5, 14, 62, 7, 8, 4, 2, 1, 0, 1, 50, 3, 4, 0, 2, 3, 1, 1, 1, 1, 3, 3, 1, 1, 0, 1, 7, 1, 3, 5, 29, 4, 5, 3, 26, 0, 2, 3, 7, 13, 6, 9, 100, 6, 5, 4, 1, 0, 0, 1, 0, 0, 0, 0, 5, 0, 0, 0, 0, 0, 0, 0, 2, 0, 0, 0, 0, 0, 0, 0, 2, 0, 0, 0, 0, 0, 0, 0, 3, 0, 0, 0, 0, 0, 0, 0, 
40, 1, 1, 2, 1, 0, 0, 0, 1, 0, 0, 1, 0, 0, 1, 0, 0, 0, 0, 0, 1, 0, 0, 1, 0, 42, 16, 6, 4, 48, 7, 6, 7, 5, 2, 1, 1, 53, 3, 1, 0, 0, 1, 1, 5, 1, 2, 2, 2, 2, 0, 0, 4, 4, 2, 3, 5, 26, 4, 7, 3, 24, 2, 3, 2, 22, 10, 9, 11, 100, 14, 6, 4, 4, 0, 0, 0, 0, 0, 0, 0, 2, 0, 0, 0, 1, 0, 0, 0, 3, 0, 0, 0, 3, 0, 0, 0, 0, 0, 0, 0, 2, 0, 0, 0, 0, 0, 0, 0, 1, 0, 0, 0, 
41, 0, 1, 1, 0, 1, 1, 1, 0, 1, 0, 0, 1, 1, 1, 0, 0, 1, 1, 0, 0, 0, 0, 0, 0, 47, 8, 6, 2, 32, 17, 10, 7, 9, 1, 2, 1, 59, 2, 3, 0, 1, 0, 0, 0, 3, 4, 1, 4, 3, 1, 3, 1, 6, 9, 8, 5, 25, 12, 6, 5, 21, 4, 0, 0, 23, 7, 4, 7, 100, 8, 3, 7, 1, 0, 1, 1, 2, 0, 0, 0, 0, 0, 0, 0, 2, 0, 0, 0, 1, 0, 0, 0, 1, 0, 0, 0, 0, 0, 0, 0, 2, 0, 0, 0, 0, 0, 0, 0, 0, 0, 0, 0, 
42, 2, 0, 1, 0, 0, 1, 1, 0, 0, 1, 0, 0, 1, 0, 0, 0, 1, 1, 0, 0, 0, 0, 1, 0, 48, 9, 5, 3, 41, 4, 7, 7, 15, 3, 1, 3, 54, 1, 2, 2, 2, 5, 4, 5, 1, 1, 4, 2, 3, 5, 5, 3, 8, 12, 12, 3, 24, 2, 8, 5, 17, 2, 0, 2, 14, 6, 8, 6, 100, 7, 9, 12, 1, 2, 0, 2, 1, 0, 0, 0, 2, 0, 0, 0, 0, 0, 0, 0, 1, 0, 0, 0, 2, 0, 0, 0, 2, 0, 0, 0, 0, 0, 0, 0, 1, 0, 0, 0, 0, 0, 0, 0, 
43, 0, 0, 0, 0, 0, 0, 1, 0, 0, 0, 0, 1, 2, 4, 1, 1, 0, 0, 2, 0, 0, 0, 1, 0, 49, 7, 8, 4, 36, 5, 5, 4, 18, 3, 1, 2, 59, 2, 4, 1, 15, 8, 4, 7, 0, 0, 0, 1, 1, 0, 2, 1, 4, 6, 8, 2, 21, 4, 8, 6, 29, 2, 2, 3, 11, 8, 11, 8, 100, 8, 8, 12, 0, 1, 2, 2, 0, 0, 0, 0, 0, 0, 0, 0, 0, 0, 0, 0, 0, 0, 0, 0, 1, 0, 0, 0, 0, 0, 0, 0, 0, 0, 0, 0, 0, 0, 0, 0, 1, 0, 0, 0, 
44, 3, 0, 1, 2, 0, 1, 2, 1, 0, 0, 1, 0, 2, 0, 3, 2, 1, 0, 0, 0, 0, 0, 0, 0, 50, 6, 13, 4, 31, 10, 5, 10, 14, 1, 2, 2, 63, 2, 1, 2, 14, 5, 2, 5, 3, 0, 0, 0, 2, 0, 0, 1, 4, 4, 2, 1, 26, 2, 5, 2, 30, 1, 1, 1, 5, 7, 11, 9, 100, 9, 12, 14, 16, 2, 0, 1, 0, 0, 0, 0, 0, 0, 0, 0, 0, 0, 0, 0, 1, 0, 0, 0, 1, 0, 0, 0, 0, 0, 0, 0, 0, 0, 0, 0, 1, 0, 0, 0, 2, 0, 0, 0, 
45, 1, 0, 3, 0, 0, 0, 0, 0, 1, 0, 1, 0, 0, 0, 0, 0, 2, 1, 1, 0, 0, 1, 1, 0, 49, 5, 5, 4, 41, 9, 9, 12, 10, 4, 1, 2, 63, 3, 1, 1, 34, 5, 2, 6, 2, 3, 3, 1, 0, 1, 1, 1, 3, 1, 3, 1, 18, 8, 6, 1, 33, 2, 3, 1, 6, 7, 8, 6, 100, 12, 9, 9, 14, 4, 0, 2, 2, 0, 0, 0, 0, 0, 0, 0, 1, 0, 0, 0, 1, 0, 0, 0, 1, 0, 0, 0, 0, 0, 0, 0, 1, 0, 0, 0, 0, 0, 0, 0, 1, 0, 0, 0, 
46, 0, 0, 0, 0, 1, 1, 0, 0, 2, 3, 2, 0, 0, 0, 0, 0, 3, 1, 0, 0, 0, 1, 0, 0, 35, 10, 5, 11, 49, 14, 7, 0, 0, 3, 4, 1, 55, 2, 2, 2, 38, 6, 3, 1, 0, 1, 0, 0, 0, 1, 1, 1, 3, 3, 2, 1, 12, 3, 7, 4, 40, 5, 5, 0, 4, 4, 6, 4, 100, 6, 11, 8, 24, 1, 0, 0, 3, 0, 0, 0, 1, 0, 0, 0, 0, 0, 0, 0, 0, 0, 0, 0, 1, 0, 0, 0, 2, 0, 0, 0, 2, 0, 0, 0, 1, 0, 0, 0, 0, 0, 0, 0, 
47, 0, 1, 0, 0, 0, 0, 0, 0, 0, 0, 1, 1, 1, 0, 0, 1, 0, 0, 0, 0, 0, 0, 0, 0, 45, 4, 5, 7, 41, 11, 11, 7, 14, 3, 0, 2, 62, 4, 1, 3, 37, 7, 5, 2, 8, 0, 1, 0, 5, 4, 1, 1, 10, 2, 1, 1, 4, 3, 8, 4, 57, 3, 3, 2, 7, 6, 5, 2, 100, 11, 7, 10, 32, 2, 1, 0, 2, 0, 0, 0, 0, 0, 0, 0, 3, 0, 0, 0, 1, 0, 0, 0, 2, 0, 0, 0, 0, 0, 0, 0, 2, 0, 0, 0, 0, 0, 0, 0, 0, 0, 0, 0, 
48, 0, 0, 0, 1, 1, 2, 0, 1, 1, 0, 0, 0, 0, 1, 0, 0, 0, 0, 0, 0, 0, 0, 0, 0, 36, 5, 9, 5, 60, 5, 6, 5, 19, 0, 1, 1, 69, 6, 2, 2, 47, 5, 1, 5, 3, 1, 2, 4, 20, 4, 1, 0, 6, 4, 5, 6, 5, 4, 3, 6, 68, 3, 5, 3, 4, 3, 1, 1, 100, 8, 5, 3, 31, 3, 0, 2, 0, 0, 0, 0, 1, 0, 0, 0, 4, 0, 0, 0, 2, 0, 0, 0, 0, 0, 0, 0, 0, 0, 0, 0, 1, 0, 0, 0, 3, 0, 0, 0, 1, 0, 0, 0, 
49, 0, 0, 0, 0, 0, 0, 1, 0, 1, 0, 0, 0, 1, 2, 1, 1, 0, 0, 2, 0, 0, 1, 0, 0, 34, 10, 7, 6, 47, 9, 8, 6, 24, 2, 0, 0, 70, 5, 2, 1, 38, 4, 6, 3, 1, 2, 1, 0, 28, 5, 6, 1, 6, 3, 6, 6, 9, 13, 6, 8, 78, 1, 4, 5, 0, 1, 2, 1, 100, 6, 5, 10, 24, 1, 2, 0, 3, 0, 0, 0, 0, 0, 0, 0, 0, 0, 0, 0, 0, 0, 0, 0, 0, 0, 0, 0, 0, 0, 0, 0, 0, 0, 0, 0, 1, 0, 0, 0, 0, 0, 0, 0, 
50, 3, 1, 5, 4, 0, 0, 0, 0, 0, 0, 0, 0, 0, 0, 0, 0, 0, 0, 0, 0, 0, 1, 0, 0, 37, 11, 8, 1, 32, 5, 5, 8, 26, 0, 0, 1, 92, 1, 2, 0, 53, 4, 2, 1, 2, 1, 3, 1, 39, 1, 1, 2, 7, 5, 6, 2, 2, 6, 5, 2, 100, 5, 3, 2, 1, 0, 1, 0, 100, 12, 4, 4, 28, 2, 3, 2, 0, 0, 0, 0, 1, 0, 0, 0, 3, 0, 0, 0, 1, 0, 0, 0, 1, 0, 0, 0, 2, 0, 0, 0, 4, 0, 0, 0, 0, 0, 0, 0, 2, 0, 0, 0, 
51, 0, 1, 0, 0, 1, 3, 2, 2, 0, 0, 1, 0, 2, 1, 0, 0, 0, 0, 1, 0, 0, 2, 1, 0, 20, 10, 7, 9, 14, 14, 7, 6, 30, 0, 1, 0, 99, 1, 1, 2, 53, 3, 7, 0, 0, 0, 1, 2, 34, 1, 2, 0, 5, 9, 8, 7, 4, 3, 6, 5, 100, 3, 2, 4, 0, 0, 3, 1, 100, 14, 7, 2, 15, 2, 2, 1, 2, 0, 0, 0, 0, 0, 0, 0, 0, 0, 0, 0, 0, 0, 0, 0, 2, 0, 0, 0, 2, 0, 0, 0, 1, 0, 0, 0, 0, 0, 0, 0, 0, 0, 0, 0, 
52, 0, 0, 2, 0, 1, 1, 1, 0, 1, 1, 1, 0, 0, 0, 0, 0, 0, 0, 0, 0, 0, 0, 0, 0, 23, 9, 11, 5, 22, 9, 11, 10, 32, 0, 1, 0, 97, 7, 5, 2, 47, 5, 2, 5, 3, 0, 3, 3, 33, 2, 0, 3, 6, 3, 7, 5, 4, 5, 8, 1, 100, 1, 1, 1, 10, 4, 3, 2, 100, 10, 5, 3, 5, 1, 3, 1, 3, 0, 0, 0, 0, 0, 0, 0, 2, 0, 0, 0, 0, 0, 0, 0, 2, 0, 0, 0, 0, 0, 0, 0, 2, 0, 0, 0, 0, 0, 0, 0, 0, 0, 0, 0, 
53, 1, 0, 0, 0, 0, 1, 0, 0, 1, 0, 2, 0, 0, 1, 0, 0, 0, 0, 1, 0, 0, 0, 0, 1, 16, 8, 6, 8, 40, 16, 13, 5, 26, 1, 0, 0, 93, 2, 2, 1, 44, 7, 6, 1, 3, 2, 3, 3, 33, 3, 3, 1, 6, 6, 2, 4, 3, 1, 2, 2, 99, 2, 1, 1, 2, 0, 0, 0, 100, 14, 5, 3, 10, 2, 0, 2, 0, 0, 0, 0, 0, 0, 0, 0, 0, 0, 0, 0, 0, 0, 0, 0, 0, 0, 0, 0, 0, 0, 0, 0, 0, 0, 0, 0, 0, 0, 0, 0, 3, 0, 0, 0, 
54, 1, 1, 1, 0, 0, 0, 1, 0, 0, 0, 1, 1, 0, 1, 1, 0, 0, 0, 0, 0, 1, 2, 0, 0, 7, 6, 8, 3, 50, 14, 6, 9, 35, 1, 0, 0, 100, 2, 3, 1, 50, 4, 4, 3, 3, 4, 3, 3, 38, 0, 1, 1, 5, 6, 2, 7, 3, 2, 2, 2, 83, 5, 5, 2, 1, 3, 3, 0, 100, 13, 9, 8, 4, 2, 1, 0, 2, 0, 0, 0, 1, 0, 0, 0, 0, 0, 0, 0, 1, 0, 0, 0, 1, 0, 0, 0, 0, 0, 0, 0, 1, 0, 0, 0, 0, 0, 0, 0, 0, 0, 0, 0, 
55, 0, 0, 0, 0, 0, 1, 0, 0, 0, 0, 0, 0, 1, 0, 0, 1, 0, 0, 0, 0, 0, 1, 0, 0, 5, 0, 5, 2, 50, 12, 6, 10, 31, 4, 0, 0, 100, 0, 3, 1, 37, 5, 3, 6, 4, 0, 0, 1, 29, 3, 3, 2, 3, 6, 6, 3, 6, 7, 5, 4, 100, 2, 4, 2, 1, 1, 0, 0, 100, 14, 12, 6, 2, 0, 0, 1, 0, 0, 0, 0, 1, 0, 0, 0, 1, 0, 0, 0, 1, 0, 0, 0, 0, 0, 0, 0, 2, 0, 0, 0, 2, 0, 0, 0, 3, 0, 0, 0, 0, 0, 0, 0, 
56, 2, 0, 7, 2, 1, 1, 1, 1, 1, 2, 0, 1, 0, 0, 0, 0, 0, 0, 0, 0, 0, 0, 1, 1, 6, 2, 2, 1, 64, 14, 5, 10, 41, 0, 2, 0, 90, 2, 0, 1, 41, 3, 5, 7, 0, 0, 0, 0, 22, 1, 2, 0, 6, 7, 3, 3, 1, 0, 2, 3, 100, 3, 1, 5, 0, 0, 1, 0, 100, 9, 10, 10, 5, 1, 1, 6, 1, 0, 0, 0, 0, 0, 0, 0, 0, 0, 0, 0, 0, 0, 0, 0, 0, 0, 0, 0, 0, 0, 0, 0, 2, 0, 0, 0, 3, 0, 0, 0, 1, 0, 0, 0, 
57, 2, 1, 1, 0, 2, 1, 1, 1, 0, 0, 1, 0, 0, 0, 0, 0, 0, 1, 0, 0, 0, 0, 0, 1, 1, 1, 0, 1, 67, 12, 5, 9, 46, 1, 1, 0, 93, 2, 2, 2, 39, 5, 3, 2, 2, 5, 2, 4, 11, 1, 0, 1, 3, 1, 4, 4, 2, 0, 1, 0, 100, 3, 6, 4, 1, 2, 2, 2, 100, 24, 12, 5, 9, 2, 2, 1, 1, 0, 0, 0, 1, 0, 0, 0, 0, 0, 0, 0, 0, 0, 0, 0, 0, 0, 0, 0, 1, 0, 0, 0, 1, 0, 0, 0, 0, 0, 0, 0, 0, 0, 0, 0, 
58, 0, 0, 1, 1, 0, 1, 2, 0, 0, 0, 0, 0, 0, 1, 0, 0, 0, 0, 0, 1, 1, 1, 2, 0, 1, 1, 1, 1, 65, 9, 10, 8, 42, 1, 1, 1, 83, 1, 0, 2, 23, 7, 7, 2, 1, 5, 1, 3, 7, 2, 2, 1, 7, 5, 2, 5, 1, 1, 4, 2, 97, 4, 3, 3, 10, 3, 6, 4, 0, 20, 5, 7, 6, 1, 1, 1, 1, 0, 0, 0, 1, 0, 0, 0, 0, 0, 0, 0, 1, 0, 0, 0, 1, 0, 0, 0, 0, 0, 0, 0, 0, 0, 0, 0, 1, 0, 0, 0, 1, 0, 0, 0, 
59, 2, 2, 1, 1, 0, 0, 2, 0, 1, 0, 1, 0, 1, 0, 0, 2, 2, 0, 1, 1, 0, 0, 0, 0, 1, 2, 2, 3, 69, 11, 3, 9, 63, 1, 2, 0, 75, 2, 2, 1, 29, 11, 3, 1, 4, 1, 1, 1, 7, 0, 3, 1, 16, 5, 4, 0, 4, 6, 5, 2, 100, 4, 0, 3, 15, 2, 5, 5, 100, 10, 10, 8, 1, 0, 1, 0, 0, 0, 0, 0, 0, 0, 0, 0, 1, 0, 0, 0, 1, 0, 0, 0, 2, 0, 0, 0, 1, 0, 0, 0, 4, 0, 0, 0, 0, 0, 0, 0, 0, 0, 0, 0, 
60, 2, 2, 4, 1, 1, 0, 1, 0, 0, 0, 0, 0, 2, 1, 2, 1, 0, 1, 0, 2, 2, 1, 0, 0, 12, 1, 2, 6, 65, 12, 6, 7, 61, 1, 0, 1, 63, 3, 2, 1, 23, 9, 1, 5, 0, 0, 0, 0, 1, 0, 1, 2, 19, 4, 0, 4, 20, 1, 1, 2, 100, 6, 5, 1, 4, 7, 5, 5, 100, 13, 12, 8, 1, 0, 7, 1, 1, 0, 0, 0, 1, 0, 0, 0, 1, 0, 0, 0, 0, 0, 0, 0, 0, 0, 0, 0, 1, 0, 0, 0, 0, 0, 0, 0, 0, 0, 0, 0, 1, 0, 0, 0, 
61, 2, 1, 0, 1, 2, 0, 0, 0, 2, 1, 2, 0, 1, 0, 1, 1, 0, 1, 0, 0, 0, 0, 0, 1, 1, 2, 0, 2, 56, 7, 9, 8, 55, 0, 0, 0, 62, 1, 2, 0, 27, 6, 7, 3, 0, 0, 0, 0, 6, 4, 5, 6, 16, 6, 4, 3, 28, 5, 2, 0, 100, 1, 2, 1, 2, 1, 5, 4, 100, 7, 8, 8, 4, 1, 1, 1, 0, 0, 0, 0, 0, 0, 0, 0, 2, 0, 0, 0, 1, 0, 0, 0, 3, 0, 0, 0, 2, 0, 0, 0, 1, 0, 0, 0, 1, 0, 0, 0, 0, 0, 0, 0, 
62, 1, 1, 2, 0, 1, 2, 1, 3, 2, 0, 1, 0, 0, 1, 1, 1, 1, 3, 0, 2, 0, 0, 0, 1, 4, 3, 4, 3, 51, 8, 12, 6, 54, 1, 1, 0, 78, 1, 1, 1, 26, 1, 0, 2, 1, 0, 0, 0, 9, 6, 6, 3, 18, 5, 1, 3, 28, 8, 2, 5, 100, 1, 2, 2, 1, 1, 2, 2, 100, 15, 4, 6, 0, 1, 2, 1, 0, 0, 0, 0, 2, 0, 0, 0, 1, 0, 0, 0, 0, 0, 0, 0, 3, 0, 0, 0, 0, 0, 0, 0, 0, 0, 0, 0, 0, 0, 0, 0, 3, 0, 0, 0, 
63, 1, 2, 1, 2, 0, 0, 1, 1, 0, 0, 1, 1, 0, 0, 1, 1, 4, 0, 2, 0, 0, 0, 1, 2, 5, 3, 5, 3, 57, 6, 10, 10, 48, 2, 0, 2, 62, 2, 1, 1, 12, 3, 3, 1, 1, 0, 0, 0, 4, 6, 3, 5, 20, 3, 0, 4, 24, 1, 3, 1, 100, 4, 2, 2, 14, 1, 1, 0, 100, 8, 9, 8, 0, 0, 0, 0, 0, 0, 0, 0, 1, 0, 0, 0, 0, 0, 0, 0, 2, 0, 0, 0, 2, 0, 0, 0, 0, 0, 0, 0, 0, 0, 0, 0, 0, 0, 0, 0, 2, 0, 0, 0, 
64, 0, 0, 0, 1, 0, 0, 0, 0, 0, 2, 0, 0, 3, 0, 0, 0, 0, 1, 0, 0, 0, 1, 0, 1, 8, 9, 6, 10, 49, 8, 9, 9, 56, 2, 0, 0, 53, 3, 3, 1, 9, 7, 2, 4, 1, 0, 1, 0, 7, 5, 6, 1, 20, 2, 1, 7, 3, 5, 3, 7, 100, 2, 4, 1, 10, 2, 1, 1, 100, 10, 6, 6, 3, 1, 0, 3, 0, 0, 0, 0, 0, 0, 0, 0, 0, 0, 0, 0, 1, 0, 0, 0, 0, 0, 0, 0, 2, 0, 0, 0, 0, 0, 0, 0, 1, 0, 0, 0, 0, 0, 0, 0, 
65, 1, 0, 2, 1, 2, 1, 0, 0, 0, 0, 1, 2, 0, 0, 0, 1, 0, 0, 0, 1, 2, 0, 0, 0, 26, 10, 10, 9, 52, 4, 9, 5, 49, 0, 1, 0, 48, 0, 3, 4, 4, 6, 7, 2, 1, 0, 0, 0, 8, 13, 8, 5, 25, 5, 1, 2, 5, 2, 4, 3, 100, 2, 0, 0, 25, 0, 0, 1, 100, 8, 7, 3, 1, 0, 5, 0, 0, 0, 0, 0, 0, 0, 0, 0, 1, 0, 0, 0, 0, 0, 0, 0, 1, 0, 0, 0, 1, 0, 0, 0, 4, 0, 0, 0, 0, 0, 0, 0, 0, 0, 0, 0, 
66, 0, 0, 1, 1, 1, 0, 0, 1, 1, 0, 0, 1, 1, 2, 1, 0, 0, 0, 1, 0, 0, 2, 0, 0, 35, 6, 6, 7, 48, 5, 8, 11, 51, 0, 0, 2, 56, 3, 4, 0, 2, 2, 0, 1, 5, 1, 2, 3, 9, 7, 4, 2, 27, 10, 3, 1, 3, 7, 5, 0, 100, 4, 3, 1, 26, 0, 0, 2, 100, 12, 9, 6, 0, 0, 0, 0, 0, 0, 0, 0, 0, 0, 0, 0, 1, 0, 0, 0, 0, 0, 0, 0, 1, 0, 0, 0, 0, 0, 0, 0, 0, 0, 0, 0, 1, 0, 0, 0, 2, 0, 0, 0, 
67, 0, 0, 0, 1, 2, 4, 5, 1, 1, 0, 0, 1, 0, 0, 0, 0, 1, 1, 0, 0, 1, 0, 0, 0, 39, 4, 7, 7, 50, 9, 13, 10, 50, 0, 0, 2, 65, 2, 2, 0, 0, 5, 6, 5, 4, 4, 1, 1, 2, 4, 3, 2, 11, 3, 2, 0, 0, 4, 3, 5, 100, 2, 2, 1, 22, 1, 0, 0, 100, 12, 3, 3, 3, 3, 1, 3, 1, 0, 0, 0, 1, 0, 0, 0, 1, 0, 0, 0, 0, 0, 0, 0, 1, 0, 0, 0, 0, 0, 0, 0, 0, 0, 0, 0, 3, 0, 0, 0, 2, 0, 0, 0, 
68, 1, 0, 0, 1, 3, 6, 4, 4, 0, 1, 0, 1, 3, 0, 2, 0, 0, 0, 1, 0, 0, 0, 0, 0, 32, 5, 5, 4, 62, 12, 7, 8, 60, 1, 1, 1, 64, 6, 2, 2, 1, 0, 2, 1, 3, 2, 1, 0, 4, 5, 6, 6, 6, 2, 1, 1, 3, 5, 3, 2, 100, 3, 1, 2, 18, 1, 0, 0, 100, 12, 5, 2, 0, 1, 0, 0, 1, 0, 0, 0, 0, 0, 0, 0, 0, 0, 0, 0, 1, 0, 0, 0, 2, 0, 0, 0, 2, 0, 0, 0, 0, 0, 0, 0, 1, 0, 0, 0, 0, 0, 0, 0, 
69, 1, 0, 1, 0, 0, 0, 0, 0, 0, 2, 0, 0, 0, 1, 0, 0, 0, 1, 1, 0, 0, 0, 0, 1, 27, 7, 7, 7, 63, 6, 5, 9, 60, 0, 0, 0, 83, 0, 1, 2, 10, 2, 4, 3, 0, 0, 0, 3, 10, 2, 7, 7, 0, 0, 0, 0, 1, 0, 0, 1, 100, 4, 3, 0, 5, 1, 2, 1, 100, 5, 8, 5, 2, 3, 1, 0, 0, 0, 0, 0, 3, 0, 0, 0, 0, 0, 0, 0, 1, 0, 0, 0, 1, 0, 0, 0, 1, 0, 0, 0, 0, 0, 0, 0, 1, 0, 0, 0, 6, 0, 0, 0, 
70, 2, 1, 4, 1, 0, 0, 1, 1, 1, 0, 1, 0, 0, 0, 0, 0, 0, 0, 1, 0, 3, 0, 1, 0, 33, 11, 6, 4, 57, 4, 10, 6, 57, 1, 1, 0, 77, 0, 2, 0, 5, 1, 4, 2, 0, 2, 0, 0, 2, 3, 1, 3, 2, 0, 1, 0, 4, 1, 4, 2, 100, 4, 2, 0, 1, 1, 1, 3, 100, 15, 4, 7, 0, 0, 1, 0, 2, 0, 0, 0, 0, 0, 0, 0, 1, 0, 0, 0, 0, 0, 0, 0, 1, 0, 0, 0, 2, 0, 0, 0, 1, 0, 0, 0, 0, 0, 0, 0, 0, 0, 0, 0, 
71, 2, 0, 0, 0, 0, 1, 2, 2, 0, 1, 0, 0, 1, 1, 0, 1, 1, 0, 0, 0, 0, 0, 0, 0, 24, 6, 5, 6, 53, 7, 5, 9, 54, 1, 1, 1, 68, 1, 1, 1, 9, 0, 0, 1, 0, 0, 0, 0, 3, 1, 0, 6, 0, 0, 1, 0, 8, 7, 10, 5, 100, 2, 5, 3, 4, 2, 1, 2, 100, 6, 7, 3, 0, 1, 2, 1, 1, 0, 0, 0, 1, 0, 0, 0, 0, 0, 0, 0, 0, 0, 0, 0, 0, 0, 0, 0, 3, 0, 0, 0, 1, 0, 0, 0, 1, 0, 0, 0, 0, 0, 0, 0, 
72, 1, 0, 0, 0, 2, 1, 1, 0, 1, 1, 1, 1, 0, 2, 0, 1, 0, 0, 0, 0, 0, 0, 0, 0, 21, 4, 7, 5, 47, 10, 6, 7, 63, 0, 2, 0, 66, 5, 0, 1, 0, 1, 0, 1, 3, 1, 1, 1, 5, 2, 1, 3, 3, 1, 3, 4, 13, 4, 9, 1, 100, 7, 2, 2, 3, 3, 3, 3, 100, 10, 6, 5, 5, 4, 6, 2, 1, 0, 0, 0, 1, 0, 0, 0, 2, 0, 0, 0, 2, 0, 0, 0, 2, 0, 0, 0, 0, 0, 0, 0, 1, 0, 0, 0, 0, 0, 0, 0, 0, 0, 0, 0, 
73, 0, 0, 0, 0, 0, 0, 0, 0, 1, 1, 1, 0, 0, 1, 0, 0, 0, 1, 0, 0, 1, 0, 2, 0, 18, 12, 9, 8, 47, 17, 12, 8, 53, 1, 2, 0, 67, 1, 2, 2, 11, 5, 1, 0, 1, 0, 3, 1, 3, 1, 0, 1, 6, 3, 2, 0, 6, 5, 5, 9, 100, 2, 3, 4, 4, 2, 3, 3, 100, 9, 6, 5, 3, 5, 1, 6, 1, 0, 0, 0, 0, 0, 0, 0, 1, 0, 0, 0, 0, 0, 0, 0, 1, 0, 0, 0, 1, 0, 0, 0, 0, 0, 0, 0, 0, 0, 0, 0, 0, 0, 0, 0, 
74, 0, 0, 0, 0, 1, 0, 0, 1, 0, 0, 1, 0, 0, 2, 0, 0, 0, 0, 1, 0, 0, 0, 0, 0, 33, 14, 5, 6, 54, 8, 7, 5, 53, 0, 0, 0, 67, 2, 1, 3, 10, 2, 1, 1, 1, 2, 1, 1, 5, 3, 2, 2, 1, 0, 0, 2, 2, 3, 4, 1, 100, 2, 4, 3, 1, 0, 0, 0, 100, 12, 8, 7, 3, 1, 2, 5, 0, 0, 0, 0, 0, 0, 0, 0, 3, 0, 0, 0, 1, 0, 0, 0, 2, 0, 0, 0, 1, 0, 0, 0, 0, 0, 0, 0, 0, 0, 0, 0, 1, 0, 0, 0, 
75, 1, 1, 1, 0, 0, 0, 0, 1, 1, 0, 0, 0, 0, 0, 0, 0, 0, 0, 2, 0, 0, 1, 0, 0, 34, 13, 7, 5, 50, 13, 8, 7, 40, 2, 0, 0, 80, 4, 3, 1, 13, 1, 0, 0, 5, 2, 0, 1, 0, 2, 2, 1, 3, 0, 0, 0, 1, 0, 1, 1, 100, 4, 1, 3, 2, 0, 1, 0, 100, 5, 8, 5, 19, 2, 4, 3, 1, 0, 0, 0, 1, 0, 0, 0, 1, 0, 0, 0, 3, 0, 0, 0, 0, 0, 0, 0, 1, 0, 0, 0, 1, 0, 0, 0, 1, 0, 0, 0, 1, 0, 0, 0, 
76, 0, 2, 0, 0, 0, 0, 1, 1, 1, 0, 1, 1, 1, 1, 0, 0, 0, 0, 0, 0, 0, 1, 1, 0, 29, 7, 6, 6, 59, 7, 9, 12, 59, 6, 4, 0, 81, 4, 2, 4, 2, 0, 1, 1, 9, 1, 2, 0, 0, 0, 0, 0, 2, 2, 0, 2, 2, 1, 1, 1, 100, 0, 0, 0, 10, 0, 1, 0, 100, 14, 9, 8, 26, 2, 6, 0, 1, 0, 0, 0, 0, 0, 0, 0, 0, 0, 0, 0, 3, 0, 0, 0, 0, 0, 0, 0, 0, 0, 0, 0, 0, 0, 0, 0, 1, 0, 0, 0, 0, 0, 0, 0, 
77, 3, 0, 0, 1, 1, 1, 1, 0, 0, 0, 0, 0, 0, 0, 0, 0, 0, 0, 0, 0, 0, 0, 0, 0, 33, 6, 2, 4, 69, 8, 7, 9, 71, 2, 1, 0, 86, 2, 4, 0, 0, 3, 0, 0, 10, 1, 2, 1, 2, 3, 2, 1, 2, 0, 3, 5, 5, 4, 2, 2, 100, 3, 2, 1, 22, 1, 1, 0, 100, 7, 8, 7, 17, 2, 2, 2, 2, 0, 0, 0, 1, 0, 0, 0, 0, 0, 0, 0, 0, 0, 0, 0, 2, 0, 0, 0, 1, 0, 0, 0, 0, 0, 0, 0, 3, 0, 0, 0, 0, 0, 0, 0, 
78, 1, 2, 1, 0, 0, 1, 0, 0, 0, 1, 0, 1, 0, 0, 0, 0, 0, 0, 0, 0, 1, 1, 1, 0, 24, 4, 8, 6, 74, 7, 5, 6, 56, 1, 0, 0, 90, 2, 2, 2, 3, 2, 4, 1, 11, 0, 1, 1, 1, 2, 0, 1, 0, 1, 2, 2, 5, 5, 3, 8, 100, 6, 4, 1, 18, 8, 0, 0, 100, 12, 8, 5, 17, 6, 2, 1, 0, 0, 0, 0, 0, 0, 0, 0, 2, 0, 0, 0, 0, 0, 0, 0, 0, 0, 0, 0, 0, 0, 0, 0, 0, 0, 0, 0, 2, 0, 0, 0, 1, 0, 0, 0, 
79, 1, 2, 0, 1, 0, 0, 0, 0, 1, 1, 0, 0, 1, 1, 0, 1, 0, 1, 0, 0, 0, 0, 0, 0, 31, 11, 10, 5, 69, 6, 12, 7, 65, 0, 2, 0, 84, 0, 3, 2, 3, 0, 0, 0, 3, 3, 2, 0, 0, 2, 0, 0, 3, 2, 1, 5, 8, 15, 6, 6, 100, 2, 1, 5, 16, 1, 2, 2, 100, 14, 6, 6, 5, 1, 3, 2, 1, 0, 0, 0, 1, 0, 0, 0, 0, 0, 0, 0, 1, 0, 0, 0, 1, 0, 0, 0, 0, 0, 0, 0, 2, 0, 0, 0, 0, 0, 0, 0, 0, 0, 0, 0, 
80, 1, 1, 0, 0, 0, 0, 0, 0, 0, 0, 1, 0, 2, 0, 0, 2, 0, 0, 0, 0, 1, 2, 0, 1, 30, 5, 7, 6, 65, 11, 7, 7, 69, 0, 1, 0, 90, 4, 4, 1, 2, 1, 2, 2, 1, 0, 0, 1, 1, 1, 1, 1, 4, 7, 5, 2, 2, 5, 9, 6, 100, 4, 1, 2, 26, 2, 2, 1, 100, 7, 3, 2, 18, 8, 3, 0, 1, 0, 0, 0, 3, 0, 0, 0, 0, 0, 0, 0, 1, 0, 0, 0, 0, 0, 0, 0, 0, 0, 0, 0, 0, 0, 0, 0, 0, 0, 0, 0, 1, 0, 0, 0, 
81, 1, 3, 2, 0, 0, 0, 0, 0, 0, 2, 0, 0, 0, 1, 0, 0, 1, 0, 0, 0, 0, 0, 0, 0, 16, 9, 5, 5, 71, 4, 14, 5, 64, 3, 0, 0, 74, 2, 2, 2, 2, 2, 2, 4, 18, 1, 0, 1, 2, 0, 1, 0, 3, 8, 5, 6, 5, 8, 7, 3, 100, 3, 4, 1, 8, 0, 2, 0, 100, 7, 4, 6, 26, 3, 0, 1, 0, 0, 0, 0, 0, 0, 0, 0, 1, 0, 0, 0, 0, 0, 0, 0, 0, 0, 0, 0, 1, 0, 0, 0, 0, 0, 0, 0, 1, 0, 0, 0, 1, 0, 0, 0, 
82, 0, 0, 0, 0, 1, 0, 0, 0, 0, 3, 1, 0, 0, 0, 1, 0, 0, 2, 0, 1, 1, 1, 0, 1, 23, 8, 6, 7, 73, 7, 8, 8, 65, 1, 0, 1, 67, 0, 2, 0, 0, 1, 2, 2, 19, 2, 0, 2, 2, 0, 0, 1, 5, 5, 9, 4, 12, 9, 10, 5, 100, 3, 3, 1, 5, 4, 0, 2, 100, 8, 7, 2, 21, 1, 1, 1, 3, 0, 0, 0, 1, 0, 0, 0, 2, 0, 0, 0, 2, 0, 0, 0, 0, 0, 0, 0, 1, 0, 0, 0, 0, 0, 0, 0, 1, 0, 0, 0, 1, 0, 0, 0, 
83, 1, 1, 2, 2, 0, 3, 0, 0, 2, 1, 0, 0, 1, 0, 2, 0, 1, 0, 1, 0, 0, 0, 0, 0, 34, 11, 10, 3, 71, 13, 10, 10, 69, 0, 2, 2, 71, 3, 3, 2, 1, 1, 1, 2, 8, 4, 0, 0, 2, 1, 1, 0, 12, 3, 2, 0, 18, 4, 4, 4, 100, 3, 2, 1, 1, 1, 2, 2, 100, 13, 3, 9, 21, 1, 0, 2, 1, 0, 0, 0, 0, 0, 0, 0, 2, 0, 0, 0, 0, 0, 0, 0, 0, 0, 0, 0, 0, 0, 0, 0, 1, 0, 0, 0, 0, 0, 0, 0, 0, 0, 0, 0, 
84, 0, 0, 1, 0, 0, 3, 0, 0, 1, 0, 1, 0, 0, 0, 0, 1, 0, 2, 0, 0, 1, 0, 0, 1, 48, 12, 7, 6, 82, 22, 10, 7, 70, 1, 0, 1, 76, 2, 0, 3, 4, 0, 2, 1, 10, 3, 3, 0, 1, 1, 1, 0, 6, 3, 7, 7, 15, 2, 4, 4, 100, 5, 1, 2, 1, 1, 0, 0, 100, 13, 10, 6, 2, 1, 0, 1, 2, 0, 0, 0, 0, 0, 0, 0, 1, 0, 0, 0, 0, 0, 0, 0, 0, 0, 0, 0, 3, 0, 0, 0, 1, 0, 0, 0, 0, 0, 0, 0, 0, 0, 0, 0, 
85, 1, 0, 1, 0, 0, 0, 1, 0, 0, 1, 0, 1, 0, 0, 0, 1, 0, 1, 1, 1, 3, 0, 0, 0, 48, 6, 7, 6, 88, 9, 8, 15, 59, 1, 0, 2, 90, 2, 3, 0, 4, 3, 3, 2, 0, 1, 1, 0, 7, 1, 1, 0, 3, 6, 6, 9, 12, 5, 0, 5, 100, 1, 2, 1, 3, 0, 4, 0, 0, 11, 9, 5, 0, 2, 1, 2, 0, 0, 0, 0, 2, 0, 0, 0, 1, 0, 0, 0, 1, 0, 0, 0, 1, 0, 0, 0, 0, 0, 0, 0, 0, 0, 0, 0, 0, 0, 0, 0, 3, 0, 0, 0, 
86, 0, 0, 1, 0, 0, 1, 0, 0, 0, 1, 0, 0, 0, 0, 0, 0, 0, 1, 0, 1, 0, 2, 0, 0, 44, 13, 11, 8, 91, 10, 10, 7, 47, 1, 1, 0, 75, 2, 2, 0, 4, 7, 5, 2, 2, 1, 2, 2, 3, 3, 1, 2, 1, 0, 2, 0, 6, 2, 2, 1, 100, 3, 2, 2, 13, 3, 1, 1, 100, 9, 6, 5, 2, 5, 8, 6, 0, 0, 0, 0, 1, 0, 0, 0, 1, 0, 0, 0, 0, 0, 0, 0, 1, 0, 0, 0, 1, 0, 0, 0, 1, 0, 0, 0, 0, 0, 0, 0, 2, 0, 0, 0, 
87, 1, 3, 1, 1, 0, 1, 0, 1, 0, 0, 1, 0, 2, 0, 0, 0, 0, 0, 1, 0, 1, 1, 0, 0, 53, 16, 7, 10, 94, 7, 9, 10, 47, 1, 1, 3, 78, 7, 3, 1, 4, 2, 6, 7, 0, 1, 1, 1, 7, 0, 1, 0, 1, 0, 0, 1, 1, 3, 0, 0, 100, 0, 2, 1, 7, 2, 2, 1, 100, 11, 9, 8, 4, 8, 5, 3, 0, 0, 0, 0, 0, 0, 0, 0, 1, 0, 0, 0, 1, 0, 0, 0, 0, 0, 0, 0, 0, 0, 0, 0, 1, 0, 0, 0, 1, 0, 0, 0, 1, 0, 0, 0, 
88, 0, 1, 3, 1, 0, 0, 1, 1, 0, 0, 0, 0, 1, 2, 0, 1, 0, 0, 0, 0, 0, 0, 0, 0, 65, 3, 3, 7, 98, 13, 8, 9, 28, 0, 0, 1, 81, 1, 1, 1, 4, 3, 5, 6, 2, 1, 2, 1, 4, 2, 5, 2, 1, 0, 2, 0, 1, 0, 0, 0, 100, 3, 0, 2, 2, 3, 0, 2, 100, 9, 7, 8, 3, 2, 6, 5, 1, 0, 0, 0, 3, 0, 0, 0, 0, 0, 0, 0, 2, 0, 0, 0, 1, 0, 0, 0, 0, 0, 0, 0, 0, 0, 0, 0, 1, 0, 0, 0, 0, 0, 0, 0, 
89, 1, 0, 0, 0, 0, 0, 0, 0, 3, 0, 0, 1, 1, 2, 0, 4, 1, 0, 1, 0, 0, 1, 1, 1, 58, 6, 10, 11, 100, 9, 8, 9, 19, 0, 0, 1, 80, 1, 2, 2, 5, 4, 8, 1, 0, 1, 1, 0, 0, 0, 1, 0, 0, 1, 2, 0, 0, 3, 4, 3, 100, 3, 1, 0, 3, 0, 0, 1, 100, 6, 5, 4, 0, 1, 1, 1, 1, 0, 0, 0, 1, 0, 0, 0, 1, 0, 0, 0, 1, 0, 0, 0, 1, 0, 0, 0, 0, 0, 0, 0, 2, 0, 0, 0, 1, 0, 0, 0, 1, 0, 0, 0, 
90, 0, 0, 1, 0, 1, 1, 0, 0, 0, 1, 1, 0, 0, 0, 2, 1, 0, 0, 0, 0, 0, 0, 1, 0, 60, 5, 3, 5, 100, 11, 6, 4, 5, 3, 2, 0, 95, 4, 4, 0, 10, 4, 4, 2, 3, 2, 2, 0, 2, 1, 1, 1, 3, 1, 1, 1, 0, 0, 0, 2, 100, 2, 3, 1, 5, 1, 0, 1, 100, 8, 5, 9, 3, 1, 3, 0, 1, 0, 0, 0, 1, 0, 0, 0, 1, 0, 0, 0, 0, 0, 0, 0, 1, 0, 0, 0, 2, 0, 0, 0, 1, 0, 0, 0, 1, 0, 0, 0, 1, 0, 0, 0, 
91, 0, 0, 1, 0, 0, 0, 0, 0, 1, 3, 0, 0, 0, 0, 0, 0, 0, 0, 0, 1, 2, 0, 1, 1, 54, 9, 11, 5, 100, 11, 6, 8, 11, 1, 1, 2, 100, 0, 0, 2, 3, 4, 4, 2, 6, 2, 2, 3, 4, 3, 1, 1, 0, 0, 0, 1, 4, 6, 4, 1, 100, 1, 0, 2, 0, 0, 1, 0, 100, 12, 9, 6, 11, 1, 0, 2, 1, 0, 0, 0, 0, 0, 0, 0, 0, 0, 0, 0, 0, 0, 0, 0, 1, 0, 0, 0, 1, 0, 0, 0, 1, 0, 0, 0, 0, 0, 0, 0, 3, 0, 0, 0, 
92, 0, 1, 0, 0, 3, 1, 0, 1, 0, 0, 0, 0, 0, 0, 0, 0, 0, 0, 1, 2, 0, 0, 0, 0, 72, 8, 4, 5, 100, 11, 7, 7, 17, 1, 2, 0, 98, 4, 0, 2, 15, 3, 8, 3, 13, 1, 1, 2, 1, 0, 0, 0, 0, 0, 1, 0, 4, 6, 2, 2, 100, 4, 2, 2, 0, 2, 0, 0, 100, 8, 4, 5, 0, 2, 2, 4, 4, 0, 0, 0, 1, 0, 0, 0, 5, 0, 0, 0, 1, 0, 0, 0, 0, 0, 0, 0, 2, 0, 0, 0, 0, 0, 0, 0, 2, 0, 0, 0, 0, 0, 0, 0, 
93, 1, 0, 0, 0, 0, 1, 0, 0, 1, 3, 0, 0, 0, 1, 0, 1, 1, 0, 0, 0, 0, 0, 1, 1, 77, 7, 9, 4, 100, 7, 3, 7, 19, 0, 0, 1, 100, 3, 3, 2, 9, 4, 7, 1, 14, 2, 1, 0, 5, 0, 2, 1, 4, 6, 5, 2, 14, 1, 0, 0, 100, 0, 0, 0, 0, 1, 2, 0, 100, 7, 10, 12, 7, 7, 3, 3, 1, 0, 0, 0, 0, 0, 0, 0, 0, 0, 0, 0, 0, 0, 0, 0, 0, 0, 0, 0, 0, 0, 0, 0, 1, 0, 0, 0, 0, 0, 0, 0, 1, 0, 0, 0, 
94, 0, 0, 0, 0, 0, 1, 0, 1, 1, 0, 0, 1, 0, 0, 0, 0, 0, 2, 1, 0, 1, 1, 0, 0, 81, 6, 3, 4, 100, 6, 8, 10, 22, 1, 0, 1, 100, 1, 0, 4, 4, 1, 7, 4, 14, 0, 1, 2, 0, 2, 0, 0, 2, 5, 2, 3, 16, 2, 1, 1, 100, 2, 1, 0, 0, 1, 0, 2, 100, 8, 10, 8, 21, 10, 4, 1, 1, 0, 0, 0, 0, 0, 0, 0, 0, 0, 0, 0, 2, 0, 0, 0, 0, 0, 0, 0, 1, 0, 0, 0, 2, 0, 0, 0, 0, 0, 0, 0, 1, 0, 0, 0, 
95, 2, 2, 1, 1, 0, 0, 1, 0, 2, 1, 0, 0, 1, 1, 0, 0, 0, 0, 0, 1, 0, 0, 1, 0, 68, 10, 7, 5, 98, 6, 4, 4, 12, 2, 4, 0, 100, 5, 2, 1, 4, 2, 0, 1, 9, 3, 3, 0, 5, 1, 2, 3, 1, 5, 5, 3, 28, 3, 1, 2, 97, 0, 2, 0, 0, 1, 1, 0, 100, 8, 8, 5, 21, 1, 2, 1, 1, 0, 0, 0, 0, 0, 0, 0, 0, 0, 0, 0, 1, 0, 0, 0, 1, 0, 0, 0, 0, 0, 0, 0, 1, 0, 0, 0, 0, 0, 0, 0, 0, 0, 0, 0, 
96, 0, 0, 0, 0, 1, 0, 0, 0, 0, 0, 0, 1, 1, 0, 0, 0, 0, 1, 2, 1, 1, 0, 0, 0, 77, 10, 11, 5, 100, 16, 8, 6, 0, 3, 2, 0, 100, 2, 0, 1, 4, 2, 6, 5, 4, 1, 0, 2, 3, 9, 3, 3, 7, 1, 3, 1, 16, 2, 0, 0, 81, 1, 3, 0, 1, 2, 2, 2, 100, 11, 8, 7, 20, 7, 7, 2, 0, 0, 0, 0, 0, 0, 0, 0, 1, 0, 0, 0, 1, 0, 0, 0, 0, 0, 0, 0, 0, 0, 0, 0, 2, 0, 0, 0, 2, 0, 0, 0, 0, 0, 0, 0, 
97, 0, 0, 0, 0, 1, 0, 0, 0, 1, 1, 0, 1, 2, 1, 0, 0, 0, 1, 0, 0, 0, 0, 0, 0, 72, 6, 1, 8, 100, 9, 13, 6, 1, 0, 0, 0, 99, 1, 3, 2, 6, 6, 3, 2, 14, 2, 4, 1, 7, 10, 1, 4, 3, 4, 5, 4, 20, 4, 0, 0, 74, 5, 1, 3, 3, 2, 1, 2, 100, 11, 8, 4, 26, 1, 2, 2, 1, 0, 0, 0, 0, 0, 0, 0, 0, 0, 0, 0, 1, 0, 0, 0, 3, 0, 0, 0, 0, 0, 0, 0, 4, 0, 0, 0, 3, 0, 0, 0, 0, 0, 0, 0, 
98, 1, 0, 1, 0, 0, 1, 0, 0, 0, 1, 2, 0, 0, 0, 1, 0, 1, 0, 0, 0, 0, 0, 0, 1, 62, 9, 10, 3, 100, 3, 7, 7, 3, 3, 7, 2, 99, 1, 1, 1, 4, 4, 4, 1, 5, 2, 2, 0, 2, 2, 1, 3, 4, 4, 4, 4, 7, 3, 0, 1, 81, 2, 4, 0, 5, 3, 0, 1, 100, 10, 4, 6, 24, 1, 3, 2, 0, 0, 0, 0, 1, 0, 0, 0, 1, 0, 0, 0, 1, 0, 0, 0, 0, 0, 0, 0, 1, 0, 0, 0, 0, 0, 0, 0, 5, 0, 0, 0, 1, 0, 0, 0, 
99, 2, 3, 2, 1, 1, 0, 0, 0, 0, 0, 0, 1, 2, 0, 0, 0, 0, 0, 1, 0, 1, 0, 0, 0, 50, 7, 6, 12, 87, 12, 9, 10, 1, 8, 5, 6, 92, 3, 2, 3, 6, 6, 4, 10, 4, 2, 3, 1, 3, 3, 3, 0, 4, 6, 5, 3, 6, 0, 0, 2, 78, 2, 2, 0, 1, 0, 0, 1, 100, 8, 9, 4, 31, 3, 5, 2, 1, 0, 0, 0, 2, 0, 0, 0, 0, 0, 0, 0, 1, 0, 0, 0, 0, 0, 0, 0, 0, 0, 0, 0, 2, 0, 0, 0, 0, 0, 0, 0, 0, 0, 0, 0, 