0, 0, 0, 0, 1, 0, 0, 0, 0, 0, 1, 0, 0, 0, 1, 0, 0, 0, 0, 0, 0, 1, 0, 0, 0, 2, 4, 1, 4, 0, 0, 1, 1, 5, 3, 1, 1, 2, 2, 2, 3, 5, 2, 0, 3, 0, 1, 1, 1, 0, 2, 0, 0, 0, 1, 0, 0, 2, 1, 0, 0, 0, 1, 0, 0, 2, 1, 1, 2, 1, 0, 1, 0, 5, 2, 4, 2, 1, 0, 0, 0, 0, 0, 0, 0, 1, 0, 0, 0, 2, 0, 0, 0, 0, 0, 0, 0, 1, 0, 0, 0, 1, 0, 0, 0, 3, 0, 0, 0, 0, 0, 0, 0, 
1, 2, 0, 0, 0, 0, 1, 0, 0, 0, 0, 0, 1, 1, 0, 0, 0, 0, 1, 0, 0, 0, 0, 2, 0, 4, 0, 3, 3, 1, 1, 3, 1, 9, 0, 0, 0, 0, 2, 2, 2, 4, 2, 0, 1, 0, 0, 1, 0, 2, 3, 2, 4, 3, 1, 3, 0, 0, 0, 1, 1, 0, 0, 1, 1, 0, 4, 0, 3, 4, 6, 2, 2, 0, 0, 0, 1, 0, 0, 0, 0, 0, 0, 0, 0, 0, 0, 0, 0, 1, 0, 0, 0, 0, 0, 0, 0, 0, 0, 0, 0, 0, 0, 0, 0, 0, 0, 0, 0, 0, 0, 0, 0, 
2, 1, 0, 0, 0, 0, 0, 0, 0, 1, 0, 0, 0, 0, 1, 0, 0, 0, 0, 1, 0, 3, 0, 0, 0, 1, 1, 2, 1, 1, 0, 0, 1, 0, 0, 1, 0, 0, 1, 1, 0, 6, 3, 1, 2, 0, 4, 2, 2, 1, 1, 2, 0, 5, 2, 0, 0, 2, 4, 0, 0, 9, 2, 0, 3, 1, 2, 2, 2, 6, 3, 3, 0, 0, 3, 1, 2, 2, 0, 0, 0, 0, 0, 0, 0, 2, 0, 0, 0, 0, 0, 0, 0, 1, 0, 0, 0, 0, 0, 0, 0, 0, 0, 0, 0, 0, 0, 0, 0, 1, 0, 0, 0, 
3, 3, 0, 0, 2, 1, 1, 3, 0, 2, 1, 0, 0, 0, 0, 0, 1, 0, 0, 1, 0, 1, 0, 0, 3, 6, 4, 3, 5, 0, 0, 0, 0, 0, 0, 2, 0, 3, 3, 1, 0, 6, 2, 1, 0, 0, 0, 1, 0, 0, 0, 0, 1, 6, 1, 0, 1, 1, 2, 2, 0, 6, 5, 3, 2, 5, 4, 6, 3, 2, 2, 2, 3, 1, 1, 3, 0, 0, 0, 0, 0, 1, 0, 0, 0, 2, 0, 0, 0, 1, 0, 0, 0, 0, 0, 0, 0, 0, 0, 0, 0, 1, 0, 0, 0, 0, 0, 0, 0, 3, 0, 0, 0, 
4, 1, 0, 2, 1, 0, 1, 2, 0, 1, 0, 0, 0, 0, 0, 0, 1, 0, 1, 0, 0, 0, 1, 1, 0, 10, 1, 5, 7, 5, 5, 2, 0, 2, 0, 1, 0, 0, 0, 0, 0, 2, 3, 4, 2, 9, 0, 0, 0, 1, 1, 1, 1, 0, 0, 0, 0, 2, 1, 2, 2, 5, 4, 3, 1, 18, 4, 3, 2, 5, 1, 6, 4, 0, 0, 0, 0, 2, 0, 0, 0, 0, 0, 0, 0, 3, 0, 0, 0, 0, 0, 0, 0, 2, 0, 0, 0, 1, 0, 0, 0, 0, 0, 0, 0, 1, 0, 0, 0, 1, 0, 0, 0, 
5, 0, 3, 2, 1, 0, 0, 0, 0, 0, 1, 1, 0, 0, 1, 0, 0, 1, 0, 0, 0, 0, 0, 0, 0, 18, 10, 6, 8, 1, 0, 0, 0, 8, 1, 2, 0, 2, 2, 0, 0, 0, 3, 0, 1, 1, 0, 0, 1, 12, 8, 9, 3, 1, 1, 1, 1, 5, 2, 2, 7, 4, 6, 7, 4, 21, 4, 3, 1, 14, 3, 6, 4, 1, 0, 0, 2, 1, 0, 0, 0, 0, 0, 0, 0, 4, 0, 0, 0, 0, 0, 0, 0, 1, 0, 0, 0, 0, 0, 0, 0, 1, 0, 0, 0, 0, 0, 0, 0, 0, 0, 0, 0, 
6, 1, 0, 1, 2, 1, 1, 2, 0, 0, 0, 0, 0, 1, 0, 1, 2, 0, 0, 0, 0, 1, 1, 0, 0, 24, 10, 9, 4, 0, 0, 1, 0, 3, 2, 3, 1, 5, 10, 4, 3, 5, 4, 3, 2, 3, 0, 0, 0, 21, 3, 4, 3, 1, 0, 0, 0, 3, 1, 1, 0, 5, 4, 5, 3, 0, 3, 6, 5, 8, 6, 6, 12, 2, 0, 1, 0, 1, 0, 0, 0, 0, 0, 0, 0, 2, 0, 0, 0, 0, 0, 0, 0, 1, 0, 0, 0, 0, 0, 0, 0, 0, 0, 0, 0, 2, 0, 0, 0, 0, 0, 0, 0, 
7, 0, 1, 1, 1, 2, 0, 2, 0, 1, 0, 1, 0, 0, 0, 1, 0, 2, 0, 2, 0, 0, 0, 0, 0, 27, 9, 8, 1, 6, 8, 2, 8, 4, 2, 2, 5, 4, 2, 6, 6, 6, 1, 3, 1, 1, 4, 4, 2, 8, 5, 4, 5, 0, 0, 1, 0, 1, 3, 3, 2, 1, 1, 0, 0, 0, 1, 0, 2, 4, 7, 9, 8, 2, 0, 2, 1, 1, 0, 0, 0, 0, 0, 0, 0, 0, 0, 0, 0, 0, 0, 0, 0, 0, 0, 0, 0, 2, 0, 0, 0, 3, 0, 0, 0, 1, 0, 0, 0, 2, 0, 0, 0, 
8, 2, 0, 1, 0, 1, 0, 0, 0, 1, 0, 0, 1, 1, 1, 0, 0, 0, 0, 0, 0, 0, 0, 0, 0, 34, 5, 4, 4, 10, 2, 3, 2, 5, 0, 3, 5, 15, 7, 5, 3, 1, 5, 2, 2, 4, 6, 1, 3, 2, 4, 4, 6, 2, 0, 1, 0, 1, 0, 2, 0, 1, 0, 0, 2, 3, 1, 1, 0, 14, 7, 4, 8, 0, 0, 1, 0, 0, 0, 0, 0, 1, 0, 0, 0, 0, 0, 0, 0, 0, 0, 0, 0, 2, 0, 0, 0, 0, 0, 0, 0, 1, 0, 0, 0, 0, 0, 0, 0, 3, 0, 0, 0, 
9, 1, 0, 3, 4, 1, 1, 1, 2, 0, 0, 0, 0, 1, 0, 0, 1, 1, 1, 1, 0, 0, 0, 2, 0, 27, 2, 6, 3, 10, 1, 3, 2, 2, 1, 0, 1, 13, 3, 4, 5, 4, 5, 5, 3, 3, 3, 0, 2, 7, 8, 5, 9, 2, 1, 3, 1, 2, 1, 3, 3, 4, 0, 0, 0, 12, 0, 0, 1, 14, 8, 6, 3, 0, 0, 0, 2, 2, 0, 0, 0, 2, 0, 0, 0, 0, 0, 0, 0, 0, 0, 0, 0, 0, 0, 0, 0, 1, 0, 0, 0, 2, 0, 0, 0, 0, 0, 0, 0, 0, 0, 0, 0, 
10, 2, 0, 1, 1, 1, 1, 0, 1, 0, 0, 0, 0, 0, 0, 0, 0, 0, 0, 1, 0, 0, 0, 1, 0, 21, 10, 3, 9, 16, 3, 2, 0, 1, 2, 3, 0, 16, 8, 6, 3, 10, 10, 2, 4, 4, 7, 3, 4, 9, 5, 10, 7, 3, 1, 1, 1, 5, 4, 3, 2, 2, 1, 4, 2, 2, 1, 4, 2, 7, 3, 8, 4, 0, 2, 1, 1, 0, 0, 0, 0, 0, 0, 0, 0, 0, 0, 0, 0, 1, 0, 0, 0, 0, 0, 0, 0, 0, 0, 0, 0, 0, 0, 0, 0, 2, 0, 0, 0, 0, 0, 0, 0, 
11, 1, 2, 0, 0, 0, 0, 0, 1, 0, 0, 0, 0, 1, 0, 1, 0, 2, 0, 1, 1, 0, 1, 1, 1, 41, 6, 2, 5, 5, 3, 0, 3, 0, 1, 0, 2, 7, 6, 3, 3, 28, 2, 5, 2, 0, 0, 0, 0, 4, 8, 7, 3, 0, 0, 2, 1, 0, 0, 1, 1, 7, 3, 0, 3, 3, 2, 4, 1, 2, 8, 7, 3, 9, 4, 1, 0, 0, 0, 0, 0, 0, 0, 0, 0, 1, 0, 0, 0, 0, 0, 0, 0, 0, 0, 0, 0, 2, 0, 0, 0, 0, 0, 0, 0, 0, 0, 0, 0, 2, 0, 0, 0, 
12, 0, 0, 0, 1, 1, 1, 0, 0, 1, 0, 0, 0, 0, 1, 0, 1, 0, 0, 0, 0, 0, 0, 1, 0, 38, 6, 6, 5, 10, 2, 3, 1, 2, 2, 3, 5, 14, 3, 5, 1, 21, 0, 1, 2, 1, 2, 2, 1, 10, 8, 5, 3, 1, 1, 2, 1, 4, 1, 3, 4, 3, 8, 8, 3, 2, 3, 2, 3, 3, 10, 4, 2, 9, 1, 0, 0, 0, 0, 0, 0, 1, 0, 0, 0, 1, 0, 0, 0, 0, 0, 0, 0, 1, 0, 0, 0, 1, 0, 0, 0, 0, 0, 0, 0, 0, 0, 0, 0, 1, 0, 0, 0, 
13, 1, 2, 1, 0, 0, 0, 0, 0, 0, 0, 1, 1, 1, 0, 0, 0, 2, 0, 0, 0, 0, 0, 2, 0, 35, 5, 4, 3, 19, 6, 3, 4, 1, 1, 2, 1, 14, 5, 0, 2, 15, 7, 9, 3, 4, 2, 5, 5, 14, 15, 9, 6, 1, 0, 2, 0, 0, 1, 1, 0, 5, 4, 1, 4, 4, 5, 3, 7, 2, 0, 2, 2, 1, 1, 0, 1, 0, 0, 0, 0, 2, 0, 0, 0, 0, 0, 0, 0, 0, 0, 0, 0, 0, 0, 0, 0, 0, 0, 0, 0, 0, 0, 0, 0, 0, 0, 0, 0, 1, 0, 0, 0, 
14, 0, 0, 0, 0, 0, 2, 1, 0, 0, 0, 0, 1, 1, 2, 1, 1, 2, 1, 0, 1, 2, 1, 0, 0, 30, 5, 4, 5, 24, 5, 3, 3, 0, 1, 4, 1, 13, 4, 3, 4, 34, 1, 2, 5, 4, 5, 8, 2, 16, 4, 8, 8, 2, 0, 0, 0, 2, 0, 1, 0, 4, 2, 2, 4, 5, 2, 2, 3, 1, 1, 1, 0, 0, 3, 0, 0, 1, 0, 0, 0, 0, 0, 0, 0, 0, 0, 0, 0, 2, 0, 0, 0, 1, 0, 0, 0, 1, 0, 0, 0, 1, 0, 0, 0, 2, 0, 0, 0, 0, 0, 0, 0, 
15, 0, 0, 0, 0, 0, 0, 0, 1, 0, 0, 0, 0, 0, 0, 1, 0, 0, 0, 0, 0, 1, 0, 0, 0, 15, 4, 6, 3, 31, 5, 1, 1, 1, 2, 0, 0, 18, 4, 3, 6, 16, 1, 5, 3, 5, 5, 6, 7, 10, 5, 8, 3, 0, 1, 1, 4, 6, 3, 7, 4, 2, 4, 8, 1, 2, 2, 1, 5, 9, 2, 0, 0, 2, 0, 1, 1, 1, 0, 0, 0, 3, 0, 0, 0, 0, 0, 0, 0, 1, 0, 0, 0, 0, 0, 0, 0, 2, 0, 0, 0, 0, 0, 0, 0, 1, 0, 0, 0, 1, 0, 0, 0, 
16, 0, 1, 0, 0, 0, 0, 0, 0, 0, 0, 1, 1, 0, 0, 0, 0, 1, 0, 0, 0, 0, 0, 2, 0, 18, 6, 4, 3, 27, 2, 4, 4, 1, 0, 1, 0, 5, 3, 3, 5, 23, 7, 1, 2, 3, 9, 5, 4, 6, 9, 6, 5, 0, 0, 0, 2, 13, 4, 2, 2, 8, 3, 5, 0, 6, 1, 0, 2, 15, 0, 1, 2, 0, 1, 0, 0, 1, 0, 0, 0, 3, 0, 0, 0, 0, 0, 0, 0, 0, 0, 0, 0, 0, 0, 0, 0, 1, 0, 0, 0, 1, 0, 0, 0, 0, 0, 0, 0, 0, 0, 0, 0, 
17, 8, 0, 1, 0, 0, 0, 0, 0, 1, 1, 0, 0, 0, 1, 1, 0, 0, 0, 0, 0, 0, 0, 0, 1, 7, 3, 4, 4, 20, 0, 2, 2, 1, 1, 0, 1, 6, 5, 10, 12, 21, 1, 3, 2, 3, 1, 1, 0, 2, 2, 0, 4, 1, 0, 1, 2, 3, 6, 1, 0, 1, 2, 2, 3, 13, 5, 1, 3, 6, 0, 1, 1, 0, 0, 0, 0, 1, 0, 0, 0, 0, 0, 0, 0, 0, 0, 0, 0, 1, 0, 0, 0, 2, 0, 0, 0, 2, 0, 0, 0, 1, 0, 0, 0, 0, 0, 0, 0, 0, 0, 0, 0, 
18, 0, 0, 0, 0, 0, 0, 1, 2, 0, 1, 1, 0, 1, 0, 1, 0, 2, 3, 0, 2, 1, 0, 1, 0, 8, 6, 6, 4, 17, 3, 2, 4, 1, 3, 3, 3, 21, 6, 5, 6, 16, 3, 1, 3, 3, 3, 4, 4, 3, 4, 2, 3, 1, 1, 0, 0, 3, 3, 2, 0, 2, 5, 3, 4, 21, 6, 2, 1, 2, 0, 2, 0, 2, 1, 0, 0, 0, 0, 0, 0, 4, 0, 0, 0, 0, 0, 0, 0, 1, 0, 0, 0, 0, 0, 0, 0, 1, 0, 0, 0, 1, 0, 0, 0, 1, 0, 0, 0, 1, 0, 0, 0, 
19, 0, 0, 2, 0, 0, 0, 2, 0, 0, 0, 0, 0, 1, 1, 0, 1, 0, 2, 0, 0, 0, 0, 0, 1, 17, 4, 7, 6, 10, 2, 4, 0, 0, 0, 0, 0, 30, 8, 7, 9, 6, 2, 3, 2, 6, 3, 3, 2, 3, 5, 2, 0, 1, 3, 2, 1, 8, 5, 3, 3, 2, 6, 2, 6, 17, 6, 3, 2, 1, 0, 0, 0, 1, 0, 2, 2, 1, 0, 0, 0, 0, 0, 0, 0, 1, 0, 0, 0, 2, 0, 0, 0, 3, 0, 0, 0, 0, 0, 0, 0, 0, 0, 0, 0, 0, 0, 0, 0, 0, 0, 0, 0, 
20, 2, 1, 1, 0, 0, 1, 2, 2, 0, 0, 0, 0, 0, 0, 0, 2, 0, 0, 0, 0, 0, 1, 0, 0, 13, 6, 3, 3, 5, 1, 7, 7, 2, 0, 2, 1, 30, 6, 4, 3, 0, 3, 1, 1, 2, 2, 5, 2, 1, 0, 0, 0, 1, 1, 2, 1, 6, 1, 6, 5, 6, 2, 1, 5, 16, 3, 2, 3, 0, 0, 0, 0, 0, 2, 1, 2, 0, 0, 0, 0, 2, 0, 0, 0, 0, 0, 0, 0, 1, 0, 0, 0, 0, 0, 0, 0, 1, 0, 0, 0, 0, 0, 0, 0, 0, 0, 0, 0, 0, 0, 0, 0, 
21, 0, 0, 0, 0, 0, 1, 0, 2, 0, 1, 0, 1, 1, 1, 0, 0, 0, 0, 1, 1, 1, 0, 0, 0, 3, 3, 2, 3, 4, 10, 5, 9, 4, 4, 1, 4, 29, 6, 5, 4, 0, 1, 0, 1, 0, 0, 0, 1, 0, 1, 1, 1, 2, 2, 2, 4, 6, 5, 1, 1, 3, 4, 6, 4, 20, 0, 3, 2, 2, 2, 0, 0, 0, 0, 0, 0, 0, 0, 0, 0, 0, 0, 0, 0, 0, 0, 0, 0, 2, 0, 0, 0, 0, 0, 0, 0, 3, 0, 0, 0, 2, 0, 0, 0, 0, 0, 0, 0, 0, 0, 0, 0, 
22, 0, 1, 0, 0, 1, 0, 1, 0, 1, 0, 0, 0, 0, 0, 0, 0, 0, 1, 0, 0, 1, 0, 0, 0, 5, 2, 5, 2, 9, 10, 10, 5, 0, 0, 0, 1, 15, 10, 5, 4, 10, 8, 7, 3, 3, 1, 2, 0, 2, 4, 3, 6, 1, 0, 0, 2, 1, 3, 7, 3, 5, 1, 5, 2, 17, 3, 2, 2, 3, 6, 4, 1, 3, 7, 3, 2, 2, 0, 0, 0, 2, 0, 0, 0, 1, 0, 0, 0, 0, 0, 0, 0, 2, 0, 0, 0, 0, 0, 0, 0, 0, 0, 0, 0, 0, 0, 0, 0, 1, 0, 0, 0, 
23, 1, 0, 0, 0, 1, 1, 0, 1, 0, 0, 0, 1, 0, 0, 0, 1, 0, 0, 0, 0, 0, 0, 0, 1, 12, 5, 1, 0, 7, 10, 13, 17, 0, 0, 4, 1, 20, 5, 8, 6, 8, 7, 8, 6, 0, 1, 1, 1, 2, 3, 0, 2, 3, 3, 1, 0, 0, 1, 0, 3, 4, 3, 7, 1, 11, 1, 2, 3, 7, 4, 9, 1, 5, 6, 4, 2, 0, 0, 0, 0, 3, 0, 0, 0, 2, 0, 0, 0, 0, 0, 0, 0, 0, 0, 0, 0, 1, 0, 0, 0, 1, 0, 0, 0, 0, 0, 0, 0, 0, 0, 0, 0, 
24, 3, 1, 5, 1, 0, 0, 1, 0, 0, 0, 0, 0, 0, 0, 1, 0, 1, 1, 1, 0, 0, 0, 0, 0, 12, 4, 4, 3, 12, 9, 6, 12, 0, 1, 1, 1, 20, 8, 7, 7, 8, 5, 8, 2, 2, 2, 2, 0, 2, 4, 0, 0, 1, 0, 2, 2, 12, 0, 0, 3, 0, 0, 0, 0, 20, 12, 5, 8, 8, 3, 7, 8, 10, 5, 3, 1, 2, 0, 0, 0, 1, 0, 0, 0, 0, 0, 0, 0, 1, 0, 0, 0, 0, 0, 0, 0, 2, 0, 0, 0, 0, 0, 0, 0, 0, 0, 0, 0, 0, 0, 0, 0, 
25, 1, 2, 2, 0, 0, 0, 0, 0, 1, 0, 1, 0, 3, 0, 0, 0, 0, 0, 0, 0, 0, 0, 0, 0, 1, 1, 0, 0, 8, 12, 8, 11, 1, 3, 2, 2, 23, 7, 10, 5, 2, 2, 3, 4, 0, 2, 1, 0, 1, 2, 2, 3, 2, 3, 1, 3, 15, 0, 0, 0, 3, 6, 5, 3, 25, 5, 3, 4, 11, 9, 8, 4, 10, 3, 4, 3, 0, 0, 0, 0, 0, 0, 0, 0, 0, 0, 0, 0, 1, 0, 0, 0, 1, 0, 0, 0, 0, 0, 0, 0, 4, 0, 0, 0, 2, 0, 0, 0, 2, 0, 0, 0, 
26, 1, 0, 1, 0, 0, 0, 1, 0, 0, 0, 0, 0, 0, 0, 0, 1, 0, 0, 0, 0, 0, 0, 0, 1, 3, 1, 1, 1, 8, 10, 13, 5, 1, 1, 0, 1, 25, 5, 5, 4, 10, 3, 4, 1, 1, 1, 0, 0, 2, 0, 0, 1, 1, 1, 5, 4, 14, 3, 0, 1, 4, 2, 8, 5, 16, 3, 7, 3, 7, 7, 7, 5, 5, 3, 6, 2, 0, 0, 0, 0, 2, 0, 0, 0, 2, 0, 0, 0, 1, 0, 0, 0, 2, 0, 0, 0, 2, 0, 0, 0, 0, 0, 0, 0, 0, 0, 0, 0, 2, 0, 0, 0, 
27, 1, 1, 1, 1, 0, 0, 0, 0, 0, 0, 0, 0, 1, 1, 1, 1, 1, 1, 0, 0, 1, 1, 0, 0, 3, 3, 4, 4, 13, 8, 11, 11, 1, 1, 1, 0, 20, 8, 10, 4, 6, 3, 2, 3, 1, 1, 1, 0, 2, 1, 5, 2, 1, 3, 0, 2, 12, 0, 1, 2, 6, 3, 4, 3, 23, 4, 4, 3, 11, 11, 11, 10, 1, 2, 1, 4, 0, 0, 0, 0, 1, 0, 0, 0, 1, 0, 0, 0, 0, 0, 0, 0, 0, 0, 0, 0, 0, 0, 0, 0, 0, 0, 0, 0, 1, 0, 0, 0, 0, 0, 0, 0, 
28, 0, 0, 0, 0, 1, 0, 0, 0, 1, 0, 0, 2, 1, 0, 0, 0, 0, 0, 0, 1, 1, 0, 0, 0, 6, 7, 8, 5, 9, 11, 10, 11, 1, 2, 5, 2, 16, 8, 5, 3, 2, 4, 4, 3, 14, 2, 3, 4, 10, 6, 4, 2, 0, 0, 1, 0, 24, 1, 0, 1, 4, 6, 6, 2, 30, 6, 0, 2, 7, 4, 7, 6, 5, 3, 2, 0, 1, 0, 0, 0, 1, 0, 0, 0, 0, 0, 0, 0, 1, 0, 0, 0, 0, 0, 0, 0, 2, 0, 0, 0, 0, 0, 0, 0, 0, 0, 0, 0, 2, 0, 0, 0, 
29, 3, 0, 1, 2, 1, 0, 0, 0, 0, 0, 0, 0, 0, 0, 0, 0, 4, 1, 3, 1, 1, 0, 0, 1, 13, 3, 9, 10, 9, 5, 6, 2, 2, 1, 0, 2, 3, 7, 7, 2, 1, 2, 3, 3, 12, 4, 2, 2, 15, 3, 0, 2, 1, 3, 1, 1, 18, 2, 1, 0, 13, 5, 2, 0, 33, 9, 6, 1, 4, 4, 5, 4, 7, 0, 3, 2, 0, 0, 0, 0, 0, 0, 0, 0, 0, 0, 0, 0, 0, 0, 0, 0, 1, 0, 0, 0, 1, 0, 0, 0, 1, 0, 0, 0, 0, 0, 0, 0, 0, 0, 0, 0, 
30, 0, 1, 0, 0, 1, 1, 1, 0, 1, 1, 0, 0, 0, 1, 0, 0, 0, 1, 0, 1, 0, 0, 0, 1, 23, 8, 4, 7, 6, 3, 8, 7, 2, 0, 0, 1, 4, 5, 0, 3, 1, 0, 0, 1, 2, 4, 0, 1, 10, 8, 7, 2, 0, 0, 0, 0, 20, 0, 2, 0, 7, 1, 3, 0, 44, 5, 4, 5, 3, 2, 0, 1, 3, 7, 3, 5, 2, 0, 0, 0, 1, 0, 0, 0, 1, 0, 0, 0, 1, 0, 0, 0, 0, 0, 0, 0, 0, 0, 0, 0, 0, 0, 0, 0, 0, 0, 0, 0, 0, 0, 0, 0, 
31, 0, 0, 1, 0, 0, 0, 0, 0, 2, 1, 2, 1, 0, 0, 0, 0, 0, 1, 1, 0, 1, 0, 1, 2, 20, 13, 7, 8, 10, 4, 3, 8, 2, 2, 0, 0, 1, 2, 5, 3, 3, 3, 3, 2, 0, 1, 0, 0, 2, 1, 5, 0, 1, 0, 0, 0, 26, 3, 0, 0, 0, 1, 0, 1, 52, 5, 5, 5, 8, 1, 1, 2, 9, 4, 6, 5, 0, 0, 0, 0, 1, 0, 0, 0, 1, 0, 0, 0, 2, 0, 0, 0, 0, 0, 0, 0, 0, 0, 0, 0, 2, 0, 0, 0, 1, 0, 0, 0, 1, 0, 0, 0, 
32, 2, 1, 1, 0, 0, 0, 0, 0, 0, 0, 0, 0, 1, 0, 0, 0, 1, 2, 0, 0, 0, 0, 1, 0, 25, 9, 10, 6, 15, 6, 5, 3, 2, 2, 0, 0, 1, 1, 3, 1, 0, 1, 1, 1, 2, 5, 2, 2, 7, 4, 1, 0, 3, 2, 2, 1, 29, 4, 1, 1, 1, 2, 2, 2, 48, 3, 5, 6, 13, 1, 1, 0, 4, 4, 12, 6, 0, 0, 0, 0, 1, 0, 0, 0, 2, 0, 0, 0, 2, 0, 0, 0, 1, 0, 0, 0, 2, 0, 0, 0, 0, 0, 0, 0, 0, 0, 0, 0, 0, 0, 0, 0, 
33, 0, 0, 0, 0, 2, 0, 2, 1, 1, 0, 0, 2, 0, 1, 2, 2, 1, 0, 0, 0, 0, 0, 0, 0, 30, 4, 5, 4, 14, 4, 6, 5, 0, 2, 0, 1, 0, 1, 1, 1, 1, 6, 2, 1, 3, 4, 3, 0, 13, 1, 2, 0, 5, 0, 1, 0, 34, 5, 0, 1, 3, 3, 1, 1, 35, 3, 3, 7, 16, 2, 1, 1, 7, 9, 2, 6, 1, 0, 0, 0, 0, 0, 0, 0, 0, 0, 0, 0, 0, 0, 0, 0, 0, 0, 0, 0, 2, 0, 0, 0, 1, 0, 0, 0, 0, 0, 0, 0, 2, 0, 0, 0, 
34, 0, 0, 1, 0, 0, 0, 0, 0, 1, 0, 2, 1, 0, 2, 2, 1, 0, 0, 0, 0, 0, 1, 2, 0, 23, 4, 4, 3, 21, 2, 1, 7, 6, 3, 5, 8, 0, 2, 5, 2, 10, 0, 3, 2, 2, 2, 1, 2, 1, 2, 2, 4, 1, 3, 0, 5, 34, 0, 0, 0, 0, 1, 0, 0, 31, 5, 1, 4, 6, 1, 0, 1, 10, 2, 4, 3, 0, 0, 0, 0, 1, 0, 0, 0, 1, 0, 0, 0, 2, 0, 0, 0, 1, 0, 0, 0, 0, 0, 0, 0, 0, 0, 0, 0, 0, 0, 0, 0, 0, 0, 0, 0, 
35, 0, 1, 0, 1, 0, 0, 0, 0, 0, 0, 0, 0, 0, 0, 1, 0, 1, 0, 0, 0, 0, 0, 0, 1, 10, 7, 3, 3, 28, 2, 2, 7, 0, 1, 0, 3, 1, 1, 4, 3, 11, 9, 5, 3, 4, 3, 3, 2, 2, 0, 1, 0, 11, 5, 4, 7, 41, 4, 0, 1, 1, 2, 0, 0, 25, 6, 5, 2, 1, 1, 1, 0, 3, 3, 5, 4, 1, 0, 0, 0, 0, 0, 0, 0, 0, 0, 0, 0, 1, 0, 0, 0, 1, 0, 0, 0, 0, 0, 0, 0, 2, 0, 0, 0, 1, 0, 0, 0, 0, 0, 0, 0, 
36, 0, 0, 0, 0, 0, 0, 0, 1, 0, 0, 0, 0, 1, 0, 0, 0, 0, 0, 0, 1, 0, 0, 0, 0, 7, 4, 3, 4, 24, 5, 6, 2, 1, 2, 3, 2, 3, 0, 1, 0, 19, 11, 4, 3, 0, 0, 0, 0, 1, 0, 1, 1, 4, 4, 4, 3, 45, 1, 1, 2, 2, 1, 1, 1, 13, 7, 5, 1, 0, 0, 0, 2, 0, 0, 0, 0, 0, 0, 0, 0, 1, 0, 0, 0, 3, 0, 0, 0, 2, 0, 0, 0, 2, 0, 0, 0, 1, 0, 0, 0, 0, 0, 0, 0, 1, 0, 0, 0, 1, 0, 0, 0, 
37, 0, 0, 0, 0, 1, 0, 0, 0, 0, 0, 0, 0, 1, 1, 4, 1, 1, 0, 0, 0, 1, 1, 0, 0, 19, 3, 2, 2, 20, 2, 4, 3, 1, 0, 1, 3, 7, 2, 5, 2, 2, 2, 3, 3, 0, 0, 0, 0, 4, 4, 1, 3, 2, 4, 9, 4, 35, 5, 0, 2, 8, 2, 1, 1, 16, 7, 1, 0, 3, 1, 1, 2, 4, 0, 3, 3, 1, 0, 0, 0, 1, 0, 0, 0, 0, 0, 0, 0, 1, 0, 0, 0, 0, 0, 0, 0, 2, 0, 0, 0, 0, 0, 0, 0, 1, 0, 0, 0, 1, 0, 0, 0, 
38, 1, 1, 0, 0, 0, 0, 0, 0, 0, 0, 0, 0, 2, 0, 0, 0, 0, 0, 0, 0, 0, 1, 0, 0, 10, 3, 3, 1, 26, 4, 4, 5, 13, 4, 1, 1, 1, 5, 1, 2, 3, 3, 2, 2, 8, 2, 6, 0, 1, 0, 0, 2, 1, 3, 2, 6, 32, 2, 0, 0, 26, 4, 1, 1, 22, 5, 9, 3, 2, 2, 4, 1, 1, 3, 2, 2, 0, 0, 0, 0, 0, 0, 0, 0, 4, 0, 0, 0, 0, 0, 0, 0, 0, 0, 0, 0, 0, 0, 0, 0, 0, 0, 0, 0, 3, 0, 0, 0, 0, 0, 0, 0, 
39, 0, 1, 0, 0, 0, 0, 0, 1, 0, 0, 0, 1, 1, 0, 0, 1, 1, 0, 0, 0, 0, 0, 0, 0, 5, 2, 2, 3, 31, 3, 3, 5, 29, 2, 2, 2, 1, 1, 0, 2, 1, 1, 0, 2, 3, 2, 8, 6, 5, 2, 2, 7, 0, 2, 1, 2, 35, 2, 1, 0, 26, 0, 0, 2, 18, 3, 3, 2, 1, 0, 0, 1, 4, 2, 0, 0, 1, 0, 0, 0, 2, 0, 0, 0, 0, 0, 0, 0, 1, 0, 0, 0, 0, 0, 0, 0, 3, 0, 0, 0, 1, 0, 0, 0, 1, 0, 0, 0, 0, 0, 0, 0, 
40, 1, 1, 2, 2, 1, 0, 1, 0, 0, 0, 0, 1, 1, 0, 0, 0, 0, 0, 0, 0, 1, 0, 1, 1, 0, 0, 1, 0, 18, 2, 3, 5, 36, 5, 3, 3, 2, 1, 0, 0, 2, 2, 6, 2, 2, 4, 13, 6, 4, 1, 2, 0, 0, 2, 6, 3, 48, 1, 0, 0, 26, 2, 0, 1, 6, 4, 7, 2, 2, 0, 0, 1, 3, 3, 1, 0, 0, 0, 0, 0, 0, 0, 0, 0, 0, 0, 0, 0, 0, 0, 0, 0, 1, 0, 0, 0, 1, 0, 0, 0, 1, 0, 0, 0, 0, 0, 0, 0, 0, 0, 0, 0, 
41, 0, 0, 0, 0, 1, 0, 0, 0, 0, 3, 1, 0, 0, 1, 0, 0, 1, 1, 3, 1, 1, 1, 0, 0, 3, 1, 0, 0, 37, 2, 7, 4, 52, 4, 0, 1, 1, 1, 0, 0, 1, 3, 1, 2, 4, 4, 6, 4, 0, 1, 0, 1, 6, 2, 2, 1, 49, 1, 1, 0, 10, 1, 1, 0, 10, 4, 6, 6, 0, 1, 0, 0, 10, 1, 4, 1, 1, 0, 0, 0, 1, 0, 0, 0, 0, 0, 0, 0, 5, 0, 0, 0, 0, 0, 0, 0, 1, 0, 0, 0, 1, 0, 0, 0, 1, 0, 0, 0, 0, 0, 0, 0, 
42, 0, 1, 0, 0, 1, 2, 0, 1, 0, 0, 1, 0, 0, 0, 0, 0, 1, 0, 0, 0, 2, 3, 1, 1, 19, 0, 0, 1, 47, 3, 4, 3, 51, 2, 1, 1, 6, 2, 3, 0, 0, 1, 2, 1, 2, 3, 1, 2, 1, 1, 2, 1, 3, 0, 0, 1, 46, 0, 1, 1, 7, 4, 4, 0, 14, 3, 8, 7, 4, 1, 1, 0, 0, 0, 1, 0, 0, 0, 0, 0, 0, 0, 0, 0, 2, 0, 0, 0, 0, 0, 0, 0, 2, 0, 0, 0, 0, 0, 0, 0, 0, 0, 0, 0, 0, 0, 0, 0, 1, 0, 0, 0, 
43, 1, 0, 1, 2, 0, 0, 0, 0, 1, 0, 2, 0, 0, 0, 1, 0, 0, 1, 1, 1, 0, 0, 1, 0, 25, 0, 3, 2, 32, 6, 2, 4, 42, 5, 4, 1, 4, 1, 1, 1, 0, 3, 3, 2, 5, 2, 4, 4, 7, 4, 1, 1, 0, 0, 1, 0, 50, 1, 1, 1, 6, 0, 0, 1, 23, 4, 4, 1, 1, 1, 0, 0, 0, 1, 0, 0, 0, 0, 0, 0, 1, 0, 0, 0, 0, 0, 0, 0, 1, 0, 0, 0, 2, 0, 0, 0, 3, 0, 0, 0, 0, 0, 0, 0, 2, 0, 0, 0, 2, 0, 0, 0, 
44, 0, 0, 1, 0, 1, 1, 1, 1, 1, 0, 1, 1, 1, 0, 1, 0, 0, 0, 1, 0, 0, 1, 0, 0, 24, 1, 1, 0, 19, 6, 3, 5, 46, 2, 1, 1, 7, 4, 1, 0, 9, 6, 2, 1, 1, 1, 1, 3, 9, 2, 2, 2, 0, 3, 0, 1, 44, 1, 0, 1, 12, 1, 1, 0, 24, 4, 8, 4, 0, 3, 0, 2, 3, 2, 5, 1, 0, 0, 0, 0, 0, 0, 0, 0, 0, 0, 0, 0, 1, 0, 0, 0, 0, 0, 0, 0, 1, 0, 0, 0, 1, 0, 0, 0, 1, 0, 0, 0, 0, 0, 0, 0, 
45, 0, 0, 1, 1, 1, 0, 0, 2, 0, 2, 0, 2, 1, 0, 0, 0, 0, 0, 0, 0, 0, 0, 0, 0, 22, 3, 1, 2, 4, 2, 1, 2, 52, 5, 2, 3, 6, 0, 0, 1, 17, 6, 2, 3, 8, 3, 3, 1, 5, 2, 5, 1, 4, 1, 6, 2, 30, 2, 3, 2, 0, 0, 0, 0, 27, 1, 3, 1, 5, 3, 3, 1, 1, 2, 1, 0, 1, 0, 0, 0, 3, 0, 0, 0, 0, 0, 0, 0, 0, 0, 0, 0, 1, 0, 0, 0, 1, 0, 0, 0, 2, 0, 0, 0, 1, 0, 0, 0, 0, 0, 0, 0, 
46, 0, 0, 0, 0, 1, 1, 1, 0, 0, 0, 0, 0, 0, 1, 1, 1, 1, 0, 1, 0, 1, 0, 0, 1, 26, 4, 1, 4, 0, 1, 1, 2, 57, 3, 4, 1, 0, 0, 0, 0, 17, 2, 4, 3, 8, 2, 1, 4, 1, 0, 0, 0, 2, 2, 4, 4, 28, 0, 1, 1, 0, 0, 2, 0, 19, 10, 5, 1, 3, 6, 3, 2, 5, 1, 0, 2, 1, 0, 0, 0, 0, 0, 0, 0, 0, 0, 0, 0, 0, 0, 0, 0, 4, 0, 0, 0, 0, 0, 0, 0, 0, 0, 0, 0, 2, 0, 0, 0, 1, 0, 0, 0, 
47, 0, 0, 0, 0, 0, 0, 0, 0, 0, 0, 0, 0, 1, 0, 0, 2, 0, 0, 0, 0, 0, 0, 0, 0, 32, 7, 1, 1, 5, 3, 2, 1, 59, 3, 0, 2, 2, 2, 3, 1, 5, 3, 4, 2, 1, 3, 4, 1, 1, 1, 2, 3, 3, 4, 1, 4, 30, 1, 0, 1, 6, 2, 4, 1, 13, 7, 5, 4, 3, 1, 4, 1, 0, 0, 0, 1, 0, 0, 0, 0, 0, 0, 0, 0, 2, 0, 0, 0, 1, 0, 0, 0, 1, 0, 0, 0, 1, 0, 0, 0, 0, 0, 0, 0, 2, 0, 0, 0, 0, 0, 0, 0, 
48, 1, 0, 0, 0, 4, 2, 1, 1, 10, 1, 1, 1, 0, 0, 0, 1, 1, 0, 1, 1, 1, 0, 2, 0, 30, 2, 0, 1, 2, 3, 2, 2, 68, 5, 1, 3, 0, 0, 0, 1, 8, 1, 5, 1, 0, 0, 1, 1, 1, 4, 2, 0, 5, 2, 4, 5, 14, 0, 1, 0, 15, 0, 3, 0, 3, 7, 0, 3, 1, 1, 0, 0, 1, 0, 0, 0, 0, 0, 0, 0, 0, 0, 0, 0, 2, 0, 0, 0, 0, 0, 0, 0, 2, 0, 0, 0, 0, 0, 0, 0, 0, 0, 0, 0, 1, 0, 0, 0, 4, 0, 0, 0, 
49, 0, 0, 0, 0, 0, 0, 0, 1, 0, 0, 0, 0, 1, 1, 0, 1, 1, 0, 0, 0, 1, 1, 0, 1, 21, 1, 2, 2, 6, 3, 7, 5, 77, 2, 4, 2, 6, 1, 2, 0, 5, 6, 1, 2, 0, 0, 0, 0, 4, 4, 2, 2, 2, 3, 4, 3, 21, 3, 2, 2, 11, 1, 0, 1, 2, 5, 2, 1, 0, 1, 0, 0, 5, 1, 1, 1, 0, 0, 0, 0, 0, 0, 0, 0, 2, 0, 0, 0, 0, 0, 0, 0, 0, 0, 0, 0, 1, 0, 0, 0, 0, 0, 0, 0, 0, 0, 0, 0, 0, 0, 0, 0, 
50, 2, 1, 2, 2, 0, 0, 2, 3, 0, 0, 0, 0, 1, 0, 0, 0, 0, 0, 0, 0, 0, 0, 0, 0, 23, 1, 2, 0, 8, 3, 3, 4, 92, 0, 1, 3, 0, 1, 1, 0, 4, 5, 6, 6, 0, 1, 1, 1, 3, 2, 5, 1, 1, 1, 0, 1, 32, 9, 2, 1, 1, 2, 2, 2, 3, 0, 0, 0, 2, 1, 1, 2, 0, 1, 0, 0, 0, 0, 0, 0, 0, 0, 0, 0, 0, 0, 0, 0, 0, 0, 0, 0, 1, 0, 0, 0, 1, 0, 0, 0, 1, 0, 0, 0, 0, 0, 0, 0, 0, 0, 0, 0, 
51, 0, 0, 0, 0, 0, 1, 0, 0, 1, 0, 1, 0, 0, 1, 0, 0, 0, 0, 1, 0, 0, 0, 0, 1, 30, 0, 2, 1, 5, 4, 9, 5, 80, 1, 0, 2, 0, 1, 2, 1, 9, 6, 8, 6, 0, 2, 2, 0, 3, 1, 2, 4, 0, 0, 2, 0, 56, 4, 3, 4, 0, 1, 0, 1, 2, 3, 2, 1, 5, 2, 1, 0, 6, 2, 2, 1, 0, 0, 0, 0, 0, 0, 0, 0, 0, 0, 0, 0, 1, 0, 0, 0, 1, 0, 0, 0, 0, 0, 0, 0, 0, 0, 0, 0, 1, 0, 0, 0, 0, 0, 0, 0, 
52, 0, 0, 0, 1, 0, 0, 1, 0, 0, 1, 0, 0, 0, 0, 0, 0, 0, 0, 1, 0, 1, 0, 2, 0, 27, 3, 3, 0, 11, 8, 4, 11, 68, 0, 1, 0, 2, 3, 2, 1, 5, 11, 5, 7, 1, 2, 1, 1, 0, 2, 1, 1, 2, 1, 1, 0, 62, 4, 2, 0, 2, 0, 1, 0, 3, 0, 1, 2, 2, 2, 1, 5, 9, 5, 10, 5, 0, 0, 0, 0, 1, 0, 0, 0, 0, 0, 0, 0, 1, 0, 0, 0, 1, 0, 0, 0, 2, 0, 0, 0, 1, 0, 0, 0, 0, 0, 0, 0, 0, 0, 0, 0, 
53, 2, 0, 1, 1, 1, 0, 0, 1, 1, 0, 2, 1, 0, 1, 0, 0, 0, 0, 0, 0, 3, 3, 0, 0, 26, 1, 1, 0, 5, 4, 2, 15, 77, 1, 2, 0, 2, 1, 2, 0, 3, 7, 5, 7, 1, 2, 1, 2, 2, 1, 4, 1, 1, 1, 1, 2, 67, 1, 0, 0, 4, 1, 1, 0, 0, 1, 0, 0, 1, 3, 1, 1, 4, 4, 4, 4, 0, 0, 0, 0, 1, 0, 0, 0, 1, 0, 0, 0, 2, 0, 0, 0, 0, 0, 0, 0, 1, 0, 0, 0, 0, 0, 0, 0, 1, 0, 0, 0, 1, 0, 0, 0, 
54, 0, 2, 1, 0, 1, 1, 1, 0, 0, 0, 0, 0, 1, 0, 0, 1, 0, 1, 1, 2, 1, 1, 0, 0, 35, 1, 3, 0, 6, 9, 4, 6, 62, 0, 1, 2, 2, 2, 0, 0, 5, 10, 11, 4, 5, 6, 4, 3, 1, 0, 0, 2, 1, 1, 0, 1, 72, 3, 1, 0, 8, 0, 1, 0, 10, 7, 2, 7, 0, 0, 0, 1, 2, 3, 7, 3, 0, 0, 0, 0, 0, 0, 0, 0, 0, 0, 0, 0, 1, 0, 0, 0, 0, 0, 0, 0, 1, 0, 0, 0, 2, 0, 0, 0, 1, 0, 0, 0, 1, 0, 0, 0, 
55, 2, 1, 4, 1, 0, 1, 0, 2, 0, 0, 2, 0, 0, 1, 0, 0, 0, 0, 1, 0, 1, 0, 1, 2, 42, 4, 0, 2, 5, 5, 6, 5, 59, 1, 0, 2, 0, 0, 0, 0, 9, 8, 8, 5, 0, 1, 6, 3, 3, 1, 0, 1, 3, 1, 0, 0, 89, 0, 1, 0, 4, 1, 2, 1, 30, 7, 4, 1, 1, 1, 4, 1, 1, 0, 7, 2, 1, 0, 0, 0, 2, 0, 0, 0, 1, 0, 0, 0, 0, 0, 0, 0, 0, 0, 0, 0, 1, 0, 0, 0, 0, 0, 0, 0, 1, 0, 0, 0, 0, 0, 0, 0, 
56, 0, 2, 0, 0, 0, 1, 1, 0, 0, 1, 0, 0, 1, 0, 0, 0, 0, 0, 0, 0, 1, 1, 3, 1, 32, 3, 1, 0, 1, 6, 3, 4, 60, 6, 3, 1, 7, 2, 1, 0, 13, 11, 6, 11, 1, 3, 1, 0, 4, 6, 3, 2, 0, 0, 0, 1, 89, 2, 0, 1, 3, 8, 2, 0, 32, 4, 3, 4, 3, 0, 0, 1, 2, 2, 4, 5, 1, 0, 0, 0, 1, 0, 0, 0, 3, 0, 0, 0, 0, 0, 0, 0, 1, 0, 0, 0, 0, 0, 0, 0, 0, 0, 0, 0, 0, 0, 0, 0, 0, 0, 0, 0, 
57, 1, 0, 1, 1, 0, 0, 1, 0, 1, 2, 0, 0, 1, 0, 0, 0, 2, 1, 0, 0, 0, 0, 2, 1, 20, 2, 2, 0, 12, 8, 7, 3, 86, 3, 2, 1, 4, 0, 1, 2, 12, 6, 9, 5, 3, 0, 1, 1, 6, 2, 3, 5, 12, 2, 1, 2, 68, 1, 3, 1, 3, 2, 2, 3, 28, 4, 3, 4, 1, 2, 3, 0, 0, 6, 7, 2, 0, 0, 0, 0, 0, 0, 0, 0, 0, 0, 0, 0, 0, 0, 0, 0, 1, 0, 0, 0, 0, 0, 0, 0, 0, 0, 0, 0, 1, 0, 0, 0, 1, 0, 0, 0, 
58, 6, 2, 1, 0, 0, 0, 0, 0, 1, 1, 2, 1, 0, 0, 1, 2, 0, 1, 0, 0, 0, 0, 0, 1, 21, 0, 0, 1, 21, 6, 6, 3, 100, 1, 0, 3, 1, 3, 2, 4, 7, 9, 2, 3, 12, 1, 0, 0, 4, 6, 8, 7, 1, 1, 1, 1, 85, 1, 3, 0, 3, 3, 4, 3, 31, 1, 3, 2, 0, 0, 1, 1, 5, 3, 7, 2, 1, 0, 0, 0, 3, 0, 0, 0, 0, 0, 0, 0, 2, 0, 0, 0, 0, 0, 0, 0, 1, 0, 0, 0, 0, 0, 0, 0, 1, 0, 0, 0, 0, 0, 0, 0, 
59, 0, 0, 2, 1, 0, 0, 2, 0, 1, 0, 0, 0, 1, 0, 0, 0, 1, 1, 0, 0, 0, 1, 0, 1, 23, 0, 2, 3, 23, 4, 6, 7, 100, 4, 3, 0, 8, 1, 0, 2, 6, 1, 5, 2, 26, 2, 2, 1, 13, 9, 13, 7, 0, 0, 0, 0, 72, 0, 3, 0, 3, 1, 2, 3, 29, 1, 5, 1, 0, 0, 1, 1, 2, 1, 2, 4, 4, 0, 0, 0, 4, 0, 0, 0, 0, 0, 0, 0, 1, 0, 0, 0, 1, 0, 0, 0, 2, 0, 0, 0, 0, 0, 0, 0, 1, 0, 0, 0, 0, 0, 0, 0, 
60, 1, 0, 0, 0, 0, 1, 0, 0, 0, 0, 0, 1, 1, 0, 0, 0, 0, 0, 1, 0, 2, 2, 0, 2, 9, 0, 0, 1, 33, 6, 1, 3, 100, 0, 1, 3, 3, 3, 3, 2, 4, 2, 6, 3, 24, 0, 3, 0, 11, 6, 11, 4, 1, 2, 4, 0, 75, 1, 1, 0, 2, 1, 2, 4, 29, 0, 1, 1, 3, 1, 2, 4, 6, 1, 3, 1, 3, 0, 0, 0, 0, 0, 0, 0, 2, 0, 0, 0, 2, 0, 0, 0, 0, 0, 0, 0, 1, 0, 0, 0, 0, 0, 0, 0, 0, 0, 0, 0, 1, 0, 0, 0, 
61, 0, 1, 0, 0, 2, 0, 0, 1, 0, 0, 0, 0, 0, 0, 0, 0, 2, 0, 0, 1, 0, 0, 0, 1, 3, 2, 1, 0, 26, 7, 2, 10, 100, 0, 2, 0, 0, 0, 0, 0, 7, 5, 3, 4, 29, 2, 3, 3, 5, 7, 12, 1, 3, 1, 1, 2, 77, 5, 0, 1, 0, 2, 0, 0, 17, 3, 5, 2, 1, 2, 2, 2, 5, 3, 3, 3, 0, 0, 0, 0, 0, 0, 0, 0, 0, 0, 0, 0, 2, 0, 0, 0, 0, 0, 0, 0, 0, 0, 0, 0, 1, 0, 0, 0, 1, 0, 0, 0, 3, 0, 0, 0, 
62, 3, 0, 1, 1, 2, 1, 3, 0, 1, 0, 0, 0, 0, 2, 0, 0, 0, 0, 0, 0, 0, 0, 1, 0, 0, 0, 0, 0, 41, 5, 3, 12, 100, 2, 0, 0, 0, 0, 0, 0, 12, 7, 3, 6, 27, 1, 1, 2, 4, 4, 7, 5, 14, 3, 1, 2, 87, 3, 1, 5, 4, 1, 2, 3, 23, 1, 4, 1, 1, 4, 3, 2, 1, 0, 0, 0, 1, 0, 0, 0, 0, 0, 0, 0, 0, 0, 0, 0, 0, 0, 0, 0, 1, 0, 0, 0, 1, 0, 0, 0, 0, 0, 0, 0, 2, 0, 0, 0, 2, 0, 0, 0, 
63, 2, 1, 2, 2, 0, 0, 0, 0, 0, 0, 0, 0, 0, 0, 0, 0, 0, 0, 0, 0, 1, 0, 1, 1, 3, 2, 6, 5, 54, 6, 8, 4, 96, 7, 2, 2, 3, 3, 5, 4, 8, 8, 7, 7, 17, 2, 2, 2, 6, 9, 5, 6, 15, 2, 1, 2, 87, 0, 2, 0, 5, 2, 1, 1, 12, 4, 2, 0, 3, 1, 5, 1, 2, 0, 2, 2, 0, 0, 0, 0, 0, 0, 0, 0, 1, 0, 0, 0, 1, 0, 0, 0, 1, 0, 0, 0, 1, 0, 0, 0, 1, 0, 0, 0, 0, 0, 0, 0, 0, 0, 0, 0, 
64, 1, 0, 0, 1, 1, 1, 0, 0, 1, 0, 0, 0, 0, 2, 1, 1, 0, 0, 2, 1, 1, 1, 0, 0, 4, 5, 6, 6, 43, 5, 1, 3, 100, 4, 4, 2, 1, 1, 0, 0, 12, 9, 13, 7, 12, 1, 1, 1, 0, 4, 2, 2, 17, 4, 3, 0, 92, 4, 2, 0, 2, 9, 2, 3, 9, 2, 4, 6, 4, 2, 2, 5, 4, 1, 1, 1, 0, 0, 0, 0, 1, 0, 0, 0, 2, 0, 0, 0, 0, 0, 0, 0, 1, 0, 0, 0, 1, 0, 0, 0, 2, 0, 0, 0, 1, 0, 0, 0, 1, 0, 0, 0, 
65, 0, 0, 1, 0, 0, 0, 1, 0, 1, 1, 0, 0, 0, 0, 0, 0, 2, 1, 1, 0, 0, 0, 0, 0, 4, 6, 4, 5, 43, 13, 3, 5, 100, 3, 2, 1, 1, 0, 1, 0, 16, 8, 11, 6, 7, 1, 0, 5, 4, 1, 2, 1, 24, 2, 2, 1, 100, 1, 0, 2, 1, 6, 4, 3, 6, 4, 3, 2, 3, 3, 2, 3, 1, 1, 1, 1, 1, 0, 0, 0, 1, 0, 0, 0, 0, 0, 0, 0, 0, 0, 0, 0, 1, 0, 0, 0, 0, 0, 0, 0, 1, 0, 0, 0, 2, 0, 0, 0, 0, 0, 0, 0, 
66, 0, 0, 0, 0, 0, 0, 0, 0, 1, 0, 0, 0, 1, 1, 0, 0, 1, 0, 0, 0, 0, 1, 0, 1, 3, 3, 2, 1, 40, 3, 4, 4, 100, 0, 2, 1, 7, 4, 3, 1, 11, 14, 7, 2, 4, 1, 1, 2, 4, 1, 2, 4, 20, 1, 2, 1, 100, 0, 0, 0, 9, 1, 1, 0, 2, 1, 2, 0, 1, 3, 3, 8, 1, 2, 4, 1, 0, 0, 0, 0, 0, 0, 0, 0, 0, 0, 0, 0, 0, 0, 0, 0, 0, 0, 0, 0, 0, 0, 0, 0, 2, 0, 0, 0, 1, 0, 0, 0, 0, 0, 0, 0, 
67, 0, 0, 0, 1, 0, 0, 0, 0, 0, 0, 0, 0, 0, 0, 0, 0, 0, 1, 0, 0, 0, 2, 0, 2, 0, 1, 3, 0, 47, 10, 10, 10, 100, 4, 0, 3, 4, 1, 2, 4, 6, 8, 10, 10, 0, 0, 1, 0, 5, 3, 0, 4, 19, 6, 4, 1, 97, 0, 1, 0, 4, 7, 8, 0, 2, 2, 0, 0, 5, 2, 6, 4, 0, 0, 0, 0, 3, 0, 0, 0, 1, 0, 0, 0, 0, 0, 0, 0, 0, 0, 0, 0, 1, 0, 0, 0, 0, 0, 0, 0, 1, 0, 0, 0, 0, 0, 0, 0, 0, 0, 0, 0, 
68, 0, 1, 1, 1, 1, 0, 1, 0, 0, 0, 0, 0, 0, 1, 0, 0, 0, 0, 0, 0, 0, 0, 0, 0, 5, 2, 1, 2, 65, 1, 6, 5, 100, 2, 1, 0, 5, 0, 3, 1, 11, 10, 8, 8, 2, 0, 3, 0, 6, 2, 6, 0, 24, 2, 3, 1, 89, 0, 2, 2, 2, 0, 5, 3, 6, 3, 7, 6, 5, 3, 6, 2, 2, 2, 0, 4, 1, 0, 0, 0, 1, 0, 0, 0, 1, 0, 0, 0, 1, 0, 0, 0, 0, 0, 0, 0, 0, 0, 0, 0, 0, 0, 0, 0, 1, 0, 0, 0, 1, 0, 0, 0, 
69, 0, 3, 0, 0, 2, 0, 1, 1, 1, 1, 0, 1, 0, 0, 0, 0, 0, 0, 0, 1, 0, 0, 2, 0, 15, 1, 1, 0, 56, 3, 7, 6, 100, 1, 1, 2, 1, 0, 0, 2, 10, 13, 6, 11, 2, 4, 0, 2, 8, 7, 8, 4, 10, 3, 3, 1, 92, 0, 0, 3, 0, 1, 0, 0, 12, 8, 15, 3, 2, 3, 5, 0, 0, 2, 0, 0, 1, 0, 0, 0, 2, 0, 0, 0, 0, 0, 0, 0, 0, 0, 0, 0, 1, 0, 0, 0, 1, 0, 0, 0, 2, 0, 0, 0, 0, 0, 0, 0, 1, 0, 0, 0, 
70, 3, 0, 1, 2, 1, 3, 0, 0, 0, 1, 0, 0, 0, 0, 0, 0, 0, 1, 1, 0, 0, 0, 0, 0, 7, 3, 2, 3, 68, 5, 7, 2, 100, 0, 1, 3, 1, 1, 1, 0, 5, 5, 7, 6, 3, 1, 3, 0, 3, 2, 3, 0, 14, 2, 2, 1, 94, 6, 4, 2, 0, 2, 0, 2, 16, 12, 6, 10, 0, 0, 0, 2, 4, 0, 2, 1, 1, 0, 0, 0, 0, 0, 0, 0, 0, 0, 0, 0, 0, 0, 0, 0, 1, 0, 0, 0, 0, 0, 0, 0, 1, 0, 0, 0, 0, 0, 0, 0, 1, 0, 0, 0, 
71, 1, 0, 0, 0, 0, 1, 0, 0, 0, 0, 0, 0, 1, 0, 2, 0, 0, 0, 0, 0, 0, 0, 0, 0, 1, 1, 1, 1, 75, 7, 6, 4, 100, 0, 4, 0, 1, 1, 2, 2, 11, 6, 3, 9, 3, 4, 1, 0, 1, 1, 1, 0, 12, 1, 2, 0, 97, 0, 1, 1, 4, 0, 0, 1, 14, 10, 10, 7, 8, 2, 1, 3, 0, 0, 1, 0, 0, 0, 0, 0, 1, 0, 0, 0, 1, 0, 0, 0, 1, 0, 0, 0, 1, 0, 0, 0, 0, 0, 0, 0, 1, 0, 0, 0, 1, 0, 0, 0, 3, 0, 0, 0, 
72, 2, 0, 4, 0, 0, 0, 0, 1, 1, 1, 0, 0, 0, 1, 0, 0, 0, 0, 0, 2, 0, 0, 0, 0, 5, 2, 1, 0, 80, 5, 3, 3, 100, 2, 0, 2, 3, 1, 0, 0, 5, 8, 5, 7, 0, 2, 0, 0, 2, 2, 1, 0, 14, 3, 4, 3, 88, 4, 1, 0, 2, 1, 9, 2, 32, 7, 13, 10, 4, 2, 3, 0, 0, 0, 1, 0, 2, 0, 0, 0, 1, 0, 0, 0, 1, 0, 0, 0, 0, 0, 0, 0, 0, 0, 0, 0, 1, 0, 0, 0, 2, 0, 0, 0, 0, 0, 0, 0, 0, 0, 0, 0, 
73, 0, 0, 0, 0, 0, 2, 1, 0, 1, 0, 0, 0, 0, 0, 0, 0, 1, 0, 0, 1, 0, 0, 1, 0, 0, 3, 0, 1, 74, 5, 4, 1, 100, 2, 3, 3, 1, 0, 0, 0, 5, 3, 6, 4, 2, 1, 1, 3, 2, 5, 1, 4, 4, 0, 0, 1, 82, 1, 1, 0, 3, 1, 5, 3, 47, 10, 7, 6, 3, 4, 2, 0, 4, 7, 2, 2, 0, 0, 0, 0, 0, 0, 0, 0, 1, 0, 0, 0, 0, 0, 0, 0, 0, 0, 0, 0, 0, 0, 0, 0, 2, 0, 0, 0, 0, 0, 0, 0, 1, 0, 0, 0, 
74, 4, 0, 1, 0, 1, 1, 0, 0, 0, 0, 0, 0, 0, 0, 0, 0, 0, 0, 0, 0, 0, 0, 0, 0, 1, 3, 0, 2, 76, 11, 2, 3, 100, 2, 4, 2, 0, 0, 0, 1, 12, 8, 2, 3, 1, 0, 0, 1, 8, 7, 3, 5, 6, 2, 2, 3, 85, 0, 3, 0, 0, 0, 0, 2, 38, 10, 6, 5, 0, 0, 0, 2, 6, 2, 6, 4, 0, 0, 0, 0, 0, 0, 0, 0, 1, 0, 0, 0, 0, 0, 0, 0, 0, 0, 0, 0, 1, 0, 0, 0, 2, 0, 0, 0, 2, 0, 0, 0, 0, 0, 0, 0, 
75, 0, 0, 1, 1, 1, 1, 0, 1, 0, 1, 0, 0, 0, 0, 0, 1, 0, 0, 0, 0, 1, 0, 0, 0, 2, 1, 2, 1, 74, 4, 5, 5, 100, 2, 3, 3, 3, 2, 2, 6, 15, 3, 4, 2, 2, 1, 1, 1, 2, 5, 6, 6, 6, 4, 0, 0, 100, 1, 4, 0, 0, 1, 0, 0, 33, 7, 11, 8, 5, 3, 5, 3, 5, 8, 5, 5, 1, 0, 0, 0, 0, 0, 0, 0, 1, 0, 0, 0, 1, 0, 0, 0, 1, 0, 0, 0, 1, 0, 0, 0, 0, 0, 0, 0, 0, 0, 0, 0, 2, 0, 0, 0, 
76, 1, 0, 0, 1, 1, 1, 2, 1, 1, 1, 0, 0, 0, 1, 1, 1, 0, 0, 0, 0, 0, 1, 0, 0, 0, 0, 0, 1, 66, 2, 5, 3, 100, 0, 4, 2, 1, 6, 1, 0, 19, 4, 2, 3, 1, 3, 3, 2, 6, 4, 6, 5, 14, 0, 2, 1, 100, 0, 0, 0, 15, 0, 1, 0, 51, 10, 7, 6, 5, 5, 9, 4, 5, 2, 6, 5, 1, 0, 0, 0, 0, 0, 0, 0, 0, 0, 0, 0, 3, 0, 0, 0, 2, 0, 0, 0, 1, 0, 0, 0, 0, 0, 0, 0, 0, 0, 0, 0, 1, 0, 0, 0, 
77, 1, 1, 1, 0, 0, 0, 0, 1, 1, 1, 0, 0, 0, 0, 0, 0, 0, 0, 0, 0, 1, 0, 0, 0, 1, 2, 2, 1, 65, 5, 3, 6, 88, 7, 1, 1, 0, 0, 0, 0, 24, 7, 1, 2, 4, 2, 3, 1, 6, 16, 5, 5, 15, 1, 0, 4, 100, 3, 0, 2, 10, 0, 2, 0, 46, 9, 8, 9, 4, 3, 7, 3, 0, 0, 2, 1, 0, 0, 0, 0, 1, 0, 0, 0, 1, 0, 0, 0, 1, 0, 0, 0, 1, 0, 0, 0, 1, 0, 0, 0, 1, 0, 0, 0, 0, 0, 0, 0, 4, 0, 0, 0, 
78, 1, 0, 3, 1, 1, 0, 1, 0, 0, 0, 1, 0, 2, 3, 0, 1, 0, 1, 0, 0, 0, 0, 0, 0, 1, 4, 3, 1, 68, 5, 6, 4, 100, 4, 2, 1, 4, 3, 2, 1, 32, 2, 6, 3, 7, 1, 5, 1, 6, 11, 14, 10, 4, 1, 3, 3, 100, 0, 0, 0, 11, 1, 0, 2, 56, 14, 7, 3, 3, 1, 7, 4, 4, 1, 1, 3, 0, 0, 0, 0, 0, 0, 0, 0, 0, 0, 0, 0, 3, 0, 0, 0, 1, 0, 0, 0, 0, 0, 0, 0, 0, 0, 0, 0, 1, 0, 0, 0, 1, 0, 0, 0, 
79, 1, 1, 1, 2, 0, 0, 0, 0, 1, 2, 0, 1, 1, 0, 2, 0, 2, 0, 0, 0, 1, 0, 0, 0, 1, 1, 5, 3, 65, 6, 7, 6, 100, 6, 6, 0, 1, 0, 2, 3, 38, 3, 3, 6, 2, 3, 2, 2, 9, 13, 6, 19, 8, 1, 2, 4, 100, 0, 1, 0, 7, 2, 0, 0, 55, 14, 6, 6, 1, 0, 1, 1, 2, 2, 2, 2, 0, 0, 0, 0, 1, 0, 0, 0, 0, 0, 0, 0, 0, 0, 0, 0, 0, 0, 0, 0, 0, 0, 0, 0, 0, 0, 0, 0, 0, 0, 0, 0, 0, 0, 0, 0, 
80, 0, 0, 1, 1, 1, 0, 0, 1, 0, 0, 1, 1, 1, 0, 0, 3, 1, 0, 3, 1, 1, 0, 0, 1, 2, 0, 0, 2, 72, 3, 1, 1, 100, 1, 0, 0, 2, 3, 0, 0, 31, 3, 4, 3, 8, 0, 1, 2, 9, 10, 10, 15, 3, 2, 2, 2, 100, 2, 1, 0, 0, 1, 0, 1, 71, 8, 4, 9, 5, 9, 1, 1, 0, 2, 1, 3, 3, 0, 0, 0, 0, 0, 0, 0, 3, 0, 0, 0, 1, 0, 0, 0, 0, 0, 0, 0, 0, 0, 0, 0, 1, 0, 0, 0, 0, 0, 0, 0, 0, 0, 0, 0, 
81, 1, 0, 0, 1, 0, 2, 1, 0, 0, 0, 0, 1, 0, 0, 0, 0, 0, 0, 0, 0, 2, 0, 0, 0, 0, 0, 0, 0, 59, 4, 1, 4, 100, 6, 7, 3, 3, 1, 1, 2, 30, 2, 4, 2, 4, 3, 1, 2, 18, 16, 12, 9, 0, 0, 1, 0, 96, 1, 0, 1, 2, 1, 3, 2, 78, 5, 7, 7, 3, 1, 1, 1, 7, 1, 4, 3, 3, 0, 0, 0, 0, 0, 0, 0, 1, 0, 0, 0, 0, 0, 0, 0, 2, 0, 0, 0, 1, 0, 0, 0, 0, 0, 0, 0, 0, 0, 0, 0, 2, 0, 0, 0, 
82, 1, 0, 1, 0, 0, 0, 0, 0, 1, 0, 0, 0, 1, 0, 0, 0, 0, 0, 0, 0, 1, 0, 0, 0, 1, 2, 1, 3, 41, 6, 5, 8, 100, 0, 2, 2, 3, 1, 2, 1, 26, 3, 2, 0, 9, 3, 2, 2, 13, 9, 10, 8, 2, 3, 2, 0, 98, 1, 2, 0, 5, 2, 1, 0, 74, 11, 5, 5, 0, 0, 0, 1, 5, 9, 4, 5, 0, 0, 0, 0, 0, 0, 0, 0, 0, 0, 0, 0, 0, 0, 0, 0, 1, 0, 0, 0, 1, 0, 0, 0, 0, 0, 0, 0, 2, 0, 0, 0, 3, 0, 0, 0, 
83, 1, 0, 0, 1, 0, 0, 0, 0, 0, 1, 0, 0, 0, 0, 0, 0, 0, 0, 0, 0, 0, 0, 0, 0, 5, 4, 2, 3, 44, 6, 6, 2, 100, 2, 7, 0, 1, 2, 3, 0, 32, 5, 3, 3, 5, 5, 4, 1, 11, 8, 8, 7, 2, 1, 3, 0, 100, 3, 1, 2, 2, 4, 1, 1, 78, 7, 10, 7, 1, 0, 0, 1, 2, 6, 4, 2, 0, 0, 0, 0, 2, 0, 0, 0, 0, 0, 0, 0, 4, 0, 0, 0, 0, 0, 0, 0, 1, 0, 0, 0, 1, 0, 0, 0, 0, 0, 0, 0, 1, 0, 0, 0, 
84, 4, 0, 1, 0, 0, 0, 0, 0, 0, 0, 0, 0, 0, 0, 0, 0, 1, 1, 0, 0, 0, 0, 1, 1, 4, 2, 4, 1, 42, 4, 12, 5, 100, 0, 1, 2, 0, 1, 1, 1, 23, 3, 1, 3, 7, 3, 3, 3, 5, 9, 10, 11, 0, 1, 3, 1, 100, 3, 0, 2, 0, 0, 1, 0, 79, 7, 8, 6, 0, 1, 0, 0, 8, 2, 6, 3, 0, 0, 0, 0, 1, 0, 0, 0, 1, 0, 0, 0, 1, 0, 0, 0, 1, 0, 0, 0, 0, 0, 0, 0, 2, 0, 0, 0, 0, 0, 0, 0, 0, 0, 0, 0, 
85, 0, 0, 1, 0, 0, 1, 1, 0, 0, 2, 0, 0, 1, 0, 0, 0, 0, 0, 0, 0, 0, 0, 0, 0, 10, 6, 4, 3, 58, 6, 9, 6, 100, 0, 3, 2, 2, 5, 4, 3, 23, 5, 3, 3, 0, 3, 3, 2, 8, 15, 12, 5, 0, 0, 1, 1, 100, 0, 0, 0, 0, 1, 0, 1, 82, 5, 5, 4, 3, 1, 0, 0, 4, 2, 3, 0, 3, 0, 0, 0, 0, 0, 0, 0, 0, 0, 0, 0, 2, 0, 0, 0, 1, 0, 0, 0, 1, 0, 0, 0, 0, 0, 0, 0, 1, 0, 0, 0, 0, 0, 0, 0, 
86, 0, 0, 1, 2, 2, 0, 0, 0, 0, 0, 0, 0, 0, 0, 0, 0, 0, 0, 0, 0, 0, 0, 1, 0, 11, 12, 8, 14, 49, 6, 5, 6, 100, 1, 4, 0, 10, 10, 7, 6, 17, 5, 2, 3, 13, 2, 2, 5, 7, 10, 11, 10, 6, 3, 2, 3, 100, 0, 0, 0, 0, 0, 0, 0, 70, 11, 10, 6, 0, 0, 1, 1, 0, 1, 0, 0, 0, 0, 0, 0, 1, 0, 0, 0, 0, 0, 0, 0, 1, 0, 0, 0, 0, 0, 0, 0, 0, 0, 0, 0, 2, 0, 0, 0, 4, 0, 0, 0, 1, 0, 0, 0, 
87, 0, 0, 0, 0, 0, 0, 0, 0, 1, 0, 0, 2, 0, 0, 0, 0, 1, 0, 0, 0, 0, 0, 0, 0, 14, 10, 7, 11, 58, 5, 6, 8, 100, 0, 2, 3, 8, 1, 3, 4, 19, 1, 2, 6, 8, 1, 4, 2, 6, 8, 12, 7, 3, 3, 5, 3, 100, 0, 1, 0, 2, 1, 5, 0, 76, 9, 4, 8, 2, 1, 2, 2, 0, 0, 0, 1, 2, 0, 0, 0, 1, 0, 0, 0, 0, 0, 0, 0, 1, 0, 0, 0, 2, 0, 0, 0, 0, 0, 0, 0, 0, 0, 0, 0, 4, 0, 0, 0, 0, 0, 0, 0, 
88, 0, 2, 0, 0, 0, 1, 3, 0, 0, 0, 1, 0, 1, 0, 0, 1, 4, 1, 0, 0, 1, 1, 0, 1, 18, 10, 11, 7, 56, 12, 6, 4, 100, 2, 2, 2, 8, 5, 5, 2, 15, 4, 5, 1, 15, 4, 3, 6, 8, 2, 5, 5, 3, 4, 7, 6, 100, 0, 0, 1, 0, 0, 0, 1, 83, 7, 7, 6, 0, 0, 1, 1, 0, 1, 0, 0, 0, 0, 0, 0, 0, 0, 0, 0, 0, 0, 0, 0, 1, 0, 0, 0, 0, 0, 0, 0, 0, 0, 0, 0, 2, 0, 0, 0, 0, 0, 0, 0, 0, 0, 0, 0, 
89, 0, 0, 0, 0, 0, 1, 0, 1, 2, 0, 0, 0, 0, 1, 0, 0, 0, 0, 0, 0, 0, 0, 0, 0, 24, 12, 7, 2, 63, 5, 6, 5, 100, 3, 3, 0, 9, 9, 6, 11, 22, 3, 5, 4, 20, 2, 3, 4, 8, 2, 4, 4, 1, 6, 4, 6, 100, 1, 1, 0, 0, 1, 1, 2, 91, 10, 9, 6, 0, 0, 0, 0, 1, 1, 1, 0, 0, 0, 0, 0, 0, 0, 0, 0, 1, 0, 0, 0, 1, 0, 0, 0, 0, 0, 0, 0, 0, 0, 0, 0, 1, 0, 0, 0, 2, 0, 0, 0, 0, 0, 0, 0, 
90, 0, 1, 1, 0, 0, 0, 0, 0, 0, 0, 0, 0, 2, 0, 0, 0, 0, 0, 0, 0, 0, 1, 2, 0, 21, 9, 6, 5, 55, 5, 5, 7, 100, 3, 0, 2, 11, 13, 10, 8, 23, 5, 5, 2, 16, 9, 0, 3, 3, 3, 5, 4, 2, 3, 7, 4, 100, 0, 0, 0, 0, 0, 0, 2, 100, 8, 10, 5, 1, 0, 2, 4, 5, 3, 4, 4, 0, 0, 0, 0, 0, 0, 0, 0, 0, 0, 0, 0, 1, 0, 0, 0, 0, 0, 0, 0, 0, 0, 0, 0, 3, 0, 0, 0, 0, 0, 0, 0, 2, 0, 0, 0, 
91, 2, 1, 0, 0, 1, 0, 0, 0, 0, 4, 1, 1, 0, 0, 1, 0, 0, 0, 0, 0, 0, 1, 1, 0, 16, 10, 7, 4, 53, 6, 7, 5, 100, 4, 0, 3, 23, 9, 6, 7, 23, 1, 2, 5, 26, 2, 7, 2, 1, 0, 0, 3, 3, 3, 2, 2, 100, 2, 1, 0, 2, 1, 2, 0, 100, 8, 8, 5, 1, 0, 0, 1, 12, 2, 4, 5, 1, 0, 0, 0, 0, 0, 0, 0, 1, 0, 0, 0, 0, 0, 0, 0, 0, 0, 0, 0, 0, 0, 0, 0, 0, 0, 0, 0, 0, 0, 0, 0, 1, 0, 0, 0, 
92, 4, 2, 1, 1, 0, 1, 0, 0, 0, 2, 0, 0, 3, 0, 3, 0, 0, 0, 0, 1, 0, 0, 0, 2, 12, 12, 6, 9, 61, 5, 4, 3, 100, 6, 3, 2, 8, 6, 11, 2, 19, 2, 2, 4, 26, 5, 3, 3, 0, 2, 4, 0, 5, 4, 0, 1, 100, 1, 0, 1, 2, 0, 1, 3, 92, 11, 6, 8, 4, 6, 2, 2, 14, 5, 5, 2, 0, 0, 0, 0, 0, 0, 0, 0, 0, 0, 0, 0, 1, 0, 0, 0, 0, 0, 0, 0, 1, 0, 0, 0, 1, 0, 0, 0, 2, 0, 0, 0, 0, 0, 0, 0, 
93, 0, 0, 0, 1, 2, 4, 1, 0, 1, 0, 1, 0, 0, 0, 0, 0, 0, 0, 1, 0, 0, 1, 0, 0, 11, 14, 8, 14, 56, 6, 4, 5, 100, 6, 4, 1, 8, 5, 10, 5, 14, 5, 2, 5, 27, 3, 3, 4, 0, 0, 0, 0, 5, 4, 2, 4, 83, 3, 1, 0, 0, 0, 0, 0, 96, 11, 10, 3, 1, 1, 2, 3, 2, 4, 0, 4, 0, 0, 0, 0, 0, 0, 0, 0, 0, 0, 0, 0, 1, 0, 0, 0, 1, 0, 0, 0, 3, 0, 0, 0, 1, 0, 0, 0, 0, 0, 0, 0, 0, 0, 0, 0, 
94, 1, 1, 3, 1, 2, 0, 1, 0, 0, 0, 0, 0, 0, 0, 0, 0, 0, 1, 2, 0, 1, 0, 0, 0, 10, 10, 7, 9, 52, 8, 3, 3, 100, 4, 2, 1, 9, 11, 9, 2, 11, 1, 2, 3, 16, 9, 5, 4, 3, 4, 4, 2, 1, 4, 1, 1, 79, 3, 1, 0, 2, 3, 4, 0, 100, 11, 6, 4, 4, 6, 4, 3, 3, 2, 3, 0, 2, 0, 0, 0, 2, 0, 0, 0, 0, 0, 0, 0, 0, 0, 0, 0, 1, 0, 0, 0, 2, 0, 0, 0, 0, 0, 0, 0, 0, 0, 0, 0, 2, 0, 0, 0, 
95, 0, 0, 0, 1, 0, 0, 0, 1, 0, 0, 0, 0, 0, 1, 0, 0, 4, 0, 0, 0, 0, 1, 0, 0, 7, 3, 5, 7, 55, 10, 6, 8, 100, 7, 3, 2, 10, 12, 8, 6, 1, 0, 0, 0, 19, 5, 4, 4, 1, 2, 0, 4, 1, 1, 1, 2, 83, 0, 0, 1, 5, 5, 0, 5, 95, 17, 5, 6, 7, 6, 3, 7, 9, 0, 0, 0, 1, 0, 0, 0, 1, 0, 0, 0, 0, 0, 0, 0, 1, 0, 0, 0, 0, 0, 0, 0, 1, 0, 0, 0, 0, 0, 0, 0, 3, 0, 0, 0, 0, 0, 0, 0, 
96, 0, 1, 1, 0, 2, 0, 0, 1, 0, 0, 0, 0, 0, 0, 1, 0, 1, 0, 0, 0, 3, 1, 1, 0, 10, 1, 2, 4, 62, 10, 9, 3, 100, 2, 6, 3, 6, 7, 5, 6, 2, 1, 2, 1, 28, 3, 8, 6, 0, 0, 0, 0, 15, 2, 0, 1, 82, 0, 1, 0, 0, 3, 0, 2, 96, 6, 4, 4, 8, 3, 1, 3, 6, 1, 0, 0, 1, 0, 0, 0, 1, 0, 0, 0, 1, 0, 0, 0, 0, 0, 0, 0, 0, 0, 0, 0, 2, 0, 0, 0, 1, 0, 0, 0, 1, 0, 0, 0, 2, 0, 0, 0, 
97, 3, 0, 0, 0, 0, 0, 0, 0, 0, 0, 0, 0, 0, 2, 0, 1, 0, 1, 0, 0, 0, 1, 3, 3, 6, 6, 2, 4, 71, 4, 3, 3, 100, 1, 2, 3, 9, 4, 6, 4, 2, 2, 0, 1, 41, 5, 1, 4, 0, 1, 1, 0, 5, 0, 1, 0, 86, 1, 0, 0, 0, 1, 0, 1, 78, 4, 12, 7, 7, 7, 5, 4, 1, 0, 0, 0, 2, 0, 0, 0, 4, 0, 0, 0, 3, 0, 0, 0, 0, 0, 0, 0, 1, 0, 0, 0, 1, 0, 0, 0, 2, 0, 0, 0, 2, 0, 0, 0, 1, 0, 0, 0, 
98, 1, 3, 2, 1, 0, 1, 1, 1, 0, 0, 0, 0, 0, 1, 2, 1, 1, 2, 0, 1, 0, 0, 1, 0, 27, 5, 1, 2, 67, 6, 2, 5, 100, 2, 0, 1, 8, 8, 10, 3, 2, 1, 1, 1, 43, 3, 3, 3, 1, 2, 0, 1, 3, 0, 0, 0, 84, 2, 1, 2, 3, 1, 1, 2, 78, 3, 5, 10, 4, 1, 3, 2, 2, 2, 2, 0, 0, 0, 0, 0, 5, 0, 0, 0, 0, 0, 0, 0, 1, 0, 0, 0, 0, 0, 0, 0, 0, 0, 0, 0, 1, 0, 0, 0, 2, 0, 0, 0, 1, 0, 0, 0, 
99, 0, 0, 0, 1, 0, 1, 0, 0, 0, 2, 0, 1, 1, 1, 0, 0, 1, 0, 0, 0, 1, 3, 1, 0, 34, 7, 3, 0, 67, 4, 4, 5, 100, 2, 1, 2, 7, 7, 8, 8, 0, 0, 1, 2, 49, 6, 1, 4, 1, 0, 0, 0, 0, 1, 1, 1, 76, 1, 0, 0, 0, 3, 0, 1, 77, 7, 11, 4, 6, 5, 6, 2, 2, 2, 3, 4, 1, 0, 0, 0, 2, 0, 0, 0, 0, 0, 0, 0, 1, 0, 0, 0, 1, 0, 0, 0, 1, 0, 0, 0, 2, 0, 0, 0, 1, 0, 0, 0, 1, 0, 0, 0, 