0, 1, 0, 0, 0, 0, 1, 0, 0, 0, 1, 0, 0, 0, 0, 1, 0, 0, 0, 1, 0, 0, 0, 0, 0, 0, 1, 1, 0, 0, 0, 1, 3, 1, 0, 0, 0, 3, 2, 1, 0, 5, 4, 4, 0, 0, 1, 0, 0, 1, 0, 0, 1, 2, 1, 1, 1, 1, 1, 1, 0, 6, 1, 2, 1, 2, 1, 1, 1, 0, 0, 0, 1, 1, 0, 1, 0, 1, 0, 0, 0, 0, 0, 0, 0, 2, 0, 0, 0, 0, 0, 0, 0, 3, 0, 0, 0, 0, 0, 0, 0, 1, 0, 0, 0, 0, 0, 0, 0, 1, 0, 0, 0, 
1, 1, 0, 0, 1, 1, 1, 0, 0, 1, 1, 0, 0, 0, 1, 2, 0, 0, 0, 0, 1, 1, 2, 0, 0, 2, 1, 3, 1, 3, 0, 1, 4, 0, 0, 1, 0, 1, 0, 0, 2, 0, 0, 1, 1, 0, 0, 1, 1, 0, 0, 0, 0, 0, 0, 3, 0, 2, 1, 0, 2, 0, 1, 3, 1, 1, 3, 0, 0, 1, 0, 1, 0, 4, 1, 3, 3, 1, 0, 0, 0, 0, 0, 0, 0, 1, 0, 0, 0, 1, 0, 0, 0, 0, 0, 0, 0, 0, 0, 0, 0, 0, 0, 0, 0, 0, 0, 0, 0, 1, 0, 0, 0, 
2, 4, 1, 0, 1, 0, 0, 0, 1, 0, 1, 2, 0, 0, 1, 0, 0, 0, 0, 0, 0, 0, 0, 1, 0, 4, 0, 1, 1, 0, 4, 1, 1, 0, 1, 0, 0, 10, 2, 2, 1, 1, 3, 0, 2, 3, 2, 1, 1, 0, 0, 1, 4, 8, 2, 1, 2, 0, 0, 0, 2, 2, 2, 3, 3, 1, 2, 3, 1, 1, 2, 0, 1, 4, 3, 1, 1, 0, 0, 0, 0, 1, 0, 0, 0, 0, 0, 0, 0, 0, 0, 0, 0, 0, 0, 0, 0, 1, 0, 0, 0, 3, 0, 0, 0, 0, 0, 0, 0, 0, 0, 0, 0, 
3, 0, 1, 0, 0, 0, 0, 0, 0, 0, 0, 0, 0, 0, 1, 0, 1, 1, 0, 0, 0, 0, 0, 0, 0, 1, 5, 3, 1, 2, 4, 2, 0, 0, 1, 0, 0, 10, 1, 1, 3, 0, 1, 1, 0, 4, 2, 2, 1, 2, 1, 0, 1, 7, 2, 1, 1, 0, 1, 2, 1, 4, 1, 2, 2, 12, 3, 5, 1, 1, 3, 1, 0, 3, 5, 4, 4, 0, 0, 0, 0, 0, 0, 0, 0, 2, 0, 0, 0, 1, 0, 0, 0, 0, 0, 0, 0, 0, 0, 0, 0, 0, 0, 0, 0, 2, 0, 0, 0, 1, 0, 0, 0, 
4, 0, 0, 2, 0, 0, 1, 1, 0, 0, 0, 1, 0, 4, 3, 0, 1, 1, 0, 0, 0, 0, 0, 0, 0, 10, 3, 4, 1, 5, 3, 3, 5, 2, 1, 3, 6, 2, 0, 1, 1, 2, 2, 4, 4, 1, 1, 2, 0, 12, 5, 5, 1, 9, 0, 1, 0, 3, 2, 1, 0, 1, 0, 2, 2, 22, 1, 0, 2, 0, 0, 0, 0, 7, 8, 6, 7, 0, 0, 0, 0, 1, 0, 0, 0, 0, 0, 0, 0, 0, 0, 0, 0, 0, 0, 0, 0, 1, 0, 0, 0, 1, 0, 0, 0, 1, 0, 0, 0, 2, 0, 0, 0, 
5, 0, 1, 0, 0, 0, 0, 0, 1, 0, 0, 1, 0, 0, 0, 0, 0, 0, 1, 0, 0, 0, 0, 0, 0, 14, 7, 0, 2, 3, 1, 3, 1, 8, 2, 1, 2, 3, 0, 0, 0, 5, 7, 4, 6, 6, 2, 0, 0, 23, 1, 2, 2, 2, 3, 2, 2, 2, 7, 3, 3, 11, 1, 1, 0, 5, 3, 3, 3, 2, 6, 0, 1, 14, 13, 8, 6, 0, 0, 0, 0, 1, 0, 0, 0, 0, 0, 0, 0, 2, 0, 0, 0, 2, 0, 0, 0, 2, 0, 0, 0, 0, 0, 0, 0, 2, 0, 0, 0, 1, 0, 0, 0, 
6, 0, 0, 0, 0, 0, 0, 0, 0, 1, 0, 1, 0, 1, 0, 1, 0, 0, 0, 0, 0, 1, 0, 0, 0, 22, 2, 2, 0, 1, 3, 1, 1, 17, 2, 1, 0, 0, 2, 1, 1, 12, 7, 5, 2, 2, 0, 0, 0, 9, 2, 1, 0, 3, 3, 0, 2, 2, 1, 2, 4, 3, 0, 4, 0, 6, 1, 4, 7, 7, 3, 4, 3, 7, 12, 5, 4, 3, 0, 0, 0, 0, 0, 0, 0, 0, 0, 0, 0, 2, 0, 0, 0, 0, 0, 0, 0, 2, 0, 0, 0, 1, 0, 0, 0, 0, 0, 0, 0, 1, 0, 0, 0, 
7, 0, 0, 0, 0, 0, 1, 0, 0, 1, 0, 0, 0, 0, 0, 1, 0, 0, 0, 0, 0, 1, 1, 0, 2, 21, 5, 1, 2, 2, 1, 1, 1, 1, 1, 0, 1, 0, 3, 2, 0, 0, 1, 2, 0, 3, 0, 0, 0, 0, 0, 1, 0, 4, 3, 2, 8, 20, 2, 4, 2, 1, 5, 4, 1, 6, 9, 5, 5, 3, 1, 4, 5, 4, 5, 5, 5, 1, 0, 0, 0, 0, 0, 0, 0, 1, 0, 0, 0, 1, 0, 0, 0, 1, 0, 0, 0, 1, 0, 0, 0, 3, 0, 0, 0, 4, 0, 0, 0, 0, 0, 0, 0, 
8, 0, 0, 0, 1, 2, 1, 1, 0, 0, 0, 0, 0, 1, 0, 0, 0, 0, 0, 0, 0, 0, 0, 0, 0, 16, 2, 7, 3, 1, 0, 1, 0, 0, 0, 0, 0, 4, 1, 3, 0, 0, 2, 0, 3, 2, 0, 1, 0, 3, 1, 0, 1, 8, 3, 7, 3, 15, 7, 4, 3, 2, 4, 4, 0, 11, 6, 5, 5, 4, 3, 2, 2, 2, 2, 3, 1, 0, 0, 0, 0, 2, 0, 0, 0, 0, 0, 0, 0, 2, 0, 0, 0, 1, 0, 0, 0, 1, 0, 0, 0, 0, 0, 0, 0, 2, 0, 0, 0, 2, 0, 0, 0, 
9, 1, 1, 1, 0, 0, 0, 0, 0, 0, 0, 0, 0, 0, 0, 1, 0, 0, 0, 0, 0, 1, 0, 0, 0, 13, 1, 3, 1, 5, 3, 0, 1, 0, 0, 0, 1, 1, 3, 1, 0, 1, 1, 0, 0, 0, 0, 0, 0, 1, 0, 0, 0, 3, 3, 3, 2, 24, 5, 2, 1, 2, 1, 4, 1, 16, 6, 9, 9, 0, 1, 0, 2, 4, 2, 3, 2, 1, 0, 0, 0, 2, 0, 0, 0, 1, 0, 0, 0, 1, 0, 0, 0, 3, 0, 0, 0, 2, 0, 0, 0, 2, 0, 0, 0, 0, 0, 0, 0, 0, 0, 0, 0, 
10, 0, 0, 1, 0, 0, 0, 0, 0, 1, 0, 0, 0, 0, 2, 0, 1, 0, 0, 1, 1, 1, 0, 1, 0, 13, 3, 2, 3, 0, 0, 1, 0, 6, 4, 3, 2, 1, 2, 3, 1, 1, 3, 0, 1, 2, 0, 1, 0, 0, 2, 2, 1, 3, 0, 1, 2, 24, 3, 0, 3, 1, 1, 5, 4, 8, 6, 1, 5, 3, 1, 2, 3, 0, 2, 2, 0, 0, 0, 0, 0, 2, 0, 0, 0, 1, 0, 0, 0, 1, 0, 0, 0, 0, 0, 0, 0, 0, 0, 0, 0, 1, 0, 0, 0, 0, 0, 0, 0, 0, 0, 0, 0, 
11, 1, 1, 1, 1, 0, 0, 0, 0, 0, 0, 1, 0, 0, 1, 0, 0, 0, 1, 1, 1, 1, 0, 0, 1, 18, 6, 1, 0, 0, 2, 1, 2, 6, 4, 5, 2, 2, 0, 1, 2, 1, 1, 0, 0, 2, 2, 1, 3, 1, 1, 1, 2, 1, 4, 1, 1, 22, 5, 5, 3, 3, 2, 0, 2, 7, 5, 4, 8, 1, 0, 0, 0, 2, 0, 0, 0, 0, 0, 0, 0, 0, 0, 0, 0, 3, 0, 0, 0, 1, 0, 0, 0, 2, 0, 0, 0, 0, 0, 0, 0, 0, 0, 0, 0, 0, 0, 0, 0, 1, 0, 0, 0, 
12, 0, 1, 0, 0, 0, 0, 0, 0, 0, 0, 0, 0, 2, 3, 0, 1, 2, 1, 1, 0, 0, 0, 0, 0, 16, 6, 3, 6, 1, 0, 1, 2, 13, 7, 2, 4, 0, 1, 0, 0, 0, 0, 0, 0, 7, 3, 2, 4, 2, 1, 1, 1, 0, 0, 2, 0, 26, 4, 5, 3, 2, 4, 1, 4, 5, 6, 7, 4, 1, 0, 1, 2, 0, 1, 3, 0, 0, 0, 0, 0, 2, 0, 0, 0, 0, 0, 0, 0, 0, 0, 0, 0, 0, 0, 0, 0, 1, 0, 0, 0, 1, 0, 0, 0, 1, 0, 0, 0, 1, 0, 0, 0, 
13, 3, 1, 1, 0, 0, 1, 0, 2, 0, 1, 0, 0, 1, 0, 1, 0, 1, 0, 1, 0, 0, 0, 0, 0, 8, 4, 4, 3, 4, 5, 3, 1, 16, 2, 6, 3, 3, 2, 3, 2, 1, 0, 1, 2, 0, 1, 0, 2, 0, 1, 2, 1, 2, 2, 3, 1, 37, 2, 1, 1, 0, 0, 0, 1, 13, 7, 7, 4, 2, 2, 0, 2, 0, 0, 1, 2, 1, 0, 0, 0, 2, 0, 0, 0, 0, 0, 0, 0, 1, 0, 0, 0, 0, 0, 0, 0, 1, 0, 0, 0, 0, 0, 0, 0, 2, 0, 0, 0, 2, 0, 0, 0, 
14, 0, 1, 0, 0, 0, 1, 2, 0, 1, 1, 0, 1, 0, 0, 1, 1, 0, 0, 0, 0, 0, 0, 1, 0, 2, 4, 3, 3, 1, 0, 1, 0, 29, 6, 2, 3, 4, 4, 1, 2, 0, 0, 2, 1, 4, 2, 3, 1, 3, 1, 1, 0, 1, 0, 3, 2, 15, 2, 3, 5, 2, 0, 1, 0, 13, 9, 5, 6, 0, 0, 1, 2, 0, 0, 1, 0, 0, 0, 0, 0, 1, 0, 0, 0, 2, 0, 0, 0, 1, 0, 0, 0, 2, 0, 0, 0, 0, 0, 0, 0, 1, 0, 0, 0, 1, 0, 0, 0, 0, 0, 0, 0, 
15, 0, 0, 0, 1, 1, 0, 0, 0, 3, 0, 1, 2, 0, 0, 0, 0, 1, 1, 0, 1, 0, 0, 0, 0, 2, 1, 3, 1, 16, 1, 0, 0, 30, 3, 9, 3, 2, 1, 2, 1, 2, 5, 2, 1, 7, 3, 1, 1, 0, 1, 0, 0, 0, 0, 0, 0, 11, 5, 5, 2, 2, 2, 2, 1, 20, 7, 4, 8, 0, 1, 0, 0, 2, 0, 1, 1, 0, 0, 0, 0, 1, 0, 0, 0, 2, 0, 0, 0, 0, 0, 0, 0, 0, 0, 0, 0, 1, 0, 0, 0, 2, 0, 0, 0, 0, 0, 0, 0, 1, 0, 0, 0, 
16, 1, 2, 3, 2, 1, 1, 0, 0, 1, 1, 1, 0, 0, 2, 0, 0, 0, 0, 0, 0, 0, 0, 0, 0, 8, 0, 0, 0, 0, 4, 2, 2, 25, 1, 4, 5, 7, 2, 1, 0, 3, 3, 2, 1, 0, 2, 2, 0, 0, 0, 0, 0, 1, 2, 3, 0, 1, 2, 2, 1, 4, 2, 1, 1, 34, 4, 4, 2, 7, 2, 1, 2, 5, 8, 1, 2, 0, 0, 0, 0, 2, 0, 0, 0, 2, 0, 0, 0, 2, 0, 0, 0, 0, 0, 0, 0, 0, 0, 0, 0, 2, 0, 0, 0, 3, 0, 0, 0, 0, 0, 0, 0, 
17, 3, 0, 3, 1, 0, 1, 1, 0, 0, 1, 0, 2, 0, 0, 0, 1, 0, 0, 0, 0, 1, 2, 0, 0, 15, 4, 0, 0, 6, 4, 2, 4, 27, 5, 6, 2, 0, 1, 0, 0, 0, 2, 3, 0, 4, 1, 0, 0, 1, 4, 3, 1, 1, 1, 1, 0, 0, 1, 1, 0, 5, 2, 1, 4, 29, 4, 6, 3, 15, 2, 2, 0, 1, 5, 6, 2, 0, 0, 0, 0, 0, 0, 0, 0, 1, 0, 0, 0, 1, 0, 0, 0, 0, 0, 0, 0, 0, 0, 0, 0, 0, 0, 0, 0, 0, 0, 0, 0, 1, 0, 0, 0, 
18, 0, 0, 0, 1, 1, 0, 0, 0, 2, 1, 0, 1, 4, 0, 2, 3, 0, 1, 0, 0, 0, 0, 1, 0, 29, 1, 0, 1, 9, 4, 2, 3, 30, 2, 3, 0, 4, 0, 1, 1, 4, 1, 1, 1, 2, 2, 0, 1, 3, 2, 1, 1, 5, 0, 0, 0, 3, 3, 4, 1, 7, 5, 5, 3, 30, 3, 9, 5, 8, 1, 2, 0, 0, 1, 1, 1, 3, 0, 0, 0, 0, 0, 0, 0, 3, 0, 0, 0, 0, 0, 0, 0, 2, 0, 0, 0, 0, 0, 0, 0, 2, 0, 0, 0, 1, 0, 0, 0, 2, 0, 0, 0, 
19, 0, 1, 1, 1, 1, 1, 1, 0, 0, 0, 1, 0, 1, 2, 0, 0, 0, 1, 0, 1, 0, 0, 0, 1, 25, 2, 1, 2, 2, 1, 4, 3, 19, 3, 3, 4, 1, 2, 2, 0, 5, 4, 2, 2, 0, 0, 1, 0, 0, 0, 1, 0, 0, 0, 1, 0, 3, 3, 5, 3, 5, 9, 5, 7, 30, 5, 3, 4, 2, 1, 0, 0, 3, 2, 2, 1, 3, 0, 0, 0, 1, 0, 0, 0, 0, 0, 0, 0, 1, 0, 0, 0, 1, 0, 0, 0, 1, 0, 0, 0, 1, 0, 0, 0, 0, 0, 0, 0, 1, 0, 0, 0, 
20, 1, 0, 0, 0, 0, 1, 1, 2, 0, 0, 0, 1, 1, 0, 0, 1, 0, 0, 1, 1, 0, 1, 0, 0, 24, 3, 1, 0, 6, 4, 9, 7, 11, 1, 5, 4, 0, 2, 2, 2, 5, 3, 2, 1, 4, 5, 0, 0, 0, 1, 0, 2, 0, 0, 0, 1, 10, 0, 3, 3, 8, 4, 4, 6, 11, 7, 5, 7, 3, 1, 2, 2, 5, 6, 4, 3, 1, 0, 0, 0, 0, 0, 0, 0, 0, 0, 0, 0, 0, 0, 0, 0, 0, 0, 0, 0, 2, 0, 0, 0, 0, 0, 0, 0, 1, 0, 0, 0, 1, 0, 0, 0, 
21, 2, 0, 0, 1, 1, 0, 0, 0, 0, 0, 1, 1, 0, 0, 0, 0, 0, 0, 0, 0, 0, 0, 0, 0, 30, 0, 1, 1, 7, 4, 5, 3, 20, 8, 3, 1, 6, 2, 5, 5, 1, 4, 0, 0, 4, 1, 0, 0, 7, 3, 3, 6, 2, 4, 4, 1, 3, 5, 3, 4, 9, 5, 5, 2, 14, 6, 7, 2, 0, 1, 1, 0, 4, 2, 0, 2, 1, 0, 0, 0, 1, 0, 0, 0, 0, 0, 0, 0, 0, 0, 0, 0, 0, 0, 0, 0, 0, 0, 0, 0, 1, 0, 0, 0, 0, 0, 0, 0, 0, 0, 0, 0, 
22, 1, 0, 1, 1, 0, 0, 0, 0, 0, 2, 1, 1, 0, 0, 1, 1, 0, 0, 2, 0, 0, 2, 1, 0, 24, 5, 5, 0, 4, 6, 5, 2, 15, 3, 3, 2, 7, 1, 3, 0, 4, 4, 4, 2, 2, 1, 3, 3, 0, 1, 1, 0, 0, 1, 0, 2, 11, 4, 4, 9, 4, 10, 5, 5, 11, 5, 3, 4, 1, 2, 0, 2, 1, 2, 1, 2, 2, 0, 0, 0, 0, 0, 0, 0, 1, 0, 0, 0, 1, 0, 0, 0, 0, 0, 0, 0, 0, 0, 0, 0, 0, 0, 0, 0, 0, 0, 0, 0, 1, 0, 0, 0, 
23, 1, 0, 1, 2, 0, 0, 0, 2, 0, 0, 1, 0, 0, 0, 0, 0, 0, 1, 0, 3, 0, 1, 0, 0, 15, 2, 3, 1, 4, 2, 2, 2, 7, 3, 2, 2, 1, 0, 4, 5, 3, 2, 5, 2, 4, 1, 1, 1, 4, 4, 1, 0, 5, 5, 3, 5, 13, 9, 11, 8, 5, 11, 4, 7, 7, 4, 2, 2, 0, 2, 1, 0, 0, 1, 0, 0, 1, 0, 0, 0, 0, 0, 0, 0, 1, 0, 0, 0, 0, 0, 0, 0, 0, 0, 0, 0, 1, 0, 0, 0, 0, 0, 0, 0, 0, 0, 0, 0, 0, 0, 0, 0, 
24, 5, 2, 0, 1, 1, 0, 1, 0, 0, 0, 0, 0, 3, 2, 0, 2, 0, 0, 1, 0, 0, 0, 0, 0, 22, 0, 1, 0, 21, 7, 3, 2, 5, 3, 3, 1, 0, 0, 1, 1, 12, 6, 2, 3, 0, 0, 0, 0, 0, 0, 0, 0, 1, 8, 8, 2, 30, 12, 11, 9, 5, 6, 7, 5, 4, 5, 6, 6, 4, 2, 3, 0, 16, 1, 2, 1, 1, 0, 0, 0, 2, 0, 0, 0, 1, 0, 0, 0, 2, 0, 0, 0, 0, 0, 0, 0, 1, 0, 0, 0, 0, 0, 0, 0, 2, 0, 0, 0, 2, 0, 0, 0, 
25, 0, 0, 1, 0, 0, 0, 0, 0, 0, 1, 0, 1, 0, 0, 1, 0, 0, 0, 0, 0, 0, 0, 0, 0, 28, 2, 2, 1, 26, 2, 2, 1, 5, 1, 3, 4, 3, 2, 1, 0, 3, 4, 1, 3, 2, 0, 0, 0, 3, 1, 0, 2, 18, 4, 0, 5, 32, 12, 10, 11, 5, 6, 8, 5, 3, 7, 2, 5, 24, 5, 7, 1, 10, 0, 3, 1, 2, 0, 0, 0, 0, 0, 0, 0, 0, 0, 0, 0, 0, 0, 0, 0, 2, 0, 0, 0, 3, 0, 0, 0, 0, 0, 0, 0, 3, 0, 0, 0, 0, 0, 0, 0, 
26, 1, 0, 2, 0, 0, 0, 2, 0, 0, 0, 0, 0, 0, 0, 0, 0, 0, 0, 0, 0, 1, 0, 0, 1, 28, 0, 1, 1, 15, 0, 1, 1, 11, 1, 1, 0, 15, 2, 2, 4, 0, 0, 0, 0, 0, 1, 1, 2, 3, 0, 1, 0, 20, 7, 9, 3, 33, 4, 15, 12, 10, 7, 10, 15, 5, 1, 1, 0, 10, 1, 3, 2, 7, 1, 1, 2, 3, 0, 0, 0, 1, 0, 0, 0, 0, 0, 0, 0, 1, 0, 0, 0, 2, 0, 0, 0, 2, 0, 0, 0, 0, 0, 0, 0, 0, 0, 0, 0, 1, 0, 0, 0, 
27, 0, 1, 1, 1, 0, 0, 0, 1, 2, 2, 0, 1, 5, 0, 0, 0, 1, 2, 0, 0, 1, 1, 1, 0, 24, 2, 1, 0, 16, 8, 4, 1, 23, 2, 0, 2, 7, 0, 3, 1, 0, 0, 1, 0, 5, 3, 1, 3, 0, 0, 0, 0, 31, 5, 3, 2, 41, 7, 10, 6, 15, 18, 11, 4, 15, 1, 1, 1, 0, 5, 3, 2, 8, 1, 3, 0, 0, 0, 0, 0, 0, 0, 0, 0, 1, 0, 0, 0, 1, 0, 0, 0, 1, 0, 0, 0, 1, 0, 0, 0, 0, 0, 0, 0, 1, 0, 0, 0, 0, 0, 0, 0, 
28, 0, 0, 0, 1, 0, 0, 0, 0, 0, 0, 0, 0, 0, 1, 0, 0, 0, 0, 1, 0, 0, 0, 0, 0, 30, 2, 2, 0, 23, 0, 2, 2, 21, 0, 0, 0, 5, 2, 2, 1, 3, 6, 2, 2, 2, 4, 5, 3, 8, 0, 2, 5, 34, 4, 7, 3, 32, 6, 2, 9, 12, 11, 12, 16, 6, 2, 0, 0, 5, 3, 4, 5, 0, 0, 4, 1, 1, 0, 0, 0, 1, 0, 0, 0, 2, 0, 0, 0, 0, 0, 0, 0, 1, 0, 0, 0, 3, 0, 0, 0, 1, 0, 0, 0, 3, 0, 0, 0, 3, 0, 0, 0, 
29, 1, 0, 1, 0, 1, 1, 0, 0, 0, 0, 0, 0, 0, 0, 0, 0, 1, 1, 0, 0, 1, 0, 0, 0, 28, 7, 0, 1, 30, 3, 1, 2, 12, 0, 0, 1, 0, 0, 1, 0, 3, 1, 2, 2, 5, 9, 1, 3, 7, 3, 4, 5, 28, 5, 2, 7, 22, 9, 9, 6, 27, 10, 11, 11, 5, 2, 0, 1, 7, 11, 6, 1, 5, 2, 1, 1, 0, 0, 0, 0, 2, 0, 0, 0, 2, 0, 0, 0, 1, 0, 0, 0, 3, 0, 0, 0, 1, 0, 0, 0, 1, 0, 0, 0, 0, 0, 0, 0, 0, 0, 0, 0, 
30, 2, 0, 1, 0, 0, 0, 0, 0, 0, 1, 1, 0, 0, 1, 0, 0, 0, 0, 2, 0, 0, 0, 1, 0, 15, 2, 1, 2, 35, 3, 2, 0, 0, 0, 0, 2, 1, 1, 2, 1, 3, 5, 4, 6, 14, 9, 7, 11, 3, 4, 2, 3, 31, 3, 7, 10, 22, 12, 7, 14, 26, 7, 16, 11, 6, 0, 1, 0, 26, 9, 7, 6, 1, 0, 0, 1, 0, 0, 0, 0, 0, 0, 0, 0, 1, 0, 0, 0, 0, 0, 0, 0, 1, 0, 0, 0, 2, 0, 0, 0, 0, 0, 0, 0, 0, 0, 0, 0, 0, 0, 0, 0, 
31, 0, 0, 0, 1, 1, 3, 1, 1, 0, 2, 0, 0, 1, 0, 0, 1, 1, 0, 1, 0, 0, 0, 0, 2, 31, 0, 2, 0, 32, 1, 0, 1, 0, 0, 1, 1, 4, 4, 2, 1, 7, 7, 10, 6, 19, 6, 9, 1, 5, 2, 0, 2, 41, 4, 5, 5, 33, 12, 8, 9, 20, 13, 12, 9, 20, 4, 0, 1, 30, 6, 6, 4, 10, 9, 2, 3, 0, 0, 0, 0, 1, 0, 0, 0, 0, 0, 0, 0, 1, 0, 0, 0, 0, 0, 0, 0, 2, 0, 0, 0, 0, 0, 0, 0, 2, 0, 0, 0, 2, 0, 0, 0, 
32, 1, 2, 0, 0, 1, 1, 0, 0, 0, 0, 0, 0, 0, 0, 0, 0, 0, 0, 1, 0, 0, 0, 1, 0, 37, 1, 2, 0, 16, 1, 0, 2, 4, 0, 0, 0, 1, 1, 3, 4, 10, 6, 3, 2, 23, 12, 6, 8, 1, 1, 0, 0, 52, 5, 6, 3, 28, 11, 8, 9, 14, 12, 7, 13, 9, 1, 1, 1, 43, 6, 5, 3, 25, 3, 2, 5, 0, 0, 0, 0, 2, 0, 0, 0, 1, 0, 0, 0, 2, 0, 0, 0, 0, 0, 0, 0, 0, 0, 0, 0, 1, 0, 0, 0, 0, 0, 0, 0, 1, 0, 0, 0, 
33, 3, 2, 3, 1, 0, 1, 1, 0, 0, 1, 3, 3, 0, 0, 0, 0, 0, 1, 0, 1, 1, 0, 0, 0, 49, 4, 3, 2, 16, 1, 0, 0, 2, 0, 5, 0, 3, 3, 3, 3, 3, 4, 5, 0, 38, 18, 8, 8, 7, 0, 0, 0, 39, 4, 5, 5, 25, 8, 7, 10, 12, 12, 8, 6, 4, 2, 0, 0, 32, 4, 5, 2, 31, 3, 2, 2, 1, 0, 0, 0, 0, 0, 0, 0, 1, 0, 0, 0, 0, 0, 0, 0, 1, 0, 0, 0, 1, 0, 0, 0, 0, 0, 0, 0, 0, 0, 0, 0, 0, 0, 0, 0, 
34, 0, 0, 1, 0, 1, 0, 0, 0, 1, 0, 0, 1, 0, 0, 1, 2, 0, 0, 0, 0, 0, 0, 0, 0, 57, 0, 1, 0, 2, 2, 2, 1, 3, 2, 3, 1, 5, 6, 2, 3, 5, 2, 6, 1, 56, 9, 3, 7, 0, 1, 1, 0, 37, 8, 5, 7, 13, 10, 11, 7, 8, 4, 8, 6, 5, 3, 2, 1, 22, 7, 7, 1, 39, 2, 5, 2, 0, 0, 0, 0, 0, 0, 0, 0, 0, 0, 0, 0, 0, 0, 0, 0, 5, 0, 0, 0, 1, 0, 0, 0, 2, 0, 0, 0, 1, 0, 0, 0, 0, 0, 0, 0, 
35, 1, 1, 0, 0, 1, 0, 0, 0, 1, 1, 0, 0, 0, 0, 0, 2, 1, 0, 1, 0, 1, 0, 1, 0, 57, 0, 1, 1, 4, 6, 5, 5, 7, 2, 1, 4, 3, 4, 3, 1, 7, 6, 5, 4, 46, 4, 10, 5, 0, 0, 0, 1, 57, 3, 7, 8, 9, 9, 9, 7, 5, 13, 4, 4, 4, 5, 2, 1, 16, 3, 5, 1, 36, 5, 1, 2, 0, 0, 0, 0, 2, 0, 0, 0, 0, 0, 0, 0, 0, 0, 0, 0, 0, 0, 0, 0, 0, 0, 0, 0, 1, 0, 0, 0, 0, 0, 0, 0, 1, 0, 0, 0, 
36, 0, 0, 1, 1, 1, 0, 0, 0, 1, 0, 1, 0, 1, 2, 1, 0, 0, 2, 0, 0, 1, 1, 0, 1, 46, 0, 2, 0, 0, 2, 1, 2, 1, 2, 5, 0, 3, 2, 2, 2, 14, 4, 3, 5, 57, 3, 3, 8, 2, 2, 6, 3, 57, 11, 5, 6, 6, 3, 12, 4, 1, 2, 1, 2, 1, 2, 2, 1, 21, 5, 4, 1, 39, 3, 4, 0, 1, 0, 0, 0, 1, 0, 0, 0, 4, 0, 0, 0, 0, 0, 0, 0, 1, 0, 0, 0, 0, 0, 0, 0, 0, 0, 0, 0, 1, 0, 0, 0, 0, 0, 0, 0, 
37, 0, 0, 1, 0, 0, 1, 1, 0, 0, 1, 0, 0, 0, 1, 0, 0, 1, 0, 0, 0, 0, 0, 0, 1, 55, 2, 0, 0, 1, 3, 3, 0, 18, 2, 1, 4, 4, 2, 1, 0, 7, 3, 6, 6, 58, 12, 6, 8, 5, 5, 1, 2, 50, 2, 3, 8, 5, 3, 5, 2, 0, 0, 1, 0, 3, 2, 3, 6, 16, 5, 6, 3, 38, 5, 0, 0, 2, 0, 0, 0, 1, 0, 0, 0, 1, 0, 0, 0, 1, 0, 0, 0, 0, 0, 0, 0, 0, 0, 0, 0, 1, 0, 0, 0, 0, 0, 0, 0, 0, 0, 0, 0, 
38, 0, 0, 1, 0, 1, 1, 0, 0, 0, 0, 0, 2, 0, 0, 0, 2, 0, 1, 0, 0, 0, 0, 0, 0, 55, 0, 1, 0, 6, 4, 4, 0, 31, 1, 1, 1, 8, 2, 0, 1, 19, 5, 2, 8, 70, 5, 7, 9, 3, 1, 2, 1, 45, 1, 4, 3, 2, 0, 1, 2, 3, 1, 2, 1, 3, 5, 5, 0, 5, 4, 4, 5, 27, 3, 2, 3, 0, 0, 0, 0, 1, 0, 0, 0, 1, 0, 0, 0, 1, 0, 0, 0, 2, 0, 0, 0, 1, 0, 0, 0, 1, 0, 0, 0, 0, 0, 0, 0, 2, 0, 0, 0, 
39, 0, 0, 0, 0, 1, 1, 2, 0, 0, 0, 0, 0, 1, 0, 0, 0, 1, 1, 0, 0, 0, 0, 1, 0, 62, 1, 2, 1, 0, 1, 0, 1, 30, 4, 0, 0, 11, 1, 1, 1, 20, 2, 4, 3, 72, 10, 8, 6, 12, 0, 1, 0, 50, 7, 8, 4, 0, 1, 3, 2, 4, 6, 5, 3, 1, 0, 0, 0, 4, 3, 1, 5, 38, 4, 2, 5, 0, 0, 0, 0, 0, 0, 0, 0, 2, 0, 0, 0, 1, 0, 0, 0, 1, 0, 0, 0, 2, 0, 0, 0, 0, 0, 0, 0, 0, 0, 0, 0, 3, 0, 0, 0, 
40, 0, 0, 0, 2, 1, 0, 0, 0, 2, 0, 0, 1, 0, 0, 0, 0, 0, 0, 1, 0, 0, 1, 0, 1, 56, 1, 0, 0, 0, 0, 0, 0, 43, 5, 1, 5, 19, 0, 1, 0, 13, 6, 4, 5, 64, 4, 1, 6, 0, 2, 0, 0, 35, 3, 4, 4, 0, 1, 0, 2, 2, 4, 4, 1, 3, 0, 0, 1, 6, 6, 6, 4, 34, 2, 5, 2, 1, 0, 0, 0, 4, 0, 0, 0, 1, 0, 0, 0, 0, 0, 0, 0, 1, 0, 0, 0, 0, 0, 0, 0, 0, 0, 0, 0, 1, 0, 0, 0, 0, 0, 0, 0, 
41, 0, 0, 0, 0, 0, 1, 0, 0, 1, 1, 0, 0, 0, 0, 0, 0, 0, 0, 0, 0, 1, 0, 0, 0, 70, 2, 2, 1, 6, 0, 0, 0, 49, 1, 1, 3, 15, 5, 2, 0, 11, 6, 3, 4, 64, 12, 5, 7, 0, 1, 0, 0, 35, 3, 4, 2, 2, 2, 1, 3, 2, 0, 1, 0, 4, 1, 2, 0, 16, 3, 6, 3, 39, 1, 3, 5, 2, 0, 0, 0, 0, 0, 0, 0, 1, 0, 0, 0, 2, 0, 0, 0, 2, 0, 0, 0, 0, 0, 0, 0, 0, 0, 0, 0, 2, 0, 0, 0, 0, 0, 0, 0, 
42, 1, 0, 2, 1, 0, 0, 1, 1, 0, 2, 1, 2, 1, 1, 0, 0, 0, 0, 0, 0, 0, 2, 0, 0, 73, 2, 0, 0, 6, 5, 2, 2, 41, 1, 0, 1, 28, 1, 3, 2, 19, 4, 6, 7, 84, 13, 10, 4, 1, 0, 0, 2, 15, 8, 12, 5, 4, 0, 3, 2, 1, 0, 2, 0, 2, 0, 1, 0, 16, 12, 6, 3, 35, 4, 2, 4, 0, 0, 0, 0, 0, 0, 0, 0, 1, 0, 0, 0, 0, 0, 0, 0, 0, 0, 0, 0, 0, 0, 0, 0, 1, 0, 0, 0, 2, 0, 0, 0, 1, 0, 0, 0, 
43, 5, 0, 1, 0, 0, 0, 0, 0, 0, 1, 1, 0, 3, 3, 2, 0, 0, 0, 0, 0, 0, 0, 1, 0, 84, 1, 2, 1, 0, 0, 2, 1, 46, 0, 2, 2, 28, 1, 0, 0, 14, 3, 2, 1, 88, 5, 3, 5, 3, 3, 1, 2, 23, 2, 7, 2, 2, 0, 0, 2, 2, 3, 2, 2, 0, 0, 0, 0, 29, 4, 6, 3, 19, 5, 3, 4, 0, 0, 0, 0, 0, 0, 0, 0, 1, 0, 0, 0, 0, 0, 0, 0, 1, 0, 0, 0, 0, 0, 0, 0, 1, 0, 0, 0, 0, 0, 0, 0, 4, 0, 0, 0, 
44, 1, 1, 0, 1, 0, 0, 0, 0, 1, 1, 3, 1, 0, 0, 2, 1, 0, 1, 1, 1, 0, 0, 0, 0, 83, 2, 0, 0, 0, 1, 1, 1, 35, 5, 2, 1, 21, 0, 0, 1, 7, 4, 7, 3, 87, 6, 7, 8, 5, 6, 1, 2, 16, 9, 4, 8, 1, 1, 1, 0, 14, 4, 1, 2, 3, 3, 1, 2, 28, 6, 4, 5, 21, 2, 4, 5, 1, 0, 0, 0, 0, 0, 0, 0, 1, 0, 0, 0, 2, 0, 0, 0, 2, 0, 0, 0, 0, 0, 0, 0, 0, 0, 0, 0, 0, 0, 0, 0, 1, 0, 0, 0, 
45, 1, 1, 0, 0, 0, 0, 2, 0, 1, 0, 1, 2, 1, 0, 0, 1, 0, 1, 1, 1, 0, 1, 0, 0, 74, 0, 0, 1, 1, 3, 1, 0, 44, 3, 3, 0, 17, 1, 0, 0, 2, 5, 5, 3, 96, 6, 8, 4, 12, 1, 2, 1, 27, 8, 4, 8, 2, 2, 0, 1, 8, 5, 2, 2, 8, 2, 5, 1, 27, 2, 2, 5, 24, 9, 1, 3, 1, 0, 0, 0, 0, 0, 0, 0, 0, 0, 0, 0, 2, 0, 0, 0, 0, 0, 0, 0, 0, 0, 0, 0, 0, 0, 0, 0, 0, 0, 0, 0, 0, 0, 0, 0, 
46, 1, 0, 1, 0, 2, 1, 2, 1, 0, 0, 0, 2, 0, 0, 0, 2, 0, 0, 0, 0, 0, 0, 1, 0, 59, 9, 1, 3, 4, 0, 0, 0, 50, 5, 0, 1, 16, 3, 0, 1, 9, 2, 4, 2, 100, 8, 12, 13, 0, 0, 0, 1, 41, 3, 4, 6, 1, 0, 4, 1, 3, 4, 0, 0, 15, 3, 3, 1, 28, 2, 6, 8, 20, 3, 2, 3, 0, 0, 0, 0, 2, 0, 0, 0, 0, 0, 0, 0, 0, 0, 0, 0, 1, 0, 0, 0, 1, 0, 0, 0, 0, 0, 0, 0, 1, 0, 0, 0, 1, 0, 0, 0, 
47, 0, 0, 0, 1, 1, 0, 2, 0, 0, 1, 1, 0, 0, 0, 1, 0, 1, 0, 0, 0, 1, 0, 2, 0, 74, 1, 1, 0, 0, 1, 1, 0, 59, 0, 1, 3, 23, 1, 2, 1, 7, 5, 4, 6, 100, 9, 4, 12, 3, 5, 2, 1, 47, 12, 10, 6, 3, 2, 1, 0, 1, 0, 1, 1, 7, 0, 1, 0, 30, 1, 5, 5, 7, 2, 0, 4, 1, 0, 0, 0, 1, 0, 0, 0, 0, 0, 0, 0, 1, 0, 0, 0, 2, 0, 0, 0, 1, 0, 0, 0, 2, 0, 0, 0, 1, 0, 0, 0, 1, 0, 0, 0, 
48, 0, 3, 0, 0, 0, 0, 0, 0, 0, 1, 1, 0, 0, 0, 0, 0, 0, 1, 0, 1, 1, 0, 1, 0, 55, 1, 0, 1, 0, 1, 0, 0, 52, 0, 6, 0, 25, 2, 0, 0, 3, 5, 5, 3, 100, 4, 10, 5, 4, 0, 1, 2, 56, 6, 5, 3, 2, 0, 2, 1, 0, 1, 0, 0, 3, 4, 1, 3, 21, 6, 5, 5, 4, 4, 3, 6, 1, 0, 0, 0, 1, 0, 0, 0, 0, 0, 0, 0, 1, 0, 0, 0, 0, 0, 0, 0, 0, 0, 0, 0, 1, 0, 0, 0, 0, 0, 0, 0, 0, 0, 0, 0, 
49, 0, 0, 0, 0, 1, 0, 1, 0, 0, 0, 0, 0, 0, 1, 0, 0, 0, 1, 1, 2, 1, 1, 1, 3, 46, 1, 1, 0, 2, 1, 1, 2, 46, 2, 2, 0, 32, 2, 0, 1, 0, 1, 0, 1, 100, 6, 3, 5, 1, 0, 1, 0, 46, 6, 3, 6, 0, 0, 1, 0, 4, 3, 0, 0, 12, 4, 8, 4, 26, 7, 3, 2, 5, 5, 0, 4, 1, 0, 0, 0, 0, 0, 0, 0, 1, 0, 0, 0, 2, 0, 0, 0, 1, 0, 0, 0, 1, 0, 0, 0, 2, 0, 0, 0, 1, 0, 0, 0, 0, 0, 0, 0, 
50, 1, 0, 0, 0, 0, 1, 0, 0, 1, 0, 1, 0, 0, 0, 0, 0, 0, 1, 2, 1, 0, 1, 0, 2, 33, 1, 1, 2, 0, 1, 0, 0, 54, 0, 3, 2, 31, 2, 3, 0, 2, 2, 0, 3, 100, 5, 6, 4, 0, 0, 0, 0, 41, 6, 5, 3, 1, 3, 3, 2, 3, 3, 7, 8, 16, 6, 5, 3, 15, 6, 3, 2, 4, 4, 2, 0, 1, 0, 0, 0, 1, 0, 0, 0, 0, 0, 0, 0, 1, 0, 0, 0, 1, 0, 0, 0, 2, 0, 0, 0, 1, 0, 0, 0, 1, 0, 0, 0, 2, 0, 0, 0, 
51, 1, 1, 1, 1, 0, 0, 0, 0, 0, 0, 0, 0, 0, 0, 0, 0, 0, 1, 0, 1, 2, 0, 0, 1, 44, 1, 0, 2, 0, 0, 0, 0, 55, 2, 1, 2, 36, 1, 0, 0, 1, 0, 1, 1, 100, 5, 5, 4, 1, 1, 0, 1, 52, 3, 0, 12, 1, 1, 0, 0, 16, 3, 3, 5, 33, 3, 2, 1, 15, 3, 5, 8, 2, 4, 3, 0, 2, 0, 0, 0, 2, 0, 0, 0, 1, 0, 0, 0, 2, 0, 0, 0, 0, 0, 0, 0, 0, 0, 0, 0, 0, 0, 0, 0, 1, 0, 0, 0, 0, 0, 0, 0, 
52, 0, 2, 1, 0, 0, 0, 1, 0, 0, 0, 0, 0, 0, 2, 0, 0, 0, 2, 1, 1, 0, 0, 0, 0, 42, 5, 1, 0, 2, 2, 2, 2, 43, 0, 1, 0, 35, 3, 2, 1, 0, 0, 0, 0, 100, 11, 10, 5, 4, 2, 1, 0, 41, 6, 2, 2, 16, 0, 0, 1, 9, 6, 7, 6, 17, 5, 4, 6, 28, 5, 9, 6, 7, 3, 3, 3, 0, 0, 0, 0, 0, 0, 0, 0, 2, 0, 0, 0, 2, 0, 0, 0, 0, 0, 0, 0, 1, 0, 0, 0, 0, 0, 0, 0, 1, 0, 0, 0, 1, 0, 0, 0, 
53, 1, 0, 1, 0, 2, 2, 0, 0, 0, 0, 0, 0, 0, 0, 0, 0, 1, 1, 1, 0, 0, 1, 1, 0, 39, 2, 2, 0, 2, 5, 1, 1, 50, 2, 0, 1, 45, 4, 0, 2, 2, 1, 1, 0, 100, 3, 10, 5, 1, 1, 0, 0, 32, 4, 3, 4, 6, 1, 0, 2, 4, 6, 4, 4, 15, 4, 3, 6, 23, 8, 3, 0, 5, 2, 3, 4, 1, 0, 0, 0, 3, 0, 0, 0, 0, 0, 0, 0, 1, 0, 0, 0, 1, 0, 0, 0, 1, 0, 0, 0, 2, 0, 0, 0, 0, 0, 0, 0, 0, 0, 0, 0, 
54, 3, 1, 2, 0, 1, 1, 1, 0, 2, 0, 1, 0, 2, 0, 0, 1, 0, 0, 1, 0, 0, 0, 0, 1, 47, 0, 1, 0, 0, 0, 0, 0, 50, 1, 4, 2, 54, 1, 0, 0, 1, 2, 2, 3, 100, 9, 8, 5, 2, 3, 1, 2, 26, 5, 5, 3, 3, 0, 0, 0, 6, 8, 7, 8, 20, 7, 3, 1, 6, 5, 9, 3, 1, 1, 1, 0, 2, 0, 0, 0, 0, 0, 0, 0, 2, 0, 0, 0, 0, 0, 0, 0, 0, 0, 0, 0, 0, 0, 0, 0, 0, 0, 0, 0, 2, 0, 0, 0, 2, 0, 0, 0, 
55, 0, 0, 1, 0, 1, 1, 1, 0, 1, 0, 0, 0, 0, 0, 0, 0, 0, 0, 0, 1, 0, 0, 0, 0, 47, 0, 0, 0, 2, 1, 2, 0, 51, 8, 0, 2, 62, 2, 1, 1, 0, 0, 0, 1, 100, 6, 6, 8, 2, 2, 2, 1, 16, 3, 6, 4, 5, 1, 2, 2, 4, 9, 2, 2, 22, 4, 3, 4, 7, 4, 4, 2, 2, 2, 3, 1, 0, 0, 0, 0, 2, 0, 0, 0, 2, 0, 0, 0, 0, 0, 0, 0, 0, 0, 0, 0, 0, 0, 0, 0, 1, 0, 0, 0, 0, 0, 0, 0, 0, 0, 0, 0, 
56, 0, 1, 0, 1, 1, 1, 1, 0, 3, 0, 0, 0, 0, 0, 0, 0, 0, 1, 1, 0, 1, 0, 1, 0, 39, 0, 0, 0, 3, 0, 1, 1, 53, 0, 1, 1, 68, 0, 1, 1, 2, 7, 2, 7, 100, 9, 10, 5, 0, 0, 0, 1, 18, 11, 2, 3, 24, 2, 2, 0, 5, 6, 9, 2, 20, 3, 4, 1, 1, 7, 7, 1, 1, 0, 2, 0, 0, 0, 0, 0, 2, 0, 0, 0, 2, 0, 0, 0, 0, 0, 0, 0, 0, 0, 0, 0, 0, 0, 0, 0, 1, 0, 0, 0, 1, 0, 0, 0, 1, 0, 0, 0, 
57, 1, 1, 1, 2, 2, 1, 1, 0, 7, 0, 0, 0, 1, 0, 0, 0, 0, 0, 1, 0, 0, 0, 0, 1, 24, 1, 1, 0, 1, 0, 0, 0, 34, 1, 3, 2, 64, 1, 2, 2, 1, 2, 5, 3, 100, 4, 4, 5, 0, 0, 1, 0, 25, 5, 6, 4, 24, 6, 1, 1, 5, 1, 3, 6, 6, 3, 1, 1, 0, 0, 1, 1, 1, 1, 1, 0, 2, 0, 0, 0, 1, 0, 0, 0, 0, 0, 0, 0, 2, 0, 0, 0, 0, 0, 0, 0, 0, 0, 0, 0, 1, 0, 0, 0, 1, 0, 0, 0, 0, 0, 0, 0, 
58, 0, 2, 2, 0, 0, 1, 1, 0, 0, 0, 1, 0, 1, 0, 1, 0, 0, 0, 1, 1, 0, 0, 1, 0, 24, 2, 1, 0, 2, 1, 0, 0, 41, 4, 2, 0, 62, 1, 0, 0, 0, 1, 0, 0, 100, 9, 6, 4, 6, 0, 1, 0, 13, 4, 9, 4, 25, 2, 0, 0, 2, 4, 4, 2, 5, 6, 1, 5, 2, 2, 3, 0, 4, 2, 1, 0, 0, 0, 0, 0, 0, 0, 0, 0, 0, 0, 0, 0, 0, 0, 0, 0, 0, 0, 0, 0, 1, 0, 0, 0, 1, 0, 0, 0, 1, 0, 0, 0, 0, 0, 0, 0, 
59, 3, 2, 1, 2, 0, 0, 0, 0, 0, 0, 0, 0, 0, 0, 0, 0, 1, 1, 1, 1, 1, 0, 0, 1, 9, 1, 1, 1, 1, 0, 1, 1, 58, 2, 1, 0, 50, 2, 2, 1, 1, 1, 3, 3, 100, 8, 8, 4, 11, 1, 1, 2, 12, 7, 5, 5, 1, 0, 0, 0, 13, 5, 3, 2, 16, 9, 5, 5, 12, 4, 2, 2, 0, 0, 0, 1, 0, 0, 0, 0, 1, 0, 0, 0, 0, 0, 0, 0, 0, 0, 0, 0, 0, 0, 0, 0, 1, 0, 0, 0, 1, 0, 0, 0, 0, 0, 0, 0, 0, 0, 0, 0, 
60, 3, 0, 0, 0, 0, 0, 0, 0, 1, 0, 0, 1, 0, 1, 0, 0, 1, 0, 0, 0, 2, 0, 0, 0, 8, 1, 2, 0, 4, 1, 2, 0, 64, 4, 2, 2, 34, 5, 1, 1, 0, 1, 0, 0, 100, 6, 7, 10, 18, 1, 2, 2, 6, 4, 1, 5, 1, 1, 2, 2, 6, 5, 4, 3, 15, 4, 6, 5, 16, 5, 4, 5, 1, 3, 1, 4, 1, 0, 0, 0, 0, 0, 0, 0, 1, 0, 0, 0, 1, 0, 0, 0, 2, 0, 0, 0, 1, 0, 0, 0, 0, 0, 0, 0, 0, 0, 0, 0, 0, 0, 0, 0, 
61, 2, 2, 0, 1, 1, 1, 0, 0, 1, 0, 0, 0, 1, 1, 0, 0, 1, 1, 0, 0, 1, 0, 0, 4, 0, 0, 0, 0, 24, 6, 1, 0, 64, 3, 4, 1, 31, 0, 0, 1, 2, 1, 0, 2, 100, 3, 9, 1, 20, 5, 0, 1, 5, 6, 5, 7, 1, 0, 0, 1, 5, 3, 7, 6, 3, 5, 6, 3, 15, 2, 1, 1, 2, 0, 2, 5, 0, 0, 0, 0, 3, 0, 0, 0, 1, 0, 0, 0, 1, 0, 0, 0, 0, 0, 0, 0, 0, 0, 0, 0, 1, 0, 0, 0, 1, 0, 0, 0, 1, 0, 0, 0, 
62, 0, 0, 1, 1, 0, 3, 0, 1, 0, 2, 3, 1, 1, 1, 1, 1, 0, 0, 0, 0, 0, 0, 0, 0, 14, 1, 1, 1, 30, 0, 0, 0, 79, 4, 0, 1, 31, 1, 0, 0, 3, 1, 3, 2, 100, 6, 6, 5, 12, 2, 0, 2, 2, 4, 7, 3, 2, 2, 1, 0, 12, 2, 7, 4, 2, 5, 3, 1, 2, 3, 3, 0, 1, 5, 5, 5, 1, 0, 0, 0, 1, 0, 0, 0, 1, 0, 0, 0, 0, 0, 0, 0, 3, 0, 0, 0, 0, 0, 0, 0, 1, 0, 0, 0, 1, 0, 0, 0, 0, 0, 0, 0, 
63, 0, 0, 1, 1, 0, 2, 1, 0, 0, 0, 0, 1, 0, 0, 4, 1, 0, 0, 1, 0, 0, 0, 0, 0, 14, 1, 1, 0, 35, 0, 1, 0, 84, 3, 0, 2, 33, 0, 0, 2, 1, 3, 1, 0, 100, 8, 4, 8, 4, 1, 0, 1, 2, 8, 4, 5, 1, 1, 1, 0, 5, 4, 2, 6, 2, 0, 3, 2, 5, 0, 2, 3, 13, 6, 2, 1, 2, 0, 0, 0, 0, 0, 0, 0, 0, 0, 0, 0, 0, 0, 0, 0, 1, 0, 0, 0, 1, 0, 0, 0, 0, 0, 0, 0, 1, 0, 0, 0, 1, 0, 0, 0, 
64, 0, 0, 0, 0, 0, 0, 1, 2, 0, 0, 0, 0, 0, 1, 0, 0, 0, 0, 0, 1, 7, 0, 2, 0, 9, 3, 2, 1, 21, 0, 1, 2, 73, 2, 1, 1, 44, 1, 0, 0, 0, 2, 1, 1, 100, 5, 5, 6, 8, 2, 2, 5, 3, 0, 4, 3, 6, 5, 2, 4, 2, 0, 3, 5, 3, 4, 1, 0, 2, 3, 4, 1, 7, 3, 3, 1, 0, 0, 0, 0, 0, 0, 0, 0, 0, 0, 0, 0, 0, 0, 0, 0, 1, 0, 0, 0, 0, 0, 0, 0, 0, 0, 0, 0, 0, 0, 0, 0, 0, 0, 0, 0, 
65, 0, 0, 1, 0, 1, 0, 2, 0, 2, 0, 0, 1, 0, 0, 1, 0, 0, 2, 0, 0, 2, 4, 1, 2, 16, 1, 0, 1, 20, 0, 0, 0, 70, 1, 1, 0, 44, 2, 0, 0, 0, 2, 1, 1, 100, 4, 8, 6, 1, 0, 1, 0, 1, 2, 3, 0, 1, 5, 2, 2, 2, 4, 0, 1, 10, 5, 5, 3, 5, 2, 2, 2, 16, 4, 4, 3, 1, 0, 0, 0, 1, 0, 0, 0, 1, 0, 0, 0, 0, 0, 0, 0, 0, 0, 0, 0, 2, 0, 0, 0, 2, 0, 0, 0, 0, 0, 0, 0, 1, 0, 0, 0, 
66, 0, 0, 1, 0, 0, 0, 1, 1, 1, 1, 0, 0, 0, 0, 1, 0, 1, 0, 0, 0, 1, 0, 0, 0, 17, 5, 6, 0, 15, 4, 0, 0, 63, 1, 1, 1, 38, 2, 3, 1, 2, 1, 3, 1, 100, 10, 7, 2, 0, 0, 1, 0, 0, 0, 0, 0, 1, 1, 0, 1, 0, 2, 4, 4, 4, 10, 17, 8, 1, 2, 0, 0, 21, 4, 4, 1, 0, 0, 0, 0, 1, 0, 0, 0, 0, 0, 0, 0, 0, 0, 0, 0, 1, 0, 0, 0, 2, 0, 0, 0, 0, 0, 0, 0, 2, 0, 0, 0, 0, 0, 0, 0, 
67, 1, 0, 0, 0, 0, 0, 0, 0, 0, 1, 0, 1, 0, 0, 0, 0, 0, 0, 1, 0, 0, 0, 0, 3, 28, 2, 2, 3, 22, 0, 2, 0, 64, 13, 0, 3, 46, 3, 0, 0, 0, 0, 0, 1, 100, 6, 11, 7, 0, 0, 0, 0, 2, 0, 1, 3, 3, 0, 2, 2, 6, 2, 2, 3, 10, 8, 9, 7, 2, 1, 2, 1, 7, 5, 5, 2, 0, 0, 0, 0, 0, 0, 0, 0, 0, 0, 0, 0, 2, 0, 0, 0, 2, 0, 0, 0, 0, 0, 0, 0, 1, 0, 0, 0, 1, 0, 0, 0, 4, 0, 0, 0, 
68, 0, 1, 0, 0, 0, 0, 0, 0, 0, 0, 0, 0, 0, 1, 0, 0, 0, 0, 0, 1, 0, 0, 0, 1, 29, 2, 4, 2, 12, 0, 1, 0, 73, 2, 2, 1, 45, 0, 2, 0, 4, 2, 6, 4, 100, 2, 5, 6, 2, 2, 2, 4, 0, 0, 0, 0, 0, 1, 2, 0, 4, 5, 7, 7, 7, 10, 4, 5, 11, 2, 4, 2, 6, 8, 5, 2, 0, 0, 0, 0, 1, 0, 0, 0, 1, 0, 0, 0, 3, 0, 0, 0, 1, 0, 0, 0, 1, 0, 0, 0, 2, 0, 0, 0, 1, 0, 0, 0, 1, 0, 0, 0, 
69, 0, 1, 0, 2, 0, 0, 0, 0, 0, 0, 0, 0, 0, 0, 0, 1, 0, 0, 1, 0, 0, 0, 0, 0, 40, 1, 2, 0, 2, 3, 0, 2, 90, 2, 1, 1, 35, 1, 0, 0, 2, 2, 2, 0, 100, 6, 8, 3, 2, 4, 6, 4, 1, 1, 1, 2, 1, 0, 1, 2, 8, 9, 5, 5, 3, 4, 2, 3, 20, 5, 3, 1, 1, 0, 5, 2, 0, 0, 0, 0, 2, 0, 0, 0, 1, 0, 0, 0, 0, 0, 0, 0, 3, 0, 0, 0, 0, 0, 0, 0, 1, 0, 0, 0, 1, 0, 0, 0, 0, 0, 0, 0, 
70, 3, 0, 2, 0, 1, 0, 1, 0, 2, 0, 0, 0, 0, 0, 0, 0, 0, 1, 0, 1, 1, 0, 0, 0, 42, 1, 0, 0, 1, 5, 1, 2, 83, 4, 2, 2, 23, 0, 3, 0, 1, 0, 2, 0, 100, 4, 2, 11, 1, 1, 1, 1, 3, 1, 3, 2, 0, 1, 0, 0, 7, 5, 8, 6, 17, 1, 1, 1, 15, 4, 4, 0, 5, 2, 4, 6, 1, 0, 0, 0, 1, 0, 0, 0, 0, 0, 0, 0, 2, 0, 0, 0, 0, 0, 0, 0, 1, 0, 0, 0, 1, 0, 0, 0, 1, 0, 0, 0, 0, 0, 0, 0, 
71, 1, 0, 0, 0, 1, 1, 1, 0, 2, 0, 0, 0, 0, 0, 0, 0, 0, 0, 0, 0, 1, 1, 2, 1, 31, 5, 3, 3, 12, 1, 3, 3, 84, 4, 1, 1, 26, 1, 0, 1, 0, 1, 2, 0, 100, 4, 6, 4, 13, 3, 1, 4, 1, 1, 2, 1, 0, 1, 0, 3, 5, 8, 3, 6, 6, 0, 3, 2, 16, 7, 0, 2, 5, 1, 5, 3, 0, 0, 0, 0, 1, 0, 0, 0, 1, 0, 0, 0, 0, 0, 0, 0, 0, 0, 0, 0, 0, 0, 0, 0, 1, 0, 0, 0, 0, 0, 0, 0, 2, 0, 0, 0, 
72, 0, 1, 0, 0, 0, 0, 0, 0, 0, 0, 1, 1, 0, 0, 0, 0, 0, 0, 0, 0, 2, 0, 0, 0, 29, 4, 1, 1, 2, 3, 1, 4, 77, 1, 1, 1, 19, 2, 1, 0, 4, 1, 1, 0, 100, 12, 10, 6, 16, 5, 3, 0, 0, 0, 0, 0, 0, 0, 1, 0, 14, 7, 5, 4, 1, 3, 5, 3, 20, 4, 0, 0, 4, 0, 1, 0, 1, 0, 0, 0, 1, 0, 0, 0, 0, 0, 0, 0, 0, 0, 0, 0, 1, 0, 0, 0, 0, 0, 0, 0, 2, 0, 0, 0, 2, 0, 0, 0, 0, 0, 0, 0, 
73, 5, 5, 3, 0, 2, 0, 0, 0, 0, 0, 0, 0, 0, 0, 0, 0, 1, 0, 0, 0, 1, 1, 0, 0, 41, 1, 2, 2, 0, 1, 0, 1, 75, 3, 0, 3, 23, 3, 1, 0, 1, 0, 0, 0, 100, 6, 8, 9, 26, 0, 3, 3, 1, 1, 0, 1, 3, 2, 0, 0, 19, 10, 9, 4, 6, 3, 1, 7, 13, 2, 2, 3, 4, 6, 1, 3, 0, 0, 0, 0, 0, 0, 0, 0, 1, 0, 0, 0, 0, 0, 0, 0, 2, 0, 0, 0, 0, 0, 0, 0, 1, 0, 0, 0, 1, 0, 0, 0, 0, 0, 0, 0, 
74, 1, 0, 0, 0, 1, 0, 1, 0, 0, 0, 2, 0, 2, 0, 2, 1, 0, 0, 0, 1, 1, 0, 0, 0, 49, 1, 0, 2, 0, 1, 0, 0, 76, 3, 2, 1, 27, 5, 0, 1, 2, 2, 1, 0, 100, 5, 4, 5, 26, 1, 1, 0, 1, 0, 0, 2, 4, 7, 3, 7, 16, 4, 7, 3, 1, 2, 6, 5, 15, 3, 2, 3, 8, 3, 8, 9, 0, 0, 0, 0, 1, 0, 0, 0, 1, 0, 0, 0, 0, 0, 0, 0, 0, 0, 0, 0, 0, 0, 0, 0, 0, 0, 0, 0, 2, 0, 0, 0, 0, 0, 0, 0, 
75, 0, 0, 1, 0, 2, 1, 4, 2, 0, 1, 2, 1, 0, 0, 1, 1, 1, 0, 0, 0, 2, 0, 1, 0, 50, 0, 0, 0, 0, 0, 0, 0, 79, 3, 4, 0, 29, 2, 1, 2, 0, 1, 0, 0, 100, 8, 11, 5, 23, 0, 0, 2, 2, 2, 2, 1, 8, 5, 6, 5, 22, 6, 6, 2, 5, 3, 0, 1, 20, 1, 2, 1, 9, 5, 6, 8, 0, 0, 0, 0, 1, 0, 0, 0, 2, 0, 0, 0, 2, 0, 0, 0, 1, 0, 0, 0, 0, 0, 0, 0, 0, 0, 0, 0, 1, 0, 0, 0, 0, 0, 0, 0, 
76, 0, 0, 1, 0, 0, 0, 1, 1, 0, 0, 0, 0, 4, 4, 1, 1, 0, 0, 1, 0, 0, 0, 0, 0, 50, 2, 2, 0, 0, 1, 1, 2, 68, 2, 1, 1, 46, 1, 4, 2, 0, 1, 0, 0, 100, 2, 4, 3, 19, 2, 1, 1, 0, 1, 0, 2, 5, 4, 4, 5, 31, 3, 4, 5, 4, 8, 2, 0, 25, 2, 2, 1, 7, 11, 13, 3, 0, 0, 0, 0, 0, 0, 0, 0, 0, 0, 0, 0, 0, 0, 0, 0, 1, 0, 0, 0, 0, 0, 0, 0, 0, 0, 0, 0, 0, 0, 0, 0, 0, 0, 0, 0, 
77, 0, 0, 1, 0, 1, 0, 1, 1, 0, 0, 1, 1, 0, 1, 0, 0, 1, 1, 1, 2, 0, 0, 0, 0, 51, 2, 0, 0, 3, 3, 2, 1, 73, 1, 4, 0, 49, 2, 0, 2, 1, 0, 1, 1, 100, 6, 6, 3, 24, 1, 4, 2, 0, 2, 1, 0, 9, 9, 5, 7, 25, 8, 5, 5, 4, 2, 3, 5, 17, 5, 1, 2, 6, 7, 8, 0, 0, 0, 0, 0, 1, 0, 0, 0, 1, 0, 0, 0, 0, 0, 0, 0, 0, 0, 0, 0, 2, 0, 0, 0, 0, 0, 0, 0, 1, 0, 0, 0, 0, 0, 0, 0, 
78, 3, 1, 0, 1, 0, 0, 0, 0, 0, 1, 2, 0, 0, 0, 0, 1, 0, 1, 2, 0, 0, 1, 0, 1, 40, 2, 3, 1, 13, 4, 1, 0, 80, 1, 2, 1, 54, 0, 1, 2, 1, 2, 0, 1, 100, 11, 10, 4, 39, 3, 3, 0, 0, 0, 3, 2, 20, 10, 4, 7, 24, 2, 5, 4, 8, 6, 6, 5, 19, 2, 4, 1, 6, 3, 5, 2, 0, 0, 0, 0, 0, 0, 0, 0, 2, 0, 0, 0, 1, 0, 0, 0, 1, 0, 0, 0, 0, 0, 0, 0, 1, 0, 0, 0, 1, 0, 0, 0, 0, 0, 0, 0, 
79, 0, 0, 0, 0, 1, 0, 0, 1, 0, 1, 0, 0, 0, 0, 0, 0, 0, 0, 1, 0, 1, 0, 0, 0, 45, 2, 4, 1, 15, 1, 2, 3, 77, 2, 3, 1, 60, 2, 1, 0, 0, 0, 1, 0, 100, 6, 7, 4, 34, 1, 0, 1, 2, 1, 1, 1, 8, 7, 9, 4, 17, 11, 7, 8, 7, 4, 9, 3, 20, 2, 4, 2, 1, 0, 3, 3, 0, 0, 0, 0, 1, 0, 0, 0, 1, 0, 0, 0, 3, 0, 0, 0, 1, 0, 0, 0, 1, 0, 0, 0, 1, 0, 0, 0, 1, 0, 0, 0, 1, 0, 0, 0, 
80, 0, 0, 1, 0, 0, 0, 0, 3, 0, 1, 0, 0, 1, 0, 0, 0, 1, 0, 0, 0, 0, 0, 0, 0, 44, 3, 1, 0, 17, 3, 4, 4, 84, 2, 3, 3, 50, 1, 0, 2, 0, 0, 0, 0, 100, 12, 7, 6, 24, 2, 2, 4, 2, 2, 2, 1, 8, 6, 2, 6, 23, 4, 6, 4, 4, 4, 4, 1, 26, 6, 3, 1, 3, 1, 2, 4, 0, 0, 0, 0, 0, 0, 0, 0, 0, 0, 0, 0, 1, 0, 0, 0, 0, 0, 0, 0, 1, 0, 0, 0, 0, 0, 0, 0, 1, 0, 0, 0, 0, 0, 0, 0, 
81, 0, 1, 1, 0, 0, 0, 0, 0, 0, 1, 0, 0, 1, 1, 0, 0, 0, 0, 1, 0, 0, 0, 0, 1, 47, 1, 3, 1, 17, 2, 3, 2, 80, 2, 1, 1, 47, 1, 1, 0, 1, 1, 4, 6, 100, 2, 6, 8, 23, 4, 1, 1, 4, 5, 0, 1, 12, 8, 7, 10, 25, 3, 5, 4, 8, 4, 5, 1, 19, 4, 3, 0, 6, 10, 3, 3, 0, 0, 0, 0, 1, 0, 0, 0, 0, 0, 0, 0, 0, 0, 0, 0, 0, 0, 0, 0, 0, 0, 0, 0, 1, 0, 0, 0, 1, 0, 0, 0, 0, 0, 0, 0, 
82, 0, 0, 0, 0, 0, 0, 0, 0, 2, 2, 0, 1, 0, 0, 0, 0, 0, 0, 0, 0, 0, 0, 0, 2, 44, 0, 0, 0, 16, 4, 7, 3, 77, 1, 2, 1, 48, 0, 2, 0, 1, 0, 2, 2, 100, 5, 9, 5, 17, 0, 0, 0, 4, 4, 2, 1, 10, 9, 10, 7, 17, 4, 6, 4, 5, 11, 1, 2, 23, 1, 4, 2, 23, 2, 4, 5, 0, 0, 0, 0, 0, 0, 0, 0, 0, 0, 0, 0, 5, 0, 0, 0, 1, 0, 0, 0, 0, 0, 0, 0, 0, 0, 0, 0, 0, 0, 0, 0, 0, 0, 0, 0, 
83, 1, 1, 1, 1, 2, 1, 1, 1, 1, 0, 0, 0, 0, 0, 0, 0, 1, 1, 3, 0, 0, 0, 0, 0, 45, 0, 2, 3, 29, 1, 3, 3, 75, 1, 1, 0, 53, 0, 1, 1, 3, 3, 1, 0, 100, 6, 5, 4, 12, 1, 1, 2, 3, 1, 3, 1, 9, 4, 14, 11, 7, 4, 8, 2, 6, 7, 8, 5, 22, 2, 2, 0, 13, 4, 4, 4, 1, 0, 0, 0, 0, 0, 0, 0, 1, 0, 0, 0, 0, 0, 0, 0, 0, 0, 0, 0, 4, 0, 0, 0, 1, 0, 0, 0, 1, 0, 0, 0, 0, 0, 0, 0, 
84, 0, 1, 0, 0, 1, 0, 0, 1, 0, 2, 0, 1, 0, 1, 1, 0, 0, 1, 0, 0, 0, 2, 0, 0, 31, 2, 0, 1, 17, 1, 0, 3, 69, 1, 0, 1, 51, 3, 0, 0, 6, 0, 1, 1, 100, 7, 5, 7, 10, 1, 0, 0, 2, 6, 2, 5, 9, 5, 6, 9, 3, 8, 4, 6, 7, 11, 8, 6, 20, 6, 2, 1, 16, 1, 6, 5, 2, 0, 0, 0, 1, 0, 0, 0, 0, 0, 0, 0, 1, 0, 0, 0, 0, 0, 0, 0, 1, 0, 0, 0, 2, 0, 0, 0, 3, 0, 0, 0, 0, 0, 0, 0, 
85, 1, 0, 1, 0, 0, 0, 0, 0, 0, 1, 0, 0, 2, 0, 0, 1, 3, 1, 1, 1, 0, 0, 0, 0, 29, 1, 2, 2, 10, 2, 2, 2, 61, 1, 0, 2, 52, 0, 0, 1, 3, 3, 1, 1, 100, 6, 4, 2, 8, 3, 4, 0, 8, 3, 7, 6, 5, 6, 6, 3, 7, 4, 5, 10, 8, 5, 8, 7, 27, 1, 0, 2, 15, 4, 4, 2, 1, 0, 0, 0, 1, 0, 0, 0, 2, 0, 0, 0, 1, 0, 0, 0, 0, 0, 0, 0, 0, 0, 0, 0, 1, 0, 0, 0, 0, 0, 0, 0, 3, 0, 0, 0, 
86, 1, 0, 3, 1, 0, 1, 0, 2, 1, 4, 2, 2, 0, 0, 0, 0, 1, 0, 1, 1, 0, 1, 0, 1, 21, 2, 2, 0, 7, 0, 2, 1, 64, 2, 2, 1, 48, 0, 2, 1, 1, 3, 4, 3, 100, 10, 4, 6, 7, 1, 2, 1, 13, 7, 3, 3, 5, 8, 5, 5, 10, 15, 9, 8, 9, 9, 7, 7, 27, 1, 3, 0, 17, 8, 1, 3, 0, 0, 0, 0, 0, 0, 0, 0, 2, 0, 0, 0, 2, 0, 0, 0, 3, 0, 0, 0, 4, 0, 0, 0, 1, 0, 0, 0, 0, 0, 0, 0, 0, 0, 0, 0, 
87, 0, 1, 0, 1, 0, 0, 1, 0, 0, 1, 0, 0, 0, 1, 0, 0, 0, 1, 0, 1, 2, 0, 0, 1, 30, 0, 1, 0, 2, 0, 4, 4, 59, 3, 1, 1, 50, 1, 0, 0, 9, 6, 5, 3, 100, 5, 8, 2, 8, 0, 3, 0, 3, 0, 1, 3, 1, 4, 2, 3, 16, 15, 11, 10, 6, 4, 10, 7, 27, 4, 4, 3, 16, 6, 3, 6, 0, 0, 0, 0, 2, 0, 0, 0, 0, 0, 0, 0, 0, 0, 0, 0, 0, 0, 0, 0, 0, 0, 0, 0, 1, 0, 0, 0, 2, 0, 0, 0, 0, 0, 0, 0, 
88, 1, 1, 2, 0, 0, 0, 0, 0, 0, 1, 0, 0, 0, 2, 0, 1, 1, 0, 0, 0, 1, 1, 0, 0, 18, 2, 2, 1, 2, 1, 2, 0, 72, 0, 1, 1, 28, 1, 0, 1, 12, 9, 3, 1, 90, 8, 11, 8, 14, 1, 4, 1, 3, 0, 1, 0, 0, 1, 1, 0, 16, 19, 16, 14, 9, 10, 5, 10, 14, 2, 0, 6, 22, 6, 3, 3, 0, 0, 0, 0, 0, 0, 0, 0, 0, 0, 0, 0, 0, 0, 0, 0, 1, 0, 0, 0, 1, 0, 0, 0, 2, 0, 0, 0, 0, 0, 0, 0, 1, 0, 0, 0, 
89, 1, 3, 1, 1, 0, 0, 0, 0, 0, 1, 0, 0, 0, 0, 1, 2, 1, 0, 0, 0, 0, 1, 1, 0, 10, 2, 0, 2, 2, 3, 0, 0, 61, 2, 0, 1, 28, 2, 0, 0, 17, 2, 4, 3, 95, 3, 7, 6, 18, 0, 1, 1, 6, 3, 1, 0, 0, 2, 1, 1, 9, 14, 11, 18, 7, 8, 7, 9, 16, 4, 1, 2, 3, 5, 4, 3, 0, 0, 0, 0, 2, 0, 0, 0, 0, 0, 0, 0, 1, 0, 0, 0, 0, 0, 0, 0, 0, 0, 0, 0, 0, 0, 0, 0, 1, 0, 0, 0, 1, 0, 0, 0, 
90, 0, 1, 0, 0, 0, 1, 0, 0, 0, 0, 0, 0, 0, 2, 0, 0, 0, 0, 0, 0, 3, 0, 4, 0, 6, 1, 2, 0, 3, 2, 0, 2, 55, 1, 0, 0, 28, 3, 2, 0, 20, 3, 3, 2, 97, 7, 10, 7, 26, 1, 3, 2, 4, 2, 2, 2, 2, 2, 0, 0, 12, 23, 18, 20, 6, 10, 8, 11, 15, 2, 0, 2, 3, 6, 9, 1, 0, 0, 0, 0, 1, 0, 0, 0, 0, 0, 0, 0, 0, 0, 0, 0, 0, 0, 0, 0, 0, 0, 0, 0, 0, 0, 0, 0, 0, 0, 0, 0, 2, 0, 0, 0, 
91, 1, 1, 2, 0, 1, 0, 1, 0, 1, 0, 1, 2, 0, 1, 0, 0, 0, 0, 1, 0, 0, 0, 1, 0, 10, 4, 2, 0, 5, 2, 3, 4, 57, 4, 0, 1, 11, 1, 0, 1, 22, 6, 3, 2, 100, 4, 11, 2, 33, 4, 1, 0, 3, 0, 1, 0, 0, 1, 1, 5, 24, 11, 18, 9, 5, 7, 4, 5, 0, 3, 0, 0, 5, 8, 5, 4, 0, 0, 0, 0, 0, 0, 0, 0, 0, 0, 0, 0, 3, 0, 0, 0, 0, 0, 0, 0, 2, 0, 0, 0, 0, 0, 0, 0, 0, 0, 0, 0, 1, 0, 0, 0, 
92, 1, 0, 0, 0, 0, 0, 0, 0, 0, 0, 0, 1, 0, 0, 1, 3, 1, 0, 0, 1, 0, 0, 0, 0, 13, 1, 0, 1, 5, 2, 4, 5, 52, 2, 0, 0, 1, 1, 0, 0, 22, 5, 2, 2, 96, 7, 7, 5, 31, 2, 1, 2, 7, 2, 1, 1, 0, 1, 0, 0, 12, 17, 19, 17, 2, 6, 3, 1, 0, 2, 2, 3, 4, 3, 2, 0, 0, 0, 0, 0, 1, 0, 0, 0, 2, 0, 0, 0, 0, 0, 0, 0, 0, 0, 0, 0, 0, 0, 0, 0, 0, 0, 0, 0, 4, 0, 0, 0, 1, 0, 0, 0, 
93, 1, 0, 0, 0, 0, 0, 1, 1, 0, 3, 0, 3, 0, 0, 0, 0, 0, 1, 1, 2, 0, 0, 0, 0, 3, 2, 1, 2, 15, 8, 3, 6, 42, 5, 1, 0, 1, 1, 0, 1, 24, 3, 5, 3, 83, 9, 7, 5, 20, 4, 0, 2, 0, 1, 0, 0, 4, 5, 6, 1, 17, 14, 16, 15, 1, 2, 1, 0, 5, 2, 5, 2, 1, 1, 1, 1, 0, 0, 0, 0, 2, 0, 0, 0, 0, 0, 0, 0, 0, 0, 0, 0, 0, 0, 0, 0, 1, 0, 0, 0, 0, 0, 0, 0, 1, 0, 0, 0, 0, 0, 0, 0, 
94, 0, 0, 1, 0, 1, 1, 1, 0, 0, 0, 0, 0, 0, 1, 1, 1, 0, 0, 1, 0, 0, 0, 0, 2, 10, 2, 1, 1, 15, 8, 5, 7, 32, 1, 1, 0, 0, 0, 2, 0, 21, 0, 2, 7, 71, 7, 7, 7, 40, 5, 4, 3, 1, 1, 4, 0, 5, 1, 3, 6, 19, 19, 14, 19, 0, 0, 0, 0, 7, 3, 1, 1, 0, 1, 0, 0, 2, 0, 0, 0, 0, 0, 0, 0, 1, 0, 0, 0, 1, 0, 0, 0, 0, 0, 0, 0, 0, 0, 0, 0, 0, 0, 0, 0, 1, 0, 0, 0, 0, 0, 0, 0, 
95, 1, 0, 0, 0, 1, 0, 1, 0, 1, 1, 0, 2, 0, 0, 0, 0, 0, 0, 0, 0, 1, 1, 0, 1, 17, 8, 0, 2, 4, 7, 3, 3, 35, 4, 2, 0, 3, 2, 2, 1, 29, 3, 4, 2, 75, 8, 3, 12, 46, 2, 1, 4, 3, 0, 2, 0, 3, 2, 4, 2, 21, 20, 15, 18, 1, 1, 1, 0, 1, 1, 0, 1, 2, 1, 2, 4, 2, 0, 0, 0, 1, 0, 0, 0, 0, 0, 0, 0, 1, 0, 0, 0, 0, 0, 0, 0, 0, 0, 0, 0, 0, 0, 0, 0, 2, 0, 0, 0, 3, 0, 0, 0, 
96, 0, 0, 1, 0, 1, 0, 2, 1, 2, 0, 1, 1, 0, 0, 0, 0, 1, 0, 0, 0, 1, 1, 1, 1, 23, 0, 3, 2, 3, 6, 7, 7, 37, 7, 0, 0, 1, 0, 0, 0, 38, 5, 5, 0, 73, 4, 8, 4, 40, 0, 3, 1, 3, 0, 0, 1, 4, 4, 4, 7, 16, 19, 14, 11, 0, 0, 0, 0, 2, 4, 3, 2, 2, 3, 4, 1, 0, 0, 0, 0, 3, 0, 0, 0, 0, 0, 0, 0, 1, 0, 0, 0, 1, 0, 0, 0, 1, 0, 0, 0, 1, 0, 0, 0, 0, 0, 0, 0, 0, 0, 0, 0, 
97, 0, 0, 0, 0, 2, 3, 1, 2, 0, 0, 0, 0, 1, 0, 1, 0, 0, 1, 2, 0, 0, 0, 1, 0, 36, 1, 1, 1, 3, 2, 9, 5, 33, 1, 1, 1, 2, 1, 4, 1, 26, 7, 2, 3, 55, 10, 3, 5, 26, 1, 1, 3, 0, 0, 2, 1, 7, 4, 4, 6, 21, 16, 19, 9, 1, 0, 0, 0, 3, 1, 3, 2, 2, 3, 3, 5, 0, 0, 0, 0, 0, 0, 0, 0, 2, 0, 0, 0, 0, 0, 0, 0, 1, 0, 0, 0, 1, 0, 0, 0, 1, 0, 0, 0, 1, 0, 0, 0, 1, 0, 0, 0, 
98, 4, 0, 0, 0, 0, 1, 0, 0, 0, 2, 0, 0, 1, 1, 0, 0, 0, 0, 0, 0, 0, 1, 0, 0, 38, 2, 2, 3, 1, 2, 2, 1, 39, 4, 0, 1, 8, 7, 2, 0, 25, 6, 2, 1, 50, 5, 14, 7, 29, 2, 1, 0, 3, 0, 1, 1, 9, 3, 5, 2, 19, 19, 16, 17, 1, 4, 2, 1, 7, 7, 6, 7, 14, 3, 7, 8, 1, 0, 0, 0, 0, 0, 0, 0, 0, 0, 0, 0, 0, 0, 0, 0, 2, 0, 0, 0, 0, 0, 0, 0, 0, 0, 0, 0, 1, 0, 0, 0, 1, 0, 0, 0, 
99, 0, 0, 1, 0, 1, 0, 0, 1, 0, 0, 1, 1, 1, 0, 0, 1, 1, 0, 0, 0, 1, 1, 1, 1, 29, 0, 4, 0, 0, 0, 0, 0, 19, 1, 1, 0, 17, 1, 0, 1, 25, 7, 4, 1, 54, 8, 8, 3, 24, 2, 1, 2, 14, 5, 2, 1, 18, 5, 5, 4, 16, 11, 19, 12, 4, 3, 1, 3, 4, 3, 5, 5, 25, 4, 5, 6, 0, 0, 0, 0, 1, 0, 0, 0, 1, 0, 0, 0, 0, 0, 0, 0, 1, 0, 0, 0, 0, 0, 0, 0, 0, 0, 0, 0, 1, 0, 0, 0, 1, 0, 0, 0, 