0, 0, 0, 0, 0, 0, 0, 0, 3, 0, 0, 0, 0, 0, 1, 3, 0, 1, 1, 0, 1, 0, 1, 0, 0, 7, 3, 6, 0, 2, 5, 2, 2, 0, 0, 0, 0, 1, 4, 2, 1, 0, 0, 0, 0, 1, 2, 2, 1, 1, 0, 0, 1, 2, 1, 0, 0, 0, 2, 1, 1, 0, 0, 0, 0, 2, 0, 2, 0, 3, 1, 1, 1, 0, 1, 3, 2, 1, 0, 0, 0, 2, 0, 0, 0, 2, 0, 0, 0, 0, 0, 0, 0, 1, 0, 0, 0, 1, 0, 0, 0, 1, 0, 0, 0, 1, 0, 0, 0, 0, 0, 0, 0, 
1, 0, 0, 1, 0, 0, 2, 0, 0, 1, 1, 0, 1, 0, 0, 0, 0, 0, 1, 1, 0, 0, 1, 0, 0, 8, 2, 1, 1, 0, 2, 0, 0, 1, 1, 1, 2, 0, 0, 0, 0, 14, 1, 1, 0, 0, 1, 1, 0, 9, 2, 1, 1, 0, 0, 0, 1, 2, 1, 2, 0, 1, 1, 1, 3, 0, 2, 1, 0, 12, 0, 0, 1, 1, 2, 2, 0, 2, 0, 0, 0, 1, 0, 0, 0, 1, 0, 0, 0, 1, 0, 0, 0, 0, 0, 0, 0, 0, 0, 0, 0, 0, 0, 0, 0, 2, 0, 0, 0, 1, 0, 0, 0, 
2, 0, 0, 0, 0, 1, 0, 2, 0, 2, 0, 0, 1, 0, 0, 0, 0, 0, 0, 0, 0, 0, 1, 0, 0, 0, 0, 0, 2, 2, 2, 1, 2, 6, 2, 2, 1, 1, 1, 2, 2, 11, 3, 1, 1, 1, 0, 3, 6, 2, 0, 1, 0, 0, 1, 1, 1, 6, 0, 2, 0, 3, 3, 5, 5, 0, 0, 0, 0, 12, 2, 0, 0, 1, 1, 1, 4, 0, 0, 0, 0, 0, 0, 0, 0, 1, 0, 0, 0, 1, 0, 0, 0, 0, 0, 0, 0, 4, 0, 0, 0, 0, 0, 0, 0, 2, 0, 0, 0, 1, 0, 0, 0, 
3, 1, 0, 0, 0, 2, 1, 2, 0, 0, 0, 0, 0, 0, 2, 0, 0, 0, 0, 0, 0, 1, 1, 1, 0, 2, 1, 4, 2, 0, 1, 1, 1, 3, 4, 3, 5, 0, 0, 0, 0, 2, 0, 1, 2, 2, 0, 2, 1, 3, 3, 0, 5, 1, 2, 0, 0, 20, 1, 3, 2, 3, 2, 3, 2, 0, 0, 0, 0, 15, 0, 0, 1, 2, 0, 4, 2, 1, 0, 0, 0, 0, 0, 0, 0, 0, 0, 0, 0, 1, 0, 0, 0, 2, 0, 0, 0, 0, 0, 0, 0, 0, 0, 0, 0, 0, 0, 0, 0, 0, 0, 0, 0, 
4, 0, 0, 0, 0, 0, 0, 0, 0, 1, 0, 1, 0, 0, 0, 1, 0, 1, 0, 1, 0, 0, 0, 0, 0, 0, 1, 0, 1, 0, 1, 1, 1, 6, 4, 2, 3, 20, 1, 2, 0, 5, 8, 5, 1, 3, 9, 4, 2, 2, 2, 1, 0, 1, 0, 2, 0, 23, 2, 1, 3, 1, 2, 1, 0, 1, 1, 0, 0, 14, 0, 1, 1, 0, 0, 1, 0, 0, 0, 0, 0, 1, 0, 0, 0, 0, 0, 0, 0, 4, 0, 0, 0, 0, 0, 0, 0, 1, 0, 0, 0, 1, 0, 0, 0, 1, 0, 0, 0, 0, 0, 0, 0, 
5, 0, 1, 2, 2, 0, 0, 0, 0, 0, 0, 0, 0, 0, 0, 0, 0, 1, 0, 0, 1, 2, 0, 1, 0, 1, 1, 0, 1, 5, 1, 0, 1, 1, 0, 0, 0, 27, 1, 2, 1, 5, 5, 3, 3, 0, 0, 0, 0, 2, 4, 4, 2, 1, 0, 7, 2, 40, 2, 1, 0, 1, 0, 0, 0, 0, 1, 1, 0, 10, 1, 2, 0, 4, 2, 3, 1, 1, 0, 0, 0, 2, 0, 0, 0, 1, 0, 0, 0, 2, 0, 0, 0, 2, 0, 0, 0, 2, 0, 0, 0, 0, 0, 0, 0, 1, 0, 0, 0, 1, 0, 0, 0, 
6, 1, 1, 2, 2, 3, 1, 1, 1, 0, 1, 0, 0, 0, 0, 0, 0, 1, 0, 0, 0, 1, 1, 1, 0, 2, 1, 1, 1, 10, 4, 2, 2, 5, 2, 0, 1, 22, 1, 0, 1, 3, 3, 1, 0, 5, 4, 1, 1, 6, 5, 0, 0, 0, 3, 2, 1, 33, 2, 2, 2, 1, 0, 0, 2, 4, 4, 3, 1, 0, 0, 0, 0, 2, 0, 2, 3, 1, 0, 0, 0, 0, 0, 0, 0, 0, 0, 0, 0, 0, 0, 0, 0, 1, 0, 0, 0, 0, 0, 0, 0, 2, 0, 0, 0, 2, 0, 0, 0, 1, 0, 0, 0, 
7, 0, 0, 0, 0, 0, 0, 0, 0, 0, 1, 1, 1, 0, 0, 0, 0, 0, 1, 0, 0, 0, 0, 1, 0, 10, 5, 1, 0, 9, 0, 5, 0, 4, 1, 10, 3, 26, 3, 3, 1, 0, 1, 2, 0, 1, 3, 2, 1, 10, 6, 4, 3, 6, 4, 4, 1, 36, 4, 0, 1, 8, 1, 1, 1, 1, 4, 5, 9, 3, 2, 1, 2, 8, 3, 0, 1, 3, 0, 0, 0, 0, 0, 0, 0, 0, 0, 0, 0, 2, 0, 0, 0, 0, 0, 0, 0, 0, 0, 0, 0, 0, 0, 0, 0, 2, 0, 0, 0, 1, 0, 0, 0, 
8, 1, 0, 2, 2, 1, 0, 0, 0, 0, 2, 0, 1, 0, 0, 0, 0, 0, 0, 1, 1, 1, 1, 0, 1, 17, 2, 1, 3, 12, 1, 2, 3, 6, 4, 4, 5, 19, 4, 0, 0, 3, 1, 1, 3, 18, 2, 3, 1, 3, 2, 2, 3, 11, 6, 2, 2, 38, 5, 0, 4, 23, 0, 4, 2, 3, 6, 3, 4, 0, 1, 0, 0, 0, 0, 0, 0, 1, 0, 0, 0, 2, 0, 0, 0, 1, 0, 0, 0, 0, 0, 0, 0, 1, 0, 0, 0, 1, 0, 0, 0, 0, 0, 0, 0, 2, 0, 0, 0, 1, 0, 0, 0, 
9, 0, 1, 2, 2, 1, 0, 0, 0, 0, 0, 1, 0, 1, 0, 0, 0, 0, 1, 1, 0, 0, 0, 0, 0, 25, 0, 2, 0, 23, 5, 2, 0, 4, 7, 0, 6, 34, 0, 1, 1, 2, 4, 0, 2, 4, 4, 1, 2, 1, 2, 1, 4, 6, 2, 2, 3, 32, 2, 2, 0, 15, 0, 3, 0, 4, 2, 1, 4, 2, 5, 3, 5, 0, 1, 0, 0, 1, 0, 0, 0, 0, 0, 0, 0, 1, 0, 0, 0, 0, 0, 0, 0, 3, 0, 0, 0, 0, 0, 0, 0, 1, 0, 0, 0, 1, 0, 0, 0, 0, 0, 0, 0, 
10, 0, 0, 0, 1, 0, 0, 1, 1, 1, 1, 4, 0, 0, 1, 0, 0, 1, 0, 0, 0, 0, 0, 0, 0, 26, 3, 1, 3, 15, 3, 0, 0, 5, 8, 9, 9, 44, 8, 0, 1, 2, 3, 2, 3, 1, 0, 2, 2, 1, 1, 1, 0, 10, 4, 4, 3, 23, 2, 1, 3, 4, 4, 2, 1, 3, 6, 2, 3, 3, 5, 1, 1, 1, 0, 0, 1, 1, 0, 0, 0, 0, 0, 0, 0, 0, 0, 0, 0, 0, 0, 0, 0, 1, 0, 0, 0, 1, 0, 0, 0, 2, 0, 0, 0, 0, 0, 0, 0, 0, 0, 0, 0, 
11, 0, 1, 0, 0, 0, 3, 1, 0, 4, 1, 0, 1, 0, 0, 0, 1, 0, 0, 1, 0, 0, 1, 0, 0, 33, 3, 3, 0, 11, 1, 1, 1, 10, 8, 5, 4, 44, 3, 0, 0, 4, 2, 3, 1, 3, 4, 2, 2, 0, 0, 0, 1, 15, 2, 2, 1, 28, 4, 0, 1, 8, 0, 0, 1, 6, 1, 4, 3, 11, 2, 1, 2, 0, 0, 0, 0, 0, 0, 0, 0, 1, 0, 0, 0, 1, 0, 0, 0, 1, 0, 0, 0, 0, 0, 0, 0, 3, 0, 0, 0, 0, 0, 0, 0, 0, 0, 0, 0, 2, 0, 0, 0, 
12, 0, 0, 1, 0, 2, 1, 2, 0, 0, 3, 0, 0, 0, 0, 0, 1, 1, 0, 0, 0, 0, 0, 0, 0, 32, 1, 2, 1, 2, 1, 3, 0, 6, 2, 3, 3, 34, 1, 0, 1, 2, 10, 5, 4, 1, 4, 1, 6, 3, 4, 3, 2, 20, 4, 6, 4, 17, 0, 1, 1, 2, 0, 3, 5, 2, 2, 4, 8, 0, 0, 1, 0, 1, 1, 3, 0, 0, 0, 0, 0, 1, 0, 0, 0, 1, 0, 0, 0, 0, 0, 0, 0, 1, 0, 0, 0, 1, 0, 0, 0, 0, 0, 0, 0, 0, 0, 0, 0, 0, 0, 0, 0, 
13, 1, 2, 2, 0, 1, 0, 1, 1, 2, 0, 0, 1, 1, 1, 0, 0, 1, 0, 1, 0, 0, 0, 0, 0, 44, 5, 1, 4, 1, 5, 5, 1, 1, 4, 4, 1, 25, 1, 0, 1, 4, 6, 6, 6, 0, 3, 2, 2, 1, 4, 0, 1, 26, 3, 2, 1, 22, 3, 0, 0, 1, 2, 1, 1, 1, 1, 2, 2, 2, 2, 2, 0, 2, 1, 0, 0, 0, 0, 0, 0, 2, 0, 0, 0, 0, 0, 0, 0, 1, 0, 0, 0, 0, 0, 0, 0, 0, 0, 0, 0, 0, 0, 0, 0, 0, 0, 0, 0, 1, 0, 0, 0, 
14, 0, 0, 0, 0, 1, 0, 0, 0, 3, 3, 0, 4, 0, 0, 0, 0, 1, 0, 0, 0, 0, 1, 1, 1, 50, 2, 1, 3, 7, 8, 2, 3, 1, 0, 1, 1, 29, 5, 1, 1, 5, 3, 2, 3, 2, 4, 1, 2, 4, 3, 3, 3, 10, 0, 1, 3, 33, 0, 0, 0, 4, 0, 5, 3, 2, 3, 0, 1, 7, 1, 2, 0, 1, 0, 0, 2, 2, 0, 0, 0, 1, 0, 0, 0, 3, 0, 0, 0, 0, 0, 0, 0, 2, 0, 0, 0, 0, 0, 0, 0, 1, 0, 0, 0, 1, 0, 0, 0, 0, 0, 0, 0, 
15, 0, 1, 0, 0, 0, 0, 0, 2, 3, 0, 0, 0, 1, 0, 0, 1, 2, 2, 0, 1, 1, 1, 0, 0, 66, 1, 3, 2, 0, 2, 1, 0, 2, 0, 0, 3, 33, 0, 1, 1, 2, 4, 4, 3, 3, 1, 1, 4, 0, 0, 1, 1, 1, 3, 3, 3, 25, 1, 2, 0, 11, 4, 5, 6, 3, 3, 0, 1, 2, 0, 1, 2, 7, 9, 0, 0, 1, 0, 0, 0, 0, 0, 0, 0, 0, 0, 0, 0, 0, 0, 0, 0, 0, 0, 0, 0, 0, 0, 0, 0, 0, 0, 0, 0, 0, 0, 0, 0, 2, 0, 0, 0, 
16, 0, 0, 0, 0, 1, 0, 1, 0, 0, 3, 1, 0, 1, 1, 0, 1, 0, 1, 1, 0, 3, 3, 0, 0, 47, 1, 1, 1, 0, 0, 2, 0, 10, 2, 0, 2, 27, 0, 0, 3, 4, 3, 1, 0, 1, 2, 1, 2, 0, 0, 2, 1, 3, 0, 4, 9, 18, 1, 2, 0, 11, 2, 3, 2, 19, 0, 0, 1, 2, 6, 6, 5, 16, 0, 0, 0, 0, 0, 0, 0, 1, 0, 0, 0, 0, 0, 0, 0, 0, 0, 0, 0, 2, 0, 0, 0, 3, 0, 0, 0, 2, 0, 0, 0, 2, 0, 0, 0, 1, 0, 0, 0, 
17, 2, 0, 1, 0, 1, 0, 1, 1, 0, 0, 0, 0, 1, 0, 0, 0, 1, 0, 1, 0, 1, 1, 1, 0, 42, 0, 3, 2, 1, 0, 0, 1, 19, 3, 0, 2, 27, 1, 1, 0, 3, 7, 2, 1, 4, 4, 3, 3, 1, 4, 0, 1, 5, 6, 3, 5, 31, 1, 2, 0, 0, 1, 1, 1, 28, 0, 1, 0, 5, 6, 6, 3, 1, 1, 0, 0, 0, 0, 0, 0, 0, 0, 0, 0, 1, 0, 0, 0, 2, 0, 0, 0, 0, 0, 0, 0, 4, 0, 0, 0, 0, 0, 0, 0, 0, 0, 0, 0, 3, 0, 0, 0, 
18, 1, 1, 1, 0, 3, 0, 0, 1, 0, 0, 1, 0, 0, 0, 1, 0, 0, 1, 0, 1, 1, 1, 2, 2, 56, 3, 1, 2, 0, 0, 0, 0, 14, 0, 0, 1, 27, 1, 0, 0, 1, 2, 1, 3, 2, 3, 4, 5, 3, 1, 1, 1, 5, 6, 5, 5, 37, 1, 3, 1, 1, 1, 1, 0, 30, 0, 0, 1, 3, 8, 6, 1, 4, 2, 6, 0, 1, 0, 0, 0, 1, 0, 0, 0, 0, 0, 0, 0, 1, 0, 0, 0, 1, 0, 0, 0, 1, 0, 0, 0, 0, 0, 0, 0, 2, 0, 0, 0, 1, 0, 0, 0, 
19, 2, 1, 1, 0, 0, 0, 0, 1, 0, 1, 0, 0, 0, 0, 1, 0, 0, 0, 0, 0, 0, 1, 1, 0, 64, 2, 2, 1, 4, 4, 6, 2, 7, 0, 1, 3, 28, 1, 1, 0, 6, 5, 6, 5, 0, 0, 0, 0, 2, 2, 2, 1, 7, 9, 6, 7, 23, 1, 0, 1, 10, 3, 0, 0, 33, 1, 2, 1, 4, 6, 3, 7, 2, 1, 0, 1, 1, 0, 0, 0, 0, 0, 0, 0, 1, 0, 0, 0, 1, 0, 0, 0, 3, 0, 0, 0, 0, 0, 0, 0, 4, 0, 0, 0, 0, 0, 0, 0, 0, 0, 0, 0, 
20, 1, 1, 3, 0, 1, 0, 0, 2, 0, 1, 0, 0, 0, 0, 0, 0, 0, 0, 2, 1, 2, 0, 0, 1, 60, 6, 2, 4, 3, 1, 3, 1, 13, 1, 0, 1, 29, 0, 0, 1, 1, 9, 6, 5, 4, 2, 4, 4, 1, 2, 2, 0, 4, 3, 4, 8, 31, 1, 2, 0, 14, 2, 0, 0, 38, 0, 0, 0, 7, 7, 6, 7, 7, 3, 0, 0, 0, 0, 0, 0, 0, 0, 0, 0, 0, 0, 0, 0, 0, 0, 0, 0, 0, 0, 0, 0, 1, 0, 0, 0, 0, 0, 0, 0, 0, 0, 0, 0, 0, 0, 0, 0, 
21, 0, 1, 0, 0, 1, 0, 2, 1, 0, 0, 0, 0, 0, 1, 0, 0, 1, 1, 2, 0, 0, 0, 0, 0, 73, 5, 1, 1, 0, 2, 1, 2, 15, 4, 2, 1, 29, 4, 2, 0, 7, 4, 6, 4, 2, 2, 5, 3, 0, 1, 0, 1, 14, 3, 2, 5, 38, 5, 0, 0, 11, 1, 1, 0, 31, 1, 0, 0, 7, 9, 3, 7, 14, 1, 3, 0, 0, 0, 0, 0, 1, 0, 0, 0, 0, 0, 0, 0, 0, 0, 0, 0, 0, 0, 0, 0, 1, 0, 0, 0, 0, 0, 0, 0, 1, 0, 0, 0, 1, 0, 0, 0, 
22, 8, 1, 3, 1, 0, 1, 1, 0, 0, 3, 0, 2, 2, 0, 0, 2, 1, 0, 0, 0, 0, 0, 0, 0, 75, 1, 1, 1, 4, 7, 6, 3, 21, 2, 2, 0, 28, 1, 0, 1, 1, 2, 5, 2, 0, 0, 0, 0, 2, 3, 2, 1, 5, 4, 3, 1, 43, 1, 0, 1, 4, 1, 0, 0, 44, 3, 1, 1, 6, 6, 6, 6, 7, 1, 2, 0, 1, 0, 0, 0, 1, 0, 0, 0, 2, 0, 0, 0, 0, 0, 0, 0, 0, 0, 0, 0, 0, 0, 0, 0, 0, 0, 0, 0, 1, 0, 0, 0, 0, 0, 0, 0, 
23, 2, 2, 2, 3, 0, 0, 0, 0, 0, 1, 0, 0, 0, 0, 0, 0, 0, 0, 0, 1, 2, 2, 1, 2, 68, 1, 0, 2, 10, 9, 6, 4, 13, 2, 0, 0, 28, 0, 0, 0, 4, 6, 2, 1, 3, 1, 1, 1, 2, 3, 2, 1, 1, 3, 5, 7, 40, 1, 3, 2, 0, 0, 0, 0, 47, 3, 0, 2, 5, 13, 4, 7, 1, 0, 0, 0, 1, 0, 0, 0, 1, 0, 0, 0, 1, 0, 0, 0, 1, 0, 0, 0, 2, 0, 0, 0, 0, 0, 0, 0, 1, 0, 0, 0, 0, 0, 0, 0, 4, 0, 0, 0, 
24, 1, 0, 0, 1, 0, 1, 2, 1, 2, 1, 0, 0, 0, 0, 0, 0, 0, 0, 1, 0, 0, 1, 1, 1, 51, 2, 2, 1, 16, 5, 9, 1, 4, 4, 2, 1, 27, 1, 0, 0, 5, 5, 5, 1, 0, 0, 2, 1, 4, 5, 7, 3, 6, 4, 3, 4, 46, 0, 1, 0, 1, 1, 1, 4, 59, 0, 0, 0, 8, 10, 8, 2, 0, 3, 2, 3, 2, 0, 0, 0, 1, 0, 0, 0, 1, 0, 0, 0, 1, 0, 0, 0, 0, 0, 0, 0, 0, 0, 0, 0, 0, 0, 0, 0, 2, 0, 0, 0, 0, 0, 0, 0, 
25, 1, 1, 1, 1, 1, 0, 0, 0, 1, 0, 1, 1, 0, 0, 0, 0, 1, 1, 3, 0, 1, 0, 0, 0, 58, 3, 4, 0, 18, 9, 4, 7, 1, 0, 0, 1, 24, 1, 2, 1, 7, 7, 3, 7, 1, 0, 1, 0, 5, 2, 3, 3, 5, 7, 1, 5, 50, 3, 1, 0, 1, 0, 1, 1, 44, 0, 1, 0, 6, 12, 10, 9, 0, 0, 0, 0, 0, 0, 0, 0, 2, 0, 0, 0, 0, 0, 0, 0, 0, 0, 0, 0, 0, 0, 0, 0, 0, 0, 0, 0, 3, 0, 0, 0, 0, 0, 0, 0, 0, 0, 0, 0, 
26, 1, 4, 0, 1, 0, 0, 0, 1, 1, 0, 0, 0, 3, 2, 0, 0, 0, 0, 0, 0, 0, 0, 1, 0, 63, 2, 1, 1, 17, 9, 7, 5, 8, 1, 5, 2, 25, 4, 2, 0, 9, 6, 3, 5, 1, 3, 1, 0, 1, 1, 1, 1, 4, 2, 2, 3, 48, 1, 2, 0, 11, 6, 1, 2, 37, 2, 0, 2, 6, 12, 14, 11, 1, 2, 0, 0, 1, 0, 0, 0, 0, 0, 0, 0, 0, 0, 0, 0, 1, 0, 0, 0, 1, 0, 0, 0, 1, 0, 0, 0, 1, 0, 0, 0, 0, 0, 0, 0, 0, 0, 0, 0, 
27, 0, 0, 1, 0, 1, 0, 0, 0, 1, 0, 1, 0, 0, 0, 0, 0, 0, 0, 1, 0, 1, 0, 0, 1, 69, 3, 1, 1, 21, 2, 5, 1, 16, 1, 2, 0, 19, 2, 0, 2, 1, 1, 5, 0, 9, 0, 0, 0, 5, 2, 7, 4, 3, 2, 5, 5, 50, 2, 0, 0, 19, 7, 2, 2, 48, 2, 3, 0, 10, 10, 8, 11, 1, 3, 2, 1, 0, 0, 0, 0, 1, 0, 0, 0, 0, 0, 0, 0, 0, 0, 0, 0, 1, 0, 0, 0, 1, 0, 0, 0, 0, 0, 0, 0, 0, 0, 0, 0, 1, 0, 0, 0, 
28, 0, 0, 0, 0, 0, 0, 1, 1, 0, 0, 0, 0, 2, 0, 2, 2, 1, 1, 0, 1, 0, 0, 0, 0, 73, 5, 5, 3, 28, 10, 8, 4, 6, 1, 0, 0, 17, 2, 3, 0, 2, 2, 2, 2, 0, 0, 0, 1, 16, 6, 3, 7, 4, 3, 5, 5, 54, 0, 1, 1, 35, 3, 1, 0, 37, 3, 0, 1, 14, 5, 5, 8, 1, 3, 2, 0, 0, 0, 0, 0, 0, 0, 0, 0, 0, 0, 0, 0, 2, 0, 0, 0, 2, 0, 0, 0, 2, 0, 0, 0, 1, 0, 0, 0, 2, 0, 0, 0, 1, 0, 0, 0, 
29, 0, 0, 0, 0, 0, 1, 1, 0, 2, 0, 1, 0, 0, 0, 2, 0, 1, 0, 1, 0, 0, 1, 0, 1, 83, 8, 6, 1, 21, 5, 5, 2, 6, 1, 0, 3, 15, 2, 0, 0, 0, 0, 0, 0, 3, 1, 2, 0, 11, 5, 6, 5, 3, 3, 5, 5, 58, 1, 1, 0, 23, 3, 1, 2, 46, 0, 0, 1, 5, 9, 5, 8, 4, 2, 3, 4, 0, 0, 0, 0, 0, 0, 0, 0, 0, 0, 0, 0, 1, 0, 0, 0, 1, 0, 0, 0, 1, 0, 0, 0, 2, 0, 0, 0, 0, 0, 0, 0, 5, 0, 0, 0, 
30, 0, 0, 0, 1, 3, 0, 5, 2, 0, 0, 1, 1, 0, 1, 0, 0, 3, 0, 1, 2, 0, 0, 0, 0, 87, 3, 0, 1, 20, 8, 4, 4, 12, 8, 3, 2, 21, 1, 0, 0, 3, 2, 1, 1, 3, 5, 1, 2, 22, 5, 3, 1, 4, 5, 2, 2, 70, 0, 1, 0, 23, 2, 2, 3, 42, 1, 2, 0, 6, 4, 6, 3, 2, 0, 0, 0, 1, 0, 0, 0, 0, 0, 0, 0, 1, 0, 0, 0, 2, 0, 0, 0, 3, 0, 0, 0, 0, 0, 0, 0, 1, 0, 0, 0, 0, 0, 0, 0, 1, 0, 0, 0, 
31, 0, 0, 0, 0, 2, 0, 1, 1, 1, 0, 1, 0, 1, 0, 1, 3, 0, 0, 1, 1, 0, 1, 0, 0, 95, 2, 1, 3, 8, 3, 2, 3, 23, 4, 1, 1, 20, 0, 1, 1, 2, 0, 2, 2, 1, 3, 3, 2, 8, 6, 1, 3, 0, 0, 1, 0, 65, 2, 0, 2, 20, 3, 2, 5, 50, 1, 1, 4, 8, 9, 11, 11, 4, 3, 3, 0, 1, 0, 0, 0, 0, 0, 0, 0, 0, 0, 0, 0, 1, 0, 0, 0, 1, 0, 0, 0, 0, 0, 0, 0, 2, 0, 0, 0, 0, 0, 0, 0, 0, 0, 0, 0, 
32, 0, 0, 0, 0, 2, 1, 1, 0, 0, 0, 0, 0, 0, 0, 0, 1, 0, 0, 0, 0, 0, 0, 1, 1, 100, 0, 0, 0, 7, 1, 2, 0, 10, 1, 3, 1, 19, 0, 0, 0, 0, 0, 4, 0, 1, 0, 2, 1, 5, 5, 6, 7, 5, 3, 2, 0, 71, 3, 2, 2, 36, 7, 3, 3, 53, 2, 1, 0, 5, 8, 13, 5, 4, 1, 3, 2, 0, 0, 0, 0, 0, 0, 0, 0, 2, 0, 0, 0, 0, 0, 0, 0, 0, 0, 0, 0, 0, 0, 0, 0, 0, 0, 0, 0, 1, 0, 0, 0, 2, 0, 0, 0, 
33, 1, 0, 1, 2, 1, 0, 0, 1, 0, 0, 0, 0, 0, 0, 0, 0, 1, 1, 1, 0, 0, 0, 0, 0, 100, 3, 2, 1, 21, 2, 0, 0, 13, 1, 0, 1, 13, 1, 0, 0, 1, 0, 1, 5, 1, 0, 2, 1, 6, 6, 4, 2, 2, 0, 0, 0, 72, 1, 0, 1, 32, 3, 0, 1, 58, 0, 1, 2, 4, 7, 3, 3, 4, 0, 3, 0, 0, 0, 0, 0, 1, 0, 0, 0, 0, 0, 0, 0, 3, 0, 0, 0, 1, 0, 0, 0, 2, 0, 0, 0, 1, 0, 0, 0, 2, 0, 0, 0, 0, 0, 0, 0, 
34, 1, 0, 1, 1, 0, 0, 0, 0, 0, 0, 0, 0, 0, 0, 0, 1, 1, 0, 0, 1, 0, 1, 0, 0, 100, 4, 2, 0, 19, 1, 1, 2, 11, 0, 0, 1, 13, 2, 1, 1, 1, 3, 0, 0, 11, 2, 5, 1, 0, 2, 3, 1, 6, 0, 0, 0, 69, 1, 0, 1, 29, 3, 0, 0, 52, 2, 0, 0, 1, 0, 0, 1, 2, 2, 0, 2, 0, 0, 0, 0, 0, 0, 0, 0, 1, 0, 0, 0, 0, 0, 0, 0, 2, 0, 0, 0, 1, 0, 0, 0, 0, 0, 0, 0, 2, 0, 0, 0, 0, 0, 0, 0, 
35, 0, 0, 0, 0, 2, 0, 0, 2, 0, 0, 1, 0, 0, 1, 0, 1, 0, 0, 1, 0, 1, 0, 0, 0, 100, 0, 0, 4, 30, 3, 1, 0, 10, 4, 1, 3, 10, 1, 1, 0, 4, 3, 2, 0, 8, 3, 3, 1, 7, 12, 10, 6, 7, 0, 0, 1, 70, 6, 2, 2, 34, 4, 1, 0, 50, 2, 0, 2, 12, 2, 3, 0, 12, 1, 0, 1, 1, 0, 0, 0, 2, 0, 0, 0, 1, 0, 0, 0, 0, 0, 0, 0, 1, 0, 0, 0, 1, 0, 0, 0, 0, 0, 0, 0, 0, 0, 0, 0, 0, 0, 0, 0, 
36, 1, 1, 0, 0, 0, 0, 0, 0, 1, 0, 1, 0, 0, 1, 1, 0, 1, 1, 1, 0, 2, 1, 0, 0, 100, 2, 0, 5, 29, 3, 2, 1, 12, 0, 1, 1, 1, 1, 2, 1, 2, 1, 2, 0, 3, 0, 0, 1, 6, 14, 12, 4, 8, 0, 0, 1, 84, 1, 1, 1, 24, 1, 2, 2, 51, 0, 0, 0, 7, 2, 1, 0, 0, 1, 4, 0, 3, 0, 0, 0, 3, 0, 0, 0, 1, 0, 0, 0, 1, 0, 0, 0, 1, 0, 0, 0, 1, 0, 0, 0, 0, 0, 0, 0, 1, 0, 0, 0, 0, 0, 0, 0, 
37, 0, 1, 3, 0, 0, 0, 0, 0, 1, 0, 0, 1, 0, 0, 0, 0, 0, 1, 0, 2, 0, 1, 0, 0, 100, 2, 4, 1, 34, 1, 0, 2, 1, 2, 2, 1, 3, 1, 4, 2, 1, 2, 4, 2, 0, 0, 2, 1, 5, 6, 11, 6, 15, 0, 1, 1, 93, 2, 0, 1, 23, 4, 0, 3, 42, 3, 2, 0, 1, 0, 1, 0, 1, 1, 0, 2, 0, 0, 0, 0, 1, 0, 0, 0, 1, 0, 0, 0, 0, 0, 0, 0, 2, 0, 0, 0, 0, 0, 0, 0, 0, 0, 0, 0, 1, 0, 0, 0, 0, 0, 0, 0, 
38, 0, 0, 0, 0, 0, 0, 0, 0, 1, 0, 0, 0, 1, 0, 1, 2, 0, 0, 0, 0, 0, 0, 0, 1, 100, 8, 3, 0, 24, 0, 0, 1, 0, 0, 1, 4, 3, 2, 3, 1, 2, 1, 0, 5, 0, 0, 0, 0, 8, 5, 4, 7, 12, 0, 0, 0, 89, 3, 0, 0, 23, 5, 3, 0, 55, 2, 1, 0, 0, 0, 2, 0, 3, 4, 5, 2, 1, 0, 0, 0, 2, 0, 0, 0, 0, 0, 0, 0, 0, 0, 0, 0, 0, 0, 0, 0, 0, 0, 0, 0, 0, 0, 0, 0, 2, 0, 0, 0, 6, 0, 0, 0, 
39, 1, 0, 0, 0, 0, 0, 0, 0, 0, 0, 0, 1, 1, 1, 0, 0, 0, 0, 0, 0, 0, 0, 0, 0, 100, 0, 1, 2, 16, 2, 3, 0, 0, 0, 0, 0, 2, 1, 1, 1, 1, 2, 3, 2, 12, 2, 1, 4, 7, 4, 9, 11, 1, 0, 2, 0, 100, 3, 0, 2, 31, 2, 0, 5, 52, 1, 0, 3, 3, 4, 2, 2, 0, 2, 0, 2, 1, 0, 0, 0, 1, 0, 0, 0, 0, 0, 0, 0, 0, 0, 0, 0, 1, 0, 0, 0, 2, 0, 0, 0, 0, 0, 0, 0, 0, 0, 0, 0, 2, 0, 0, 0, 
40, 0, 1, 0, 0, 3, 0, 0, 0, 0, 0, 0, 1, 0, 0, 0, 0, 2, 0, 0, 0, 0, 0, 2, 3, 100, 3, 4, 2, 0, 0, 3, 1, 3, 2, 0, 0, 2, 5, 1, 6, 3, 2, 3, 3, 12, 5, 0, 2, 16, 5, 4, 13, 0, 1, 1, 1, 100, 1, 0, 0, 43, 1, 2, 3, 42, 1, 1, 0, 0, 1, 2, 3, 2, 0, 2, 0, 0, 0, 0, 0, 1, 0, 0, 0, 0, 0, 0, 0, 3, 0, 0, 0, 0, 0, 0, 0, 0, 0, 0, 0, 2, 0, 0, 0, 0, 0, 0, 0, 0, 0, 0, 0, 
41, 0, 1, 0, 1, 1, 0, 1, 0, 0, 0, 1, 1, 3, 0, 0, 0, 0, 0, 1, 0, 0, 0, 0, 0, 100, 1, 0, 1, 0, 0, 0, 0, 0, 2, 2, 1, 3, 6, 4, 4, 7, 1, 1, 1, 19, 4, 2, 2, 17, 12, 12, 5, 2, 4, 4, 6, 100, 3, 0, 1, 42, 0, 0, 2, 55, 4, 2, 3, 1, 3, 0, 1, 1, 1, 2, 2, 0, 0, 0, 0, 0, 0, 0, 0, 0, 0, 0, 0, 1, 0, 0, 0, 0, 0, 0, 0, 0, 0, 0, 0, 0, 0, 0, 0, 1, 0, 0, 0, 0, 0, 0, 0, 
42, 1, 2, 0, 0, 1, 1, 0, 1, 0, 0, 0, 0, 0, 1, 0, 1, 1, 0, 1, 2, 1, 0, 0, 1, 100, 1, 3, 2, 4, 6, 1, 3, 1, 1, 0, 0, 9, 6, 1, 3, 2, 0, 0, 2, 35, 1, 2, 2, 10, 13, 14, 8, 19, 3, 4, 4, 100, 2, 0, 1, 36, 2, 3, 0, 59, 1, 1, 1, 5, 10, 4, 6, 2, 1, 3, 6, 2, 0, 0, 0, 0, 0, 0, 0, 0, 0, 0, 0, 0, 0, 0, 0, 1, 0, 0, 0, 2, 0, 0, 0, 0, 0, 0, 0, 1, 0, 0, 0, 0, 0, 0, 0, 
43, 1, 1, 0, 0, 2, 0, 0, 1, 0, 0, 1, 0, 1, 2, 0, 0, 1, 0, 1, 0, 0, 0, 0, 0, 100, 0, 3, 1, 9, 5, 5, 5, 1, 1, 0, 0, 1, 1, 2, 1, 6, 0, 3, 0, 36, 2, 3, 2, 9, 6, 10, 5, 25, 3, 2, 1, 100, 2, 0, 0, 23, 2, 2, 1, 60, 1, 1, 0, 6, 5, 5, 7, 4, 6, 6, 2, 2, 0, 0, 0, 0, 0, 0, 0, 1, 0, 0, 0, 0, 0, 0, 0, 3, 0, 0, 0, 0, 0, 0, 0, 1, 0, 0, 0, 1, 0, 0, 0, 2, 0, 0, 0, 
44, 2, 3, 1, 1, 0, 2, 0, 1, 0, 1, 1, 0, 0, 1, 0, 0, 0, 1, 0, 0, 1, 0, 1, 0, 98, 1, 2, 1, 7, 3, 1, 3, 1, 0, 2, 1, 3, 4, 0, 5, 6, 0, 2, 1, 30, 6, 1, 1, 8, 6, 6, 6, 18, 1, 2, 0, 100, 1, 4, 0, 18, 3, 2, 1, 61, 1, 0, 0, 12, 9, 1, 5, 14, 5, 5, 3, 4, 0, 0, 0, 0, 0, 0, 0, 0, 0, 0, 0, 1, 0, 0, 0, 0, 0, 0, 0, 0, 0, 0, 0, 0, 0, 0, 0, 3, 0, 0, 0, 0, 0, 0, 0, 
45, 2, 0, 0, 1, 1, 1, 0, 0, 0, 0, 2, 3, 1, 1, 2, 1, 0, 1, 0, 0, 0, 0, 0, 0, 100, 2, 0, 2, 1, 3, 3, 0, 7, 3, 0, 1, 4, 2, 2, 4, 1, 1, 0, 0, 36, 1, 2, 0, 7, 7, 4, 4, 12, 1, 1, 4, 100, 2, 1, 0, 6, 4, 3, 3, 58, 2, 2, 0, 18, 6, 11, 5, 14, 4, 2, 2, 1, 0, 0, 0, 1, 0, 0, 0, 0, 0, 0, 0, 0, 0, 0, 0, 0, 0, 0, 0, 2, 0, 0, 0, 1, 0, 0, 0, 1, 0, 0, 0, 1, 0, 0, 0, 
46, 0, 0, 1, 0, 0, 0, 0, 2, 1, 0, 0, 1, 0, 1, 1, 0, 0, 0, 0, 0, 1, 0, 0, 0, 100, 5, 2, 0, 1, 0, 0, 0, 3, 3, 4, 3, 4, 5, 8, 4, 0, 1, 0, 0, 40, 1, 1, 0, 26, 2, 4, 3, 14, 2, 2, 5, 100, 1, 2, 1, 0, 0, 0, 1, 42, 1, 3, 1, 31, 4, 4, 7, 12, 5, 1, 3, 1, 0, 0, 0, 2, 0, 0, 0, 3, 0, 0, 0, 1, 0, 0, 0, 0, 0, 0, 0, 1, 0, 0, 0, 3, 0, 0, 0, 1, 0, 0, 0, 0, 0, 0, 0, 
47, 0, 1, 0, 2, 1, 0, 0, 1, 1, 0, 0, 0, 1, 1, 4, 0, 0, 0, 0, 0, 0, 0, 2, 2, 100, 0, 2, 1, 0, 1, 0, 1, 2, 1, 4, 0, 3, 11, 5, 6, 1, 0, 1, 1, 40, 3, 0, 0, 12, 6, 4, 2, 7, 3, 3, 4, 100, 1, 1, 0, 2, 0, 2, 1, 27, 2, 0, 1, 45, 7, 7, 6, 21, 6, 4, 2, 1, 0, 0, 0, 0, 0, 0, 0, 2, 0, 0, 0, 0, 0, 0, 0, 3, 0, 0, 0, 0, 0, 0, 0, 3, 0, 0, 0, 0, 0, 0, 0, 0, 0, 0, 0, 
48, 2, 0, 1, 4, 1, 0, 3, 0, 0, 0, 0, 0, 1, 1, 0, 2, 1, 0, 0, 0, 0, 0, 0, 0, 99, 2, 0, 0, 5, 0, 2, 1, 3, 3, 0, 0, 10, 11, 10, 6, 4, 1, 0, 4, 50, 6, 1, 0, 14, 2, 3, 6, 7, 2, 4, 7, 100, 1, 1, 0, 4, 5, 2, 1, 24, 2, 3, 0, 58, 10, 5, 2, 19, 3, 3, 2, 1, 0, 0, 0, 0, 0, 0, 0, 1, 0, 0, 0, 4, 0, 0, 0, 0, 0, 0, 0, 2, 0, 0, 0, 0, 0, 0, 0, 1, 0, 0, 0, 0, 0, 0, 0, 
49, 0, 0, 0, 1, 13, 0, 1, 0, 1, 0, 0, 0, 0, 1, 2, 0, 0, 0, 0, 0, 0, 1, 0, 1, 96, 2, 0, 1, 10, 3, 4, 0, 2, 2, 0, 1, 14, 3, 5, 6, 0, 2, 2, 1, 53, 6, 0, 1, 4, 9, 1, 3, 7, 4, 3, 3, 100, 4, 0, 3, 1, 0, 0, 1, 25, 1, 1, 2, 51, 7, 13, 4, 16, 4, 5, 2, 5, 0, 0, 0, 1, 0, 0, 0, 0, 0, 0, 0, 0, 0, 0, 0, 0, 0, 0, 0, 2, 0, 0, 0, 0, 0, 0, 0, 2, 0, 0, 0, 0, 0, 0, 0, 
50, 0, 1, 0, 1, 0, 0, 1, 0, 1, 0, 0, 0, 1, 2, 0, 0, 2, 0, 0, 0, 1, 0, 0, 1, 96, 0, 4, 2, 11, 5, 1, 2, 4, 2, 2, 0, 8, 5, 7, 6, 3, 2, 4, 0, 55, 2, 0, 3, 6, 5, 3, 7, 9, 3, 11, 7, 100, 2, 1, 3, 0, 0, 0, 0, 23, 0, 2, 3, 48, 5, 11, 2, 5, 0, 2, 2, 2, 0, 0, 0, 0, 0, 0, 0, 0, 0, 0, 0, 2, 0, 0, 0, 1, 0, 0, 0, 0, 0, 0, 0, 0, 0, 0, 0, 0, 0, 0, 0, 1, 0, 0, 0, 
51, 1, 1, 0, 0, 2, 0, 0, 0, 0, 0, 0, 0, 0, 0, 0, 1, 0, 4, 0, 0, 0, 0, 1, 0, 100, 0, 0, 1, 4, 2, 2, 1, 10, 4, 0, 3, 3, 5, 3, 6, 1, 6, 3, 3, 54, 5, 2, 0, 5, 3, 4, 3, 11, 5, 5, 8, 100, 0, 2, 1, 0, 0, 0, 3, 22, 3, 0, 3, 47, 7, 7, 5, 1, 2, 1, 5, 0, 0, 0, 0, 0, 0, 0, 0, 0, 0, 0, 0, 0, 0, 0, 0, 0, 0, 0, 0, 0, 0, 0, 0, 1, 0, 0, 0, 0, 0, 0, 0, 2, 0, 0, 0, 
52, 1, 0, 3, 0, 2, 0, 0, 0, 0, 0, 0, 1, 0, 1, 0, 0, 0, 0, 0, 2, 0, 0, 0, 1, 93, 3, 1, 1, 1, 1, 2, 0, 2, 1, 0, 2, 8, 1, 3, 4, 3, 3, 1, 1, 61, 1, 3, 1, 3, 5, 2, 1, 6, 7, 4, 3, 100, 0, 0, 3, 3, 1, 1, 1, 21, 0, 1, 0, 59, 11, 4, 5, 1, 2, 1, 3, 1, 0, 0, 0, 0, 0, 0, 0, 0, 0, 0, 0, 2, 0, 0, 0, 1, 0, 0, 0, 0, 0, 0, 0, 0, 0, 0, 0, 2, 0, 0, 0, 1, 0, 0, 0, 
53, 2, 0, 0, 0, 1, 1, 2, 0, 0, 1, 0, 0, 0, 0, 2, 1, 0, 0, 0, 0, 0, 0, 1, 0, 92, 2, 1, 0, 0, 0, 2, 3, 3, 1, 3, 1, 16, 1, 4, 3, 2, 1, 3, 3, 66, 1, 0, 2, 6, 3, 6, 3, 6, 7, 7, 6, 100, 0, 1, 2, 3, 2, 0, 5, 15, 0, 1, 1, 56, 6, 5, 5, 3, 7, 6, 4, 1, 0, 0, 0, 1, 0, 0, 0, 1, 0, 0, 0, 0, 0, 0, 0, 0, 0, 0, 0, 0, 0, 0, 0, 1, 0, 0, 0, 2, 0, 0, 0, 1, 0, 0, 0, 
54, 0, 0, 0, 0, 0, 1, 0, 0, 0, 1, 0, 2, 0, 1, 3, 2, 0, 1, 1, 1, 0, 1, 0, 1, 82, 3, 1, 1, 4, 5, 0, 3, 7, 5, 0, 1, 24, 4, 4, 5, 0, 4, 1, 3, 53, 3, 1, 0, 7, 8, 3, 4, 4, 9, 6, 8, 100, 0, 2, 2, 2, 4, 1, 2, 27, 3, 0, 0, 50, 9, 2, 4, 3, 5, 5, 1, 0, 0, 0, 0, 0, 0, 0, 0, 0, 0, 0, 0, 0, 0, 0, 0, 0, 0, 0, 0, 0, 0, 0, 0, 1, 0, 0, 0, 0, 0, 0, 0, 2, 0, 0, 0, 
55, 0, 0, 0, 1, 0, 0, 0, 1, 1, 0, 0, 0, 0, 1, 0, 0, 0, 0, 0, 0, 1, 3, 1, 0, 82, 0, 1, 5, 11, 3, 2, 2, 0, 0, 0, 1, 27, 7, 5, 3, 0, 0, 1, 1, 45, 4, 1, 0, 8, 7, 2, 4, 3, 5, 6, 9, 100, 0, 2, 0, 9, 4, 10, 3, 30, 3, 1, 0, 51, 11, 6, 3, 3, 2, 4, 0, 1, 0, 0, 0, 0, 0, 0, 0, 1, 0, 0, 0, 0, 0, 0, 0, 1, 0, 0, 0, 1, 0, 0, 0, 1, 0, 0, 0, 1, 0, 0, 0, 0, 0, 0, 0, 
56, 0, 0, 0, 1, 0, 1, 0, 0, 0, 0, 1, 1, 3, 0, 0, 0, 0, 0, 1, 0, 0, 0, 0, 0, 76, 2, 1, 2, 0, 2, 6, 3, 1, 0, 0, 3, 26, 7, 5, 2, 3, 1, 0, 2, 55, 2, 2, 3, 10, 7, 4, 1, 11, 7, 9, 13, 100, 0, 1, 1, 15, 3, 4, 9, 35, 4, 1, 2, 58, 10, 6, 8, 1, 1, 1, 1, 0, 0, 0, 0, 0, 0, 0, 0, 0, 0, 0, 0, 1, 0, 0, 0, 0, 0, 0, 0, 1, 0, 0, 0, 3, 0, 0, 0, 0, 0, 0, 0, 1, 0, 0, 0, 
57, 2, 0, 0, 0, 2, 3, 0, 0, 1, 1, 1, 1, 0, 0, 1, 1, 0, 0, 0, 0, 0, 0, 0, 0, 84, 5, 1, 2, 9, 3, 2, 2, 1, 0, 2, 1, 31, 5, 7, 4, 7, 0, 1, 0, 60, 2, 2, 3, 16, 6, 4, 4, 3, 6, 4, 4, 100, 1, 0, 0, 13, 6, 7, 2, 13, 1, 1, 0, 75, 7, 8, 5, 3, 5, 2, 3, 0, 0, 0, 0, 3, 0, 0, 0, 1, 0, 0, 0, 1, 0, 0, 0, 0, 0, 0, 0, 3, 0, 0, 0, 0, 0, 0, 0, 0, 0, 0, 0, 3, 0, 0, 0, 
58, 0, 0, 0, 1, 1, 0, 1, 1, 0, 0, 1, 1, 2, 2, 2, 1, 0, 0, 0, 0, 0, 0, 0, 0, 88, 0, 0, 3, 7, 12, 13, 3, 3, 3, 4, 1, 22, 13, 6, 4, 2, 0, 3, 1, 64, 2, 1, 1, 29, 5, 5, 5, 6, 4, 5, 4, 100, 1, 1, 1, 4, 8, 2, 2, 7, 2, 1, 0, 75, 3, 5, 3, 4, 3, 0, 1, 0, 0, 0, 0, 1, 0, 0, 0, 2, 0, 0, 0, 0, 0, 0, 0, 2, 0, 0, 0, 0, 0, 0, 0, 0, 0, 0, 0, 0, 0, 0, 0, 0, 0, 0, 0, 
59, 0, 0, 0, 1, 0, 0, 0, 1, 1, 0, 0, 0, 0, 0, 0, 0, 1, 0, 0, 1, 0, 0, 0, 0, 98, 1, 3, 1, 3, 10, 9, 10, 1, 3, 1, 2, 33, 5, 7, 3, 2, 8, 1, 3, 54, 1, 2, 3, 38, 3, 6, 2, 8, 9, 10, 5, 100, 2, 1, 2, 7, 7, 4, 4, 1, 4, 1, 1, 66, 6, 5, 6, 1, 3, 2, 2, 0, 0, 0, 0, 1, 0, 0, 0, 1, 0, 0, 0, 0, 0, 0, 0, 1, 0, 0, 0, 0, 0, 0, 0, 2, 0, 0, 0, 2, 0, 0, 0, 0, 0, 0, 0, 
60, 1, 0, 0, 0, 1, 2, 1, 2, 1, 0, 0, 0, 2, 2, 1, 2, 0, 0, 2, 0, 0, 1, 0, 1, 96, 6, 1, 0, 6, 6, 6, 10, 12, 0, 0, 0, 35, 5, 4, 3, 6, 6, 5, 5, 57, 1, 1, 3, 45, 8, 5, 1, 3, 1, 4, 2, 100, 4, 2, 2, 5, 3, 4, 3, 1, 3, 3, 1, 71, 6, 5, 6, 2, 1, 1, 1, 0, 0, 0, 0, 0, 0, 0, 0, 0, 0, 0, 0, 0, 0, 0, 0, 0, 0, 0, 0, 0, 0, 0, 0, 0, 0, 0, 0, 1, 0, 0, 0, 1, 0, 0, 0, 
61, 0, 0, 0, 0, 0, 1, 1, 0, 0, 0, 1, 0, 0, 0, 0, 1, 0, 0, 0, 0, 0, 0, 2, 2, 97, 2, 0, 1, 4, 6, 1, 5, 7, 1, 0, 0, 27, 9, 4, 2, 4, 3, 11, 6, 61, 7, 5, 1, 49, 3, 3, 8, 2, 2, 0, 1, 100, 2, 1, 0, 5, 3, 0, 5, 3, 5, 3, 5, 85, 8, 2, 5, 5, 1, 4, 3, 2, 0, 0, 0, 2, 0, 0, 0, 0, 0, 0, 0, 0, 0, 0, 0, 1, 0, 0, 0, 1, 0, 0, 0, 0, 0, 0, 0, 1, 0, 0, 0, 0, 0, 0, 0, 
62, 0, 0, 0, 0, 1, 1, 0, 0, 0, 0, 0, 0, 1, 0, 0, 0, 0, 0, 0, 0, 2, 1, 1, 0, 89, 2, 0, 0, 7, 4, 6, 4, 4, 0, 0, 1, 44, 2, 7, 2, 24, 1, 3, 6, 53, 0, 1, 2, 43, 4, 7, 0, 8, 5, 6, 1, 100, 2, 1, 1, 3, 5, 5, 2, 2, 2, 6, 3, 77, 7, 4, 4, 1, 4, 2, 2, 3, 0, 0, 0, 0, 0, 0, 0, 2, 0, 0, 0, 0, 0, 0, 0, 1, 0, 0, 0, 1, 0, 0, 0, 0, 0, 0, 0, 2, 0, 0, 0, 2, 0, 0, 0, 
63, 1, 0, 0, 0, 1, 0, 0, 0, 0, 0, 0, 0, 0, 0, 0, 0, 0, 2, 2, 0, 0, 0, 0, 0, 94, 5, 3, 1, 4, 10, 6, 6, 10, 0, 2, 1, 35, 8, 7, 2, 5, 10, 11, 4, 37, 2, 0, 0, 54, 1, 6, 3, 6, 5, 5, 3, 100, 1, 1, 1, 7, 0, 5, 0, 3, 2, 2, 0, 85, 4, 4, 3, 0, 1, 0, 0, 0, 0, 0, 0, 1, 0, 0, 0, 0, 0, 0, 0, 1, 0, 0, 0, 1, 0, 0, 0, 1, 0, 0, 0, 0, 0, 0, 0, 0, 0, 0, 0, 0, 0, 0, 0, 
64, 0, 1, 0, 0, 0, 1, 1, 0, 0, 0, 0, 0, 3, 0, 0, 0, 0, 0, 1, 0, 0, 0, 0, 0, 100, 5, 6, 1, 7, 3, 5, 4, 17, 3, 0, 0, 35, 4, 5, 1, 7, 9, 5, 3, 32, 1, 1, 2, 58, 3, 5, 3, 8, 2, 5, 5, 100, 1, 1, 1, 0, 1, 1, 1, 0, 0, 1, 0, 94, 8, 8, 3, 10, 4, 2, 0, 1, 0, 0, 0, 1, 0, 0, 0, 0, 0, 0, 0, 1, 0, 0, 0, 1, 0, 0, 0, 1, 0, 0, 0, 1, 0, 0, 0, 0, 0, 0, 0, 1, 0, 0, 0, 
65, 0, 0, 1, 1, 2, 0, 0, 1, 0, 0, 0, 0, 0, 0, 0, 0, 0, 0, 0, 0, 0, 1, 1, 0, 100, 3, 2, 1, 12, 6, 10, 8, 11, 0, 2, 0, 33, 4, 4, 2, 3, 4, 7, 4, 35, 4, 3, 2, 58, 5, 6, 2, 3, 4, 1, 1, 100, 2, 0, 2, 2, 0, 3, 3, 5, 3, 2, 2, 100, 10, 4, 3, 10, 5, 3, 4, 2, 0, 0, 0, 0, 0, 0, 0, 2, 0, 0, 0, 1, 0, 0, 0, 0, 0, 0, 0, 0, 0, 0, 0, 0, 0, 0, 0, 1, 0, 0, 0, 0, 0, 0, 0, 
66, 0, 0, 2, 0, 0, 0, 0, 0, 0, 1, 0, 0, 0, 0, 1, 0, 2, 2, 2, 0, 0, 0, 0, 0, 100, 3, 3, 4, 20, 7, 6, 6, 21, 2, 1, 0, 23, 2, 9, 5, 8, 8, 5, 6, 46, 1, 0, 0, 58, 4, 3, 7, 2, 1, 1, 1, 100, 2, 2, 0, 3, 0, 0, 2, 1, 0, 2, 0, 97, 13, 4, 4, 2, 2, 1, 0, 1, 0, 0, 0, 2, 0, 0, 0, 0, 0, 0, 0, 1, 0, 0, 0, 0, 0, 0, 0, 0, 0, 0, 0, 0, 0, 0, 0, 0, 0, 0, 0, 1, 0, 0, 0, 
67, 0, 1, 0, 2, 1, 0, 0, 1, 1, 0, 1, 0, 2, 1, 1, 0, 0, 0, 0, 0, 0, 0, 1, 1, 100, 3, 3, 0, 11, 8, 8, 7, 30, 0, 0, 0, 19, 9, 3, 5, 13, 6, 4, 0, 29, 1, 2, 4, 56, 8, 5, 2, 7, 2, 0, 1, 100, 2, 0, 1, 0, 0, 0, 0, 2, 4, 4, 2, 100, 8, 3, 4, 0, 2, 3, 2, 1, 0, 0, 0, 0, 0, 0, 0, 0, 0, 0, 0, 0, 0, 0, 0, 1, 0, 0, 0, 0, 0, 0, 0, 1, 0, 0, 0, 0, 0, 0, 0, 1, 0, 0, 0, 
68, 0, 0, 1, 0, 1, 0, 0, 0, 0, 0, 0, 0, 1, 0, 0, 0, 0, 1, 3, 0, 0, 1, 0, 0, 100, 6, 2, 2, 16, 6, 4, 6, 25, 1, 0, 1, 34, 14, 6, 2, 5, 5, 3, 3, 25, 1, 1, 1, 53, 3, 3, 2, 5, 0, 0, 0, 100, 1, 0, 0, 6, 5, 0, 0, 18, 3, 3, 2, 100, 4, 3, 5, 5, 3, 3, 5, 0, 0, 0, 0, 2, 0, 0, 0, 1, 0, 0, 0, 0, 0, 0, 0, 3, 0, 0, 0, 1, 0, 0, 0, 1, 0, 0, 0, 1, 0, 0, 0, 2, 0, 0, 0, 
69, 0, 1, 2, 1, 0, 0, 0, 0, 0, 0, 0, 0, 0, 0, 0, 0, 0, 1, 1, 0, 0, 0, 0, 1, 100, 0, 0, 2, 10, 13, 7, 10, 34, 1, 1, 1, 38, 9, 2, 6, 10, 4, 7, 4, 10, 0, 1, 0, 50, 3, 5, 1, 2, 0, 0, 0, 100, 7, 5, 4, 2, 0, 4, 1, 22, 10, 7, 0, 100, 9, 5, 4, 8, 4, 5, 3, 0, 0, 0, 0, 2, 0, 0, 0, 1, 0, 0, 0, 2, 0, 0, 0, 1, 0, 0, 0, 0, 0, 0, 0, 1, 0, 0, 0, 1, 0, 0, 0, 0, 0, 0, 0, 
70, 1, 2, 3, 0, 0, 0, 0, 0, 2, 1, 0, 0, 0, 0, 0, 1, 2, 2, 0, 2, 0, 0, 0, 0, 96, 3, 0, 2, 15, 3, 8, 3, 41, 1, 0, 1, 52, 2, 8, 1, 3, 6, 6, 5, 2, 1, 3, 1, 28, 2, 6, 1, 1, 6, 1, 0, 100, 1, 1, 1, 2, 2, 1, 2, 28, 3, 2, 6, 100, 8, 2, 8, 8, 2, 6, 2, 1, 0, 0, 0, 2, 0, 0, 0, 0, 0, 0, 0, 1, 0, 0, 0, 0, 0, 0, 0, 0, 0, 0, 0, 0, 0, 0, 0, 1, 0, 0, 0, 0, 0, 0, 0, 
71, 1, 1, 1, 0, 0, 0, 1, 0, 0, 2, 0, 1, 1, 2, 0, 0, 1, 0, 1, 0, 3, 1, 1, 0, 84, 2, 2, 1, 11, 9, 8, 9, 37, 1, 0, 0, 51, 11, 5, 5, 5, 4, 0, 5, 4, 1, 2, 7, 25, 3, 3, 3, 9, 2, 2, 1, 100, 3, 3, 0, 4, 1, 1, 0, 35, 5, 2, 5, 100, 9, 4, 4, 2, 2, 1, 3, 1, 0, 0, 0, 0, 0, 0, 0, 1, 0, 0, 0, 0, 0, 0, 0, 1, 0, 0, 0, 0, 0, 0, 0, 1, 0, 0, 0, 2, 0, 0, 0, 0, 0, 0, 0, 
72, 1, 1, 0, 3, 2, 0, 0, 1, 0, 0, 1, 0, 0, 1, 0, 0, 1, 0, 0, 0, 1, 2, 0, 1, 70, 2, 1, 0, 12, 4, 5, 5, 25, 3, 1, 0, 54, 7, 5, 5, 2, 0, 0, 0, 0, 0, 1, 0, 15, 2, 2, 5, 27, 2, 3, 1, 100, 0, 0, 0, 1, 2, 0, 3, 43, 7, 7, 1, 100, 5, 4, 5, 6, 3, 2, 1, 2, 0, 0, 0, 0, 0, 0, 0, 1, 0, 0, 0, 0, 0, 0, 0, 0, 0, 0, 0, 2, 0, 0, 0, 1, 0, 0, 0, 1, 0, 0, 0, 2, 0, 0, 0, 
73, 2, 0, 2, 2, 2, 1, 0, 1, 0, 0, 0, 0, 0, 0, 0, 0, 0, 0, 0, 0, 0, 1, 0, 0, 68, 0, 2, 2, 5, 9, 5, 14, 7, 1, 0, 0, 59, 4, 3, 3, 11, 3, 3, 1, 3, 2, 1, 1, 19, 1, 3, 1, 16, 5, 2, 0, 100, 0, 1, 1, 12, 2, 2, 0, 33, 3, 3, 5, 100, 3, 5, 8, 7, 7, 5, 5, 2, 0, 0, 0, 1, 0, 0, 0, 1, 0, 0, 0, 2, 0, 0, 0, 0, 0, 0, 0, 3, 0, 0, 0, 1, 0, 0, 0, 0, 0, 0, 0, 1, 0, 0, 0, 
74, 1, 0, 0, 0, 0, 0, 1, 0, 0, 0, 0, 1, 0, 0, 0, 0, 0, 0, 0, 0, 1, 0, 2, 0, 61, 0, 2, 0, 18, 7, 7, 9, 11, 0, 0, 0, 59, 3, 5, 6, 15, 4, 1, 2, 0, 0, 0, 0, 19, 9, 5, 0, 21, 0, 2, 3, 100, 0, 2, 3, 26, 1, 1, 1, 21, 5, 6, 3, 100, 5, 9, 2, 6, 4, 4, 3, 0, 0, 0, 0, 1, 0, 0, 0, 0, 0, 0, 0, 0, 0, 0, 0, 3, 0, 0, 0, 0, 0, 0, 0, 1, 0, 0, 0, 4, 0, 0, 0, 2, 0, 0, 0, 
75, 1, 0, 1, 0, 0, 2, 2, 0, 0, 0, 1, 0, 1, 0, 1, 0, 0, 0, 0, 1, 1, 1, 0, 1, 54, 6, 2, 2, 17, 8, 11, 8, 15, 2, 0, 1, 62, 4, 4, 1, 0, 0, 1, 0, 1, 0, 1, 0, 20, 3, 2, 3, 17, 2, 0, 2, 100, 0, 0, 3, 38, 2, 0, 0, 14, 2, 1, 4, 100, 8, 2, 6, 7, 1, 1, 3, 0, 0, 0, 0, 0, 0, 0, 0, 0, 0, 0, 0, 0, 0, 0, 0, 2, 0, 0, 0, 1, 0, 0, 0, 0, 0, 0, 0, 1, 0, 0, 0, 0, 0, 0, 0, 
76, 0, 3, 2, 3, 0, 0, 0, 0, 0, 0, 0, 0, 1, 0, 1, 0, 1, 0, 2, 0, 0, 0, 1, 0, 60, 5, 3, 1, 14, 8, 8, 4, 7, 1, 0, 1, 54, 2, 3, 1, 1, 2, 1, 3, 1, 0, 1, 1, 7, 5, 2, 4, 26, 2, 1, 2, 100, 2, 0, 1, 47, 0, 0, 0, 7, 4, 2, 4, 100, 9, 5, 4, 1, 2, 0, 1, 0, 0, 0, 0, 3, 0, 0, 0, 1, 0, 0, 0, 2, 0, 0, 0, 0, 0, 0, 0, 3, 0, 0, 0, 0, 0, 0, 0, 2, 0, 0, 0, 1, 0, 0, 0, 
77, 1, 0, 0, 0, 0, 0, 0, 0, 1, 1, 0, 0, 0, 0, 0, 0, 1, 1, 0, 1, 1, 0, 0, 0, 65, 5, 3, 0, 12, 5, 7, 8, 18, 2, 0, 2, 50, 3, 4, 1, 3, 2, 1, 3, 0, 1, 0, 2, 13, 4, 4, 3, 23, 4, 0, 2, 100, 7, 1, 0, 53, 10, 1, 1, 5, 2, 4, 6, 100, 5, 6, 4, 2, 0, 0, 0, 0, 0, 0, 0, 1, 0, 0, 0, 1, 0, 0, 0, 0, 0, 0, 0, 0, 0, 0, 0, 0, 0, 0, 0, 0, 0, 0, 0, 2, 0, 0, 0, 2, 0, 0, 0, 
78, 0, 2, 0, 1, 0, 0, 0, 0, 0, 0, 0, 0, 0, 0, 1, 0, 0, 1, 0, 0, 0, 0, 0, 0, 57, 4, 2, 1, 10, 8, 6, 7, 38, 0, 0, 0, 51, 9, 3, 4, 3, 1, 3, 2, 1, 1, 1, 3, 25, 8, 2, 3, 15, 3, 1, 0, 100, 2, 1, 1, 61, 2, 1, 0, 2, 0, 0, 1, 100, 7, 3, 4, 0, 0, 3, 2, 3, 0, 0, 0, 0, 0, 0, 0, 1, 0, 0, 0, 0, 0, 0, 0, 2, 0, 0, 0, 0, 0, 0, 0, 2, 0, 0, 0, 2, 0, 0, 0, 0, 0, 0, 0, 
79, 2, 0, 0, 0, 0, 0, 0, 0, 1, 0, 0, 0, 0, 0, 0, 0, 2, 0, 0, 1, 0, 0, 1, 0, 63, 2, 3, 0, 3, 8, 5, 6, 36, 1, 0, 2, 55, 7, 5, 2, 2, 1, 0, 3, 1, 3, 3, 4, 28, 4, 1, 5, 25, 8, 3, 1, 100, 1, 0, 1, 51, 4, 3, 0, 1, 4, 4, 0, 100, 5, 4, 5, 0, 0, 1, 3, 0, 0, 0, 0, 0, 0, 0, 0, 0, 0, 0, 0, 0, 0, 0, 0, 1, 0, 0, 0, 2, 0, 0, 0, 3, 0, 0, 0, 1, 0, 0, 0, 0, 0, 0, 0, 
80, 0, 1, 1, 1, 0, 0, 0, 0, 0, 0, 0, 1, 1, 0, 0, 0, 0, 0, 0, 0, 0, 0, 0, 0, 76, 5, 2, 1, 5, 10, 5, 6, 26, 3, 1, 0, 52, 5, 3, 2, 1, 3, 4, 0, 6, 0, 1, 0, 20, 5, 1, 1, 48, 2, 4, 4, 100, 4, 1, 1, 64, 2, 0, 0, 0, 4, 4, 1, 100, 5, 2, 5, 0, 2, 2, 3, 1, 0, 0, 0, 0, 0, 0, 0, 1, 0, 0, 0, 1, 0, 0, 0, 2, 0, 0, 0, 1, 0, 0, 0, 0, 0, 0, 0, 0, 0, 0, 0, 0, 0, 0, 0, 
81, 8, 2, 0, 0, 0, 1, 4, 0, 1, 0, 1, 0, 1, 0, 0, 0, 0, 1, 1, 1, 0, 0, 0, 0, 94, 3, 1, 0, 3, 10, 7, 4, 16, 1, 0, 0, 50, 8, 4, 7, 0, 0, 0, 0, 0, 0, 0, 1, 25, 5, 3, 1, 69, 2, 4, 0, 100, 2, 1, 4, 71, 0, 1, 0, 2, 1, 3, 3, 100, 2, 3, 5, 0, 3, 2, 2, 0, 0, 0, 0, 1, 0, 0, 0, 0, 0, 0, 0, 0, 0, 0, 0, 1, 0, 0, 0, 0, 0, 0, 0, 2, 0, 0, 0, 1, 0, 0, 0, 0, 0, 0, 0, 
82, 0, 1, 0, 0, 0, 0, 0, 0, 0, 0, 0, 0, 0, 0, 0, 0, 2, 0, 1, 0, 0, 0, 0, 0, 100, 6, 3, 2, 6, 5, 8, 7, 9, 1, 0, 0, 71, 5, 4, 5, 4, 5, 2, 3, 1, 1, 0, 1, 17, 13, 7, 4, 70, 1, 4, 1, 100, 1, 0, 0, 73, 0, 2, 0, 2, 3, 2, 0, 100, 6, 2, 2, 13, 2, 2, 3, 1, 0, 0, 0, 1, 0, 0, 0, 2, 0, 0, 0, 0, 0, 0, 0, 1, 0, 0, 0, 2, 0, 0, 0, 2, 0, 0, 0, 0, 0, 0, 0, 1, 0, 0, 0, 
83, 1, 1, 1, 3, 2, 0, 0, 1, 0, 0, 1, 0, 1, 1, 2, 0, 1, 0, 0, 0, 1, 1, 0, 0, 100, 3, 2, 1, 14, 6, 7, 4, 9, 3, 0, 1, 56, 3, 4, 4, 5, 6, 4, 4, 2, 3, 4, 4, 32, 6, 3, 5, 69, 3, 3, 2, 100, 4, 1, 1, 59, 0, 1, 2, 15, 1, 0, 1, 100, 3, 3, 4, 24, 6, 2, 2, 1, 0, 0, 0, 0, 0, 0, 0, 1, 0, 0, 0, 2, 0, 0, 0, 1, 0, 0, 0, 1, 0, 0, 0, 0, 0, 0, 0, 0, 0, 0, 0, 0, 0, 0, 0, 
84, 3, 0, 0, 1, 1, 1, 3, 1, 0, 1, 0, 0, 0, 0, 1, 0, 0, 1, 0, 0, 0, 1, 0, 0, 100, 2, 3, 1, 7, 14, 12, 8, 17, 0, 0, 0, 43, 4, 3, 1, 12, 9, 13, 1, 1, 2, 3, 2, 31, 3, 5, 7, 84, 6, 2, 1, 100, 3, 4, 2, 70, 0, 0, 0, 17, 1, 0, 0, 85, 3, 3, 2, 16, 1, 1, 2, 0, 0, 0, 0, 1, 0, 0, 0, 1, 0, 0, 0, 0, 0, 0, 0, 0, 0, 0, 0, 1, 0, 0, 0, 1, 0, 0, 0, 0, 0, 0, 0, 1, 0, 0, 0, 
85, 0, 0, 0, 0, 0, 0, 0, 0, 0, 0, 0, 0, 0, 0, 2, 0, 2, 0, 0, 0, 2, 0, 0, 0, 100, 6, 1, 3, 6, 14, 3, 9, 5, 0, 1, 0, 50, 9, 4, 1, 9, 12, 6, 6, 2, 6, 0, 1, 53, 2, 8, 5, 76, 3, 3, 2, 100, 1, 3, 1, 62, 1, 0, 0, 3, 3, 0, 0, 75, 6, 7, 3, 27, 8, 2, 3, 2, 0, 0, 0, 1, 0, 0, 0, 0, 0, 0, 0, 0, 0, 0, 0, 0, 0, 0, 0, 0, 0, 0, 0, 0, 0, 0, 0, 1, 0, 0, 0, 1, 0, 0, 0, 
86, 0, 0, 0, 0, 0, 1, 0, 0, 1, 0, 0, 0, 0, 0, 0, 0, 0, 0, 0, 0, 1, 0, 1, 0, 100, 0, 2, 1, 6, 8, 9, 7, 1, 1, 1, 0, 40, 1, 0, 3, 17, 9, 10, 4, 6, 1, 1, 0, 50, 2, 4, 5, 82, 3, 6, 2, 100, 3, 2, 1, 57, 3, 1, 0, 0, 0, 1, 0, 78, 1, 8, 2, 37, 5, 2, 1, 0, 0, 0, 0, 0, 0, 0, 0, 0, 0, 0, 0, 0, 0, 0, 0, 0, 0, 0, 0, 0, 0, 0, 0, 1, 0, 0, 0, 1, 0, 0, 0, 0, 0, 0, 0, 
87, 1, 2, 0, 0, 1, 0, 1, 0, 0, 0, 3, 2, 0, 0, 1, 0, 0, 0, 0, 0, 0, 1, 0, 0, 100, 2, 3, 2, 12, 6, 6, 7, 1, 3, 1, 1, 56, 9, 6, 3, 9, 6, 11, 11, 4, 9, 1, 5, 55, 1, 2, 2, 82, 2, 3, 1, 100, 2, 2, 2, 55, 3, 0, 2, 1, 0, 0, 0, 76, 5, 5, 6, 31, 2, 0, 1, 0, 0, 0, 0, 0, 0, 0, 0, 0, 0, 0, 0, 0, 0, 0, 0, 0, 0, 0, 0, 0, 0, 0, 0, 1, 0, 0, 0, 1, 0, 0, 0, 0, 0, 0, 0, 
88, 0, 0, 0, 0, 0, 0, 0, 0, 0, 1, 1, 0, 1, 1, 0, 0, 1, 1, 1, 0, 0, 0, 0, 1, 100, 2, 1, 0, 12, 8, 11, 3, 11, 4, 1, 1, 61, 6, 10, 3, 7, 6, 2, 7, 4, 4, 2, 2, 57, 6, 6, 2, 72, 5, 0, 1, 100, 1, 1, 1, 52, 2, 0, 0, 1, 7, 4, 0, 95, 7, 6, 3, 20, 1, 4, 3, 0, 0, 0, 0, 2, 0, 0, 0, 2, 0, 0, 0, 2, 0, 0, 0, 0, 0, 0, 0, 0, 0, 0, 0, 0, 0, 0, 0, 3, 0, 0, 0, 0, 0, 0, 0, 
89, 0, 0, 1, 0, 6, 1, 1, 0, 0, 1, 0, 1, 0, 0, 0, 0, 0, 2, 1, 0, 0, 3, 0, 0, 100, 0, 1, 3, 20, 8, 7, 4, 1, 0, 0, 0, 57, 5, 12, 4, 5, 6, 5, 4, 1, 1, 0, 0, 58, 3, 6, 6, 72, 2, 1, 3, 100, 2, 0, 0, 52, 0, 1, 0, 12, 7, 2, 1, 94, 4, 5, 6, 28, 0, 4, 3, 0, 0, 0, 0, 2, 0, 0, 0, 1, 0, 0, 0, 1, 0, 0, 0, 0, 0, 0, 0, 1, 0, 0, 0, 0, 0, 0, 0, 0, 0, 0, 0, 1, 0, 0, 0, 
90, 3, 0, 0, 1, 0, 0, 0, 0, 0, 2, 4, 2, 2, 3, 1, 0, 0, 0, 0, 0, 0, 0, 0, 1, 100, 2, 1, 0, 25, 7, 5, 7, 1, 0, 2, 0, 68, 1, 5, 3, 10, 0, 3, 1, 0, 0, 3, 1, 54, 4, 3, 1, 78, 2, 2, 0, 100, 0, 2, 3, 60, 0, 1, 0, 17, 2, 1, 8, 96, 1, 5, 5, 11, 4, 2, 4, 0, 0, 0, 0, 1, 0, 0, 0, 0, 0, 0, 0, 1, 0, 0, 0, 0, 0, 0, 0, 2, 0, 0, 0, 1, 0, 0, 0, 0, 0, 0, 0, 2, 0, 0, 0, 
91, 2, 1, 0, 0, 2, 0, 0, 0, 0, 0, 0, 1, 1, 3, 0, 1, 0, 1, 1, 0, 1, 3, 0, 2, 100, 2, 2, 4, 29, 6, 3, 7, 0, 0, 1, 1, 56, 7, 4, 2, 2, 3, 4, 7, 6, 4, 2, 3, 58, 6, 2, 3, 84, 2, 3, 2, 100, 4, 2, 0, 53, 1, 2, 0, 13, 4, 5, 3, 88, 11, 8, 5, 19, 2, 1, 1, 1, 0, 0, 0, 1, 0, 0, 0, 0, 0, 0, 0, 0, 0, 0, 0, 0, 0, 0, 0, 0, 0, 0, 0, 0, 0, 0, 0, 1, 0, 0, 0, 1, 0, 0, 0, 
92, 0, 0, 0, 0, 1, 1, 0, 0, 0, 0, 1, 0, 0, 0, 0, 1, 0, 0, 0, 0, 0, 1, 0, 2, 100, 6, 0, 1, 22, 11, 6, 4, 2, 5, 8, 8, 61, 8, 1, 7, 7, 1, 0, 5, 0, 0, 1, 0, 56, 4, 4, 3, 90, 2, 1, 1, 100, 2, 1, 0, 35, 0, 0, 0, 11, 11, 5, 3, 100, 3, 6, 3, 3, 5, 5, 3, 1, 0, 0, 0, 0, 0, 0, 0, 2, 0, 0, 0, 1, 0, 0, 0, 2, 0, 0, 0, 3, 0, 0, 0, 2, 0, 0, 0, 0, 0, 0, 0, 0, 0, 0, 0, 
93, 1, 0, 0, 0, 3, 0, 2, 0, 0, 0, 0, 0, 1, 1, 0, 0, 0, 0, 2, 0, 1, 0, 0, 0, 100, 1, 1, 2, 25, 8, 8, 4, 4, 4, 5, 9, 71, 3, 5, 6, 5, 5, 1, 2, 9, 2, 3, 1, 40, 4, 3, 4, 76, 4, 3, 5, 100, 1, 2, 0, 24, 5, 2, 1, 19, 7, 6, 4, 100, 6, 5, 5, 0, 0, 1, 0, 0, 0, 0, 0, 0, 0, 0, 0, 1, 0, 0, 0, 1, 0, 0, 0, 0, 0, 0, 0, 1, 0, 0, 0, 1, 0, 0, 0, 0, 0, 0, 0, 2, 0, 0, 0, 
94, 1, 0, 0, 1, 0, 0, 0, 0, 1, 1, 0, 0, 0, 0, 1, 0, 0, 0, 0, 0, 0, 0, 0, 1, 100, 1, 3, 4, 22, 4, 4, 8, 5, 5, 2, 3, 68, 10, 2, 7, 8, 6, 0, 1, 10, 5, 4, 0, 40, 5, 6, 2, 72, 3, 1, 0, 100, 0, 3, 0, 4, 1, 1, 0, 27, 2, 1, 6, 93, 10, 7, 2, 1, 0, 2, 1, 1, 0, 0, 0, 1, 0, 0, 0, 0, 0, 0, 0, 0, 0, 0, 0, 0, 0, 0, 0, 4, 0, 0, 0, 0, 0, 0, 0, 0, 0, 0, 0, 1, 0, 0, 0, 
95, 0, 0, 1, 0, 0, 0, 1, 1, 1, 1, 1, 0, 1, 0, 0, 0, 0, 0, 0, 2, 1, 2, 0, 2, 100, 1, 4, 1, 17, 4, 9, 7, 5, 0, 6, 1, 70, 5, 6, 3, 11, 1, 0, 1, 20, 4, 0, 4, 51, 4, 5, 3, 67, 0, 2, 0, 100, 2, 3, 1, 11, 2, 1, 0, 22, 9, 1, 2, 89, 9, 4, 6, 0, 0, 0, 1, 0, 0, 0, 0, 1, 0, 0, 0, 0, 0, 0, 0, 0, 0, 0, 0, 0, 0, 0, 0, 2, 0, 0, 0, 1, 0, 0, 0, 1, 0, 0, 0, 0, 0, 0, 0, 
96, 2, 0, 0, 1, 0, 1, 0, 0, 2, 0, 1, 1, 0, 0, 1, 0, 0, 1, 0, 0, 0, 0, 1, 0, 100, 1, 4, 4, 16, 7, 4, 2, 0, 2, 1, 0, 73, 3, 5, 8, 12, 1, 0, 0, 25, 3, 3, 1, 59, 0, 5, 4, 58, 1, 1, 3, 100, 3, 1, 1, 1, 1, 1, 1, 30, 7, 6, 6, 89, 7, 3, 3, 1, 1, 2, 1, 0, 0, 0, 0, 0, 0, 0, 0, 0, 0, 0, 0, 2, 0, 0, 0, 0, 0, 0, 0, 0, 0, 0, 0, 2, 0, 0, 0, 1, 0, 0, 0, 1, 0, 0, 0, 
97, 2, 1, 0, 0, 0, 0, 0, 1, 0, 0, 0, 2, 0, 1, 0, 0, 3, 0, 0, 0, 0, 0, 0, 1, 100, 0, 2, 4, 9, 4, 4, 6, 2, 1, 0, 1, 81, 7, 4, 4, 17, 1, 1, 2, 15, 0, 1, 2, 58, 5, 2, 3, 59, 3, 4, 3, 100, 0, 1, 1, 14, 0, 1, 1, 34, 5, 10, 6, 77, 5, 6, 3, 0, 1, 0, 1, 0, 0, 0, 0, 0, 0, 0, 0, 1, 0, 0, 0, 0, 0, 0, 0, 1, 0, 0, 0, 1, 0, 0, 0, 1, 0, 0, 0, 1, 0, 0, 0, 4, 0, 0, 0, 
98, 0, 0, 1, 0, 0, 0, 2, 2, 1, 1, 1, 0, 0, 1, 0, 0, 1, 0, 0, 2, 0, 0, 0, 0, 100, 4, 2, 2, 1, 4, 3, 3, 1, 0, 0, 1, 92, 8, 5, 2, 13, 3, 1, 2, 22, 0, 0, 2, 57, 8, 3, 1, 78, 1, 2, 1, 100, 1, 2, 3, 25, 0, 0, 0, 39, 0, 11, 6, 85, 8, 6, 3, 1, 4, 3, 2, 1, 0, 0, 0, 0, 0, 0, 0, 3, 0, 0, 0, 1, 0, 0, 0, 2, 0, 0, 0, 0, 0, 0, 0, 1, 0, 0, 0, 0, 0, 0, 0, 1, 0, 0, 0, 
99, 0, 0, 0, 0, 1, 0, 0, 0, 0, 0, 0, 0, 1, 0, 2, 1, 0, 0, 1, 0, 1, 1, 0, 1, 100, 2, 2, 3, 9, 3, 3, 2, 1, 1, 0, 0, 78, 3, 5, 1, 29, 5, 4, 0, 15, 1, 0, 3, 56, 4, 6, 6, 70, 12, 2, 3, 100, 3, 3, 1, 16, 6, 1, 1, 53, 6, 4, 0, 86, 6, 5, 3, 6, 2, 2, 2, 2, 0, 0, 0, 0, 0, 0, 0, 0, 0, 0, 0, 0, 0, 0, 0, 1, 0, 0, 0, 0, 0, 0, 0, 1, 0, 0, 0, 2, 0, 0, 0, 0, 0, 0, 0, 