0, 1, 0, 0, 1, 1, 0, 0, 0, 0, 0, 0, 1, 0, 0, 1, 0, 0, 0, 0, 0, 0, 0, 0, 0, 2, 2, 0, 1, 6, 3, 1, 0, 0, 0, 0, 1, 0, 1, 1, 1, 0, 2, 2, 0, 2, 3, 5, 3, 0, 0, 1, 0, 0, 0, 2, 0, 3, 4, 0, 0, 0, 1, 0, 0, 2, 1, 1, 0, 1, 6, 3, 3, 4, 0, 2, 0, 2, 0, 0, 0, 0, 0, 0, 0, 0, 0, 0, 0, 1, 0, 0, 0, 0, 0, 0, 0, 0, 0, 0, 0, 0, 0, 0, 0, 0, 0, 0, 0, 1, 0, 0, 0, 
1, 2, 2, 1, 1, 0, 0, 0, 0, 1, 0, 0, 0, 0, 0, 0, 0, 0, 0, 1, 0, 0, 1, 0, 0, 3, 0, 1, 0, 14, 1, 1, 5, 1, 0, 0, 1, 0, 0, 1, 1, 0, 0, 0, 2, 3, 2, 4, 2, 0, 1, 1, 4, 5, 0, 0, 1, 1, 5, 4, 4, 6, 1, 3, 2, 2, 2, 1, 1, 8, 1, 2, 0, 2, 1, 0, 1, 1, 0, 0, 0, 1, 0, 0, 0, 0, 0, 0, 0, 1, 0, 0, 0, 0, 0, 0, 0, 0, 0, 0, 0, 2, 0, 0, 0, 1, 0, 0, 0, 1, 0, 0, 0, 
2, 0, 0, 2, 0, 0, 0, 1, 0, 0, 0, 0, 0, 0, 1, 0, 0, 0, 1, 0, 0, 0, 0, 1, 0, 2, 3, 2, 3, 9, 0, 2, 1, 0, 0, 1, 0, 2, 1, 0, 0, 2, 1, 1, 1, 1, 2, 1, 2, 0, 1, 2, 0, 0, 1, 1, 0, 4, 5, 7, 1, 3, 3, 5, 3, 4, 3, 1, 0, 10, 0, 2, 1, 1, 0, 1, 2, 0, 0, 0, 0, 0, 0, 0, 0, 1, 0, 0, 0, 0, 0, 0, 0, 2, 0, 0, 0, 2, 0, 0, 0, 1, 0, 0, 0, 0, 0, 0, 0, 0, 0, 0, 0, 
3, 1, 2, 0, 1, 5, 1, 0, 2, 0, 0, 0, 0, 0, 0, 0, 0, 0, 0, 0, 0, 0, 0, 1, 1, 1, 1, 0, 0, 2, 2, 0, 3, 0, 0, 0, 1, 2, 1, 2, 0, 5, 0, 1, 1, 0, 0, 0, 1, 4, 2, 1, 0, 1, 1, 1, 2, 7, 3, 8, 6, 4, 6, 2, 4, 0, 0, 1, 0, 30, 1, 1, 1, 1, 4, 3, 2, 2, 0, 0, 0, 0, 0, 0, 0, 0, 0, 0, 0, 1, 0, 0, 0, 0, 0, 0, 0, 3, 0, 0, 0, 0, 0, 0, 0, 1, 0, 0, 0, 2, 0, 0, 0, 
4, 0, 0, 0, 1, 1, 0, 0, 1, 0, 0, 0, 0, 0, 0, 0, 0, 0, 0, 0, 0, 0, 0, 0, 0, 1, 0, 1, 2, 8, 5, 3, 1, 0, 1, 4, 0, 0, 2, 1, 1, 2, 1, 1, 0, 3, 6, 2, 3, 2, 0, 0, 0, 1, 1, 0, 3, 1, 3, 2, 2, 2, 1, 1, 6, 3, 3, 3, 3, 31, 0, 0, 0, 1, 1, 1, 0, 0, 0, 0, 0, 2, 0, 0, 0, 0, 0, 0, 0, 3, 0, 0, 0, 1, 0, 0, 0, 2, 0, 0, 0, 0, 0, 0, 0, 0, 0, 0, 0, 2, 0, 0, 0, 
5, 1, 1, 7, 2, 2, 1, 0, 1, 0, 2, 1, 1, 0, 0, 1, 0, 1, 0, 0, 0, 1, 1, 0, 1, 15, 0, 0, 1, 1, 3, 4, 1, 6, 1, 2, 0, 3, 0, 1, 1, 10, 0, 2, 3, 0, 1, 3, 1, 0, 0, 0, 0, 0, 0, 2, 0, 4, 3, 1, 1, 5, 3, 3, 0, 1, 3, 0, 0, 34, 1, 3, 1, 0, 0, 0, 0, 1, 0, 0, 0, 0, 0, 0, 0, 0, 0, 0, 0, 0, 0, 0, 0, 0, 0, 0, 0, 1, 0, 0, 0, 0, 0, 0, 0, 1, 0, 0, 0, 0, 0, 0, 0, 
6, 2, 0, 0, 0, 1, 0, 0, 0, 0, 0, 0, 1, 1, 0, 0, 1, 0, 0, 0, 0, 1, 0, 1, 1, 0, 0, 0, 0, 3, 2, 4, 2, 6, 4, 3, 3, 2, 2, 0, 0, 0, 1, 1, 2, 3, 3, 2, 4, 0, 2, 1, 0, 4, 0, 2, 2, 6, 1, 2, 5, 3, 2, 2, 1, 2, 4, 4, 2, 31, 1, 0, 1, 4, 3, 3, 2, 3, 0, 0, 0, 0, 0, 0, 0, 1, 0, 0, 0, 2, 0, 0, 0, 0, 0, 0, 0, 0, 0, 0, 0, 0, 0, 0, 0, 1, 0, 0, 0, 1, 0, 0, 0, 
7, 0, 1, 0, 0, 0, 0, 1, 0, 0, 0, 0, 0, 0, 0, 0, 0, 2, 1, 0, 0, 0, 0, 1, 0, 6, 5, 4, 3, 2, 2, 1, 0, 3, 4, 5, 2, 0, 0, 1, 0, 4, 1, 0, 0, 3, 2, 1, 2, 0, 1, 0, 0, 4, 5, 1, 0, 1, 4, 2, 1, 3, 4, 1, 1, 3, 4, 2, 0, 45, 4, 2, 1, 3, 3, 2, 3, 0, 0, 0, 0, 0, 0, 0, 0, 3, 0, 0, 0, 1, 0, 0, 0, 0, 0, 0, 0, 1, 0, 0, 0, 0, 0, 0, 0, 1, 0, 0, 0, 1, 0, 0, 0, 
8, 1, 3, 1, 2, 1, 0, 1, 0, 0, 2, 0, 0, 0, 1, 0, 0, 0, 0, 1, 0, 1, 0, 0, 0, 8, 5, 2, 0, 1, 1, 1, 4, 1, 2, 2, 4, 2, 4, 3, 2, 1, 1, 0, 1, 0, 0, 0, 0, 1, 0, 0, 0, 6, 3, 1, 2, 3, 4, 2, 4, 3, 7, 4, 5, 2, 4, 2, 2, 45, 0, 2, 0, 3, 7, 4, 4, 0, 0, 0, 0, 0, 0, 0, 0, 1, 0, 0, 0, 1, 0, 0, 0, 0, 0, 0, 0, 0, 0, 0, 0, 1, 0, 0, 0, 1, 0, 0, 0, 3, 0, 0, 0, 
9, 1, 0, 0, 0, 0, 0, 0, 0, 0, 0, 0, 1, 1, 0, 1, 1, 0, 0, 0, 1, 2, 3, 0, 1, 31, 4, 0, 0, 2, 3, 0, 0, 2, 3, 0, 1, 3, 2, 4, 2, 1, 2, 1, 2, 1, 2, 0, 0, 2, 1, 2, 5, 2, 3, 1, 1, 9, 6, 4, 9, 5, 4, 2, 1, 5, 3, 3, 5, 43, 1, 4, 0, 18, 0, 2, 4, 0, 0, 0, 0, 1, 0, 0, 0, 2, 0, 0, 0, 0, 0, 0, 0, 0, 0, 0, 0, 1, 0, 0, 0, 3, 0, 0, 0, 1, 0, 0, 0, 1, 0, 0, 0, 
10, 1, 0, 0, 1, 0, 0, 2, 1, 0, 1, 1, 0, 2, 0, 0, 0, 0, 0, 2, 2, 0, 0, 2, 2, 33, 2, 3, 0, 2, 1, 3, 1, 1, 0, 0, 0, 3, 3, 6, 0, 0, 0, 1, 0, 7, 0, 0, 1, 1, 1, 0, 0, 1, 0, 0, 1, 14, 7, 10, 5, 1, 1, 1, 1, 0, 0, 1, 2, 52, 0, 1, 1, 21, 4, 6, 2, 0, 0, 0, 0, 1, 0, 0, 0, 0, 0, 0, 0, 1, 0, 0, 0, 0, 0, 0, 0, 1, 0, 0, 0, 0, 0, 0, 0, 0, 0, 0, 0, 0, 0, 0, 0, 
11, 0, 0, 0, 0, 0, 0, 1, 0, 0, 1, 1, 0, 2, 0, 0, 0, 2, 0, 0, 0, 0, 3, 0, 2, 33, 3, 1, 2, 0, 2, 1, 1, 3, 0, 2, 2, 4, 4, 5, 1, 13, 0, 3, 3, 2, 2, 0, 0, 4, 1, 1, 1, 6, 1, 2, 4, 6, 3, 6, 7, 1, 0, 3, 0, 12, 2, 0, 1, 35, 2, 3, 0, 19, 1, 1, 1, 0, 0, 0, 0, 1, 0, 0, 0, 1, 0, 0, 0, 0, 0, 0, 0, 0, 0, 0, 0, 0, 0, 0, 0, 1, 0, 0, 0, 0, 0, 0, 0, 1, 0, 0, 0, 
12, 0, 0, 0, 0, 0, 0, 0, 0, 3, 0, 1, 1, 0, 0, 0, 0, 0, 1, 0, 0, 0, 0, 0, 0, 17, 1, 1, 1, 0, 1, 0, 1, 1, 2, 1, 0, 9, 3, 5, 4, 4, 5, 1, 2, 0, 1, 3, 0, 1, 5, 1, 3, 4, 2, 4, 5, 7, 5, 2, 6, 3, 5, 4, 1, 13, 3, 0, 2, 41, 1, 1, 1, 1, 1, 4, 0, 3, 0, 0, 0, 0, 0, 0, 0, 0, 0, 0, 0, 1, 0, 0, 0, 1, 0, 0, 0, 1, 0, 0, 0, 0, 0, 0, 0, 1, 0, 0, 0, 0, 0, 0, 0, 
13, 4, 2, 1, 0, 0, 0, 0, 0, 0, 0, 2, 0, 0, 0, 0, 0, 1, 2, 0, 0, 0, 1, 3, 1, 11, 5, 4, 0, 2, 1, 1, 1, 6, 1, 1, 1, 6, 6, 7, 10, 20, 1, 1, 0, 1, 0, 1, 0, 0, 0, 0, 1, 8, 0, 7, 4, 7, 6, 4, 2, 3, 1, 2, 3, 19, 3, 2, 0, 27, 0, 1, 1, 4, 5, 5, 2, 2, 0, 0, 0, 0, 0, 0, 0, 0, 0, 0, 0, 0, 0, 0, 0, 2, 0, 0, 0, 1, 0, 0, 0, 3, 0, 0, 0, 3, 0, 0, 0, 0, 0, 0, 0, 
14, 0, 1, 0, 0, 1, 0, 0, 0, 0, 0, 0, 0, 0, 0, 0, 0, 0, 1, 0, 1, 0, 0, 0, 0, 4, 1, 1, 1, 0, 0, 0, 1, 5, 3, 5, 3, 5, 14, 10, 4, 22, 1, 3, 0, 1, 0, 0, 0, 5, 4, 1, 2, 1, 0, 2, 0, 7, 2, 3, 7, 1, 1, 4, 1, 21, 1, 0, 1, 22, 1, 4, 0, 6, 4, 5, 1, 2, 0, 0, 0, 0, 0, 0, 0, 1, 0, 0, 0, 0, 0, 0, 0, 0, 0, 0, 0, 3, 0, 0, 0, 1, 0, 0, 0, 3, 0, 0, 0, 0, 0, 0, 0, 
15, 0, 1, 0, 1, 0, 0, 0, 1, 0, 0, 0, 1, 2, 0, 1, 0, 0, 0, 0, 0, 0, 0, 0, 0, 14, 0, 1, 1, 5, 2, 4, 3, 10, 0, 1, 2, 8, 8, 10, 9, 33, 3, 1, 0, 1, 2, 4, 4, 5, 3, 3, 1, 1, 2, 3, 0, 9, 5, 6, 5, 5, 5, 3, 2, 5, 1, 2, 2, 8, 3, 4, 1, 5, 5, 4, 3, 0, 0, 0, 0, 2, 0, 0, 0, 2, 0, 0, 0, 2, 0, 0, 0, 0, 0, 0, 0, 2, 0, 0, 0, 1, 0, 0, 0, 0, 0, 0, 0, 0, 0, 0, 0, 
16, 0, 0, 0, 0, 1, 0, 0, 0, 2, 0, 1, 1, 1, 2, 1, 3, 0, 0, 0, 0, 2, 1, 0, 0, 18, 2, 1, 0, 2, 5, 1, 3, 1, 3, 6, 4, 15, 8, 16, 9, 29, 0, 1, 0, 3, 5, 4, 4, 9, 9, 4, 5, 5, 1, 2, 0, 14, 13, 14, 6, 1, 0, 3, 1, 3, 1, 1, 2, 8, 3, 1, 3, 1, 0, 0, 2, 0, 0, 0, 0, 2, 0, 0, 0, 2, 0, 0, 0, 0, 0, 0, 0, 2, 0, 0, 0, 2, 0, 0, 0, 0, 0, 0, 0, 1, 0, 0, 0, 2, 0, 0, 0, 
17, 0, 0, 0, 1, 0, 0, 0, 0, 0, 0, 0, 0, 1, 0, 0, 0, 0, 1, 1, 1, 0, 0, 0, 0, 22, 1, 0, 6, 3, 8, 9, 6, 3, 4, 2, 2, 23, 11, 4, 6, 36, 0, 0, 1, 4, 4, 2, 2, 15, 9, 2, 2, 7, 6, 2, 0, 23, 6, 10, 6, 0, 0, 0, 1, 1, 1, 4, 0, 34, 5, 2, 3, 2, 7, 6, 2, 1, 0, 0, 0, 0, 0, 0, 0, 0, 0, 0, 0, 1, 0, 0, 0, 1, 0, 0, 0, 1, 0, 0, 0, 1, 0, 0, 0, 1, 0, 0, 0, 1, 0, 0, 0, 
18, 1, 1, 0, 0, 0, 4, 1, 2, 0, 0, 0, 1, 0, 0, 0, 0, 0, 0, 0, 0, 3, 1, 0, 0, 38, 0, 0, 1, 6, 4, 6, 2, 7, 5, 3, 1, 23, 12, 13, 5, 29, 5, 1, 1, 11, 7, 6, 5, 6, 5, 8, 2, 7, 1, 2, 0, 21, 9, 8, 7, 0, 0, 0, 1, 0, 0, 1, 0, 33, 0, 3, 1, 3, 2, 1, 2, 0, 0, 0, 0, 1, 0, 0, 0, 0, 0, 0, 0, 0, 0, 0, 0, 1, 0, 0, 0, 0, 0, 0, 0, 0, 0, 0, 0, 0, 0, 0, 0, 2, 0, 0, 0, 
19, 0, 0, 0, 0, 1, 4, 3, 0, 0, 0, 0, 0, 1, 2, 1, 1, 0, 0, 0, 0, 0, 1, 0, 0, 27, 2, 3, 1, 3, 4, 2, 4, 8, 4, 1, 2, 22, 16, 15, 4, 30, 1, 0, 1, 8, 4, 7, 3, 1, 5, 2, 4, 23, 3, 2, 0, 19, 10, 8, 2, 4, 1, 1, 1, 2, 4, 0, 0, 19, 1, 2, 1, 17, 4, 2, 5, 2, 0, 0, 0, 1, 0, 0, 0, 0, 0, 0, 0, 1, 0, 0, 0, 0, 0, 0, 0, 2, 0, 0, 0, 1, 0, 0, 0, 0, 0, 0, 0, 0, 0, 0, 0, 
20, 0, 0, 1, 0, 0, 0, 0, 0, 2, 0, 0, 0, 0, 1, 0, 0, 0, 0, 0, 1, 0, 0, 0, 0, 18, 4, 1, 1, 1, 0, 1, 0, 4, 4, 4, 5, 25, 12, 8, 9, 13, 0, 2, 0, 13, 7, 5, 4, 2, 0, 3, 3, 43, 8, 3, 2, 30, 10, 7, 2, 0, 1, 1, 3, 0, 0, 1, 0, 15, 0, 2, 5, 38, 7, 5, 3, 0, 0, 0, 0, 1, 0, 0, 0, 0, 0, 0, 0, 1, 0, 0, 0, 0, 0, 0, 0, 1, 0, 0, 0, 0, 0, 0, 0, 0, 0, 0, 0, 1, 0, 0, 0, 
21, 4, 0, 1, 0, 0, 4, 3, 1, 0, 0, 0, 0, 0, 1, 0, 0, 0, 0, 0, 0, 0, 1, 0, 2, 22, 4, 3, 0, 4, 0, 0, 0, 2, 3, 3, 1, 33, 7, 8, 5, 21, 0, 0, 0, 12, 7, 5, 8, 7, 3, 2, 2, 50, 1, 1, 5, 24, 7, 6, 7, 1, 0, 2, 0, 2, 1, 2, 3, 16, 0, 0, 0, 43, 4, 2, 3, 1, 0, 0, 0, 0, 0, 0, 0, 1, 0, 0, 0, 1, 0, 0, 0, 1, 0, 0, 0, 0, 0, 0, 0, 0, 0, 0, 0, 1, 0, 0, 0, 0, 0, 0, 0, 
22, 1, 0, 0, 2, 0, 1, 0, 1, 2, 1, 1, 1, 0, 0, 0, 0, 0, 0, 0, 1, 0, 0, 0, 0, 28, 3, 0, 0, 0, 0, 0, 0, 9, 2, 4, 7, 20, 10, 7, 7, 18, 4, 3, 0, 19, 10, 3, 4, 4, 4, 1, 5, 64, 0, 0, 1, 20, 14, 7, 12, 0, 0, 0, 0, 4, 5, 7, 3, 2, 2, 1, 1, 42, 4, 1, 2, 0, 0, 0, 0, 1, 0, 0, 0, 0, 0, 0, 0, 2, 0, 0, 0, 2, 0, 0, 0, 0, 0, 0, 0, 2, 0, 0, 0, 0, 0, 0, 0, 0, 0, 0, 0, 
23, 1, 0, 1, 0, 0, 0, 0, 0, 0, 0, 0, 0, 0, 0, 1, 0, 1, 1, 0, 0, 0, 0, 0, 0, 25, 1, 0, 0, 0, 2, 0, 1, 6, 6, 5, 3, 15, 3, 8, 10, 36, 2, 0, 0, 34, 10, 1, 7, 1, 2, 4, 3, 65, 10, 1, 3, 38, 8, 4, 7, 6, 2, 0, 1, 7, 7, 4, 1, 2, 1, 1, 3, 51, 3, 1, 3, 0, 0, 0, 0, 1, 0, 0, 0, 2, 0, 0, 0, 0, 0, 0, 0, 0, 0, 0, 0, 1, 0, 0, 0, 1, 0, 0, 0, 1, 0, 0, 0, 1, 0, 0, 0, 
24, 1, 1, 1, 0, 1, 2, 1, 2, 1, 0, 0, 1, 1, 0, 1, 1, 1, 0, 0, 1, 0, 0, 0, 0, 34, 1, 0, 1, 0, 0, 0, 1, 5, 3, 6, 5, 6, 7, 4, 4, 34, 2, 1, 2, 48, 9, 1, 3, 2, 2, 0, 0, 75, 3, 2, 0, 32, 11, 9, 9, 0, 0, 0, 0, 1, 9, 4, 2, 0, 3, 2, 1, 62, 2, 1, 1, 1, 0, 0, 0, 0, 0, 0, 0, 0, 0, 0, 0, 0, 0, 0, 0, 0, 0, 0, 0, 0, 0, 0, 0, 1, 0, 0, 0, 1, 0, 0, 0, 1, 0, 0, 0, 
25, 1, 0, 0, 0, 0, 1, 1, 0, 1, 1, 0, 0, 0, 2, 0, 0, 2, 0, 0, 1, 0, 0, 1, 0, 36, 1, 1, 2, 3, 5, 4, 7, 1, 0, 3, 0, 5, 2, 9, 4, 32, 0, 1, 2, 47, 4, 3, 3, 3, 4, 3, 0, 77, 2, 1, 1, 24, 6, 10, 6, 0, 1, 0, 0, 8, 3, 4, 5, 2, 0, 0, 0, 56, 3, 3, 0, 2, 0, 0, 0, 0, 0, 0, 0, 2, 0, 0, 0, 1, 0, 0, 0, 1, 0, 0, 0, 2, 0, 0, 0, 1, 0, 0, 0, 0, 0, 0, 0, 0, 0, 0, 0, 
26, 2, 0, 2, 2, 0, 2, 0, 0, 0, 1, 1, 4, 0, 0, 1, 0, 1, 1, 0, 1, 0, 0, 0, 1, 36, 2, 0, 0, 3, 3, 5, 10, 1, 0, 1, 2, 6, 7, 10, 4, 28, 0, 0, 0, 53, 5, 4, 0, 3, 0, 1, 2, 70, 1, 0, 0, 29, 7, 9, 8, 6, 0, 2, 1, 10, 3, 4, 3, 2, 1, 2, 0, 55, 7, 3, 0, 0, 0, 0, 0, 0, 0, 0, 0, 0, 0, 0, 0, 3, 0, 0, 0, 2, 0, 0, 0, 1, 0, 0, 0, 0, 0, 0, 0, 0, 0, 0, 0, 0, 0, 0, 0, 
27, 0, 0, 1, 0, 0, 0, 0, 0, 1, 1, 0, 0, 1, 1, 0, 1, 0, 2, 0, 0, 0, 1, 0, 0, 52, 0, 0, 2, 9, 8, 5, 3, 7, 7, 1, 2, 5, 4, 6, 10, 31, 3, 1, 2, 52, 6, 1, 2, 1, 4, 0, 0, 71, 2, 1, 0, 27, 8, 8, 5, 6, 0, 0, 0, 16, 3, 2, 2, 0, 0, 0, 1, 56, 3, 4, 1, 0, 0, 0, 0, 1, 0, 0, 0, 0, 0, 0, 0, 0, 0, 0, 0, 0, 0, 0, 0, 1, 0, 0, 0, 0, 0, 0, 0, 1, 0, 0, 0, 0, 0, 0, 0, 
28, 0, 0, 1, 1, 3, 1, 0, 0, 0, 1, 0, 1, 1, 0, 4, 0, 0, 1, 0, 0, 1, 0, 0, 1, 47, 3, 2, 0, 2, 5, 7, 5, 15, 2, 3, 3, 9, 8, 8, 9, 27, 2, 0, 0, 40, 4, 6, 4, 11, 7, 0, 0, 84, 4, 3, 0, 18, 5, 6, 8, 7, 0, 0, 0, 14, 8, 3, 3, 4, 5, 5, 2, 58, 1, 0, 0, 5, 0, 0, 0, 0, 0, 0, 0, 2, 0, 0, 0, 1, 0, 0, 0, 2, 0, 0, 0, 1, 0, 0, 0, 1, 0, 0, 0, 0, 0, 0, 0, 0, 0, 0, 0, 
29, 0, 0, 2, 0, 1, 2, 0, 0, 0, 1, 0, 1, 1, 0, 1, 1, 1, 1, 0, 1, 1, 0, 0, 2, 43, 3, 2, 2, 3, 6, 3, 5, 23, 1, 0, 1, 8, 7, 11, 10, 20, 3, 1, 0, 50, 5, 7, 5, 8, 2, 1, 1, 76, 0, 1, 0, 9, 10, 10, 6, 2, 1, 0, 2, 16, 1, 6, 0, 3, 5, 2, 3, 61, 4, 1, 4, 1, 0, 0, 0, 1, 0, 0, 0, 0, 0, 0, 0, 1, 0, 0, 0, 0, 0, 0, 0, 0, 0, 0, 0, 0, 0, 0, 0, 1, 0, 0, 0, 0, 0, 0, 0, 
30, 1, 0, 0, 0, 1, 2, 2, 1, 0, 0, 0, 0, 0, 1, 0, 0, 2, 0, 0, 2, 0, 1, 0, 0, 36, 1, 1, 0, 3, 4, 0, 2, 25, 0, 2, 1, 17, 15, 13, 11, 6, 1, 0, 1, 48, 5, 7, 5, 7, 1, 0, 2, 73, 2, 1, 0, 9, 10, 3, 7, 1, 0, 0, 0, 14, 4, 4, 4, 6, 5, 8, 1, 69, 0, 3, 0, 1, 0, 0, 0, 0, 0, 0, 0, 2, 0, 0, 0, 1, 0, 0, 0, 0, 0, 0, 0, 1, 0, 0, 0, 1, 0, 0, 0, 0, 0, 0, 0, 0, 0, 0, 0, 
31, 1, 0, 0, 0, 4, 1, 3, 1, 0, 0, 0, 0, 0, 0, 2, 2, 0, 1, 0, 1, 2, 0, 0, 0, 26, 1, 0, 0, 1, 0, 0, 2, 15, 4, 2, 1, 8, 11, 15, 11, 2, 1, 0, 0, 49, 5, 4, 1, 6, 0, 0, 2, 64, 7, 1, 4, 8, 5, 5, 3, 1, 1, 1, 2, 19, 7, 2, 5, 9, 1, 4, 5, 57, 5, 7, 4, 1, 0, 0, 0, 0, 0, 0, 0, 0, 0, 0, 0, 0, 0, 0, 0, 2, 0, 0, 0, 2, 0, 0, 0, 2, 0, 0, 0, 1, 0, 0, 0, 0, 0, 0, 0, 
32, 1, 2, 0, 2, 4, 1, 3, 0, 0, 0, 0, 1, 0, 0, 0, 0, 0, 1, 0, 0, 0, 0, 0, 0, 33, 3, 1, 0, 1, 0, 0, 0, 8, 6, 4, 1, 19, 9, 10, 14, 4, 3, 2, 2, 43, 3, 3, 4, 6, 3, 1, 2, 65, 1, 0, 0, 9, 2, 4, 4, 13, 0, 1, 0, 23, 4, 5, 0, 4, 8, 6, 5, 55, 2, 3, 0, 0, 0, 0, 0, 1, 0, 0, 0, 1, 0, 0, 0, 1, 0, 0, 0, 2, 0, 0, 0, 1, 0, 0, 0, 1, 0, 0, 0, 0, 0, 0, 0, 1, 0, 0, 0, 
33, 0, 0, 1, 0, 0, 1, 1, 0, 1, 0, 0, 1, 0, 0, 0, 0, 1, 0, 2, 0, 1, 1, 1, 0, 29, 4, 1, 0, 11, 4, 1, 0, 9, 2, 3, 2, 17, 19, 20, 10, 4, 2, 4, 5, 48, 1, 4, 2, 0, 2, 0, 0, 46, 2, 3, 0, 3, 0, 0, 0, 3, 0, 0, 3, 28, 3, 4, 3, 6, 9, 10, 6, 42, 2, 1, 3, 1, 0, 0, 0, 0, 0, 0, 0, 0, 0, 0, 0, 0, 0, 0, 0, 0, 0, 0, 0, 0, 0, 0, 0, 0, 0, 0, 0, 2, 0, 0, 0, 1, 0, 0, 0, 
34, 0, 0, 0, 0, 1, 1, 1, 0, 1, 1, 1, 0, 1, 2, 0, 0, 0, 0, 0, 0, 1, 1, 2, 1, 41, 3, 1, 1, 7, 1, 0, 0, 1, 0, 0, 0, 17, 14, 14, 16, 0, 1, 0, 0, 52, 3, 5, 3, 5, 1, 1, 2, 49, 2, 0, 1, 4, 2, 1, 2, 2, 2, 3, 1, 25, 3, 6, 5, 5, 8, 4, 4, 41, 1, 2, 1, 0, 0, 0, 0, 1, 0, 0, 0, 1, 0, 0, 0, 0, 0, 0, 0, 0, 0, 0, 0, 1, 0, 0, 0, 0, 0, 0, 0, 0, 0, 0, 0, 0, 0, 0, 0, 
35, 0, 0, 0, 0, 0, 0, 1, 0, 0, 2, 0, 0, 1, 3, 2, 0, 1, 0, 0, 2, 0, 0, 0, 0, 33, 1, 1, 0, 4, 1, 0, 1, 2, 3, 4, 2, 11, 15, 16, 16, 1, 1, 2, 2, 40, 5, 0, 5, 3, 2, 1, 1, 52, 8, 1, 2, 1, 0, 0, 0, 3, 0, 1, 0, 28, 2, 5, 3, 18, 8, 7, 4, 29, 2, 4, 1, 1, 0, 0, 0, 0, 0, 0, 0, 0, 0, 0, 0, 0, 0, 0, 0, 0, 0, 0, 0, 0, 0, 0, 0, 0, 0, 0, 0, 1, 0, 0, 0, 4, 0, 0, 0, 
36, 1, 2, 0, 0, 0, 0, 0, 0, 1, 0, 0, 0, 1, 1, 0, 0, 1, 0, 2, 1, 0, 0, 0, 1, 29, 0, 1, 0, 1, 2, 2, 1, 10, 2, 2, 6, 19, 5, 18, 15, 1, 0, 1, 1, 37, 5, 3, 3, 3, 1, 2, 1, 40, 6, 4, 1, 0, 1, 0, 0, 3, 1, 2, 1, 26, 7, 3, 2, 24, 7, 8, 9, 25, 9, 3, 5, 0, 0, 0, 0, 2, 0, 0, 0, 0, 0, 0, 0, 0, 0, 0, 0, 1, 0, 0, 0, 1, 0, 0, 0, 0, 0, 0, 0, 0, 0, 0, 0, 0, 0, 0, 0, 
37, 2, 1, 2, 0, 0, 1, 0, 0, 0, 0, 1, 0, 0, 1, 0, 0, 0, 0, 0, 0, 1, 0, 0, 0, 31, 0, 1, 0, 6, 3, 1, 0, 18, 3, 0, 0, 13, 19, 23, 7, 0, 0, 0, 0, 37, 5, 2, 6, 4, 2, 1, 2, 44, 0, 2, 0, 0, 0, 1, 0, 3, 4, 5, 6, 20, 1, 2, 3, 26, 2, 10, 6, 31, 5, 3, 1, 1, 0, 0, 0, 1, 0, 0, 0, 3, 0, 0, 0, 1, 0, 0, 0, 0, 0, 0, 0, 0, 0, 0, 0, 1, 0, 0, 0, 0, 0, 0, 0, 1, 0, 0, 0, 
38, 2, 0, 0, 0, 0, 1, 0, 1, 1, 0, 0, 0, 0, 0, 0, 0, 0, 3, 2, 2, 1, 0, 0, 0, 23, 0, 1, 1, 9, 3, 7, 2, 6, 2, 1, 2, 22, 20, 17, 12, 1, 2, 1, 1, 32, 5, 2, 5, 0, 0, 0, 1, 36, 6, 1, 5, 1, 4, 3, 4, 5, 4, 3, 5, 2, 0, 0, 1, 28, 11, 5, 4, 23, 2, 4, 3, 0, 0, 0, 0, 1, 0, 0, 0, 0, 0, 0, 0, 1, 0, 0, 0, 0, 0, 0, 0, 1, 0, 0, 0, 1, 0, 0, 0, 3, 0, 0, 0, 0, 0, 0, 0, 
39, 2, 0, 0, 0, 0, 0, 0, 0, 0, 0, 1, 0, 0, 0, 0, 0, 0, 0, 0, 1, 1, 0, 0, 0, 38, 3, 0, 1, 6, 6, 4, 4, 5, 3, 0, 0, 15, 8, 19, 15, 5, 3, 3, 0, 38, 1, 6, 6, 4, 3, 2, 1, 43, 4, 2, 0, 1, 0, 0, 0, 3, 3, 2, 3, 2, 1, 2, 1, 26, 6, 5, 4, 19, 5, 1, 2, 0, 0, 0, 0, 0, 0, 0, 0, 0, 0, 0, 0, 3, 0, 0, 0, 0, 0, 0, 0, 1, 0, 0, 0, 0, 0, 0, 0, 0, 0, 0, 0, 0, 0, 0, 0, 
40, 0, 0, 1, 0, 0, 1, 1, 1, 2, 0, 0, 2, 2, 1, 2, 0, 0, 0, 0, 0, 0, 0, 0, 0, 33, 4, 0, 0, 14, 9, 10, 8, 0, 3, 3, 0, 12, 13, 10, 8, 0, 0, 1, 1, 48, 14, 6, 2, 1, 1, 1, 0, 45, 1, 0, 0, 9, 3, 0, 4, 1, 0, 1, 1, 7, 1, 0, 1, 28, 4, 7, 8, 9, 3, 4, 1, 1, 0, 0, 0, 0, 0, 0, 0, 1, 0, 0, 0, 0, 0, 0, 0, 1, 0, 0, 0, 0, 0, 0, 0, 0, 0, 0, 0, 1, 0, 0, 0, 2, 0, 0, 0, 
41, 1, 2, 1, 1, 0, 0, 0, 0, 2, 0, 0, 1, 1, 1, 2, 0, 0, 0, 0, 0, 0, 0, 0, 0, 43, 3, 0, 2, 5, 10, 6, 9, 0, 1, 1, 1, 9, 8, 9, 12, 1, 1, 0, 0, 53, 4, 7, 2, 1, 0, 1, 1, 54, 4, 0, 1, 25, 5, 1, 0, 7, 3, 3, 4, 1, 2, 2, 0, 35, 1, 9, 4, 7, 2, 1, 1, 0, 0, 0, 0, 2, 0, 0, 0, 1, 0, 0, 0, 0, 0, 0, 0, 3, 0, 0, 0, 1, 0, 0, 0, 0, 0, 0, 0, 3, 0, 0, 0, 0, 0, 0, 0, 
42, 0, 1, 2, 0, 1, 1, 1, 0, 0, 2, 0, 0, 0, 0, 0, 0, 0, 0, 0, 1, 0, 0, 2, 0, 47, 1, 0, 0, 11, 2, 8, 5, 1, 1, 1, 2, 18, 13, 9, 8, 2, 1, 1, 3, 53, 3, 5, 1, 1, 1, 2, 0, 56, 3, 0, 1, 39, 3, 2, 1, 1, 3, 1, 2, 2, 3, 4, 2, 31, 9, 1, 5, 7, 9, 6, 4, 0, 0, 0, 0, 2, 0, 0, 0, 1, 0, 0, 0, 1, 0, 0, 0, 3, 0, 0, 0, 0, 0, 0, 0, 0, 0, 0, 0, 0, 0, 0, 0, 1, 0, 0, 0, 
43, 0, 0, 1, 0, 0, 0, 0, 0, 0, 1, 0, 0, 0, 0, 0, 1, 1, 1, 1, 0, 0, 0, 0, 0, 41, 4, 1, 0, 3, 6, 6, 7, 2, 2, 3, 2, 20, 8, 9, 8, 16, 6, 0, 0, 45, 5, 3, 4, 0, 0, 1, 0, 43, 1, 1, 1, 34, 2, 1, 0, 0, 4, 2, 1, 1, 0, 0, 1, 38, 8, 8, 6, 1, 1, 1, 5, 0, 0, 0, 0, 0, 0, 0, 0, 1, 0, 0, 0, 1, 0, 0, 0, 4, 0, 0, 0, 0, 0, 0, 0, 1, 0, 0, 0, 1, 0, 0, 0, 0, 0, 0, 0, 
44, 0, 0, 3, 4, 1, 2, 0, 4, 0, 0, 0, 2, 0, 0, 0, 0, 0, 0, 0, 0, 2, 1, 0, 1, 48, 4, 1, 1, 20, 4, 1, 4, 5, 2, 2, 1, 8, 12, 7, 8, 0, 0, 0, 2, 47, 5, 4, 2, 1, 3, 2, 1, 47, 3, 2, 0, 18, 0, 0, 1, 1, 0, 0, 0, 2, 0, 0, 2, 31, 9, 6, 6, 2, 2, 1, 3, 0, 0, 0, 0, 3, 0, 0, 0, 0, 0, 0, 0, 1, 0, 0, 0, 2, 0, 0, 0, 0, 0, 0, 0, 3, 0, 0, 0, 0, 0, 0, 0, 1, 0, 0, 0, 
45, 1, 1, 0, 0, 0, 0, 0, 0, 0, 0, 0, 0, 0, 2, 0, 1, 1, 0, 0, 0, 0, 0, 0, 0, 59, 7, 1, 1, 19, 4, 0, 5, 0, 1, 0, 1, 13, 2, 3, 5, 0, 0, 1, 0, 55, 3, 6, 2, 3, 3, 8, 5, 58, 3, 4, 0, 3, 3, 1, 0, 4, 0, 0, 0, 2, 2, 3, 3, 35, 6, 8, 7, 1, 4, 1, 0, 0, 0, 0, 0, 2, 0, 0, 0, 1, 0, 0, 0, 0, 0, 0, 0, 0, 0, 0, 0, 0, 0, 0, 0, 0, 0, 0, 0, 2, 0, 0, 0, 0, 0, 0, 0, 
46, 1, 1, 0, 0, 0, 0, 0, 0, 0, 0, 0, 1, 0, 1, 1, 1, 0, 0, 0, 1, 0, 1, 0, 0, 69, 0, 0, 3, 16, 4, 4, 13, 2, 1, 1, 0, 5, 3, 4, 1, 0, 1, 1, 1, 45, 2, 2, 2, 6, 1, 4, 3, 55, 1, 0, 0, 1, 2, 1, 3, 9, 0, 1, 0, 6, 2, 2, 3, 43, 7, 7, 5, 0, 1, 3, 2, 1, 0, 0, 0, 0, 0, 0, 0, 0, 0, 0, 0, 1, 0, 0, 0, 2, 0, 0, 0, 0, 0, 0, 0, 0, 0, 0, 0, 1, 0, 0, 0, 3, 0, 0, 0, 
47, 0, 0, 0, 1, 1, 0, 2, 0, 0, 0, 0, 0, 0, 0, 0, 0, 1, 0, 1, 0, 0, 0, 1, 0, 80, 3, 0, 0, 39, 1, 2, 3, 3, 3, 3, 0, 11, 5, 0, 4, 2, 0, 0, 2, 37, 5, 2, 2, 2, 0, 0, 0, 55, 3, 4, 3, 3, 3, 2, 1, 2, 4, 1, 0, 6, 0, 0, 3, 54, 9, 7, 4, 3, 3, 3, 1, 1, 0, 0, 0, 0, 0, 0, 0, 2, 0, 0, 0, 1, 0, 0, 0, 0, 0, 0, 0, 2, 0, 0, 0, 0, 0, 0, 0, 1, 0, 0, 0, 0, 0, 0, 0, 
48, 1, 1, 2, 2, 0, 0, 1, 1, 0, 0, 0, 1, 0, 0, 1, 0, 0, 0, 0, 0, 1, 0, 0, 1, 77, 0, 1, 1, 47, 7, 3, 2, 0, 2, 0, 0, 8, 2, 3, 0, 3, 1, 0, 0, 23, 7, 4, 2, 0, 0, 1, 2, 55, 2, 1, 2, 3, 3, 1, 2, 3, 2, 1, 1, 2, 3, 2, 1, 62, 7, 9, 4, 0, 1, 2, 1, 1, 0, 0, 0, 0, 0, 0, 0, 3, 0, 0, 0, 0, 0, 0, 0, 2, 0, 0, 0, 1, 0, 0, 0, 0, 0, 0, 0, 1, 0, 0, 0, 1, 0, 0, 0, 
49, 2, 0, 1, 0, 1, 0, 2, 0, 0, 1, 1, 0, 1, 1, 0, 0, 1, 1, 0, 0, 0, 1, 0, 0, 96, 2, 1, 1, 34, 2, 2, 3, 6, 4, 2, 2, 1, 2, 1, 2, 7, 1, 2, 1, 7, 6, 3, 6, 1, 0, 1, 1, 55, 1, 1, 0, 5, 2, 1, 1, 15, 5, 7, 0, 1, 2, 1, 0, 71, 4, 6, 6, 0, 0, 0, 0, 0, 0, 0, 0, 1, 0, 0, 0, 3, 0, 0, 0, 0, 0, 0, 0, 1, 0, 0, 0, 1, 0, 0, 0, 0, 0, 0, 0, 2, 0, 0, 0, 2, 0, 0, 0, 
50, 0, 0, 0, 1, 0, 0, 0, 0, 1, 0, 0, 1, 1, 0, 0, 0, 6, 1, 0, 0, 0, 0, 1, 0, 94, 4, 0, 0, 33, 4, 7, 3, 0, 0, 0, 3, 1, 0, 1, 0, 3, 1, 0, 0, 18, 2, 4, 5, 12, 1, 2, 1, 69, 5, 3, 1, 3, 4, 2, 2, 24, 0, 2, 3, 0, 0, 1, 0, 68, 12, 6, 5, 0, 1, 1, 6, 0, 0, 0, 0, 1, 0, 0, 0, 0, 0, 0, 0, 1, 0, 0, 0, 0, 0, 0, 0, 1, 0, 0, 0, 2, 0, 0, 0, 1, 0, 0, 0, 0, 0, 0, 0, 
51, 0, 1, 0, 0, 0, 0, 0, 0, 1, 0, 1, 0, 0, 0, 1, 3, 0, 0, 1, 0, 0, 0, 0, 0, 94, 1, 2, 1, 41, 5, 7, 5, 6, 1, 0, 0, 3, 2, 4, 2, 0, 0, 0, 0, 17, 4, 2, 2, 9, 1, 1, 1, 71, 2, 2, 0, 8, 2, 3, 2, 27, 3, 1, 2, 11, 3, 2, 3, 58, 7, 6, 2, 3, 4, 3, 4, 0, 0, 0, 0, 2, 0, 0, 0, 0, 0, 0, 0, 1, 0, 0, 0, 0, 0, 0, 0, 0, 0, 0, 0, 1, 0, 0, 0, 1, 0, 0, 0, 0, 0, 0, 0, 
52, 1, 0, 2, 1, 0, 0, 0, 0, 0, 0, 1, 0, 0, 0, 0, 0, 0, 0, 1, 1, 0, 0, 0, 0, 89, 1, 0, 2, 47, 5, 4, 8, 5, 2, 0, 1, 16, 4, 2, 2, 0, 0, 0, 0, 4, 4, 8, 2, 0, 2, 0, 0, 65, 1, 0, 1, 3, 6, 4, 3, 28, 2, 4, 1, 15, 2, 2, 0, 50, 8, 6, 3, 5, 7, 1, 2, 1, 0, 0, 0, 2, 0, 0, 0, 0, 0, 0, 0, 2, 0, 0, 0, 1, 0, 0, 0, 0, 0, 0, 0, 0, 0, 0, 0, 0, 0, 0, 0, 0, 0, 0, 0, 
53, 0, 0, 1, 0, 1, 3, 1, 0, 1, 0, 1, 0, 0, 1, 0, 0, 0, 1, 1, 0, 1, 0, 1, 0, 90, 1, 2, 2, 44, 1, 3, 6, 4, 0, 4, 2, 17, 4, 3, 3, 0, 0, 0, 1, 7, 2, 4, 3, 1, 1, 3, 1, 66, 1, 1, 1, 3, 11, 7, 4, 27, 4, 6, 1, 11, 5, 1, 2, 45, 6, 1, 3, 1, 1, 5, 2, 0, 0, 0, 0, 0, 0, 0, 0, 0, 0, 0, 0, 1, 0, 0, 0, 1, 0, 0, 0, 0, 0, 0, 0, 0, 0, 0, 0, 1, 0, 0, 0, 0, 0, 0, 0, 
54, 2, 0, 1, 1, 0, 0, 0, 0, 1, 2, 1, 0, 0, 0, 0, 1, 0, 0, 1, 0, 0, 0, 0, 0, 82, 2, 3, 4, 37, 2, 5, 3, 2, 4, 2, 1, 8, 5, 0, 3, 3, 2, 0, 0, 4, 6, 3, 7, 1, 2, 1, 1, 75, 3, 0, 1, 5, 4, 3, 6, 31, 1, 6, 5, 11, 5, 3, 4, 40, 7, 5, 1, 4, 2, 6, 4, 0, 0, 0, 0, 1, 0, 0, 0, 1, 0, 0, 0, 0, 0, 0, 0, 1, 0, 0, 0, 0, 0, 0, 0, 2, 0, 0, 0, 2, 0, 0, 0, 0, 0, 0, 0, 
55, 0, 0, 0, 2, 0, 2, 0, 1, 1, 3, 1, 1, 2, 0, 1, 0, 0, 0, 1, 1, 1, 0, 0, 0, 93, 2, 1, 1, 34, 8, 5, 4, 23, 4, 3, 2, 1, 1, 0, 0, 4, 4, 2, 2, 6, 2, 3, 3, 2, 1, 5, 4, 74, 3, 0, 3, 3, 2, 4, 4, 24, 2, 2, 0, 13, 3, 3, 0, 27, 4, 7, 9, 2, 5, 9, 3, 0, 0, 0, 0, 1, 0, 0, 0, 2, 0, 0, 0, 2, 0, 0, 0, 0, 0, 0, 0, 0, 0, 0, 0, 0, 0, 0, 0, 1, 0, 0, 0, 0, 0, 0, 0, 
56, 0, 0, 0, 1, 0, 0, 1, 0, 2, 0, 0, 0, 0, 1, 1, 0, 4, 1, 1, 1, 1, 0, 0, 0, 81, 0, 2, 0, 30, 6, 1, 2, 14, 2, 5, 1, 4, 3, 0, 1, 2, 1, 1, 1, 7, 10, 12, 9, 3, 2, 0, 3, 75, 3, 1, 0, 5, 7, 4, 1, 16, 2, 3, 2, 8, 2, 3, 2, 23, 6, 2, 8, 10, 2, 6, 3, 0, 0, 0, 0, 2, 0, 0, 0, 2, 0, 0, 0, 0, 0, 0, 0, 0, 0, 0, 0, 2, 0, 0, 0, 3, 0, 0, 0, 0, 0, 0, 0, 0, 0, 0, 0, 
57, 0, 1, 0, 1, 1, 2, 1, 1, 0, 0, 0, 2, 0, 1, 1, 1, 1, 1, 0, 1, 0, 0, 0, 1, 68, 0, 1, 0, 43, 8, 5, 3, 11, 3, 9, 5, 12, 2, 3, 1, 2, 1, 2, 4, 6, 13, 6, 9, 2, 7, 2, 6, 78, 0, 2, 2, 2, 2, 1, 1, 20, 1, 1, 0, 5, 0, 3, 6, 10, 9, 5, 8, 1, 1, 3, 2, 1, 0, 0, 0, 0, 0, 0, 0, 1, 0, 0, 0, 2, 0, 0, 0, 0, 0, 0, 0, 1, 0, 0, 0, 0, 0, 0, 0, 0, 0, 0, 0, 0, 0, 0, 0, 
58, 1, 2, 1, 0, 0, 1, 1, 1, 0, 0, 1, 1, 0, 0, 0, 0, 0, 1, 0, 1, 1, 0, 0, 1, 58, 2, 1, 1, 54, 3, 2, 4, 22, 4, 3, 1, 1, 1, 1, 0, 1, 4, 3, 2, 12, 13, 10, 14, 2, 3, 3, 2, 88, 8, 3, 1, 3, 4, 3, 3, 15, 2, 3, 0, 0, 2, 3, 0, 5, 3, 10, 6, 0, 1, 0, 0, 1, 0, 0, 0, 0, 0, 0, 0, 0, 0, 0, 0, 1, 0, 0, 0, 0, 0, 0, 0, 0, 0, 0, 0, 0, 0, 0, 0, 0, 0, 0, 0, 0, 0, 0, 0, 
59, 0, 1, 0, 0, 2, 1, 3, 0, 0, 2, 1, 0, 0, 1, 1, 1, 0, 0, 1, 0, 0, 0, 0, 1, 44, 2, 2, 1, 52, 5, 3, 4, 22, 7, 4, 1, 6, 4, 3, 4, 0, 0, 0, 2, 11, 5, 15, 12, 9, 4, 5, 5, 84, 2, 1, 0, 7, 5, 1, 3, 25, 5, 0, 0, 10, 3, 2, 0, 6, 0, 2, 8, 3, 0, 1, 1, 0, 0, 0, 0, 3, 0, 0, 0, 0, 0, 0, 0, 0, 0, 0, 0, 1, 0, 0, 0, 0, 0, 0, 0, 0, 0, 0, 0, 1, 0, 0, 0, 0, 0, 0, 0, 
60, 0, 0, 1, 0, 0, 0, 0, 0, 1, 1, 2, 1, 0, 0, 0, 0, 4, 1, 1, 0, 1, 0, 0, 0, 38, 5, 1, 2, 44, 4, 3, 3, 14, 5, 2, 3, 2, 3, 1, 3, 0, 1, 2, 2, 13, 17, 9, 8, 3, 7, 1, 6, 80, 0, 3, 1, 1, 2, 1, 3, 23, 2, 1, 1, 23, 1, 0, 2, 5, 4, 4, 4, 4, 0, 3, 1, 1, 0, 0, 0, 0, 0, 0, 0, 0, 0, 0, 0, 0, 0, 0, 0, 2, 0, 0, 0, 0, 0, 0, 0, 0, 0, 0, 0, 1, 0, 0, 0, 0, 0, 0, 0, 
61, 0, 0, 0, 0, 1, 0, 0, 0, 0, 0, 0, 1, 0, 0, 0, 0, 0, 0, 0, 1, 0, 0, 0, 0, 29, 2, 0, 0, 33, 6, 7, 4, 10, 4, 2, 2, 4, 0, 3, 4, 1, 4, 1, 1, 12, 13, 5, 16, 5, 4, 1, 3, 81, 2, 3, 0, 3, 2, 2, 0, 35, 8, 4, 5, 17, 2, 0, 0, 0, 5, 3, 4, 2, 1, 6, 1, 0, 0, 0, 0, 1, 0, 0, 0, 1, 0, 0, 0, 2, 0, 0, 0, 0, 0, 0, 0, 0, 0, 0, 0, 0, 0, 0, 0, 0, 0, 0, 0, 2, 0, 0, 0, 
62, 0, 0, 0, 1, 1, 0, 0, 0, 2, 1, 0, 2, 1, 0, 0, 0, 0, 0, 0, 0, 0, 2, 0, 0, 34, 4, 1, 1, 45, 4, 8, 4, 8, 0, 4, 4, 3, 2, 4, 1, 7, 2, 4, 2, 12, 14, 17, 6, 0, 1, 1, 0, 80, 4, 1, 1, 18, 11, 0, 0, 31, 1, 3, 1, 6, 1, 1, 0, 1, 1, 2, 0, 0, 3, 0, 0, 1, 0, 0, 0, 0, 0, 0, 0, 1, 0, 0, 0, 1, 0, 0, 0, 4, 0, 0, 0, 0, 0, 0, 0, 0, 0, 0, 0, 1, 0, 0, 0, 0, 0, 0, 0, 
63, 1, 0, 0, 0, 0, 1, 0, 0, 0, 0, 1, 1, 1, 0, 0, 0, 0, 1, 1, 0, 0, 0, 0, 0, 42, 2, 1, 1, 42, 10, 6, 2, 6, 2, 4, 5, 1, 1, 1, 2, 5, 1, 1, 0, 12, 10, 15, 7, 0, 0, 0, 0, 78, 3, 1, 1, 26, 1, 2, 0, 39, 4, 5, 2, 6, 0, 0, 1, 2, 1, 3, 5, 3, 2, 2, 2, 1, 0, 0, 0, 0, 0, 0, 0, 0, 0, 0, 0, 3, 0, 0, 0, 2, 0, 0, 0, 3, 0, 0, 0, 1, 0, 0, 0, 1, 0, 0, 0, 0, 0, 0, 0, 
64, 0, 0, 1, 0, 1, 0, 1, 2, 0, 1, 1, 1, 2, 2, 3, 0, 0, 0, 1, 1, 0, 0, 0, 0, 32, 1, 1, 0, 50, 5, 5, 7, 6, 5, 13, 4, 3, 2, 2, 1, 6, 6, 4, 8, 18, 8, 19, 12, 5, 0, 0, 0, 68, 3, 0, 1, 38, 1, 0, 2, 43, 0, 1, 1, 0, 0, 0, 0, 0, 0, 0, 0, 1, 1, 0, 6, 3, 0, 0, 0, 1, 0, 0, 0, 0, 0, 0, 0, 1, 0, 0, 0, 1, 0, 0, 0, 1, 0, 0, 0, 0, 0, 0, 0, 3, 0, 0, 0, 0, 0, 0, 0, 
65, 1, 0, 0, 0, 0, 0, 1, 0, 1, 1, 0, 2, 0, 1, 1, 0, 0, 0, 0, 1, 0, 1, 0, 2, 26, 0, 2, 1, 49, 6, 6, 4, 4, 9, 2, 10, 3, 5, 2, 3, 7, 8, 1, 6, 11, 12, 25, 18, 6, 2, 1, 1, 62, 2, 3, 3, 39, 0, 1, 2, 49, 5, 0, 1, 0, 2, 2, 1, 1, 3, 1, 1, 2, 1, 3, 3, 2, 0, 0, 0, 0, 0, 0, 0, 0, 0, 0, 0, 0, 0, 0, 0, 1, 0, 0, 0, 0, 0, 0, 0, 0, 0, 0, 0, 1, 0, 0, 0, 0, 0, 0, 0, 
66, 2, 0, 0, 0, 0, 0, 0, 1, 1, 0, 0, 2, 0, 0, 1, 0, 0, 0, 0, 0, 0, 0, 1, 0, 22, 1, 0, 1, 59, 5, 2, 7, 3, 4, 2, 6, 8, 4, 1, 5, 1, 2, 1, 1, 11, 23, 11, 14, 36, 1, 0, 2, 57, 3, 0, 0, 38, 1, 1, 0, 38, 4, 1, 1, 1, 1, 0, 1, 0, 0, 3, 1, 6, 0, 0, 2, 3, 0, 0, 0, 1, 0, 0, 0, 0, 0, 0, 0, 1, 0, 0, 0, 2, 0, 0, 0, 1, 0, 0, 0, 0, 0, 0, 0, 0, 0, 0, 0, 0, 0, 0, 0, 
67, 1, 0, 0, 0, 0, 1, 1, 1, 0, 1, 0, 0, 0, 1, 0, 0, 2, 0, 0, 0, 0, 2, 1, 0, 26, 2, 0, 0, 52, 1, 3, 5, 0, 0, 0, 1, 12, 6, 0, 7, 0, 2, 0, 1, 22, 14, 13, 13, 50, 2, 1, 0, 63, 0, 0, 3, 31, 1, 2, 2, 48, 2, 2, 1, 0, 1, 0, 2, 1, 1, 1, 4, 2, 0, 2, 1, 0, 0, 0, 0, 1, 0, 0, 0, 12, 0, 0, 0, 0, 0, 0, 0, 0, 0, 0, 0, 0, 0, 0, 0, 0, 0, 0, 0, 2, 0, 0, 0, 2, 0, 0, 0, 
68, 0, 0, 1, 1, 1, 0, 0, 2, 0, 1, 0, 1, 0, 0, 0, 0, 2, 0, 0, 0, 1, 1, 0, 0, 28, 5, 1, 0, 31, 7, 4, 2, 4, 1, 1, 2, 8, 6, 8, 2, 4, 0, 1, 3, 22, 11, 18, 19, 51, 3, 1, 0, 63, 5, 1, 3, 39, 8, 0, 0, 34, 1, 1, 1, 4, 2, 1, 3, 1, 3, 2, 4, 1, 1, 0, 2, 0, 0, 0, 0, 0, 0, 0, 0, 0, 0, 0, 0, 0, 0, 0, 0, 4, 0, 0, 0, 1, 0, 0, 0, 1, 0, 0, 0, 0, 0, 0, 0, 1, 0, 0, 0, 
69, 0, 1, 1, 0, 1, 0, 0, 0, 0, 0, 1, 0, 0, 0, 0, 0, 0, 0, 0, 0, 0, 1, 0, 0, 28, 1, 0, 2, 33, 6, 5, 4, 3, 1, 0, 1, 14, 9, 3, 3, 0, 0, 1, 0, 29, 19, 19, 12, 39, 2, 1, 0, 66, 7, 1, 2, 41, 0, 1, 1, 45, 6, 2, 2, 0, 0, 4, 0, 2, 10, 3, 5, 1, 2, 0, 1, 0, 0, 0, 0, 1, 0, 0, 0, 1, 0, 0, 0, 0, 0, 0, 0, 1, 0, 0, 0, 0, 0, 0, 0, 0, 0, 0, 0, 1, 0, 0, 0, 0, 0, 0, 0, 
70, 0, 0, 1, 0, 0, 0, 1, 0, 0, 0, 0, 0, 0, 1, 2, 0, 0, 0, 0, 0, 1, 0, 0, 0, 33, 2, 1, 1, 35, 5, 7, 5, 1, 0, 2, 0, 9, 5, 7, 6, 2, 0, 1, 0, 26, 27, 25, 14, 40, 3, 2, 0, 76, 2, 0, 2, 41, 0, 0, 1, 28, 1, 0, 1, 5, 4, 2, 2, 10, 4, 3, 4, 1, 2, 1, 0, 0, 0, 0, 0, 1, 0, 0, 0, 0, 0, 0, 0, 0, 0, 0, 0, 0, 0, 0, 0, 2, 0, 0, 0, 4, 0, 0, 0, 0, 0, 0, 0, 2, 0, 0, 0, 
71, 0, 2, 0, 0, 0, 0, 2, 0, 0, 1, 0, 0, 2, 1, 0, 0, 0, 0, 1, 0, 0, 1, 0, 0, 27, 2, 1, 1, 30, 4, 5, 3, 11, 2, 4, 1, 13, 2, 1, 3, 1, 0, 0, 0, 36, 20, 13, 17, 36, 0, 0, 0, 52, 0, 1, 0, 42, 0, 1, 1, 21, 1, 2, 1, 6, 4, 7, 5, 10, 4, 4, 7, 0, 3, 0, 1, 2, 0, 0, 0, 2, 0, 0, 0, 0, 0, 0, 0, 1, 0, 0, 0, 0, 0, 0, 0, 0, 0, 0, 0, 0, 0, 0, 0, 0, 0, 0, 0, 2, 0, 0, 0, 
72, 1, 1, 2, 2, 0, 0, 0, 0, 0, 1, 1, 0, 0, 0, 1, 0, 2, 2, 0, 0, 0, 1, 0, 0, 20, 4, 0, 1, 21, 9, 4, 4, 7, 4, 1, 1, 14, 9, 3, 2, 2, 0, 0, 0, 29, 30, 15, 16, 30, 1, 0, 1, 42, 1, 1, 3, 55, 5, 1, 1, 24, 4, 2, 0, 9, 4, 5, 6, 5, 2, 1, 5, 4, 7, 2, 2, 2, 0, 0, 0, 1, 0, 0, 0, 1, 0, 0, 0, 0, 0, 0, 0, 1, 0, 0, 0, 3, 0, 0, 0, 1, 0, 0, 0, 0, 0, 0, 0, 0, 0, 0, 0, 
73, 2, 0, 0, 0, 1, 0, 2, 0, 0, 0, 0, 1, 3, 2, 0, 0, 1, 0, 1, 0, 1, 0, 0, 1, 9, 2, 1, 0, 25, 6, 4, 6, 8, 3, 1, 0, 15, 4, 1, 1, 0, 1, 0, 1, 36, 22, 21, 17, 18, 4, 0, 0, 38, 2, 1, 1, 63, 2, 0, 0, 21, 3, 4, 2, 4, 3, 6, 8, 0, 1, 2, 4, 0, 0, 0, 0, 1, 0, 0, 0, 2, 0, 0, 0, 0, 0, 0, 0, 0, 0, 0, 0, 0, 0, 0, 0, 1, 0, 0, 0, 0, 0, 0, 0, 1, 0, 0, 0, 0, 0, 0, 0, 
74, 0, 1, 0, 0, 3, 0, 1, 1, 0, 0, 0, 0, 2, 2, 1, 2, 0, 0, 1, 0, 1, 0, 0, 1, 1, 0, 0, 1, 23, 4, 4, 3, 1, 3, 2, 4, 7, 6, 6, 4, 2, 2, 1, 1, 40, 21, 13, 21, 15, 4, 1, 0, 35, 3, 0, 1, 56, 0, 2, 1, 27, 0, 3, 1, 11, 6, 10, 6, 1, 0, 0, 1, 3, 0, 0, 2, 0, 0, 0, 0, 1, 0, 0, 0, 0, 0, 0, 0, 0, 0, 0, 0, 1, 0, 0, 0, 0, 0, 0, 0, 1, 0, 0, 0, 1, 0, 0, 0, 1, 0, 0, 0, 
75, 1, 1, 0, 0, 2, 0, 0, 0, 0, 0, 1, 1, 1, 0, 0, 0, 2, 0, 2, 0, 0, 0, 1, 0, 0, 1, 1, 0, 9, 4, 4, 4, 5, 9, 6, 11, 21, 2, 7, 2, 4, 4, 3, 3, 37, 19, 18, 17, 22, 0, 0, 1, 26, 1, 0, 0, 52, 1, 1, 1, 24, 2, 3, 3, 7, 7, 6, 2, 1, 1, 0, 0, 2, 3, 2, 1, 1, 0, 0, 0, 0, 0, 0, 0, 0, 0, 0, 0, 4, 0, 0, 0, 0, 0, 0, 0, 1, 0, 0, 0, 2, 0, 0, 0, 0, 0, 0, 0, 0, 0, 0, 0, 
76, 1, 0, 1, 1, 1, 0, 0, 2, 0, 0, 1, 0, 1, 2, 2, 1, 1, 0, 0, 1, 1, 0, 0, 1, 1, 1, 1, 2, 6, 5, 6, 5, 8, 4, 8, 4, 14, 5, 4, 4, 0, 0, 0, 0, 37, 20, 17, 12, 22, 1, 0, 0, 27, 4, 4, 1, 54, 0, 1, 2, 27, 2, 3, 1, 3, 6, 6, 5, 3, 2, 6, 5, 3, 3, 2, 6, 1, 0, 0, 0, 0, 0, 0, 0, 1, 0, 0, 0, 0, 0, 0, 0, 1, 0, 0, 0, 0, 0, 0, 0, 1, 0, 0, 0, 0, 0, 0, 0, 1, 0, 0, 0, 
77, 1, 0, 0, 0, 0, 0, 1, 0, 2, 1, 2, 2, 0, 0, 0, 0, 0, 0, 1, 0, 0, 0, 0, 0, 5, 2, 3, 4, 5, 0, 4, 3, 8, 12, 10, 8, 12, 2, 5, 3, 2, 1, 1, 0, 36, 16, 22, 20, 9, 2, 1, 1, 39, 2, 2, 3, 53, 0, 0, 1, 33, 2, 0, 3, 6, 10, 2, 8, 1, 1, 2, 1, 2, 2, 6, 0, 0, 0, 0, 0, 2, 0, 0, 0, 1, 0, 0, 0, 0, 0, 0, 0, 0, 0, 0, 0, 2, 0, 0, 0, 0, 0, 0, 0, 4, 0, 0, 0, 2, 0, 0, 0, 
78, 0, 0, 0, 0, 2, 2, 0, 0, 1, 1, 0, 0, 0, 0, 1, 0, 0, 0, 0, 0, 0, 1, 0, 0, 6, 2, 2, 4, 3, 3, 4, 1, 8, 11, 12, 8, 9, 2, 6, 3, 7, 1, 0, 2, 36, 20, 16, 17, 6, 0, 1, 0, 23, 1, 1, 0, 43, 0, 1, 0, 35, 1, 2, 3, 7, 8, 10, 8, 2, 1, 1, 3, 4, 3, 4, 2, 1, 0, 0, 0, 5, 0, 0, 0, 0, 0, 0, 0, 0, 0, 0, 0, 0, 0, 0, 0, 0, 0, 0, 0, 0, 0, 0, 0, 0, 0, 0, 0, 2, 0, 0, 0, 
79, 2, 0, 1, 0, 0, 0, 1, 0, 0, 0, 1, 0, 1, 2, 0, 0, 0, 0, 0, 0, 0, 0, 1, 0, 2, 2, 2, 1, 2, 1, 2, 1, 8, 5, 11, 9, 0, 2, 2, 0, 12, 3, 1, 0, 31, 16, 25, 17, 9, 1, 0, 1, 9, 3, 2, 1, 52, 3, 0, 0, 47, 1, 3, 3, 10, 7, 6, 9, 2, 6, 5, 2, 1, 0, 2, 2, 0, 0, 0, 0, 0, 0, 0, 0, 0, 0, 0, 0, 0, 0, 0, 0, 1, 0, 0, 0, 2, 0, 0, 0, 1, 0, 0, 0, 1, 0, 0, 0, 0, 0, 0, 0, 
80, 0, 1, 1, 0, 2, 3, 2, 1, 3, 0, 1, 2, 1, 2, 1, 0, 1, 1, 1, 0, 1, 0, 0, 0, 6, 8, 2, 4, 12, 0, 1, 1, 8, 6, 6, 10, 0, 1, 0, 1, 7, 0, 0, 0, 29, 15, 20, 10, 9, 1, 0, 0, 17, 0, 2, 1, 51, 3, 3, 1, 41, 1, 3, 2, 6, 10, 9, 9, 6, 4, 6, 5, 1, 0, 0, 2, 0, 0, 0, 0, 2, 0, 0, 0, 0, 0, 0, 0, 0, 0, 0, 0, 2, 0, 0, 0, 1, 0, 0, 0, 1, 0, 0, 0, 2, 0, 0, 0, 0, 0, 0, 0, 
81, 2, 1, 0, 0, 2, 1, 0, 0, 0, 2, 1, 1, 1, 1, 1, 2, 2, 1, 1, 1, 0, 0, 1, 1, 2, 4, 2, 0, 0, 1, 0, 0, 12, 5, 7, 8, 1, 0, 1, 3, 16, 0, 1, 0, 20, 20, 13, 12, 15, 4, 1, 1, 14, 1, 4, 2, 63, 1, 0, 0, 23, 3, 1, 3, 10, 13, 14, 4, 3, 6, 0, 1, 9, 1, 1, 2, 1, 0, 0, 0, 0, 0, 0, 0, 1, 0, 0, 0, 1, 0, 0, 0, 0, 0, 0, 0, 1, 0, 0, 0, 1, 0, 0, 0, 1, 0, 0, 0, 0, 0, 0, 0, 
82, 1, 0, 0, 1, 1, 0, 0, 0, 1, 0, 1, 0, 1, 0, 0, 0, 0, 1, 1, 0, 1, 1, 0, 2, 2, 7, 5, 1, 0, 1, 0, 1, 15, 6, 7, 5, 8, 0, 1, 0, 7, 3, 0, 1, 14, 15, 16, 14, 0, 0, 0, 0, 20, 0, 2, 0, 67, 0, 0, 0, 33, 2, 1, 4, 12, 3, 6, 12, 3, 4, 6, 5, 10, 1, 1, 1, 0, 0, 0, 0, 0, 0, 0, 0, 1, 0, 0, 0, 2, 0, 0, 0, 2, 0, 0, 0, 0, 0, 0, 0, 1, 0, 0, 0, 1, 0, 0, 0, 0, 0, 0, 0, 
83, 0, 0, 1, 0, 1, 0, 0, 1, 2, 0, 2, 2, 0, 2, 0, 1, 0, 0, 0, 0, 0, 0, 1, 1, 8, 1, 0, 4, 1, 0, 0, 1, 2, 4, 4, 4, 7, 4, 4, 5, 13, 0, 1, 1, 11, 11, 14, 10, 14, 1, 1, 0, 22, 3, 4, 1, 64, 3, 2, 1, 28, 1, 3, 2, 8, 12, 3, 14, 4, 5, 3, 1, 9, 2, 0, 2, 3, 0, 0, 0, 1, 0, 0, 0, 0, 0, 0, 0, 0, 0, 0, 0, 0, 0, 0, 0, 1, 0, 0, 0, 1, 0, 0, 0, 1, 0, 0, 0, 0, 0, 0, 0, 
84, 1, 2, 1, 1, 2, 0, 0, 1, 1, 0, 0, 2, 0, 0, 0, 1, 1, 1, 0, 0, 1, 1, 0, 0, 2, 2, 0, 2, 0, 0, 0, 0, 2, 3, 1, 2, 14, 1, 8, 5, 5, 0, 0, 0, 6, 12, 10, 10, 3, 1, 2, 2, 30, 4, 1, 3, 65, 0, 1, 2, 30, 6, 4, 2, 7, 12, 14, 5, 6, 2, 5, 5, 4, 1, 0, 2, 0, 0, 0, 0, 1, 0, 0, 0, 1, 0, 0, 0, 0, 0, 0, 0, 2, 0, 0, 0, 0, 0, 0, 0, 0, 0, 0, 0, 1, 0, 0, 0, 0, 0, 0, 0, 
85, 1, 1, 0, 0, 3, 2, 2, 1, 0, 0, 1, 0, 1, 0, 0, 0, 0, 0, 0, 1, 0, 0, 0, 1, 0, 0, 0, 0, 3, 0, 4, 1, 4, 2, 2, 0, 19, 4, 4, 5, 17, 5, 1, 3, 4, 9, 10, 4, 3, 1, 0, 0, 28, 0, 1, 3, 54, 3, 2, 1, 34, 5, 6, 2, 15, 7, 11, 4, 2, 4, 2, 4, 2, 0, 1, 0, 0, 0, 0, 0, 0, 0, 0, 0, 2, 0, 0, 0, 0, 0, 0, 0, 0, 0, 0, 0, 0, 0, 0, 0, 1, 0, 0, 0, 4, 0, 0, 0, 0, 0, 0, 0, 
86, 0, 0, 0, 0, 2, 1, 2, 1, 1, 1, 1, 0, 0, 0, 3, 0, 0, 0, 0, 0, 0, 0, 0, 0, 6, 3, 3, 1, 5, 3, 3, 1, 1, 1, 0, 2, 26, 10, 4, 7, 24, 4, 1, 1, 6, 5, 4, 4, 0, 1, 1, 2, 14, 1, 1, 3, 64, 1, 1, 1, 40, 4, 3, 2, 20, 4, 4, 11, 1, 0, 0, 2, 6, 4, 1, 2, 0, 0, 0, 0, 1, 0, 0, 0, 1, 0, 0, 0, 2, 0, 0, 0, 1, 0, 0, 0, 2, 0, 0, 0, 2, 0, 0, 0, 0, 0, 0, 0, 0, 0, 0, 0, 
87, 4, 1, 5, 1, 3, 1, 1, 1, 0, 0, 0, 0, 0, 1, 2, 2, 1, 1, 1, 1, 0, 0, 1, 1, 8, 1, 2, 4, 4, 2, 2, 4, 1, 3, 1, 1, 14, 3, 3, 6, 27, 0, 0, 2, 1, 5, 4, 9, 9, 2, 6, 2, 23, 8, 2, 1, 61, 3, 2, 0, 43, 5, 2, 3, 8, 8, 6, 6, 2, 2, 0, 0, 12, 4, 0, 3, 1, 0, 0, 0, 0, 0, 0, 0, 0, 0, 0, 0, 0, 0, 0, 0, 1, 0, 0, 0, 0, 0, 0, 0, 0, 0, 0, 0, 0, 0, 0, 0, 0, 0, 0, 0, 
88, 1, 0, 0, 2, 0, 1, 2, 0, 1, 0, 0, 0, 2, 0, 0, 0, 1, 2, 0, 0, 1, 1, 0, 0, 3, 1, 4, 0, 3, 1, 1, 2, 6, 2, 2, 7, 4, 6, 6, 9, 27, 0, 0, 0, 5, 4, 10, 8, 4, 4, 5, 2, 12, 3, 1, 4, 53, 1, 3, 2, 43, 8, 1, 3, 2, 5, 4, 9, 1, 2, 1, 2, 14, 1, 2, 0, 1, 0, 0, 0, 0, 0, 0, 0, 0, 0, 0, 0, 0, 0, 0, 0, 0, 0, 0, 0, 1, 0, 0, 0, 0, 0, 0, 0, 1, 0, 0, 0, 0, 0, 0, 0, 
89, 1, 0, 4, 0, 0, 0, 1, 1, 1, 2, 1, 1, 0, 0, 1, 0, 0, 0, 1, 1, 0, 0, 0, 0, 1, 0, 1, 3, 1, 0, 0, 0, 3, 3, 4, 4, 6, 3, 3, 4, 31, 0, 0, 0, 6, 1, 3, 1, 12, 4, 5, 4, 9, 1, 3, 1, 67, 7, 0, 0, 53, 4, 4, 5, 2, 4, 8, 4, 1, 1, 2, 2, 6, 2, 2, 0, 0, 0, 0, 0, 1, 0, 0, 0, 1, 0, 0, 0, 1, 0, 0, 0, 0, 0, 0, 0, 1, 0, 0, 0, 8, 0, 0, 0, 2, 0, 0, 0, 0, 0, 0, 0, 
90, 0, 1, 3, 1, 0, 1, 0, 0, 2, 1, 3, 0, 1, 1, 0, 0, 0, 1, 2, 0, 0, 0, 0, 0, 7, 6, 3, 0, 2, 3, 3, 2, 2, 5, 2, 4, 11, 14, 2, 5, 19, 1, 0, 0, 2, 1, 0, 2, 5, 2, 4, 1, 17, 4, 2, 1, 73, 0, 2, 0, 67, 3, 2, 1, 15, 3, 5, 2, 6, 2, 2, 0, 2, 1, 1, 1, 0, 0, 0, 0, 0, 0, 0, 0, 0, 0, 0, 0, 0, 0, 0, 0, 0, 0, 0, 0, 2, 0, 0, 0, 0, 0, 0, 0, 1, 0, 0, 0, 2, 0, 0, 0, 
91, 0, 0, 3, 2, 1, 1, 0, 0, 1, 0, 0, 0, 0, 0, 0, 1, 0, 0, 0, 0, 0, 1, 0, 0, 2, 1, 1, 2, 3, 1, 1, 1, 1, 5, 3, 1, 27, 3, 3, 1, 23, 0, 1, 0, 1, 0, 2, 2, 3, 1, 2, 0, 29, 2, 2, 0, 60, 3, 6, 1, 64, 2, 2, 2, 22, 10, 3, 3, 13, 1, 1, 1, 2, 4, 2, 0, 1, 0, 0, 0, 1, 0, 0, 0, 0, 0, 0, 0, 0, 0, 0, 0, 1, 0, 0, 0, 1, 0, 0, 0, 0, 0, 0, 0, 0, 0, 0, 0, 0, 0, 0, 0, 
92, 0, 0, 0, 0, 0, 1, 1, 1, 0, 3, 2, 0, 0, 1, 2, 0, 1, 0, 0, 0, 0, 1, 0, 0, 1, 0, 0, 0, 2, 3, 2, 1, 4, 1, 1, 0, 23, 2, 2, 3, 14, 1, 0, 0, 1, 1, 1, 0, 16, 4, 9, 2, 34, 2, 3, 1, 53, 0, 0, 1, 57, 4, 3, 2, 23, 7, 1, 3, 0, 3, 2, 2, 7, 3, 4, 4, 0, 0, 0, 0, 3, 0, 0, 0, 1, 0, 0, 0, 0, 0, 0, 0, 3, 0, 0, 0, 1, 0, 0, 0, 0, 0, 0, 0, 1, 0, 0, 0, 0, 0, 0, 0, 
93, 0, 0, 0, 1, 4, 1, 2, 4, 1, 0, 0, 0, 2, 1, 1, 0, 0, 0, 0, 0, 0, 1, 1, 1, 5, 2, 0, 0, 0, 2, 0, 1, 4, 4, 5, 4, 25, 5, 1, 3, 2, 0, 1, 0, 1, 0, 0, 0, 18, 4, 2, 1, 26, 1, 1, 2, 42, 2, 3, 2, 67, 3, 2, 1, 34, 6, 7, 6, 2, 1, 3, 2, 1, 2, 3, 1, 0, 0, 0, 0, 1, 0, 0, 0, 2, 0, 0, 0, 1, 0, 0, 0, 1, 0, 0, 0, 0, 0, 0, 0, 0, 0, 0, 0, 0, 0, 0, 0, 1, 0, 0, 0, 
94, 0, 0, 0, 0, 2, 2, 2, 0, 0, 0, 0, 1, 1, 0, 1, 0, 0, 0, 0, 0, 0, 2, 0, 0, 4, 1, 2, 2, 1, 1, 0, 0, 4, 1, 4, 3, 28, 8, 9, 1, 1, 0, 1, 1, 7, 2, 7, 1, 33, 4, 4, 0, 23, 3, 2, 1, 58, 4, 2, 2, 50, 5, 0, 2, 34, 6, 3, 6, 0, 2, 1, 0, 1, 1, 1, 1, 0, 0, 0, 0, 0, 0, 0, 0, 1, 0, 0, 0, 0, 0, 0, 0, 3, 0, 0, 0, 0, 0, 0, 0, 1, 0, 0, 0, 0, 0, 0, 0, 0, 0, 0, 0, 
95, 1, 0, 1, 0, 2, 0, 0, 1, 0, 0, 2, 0, 0, 0, 2, 0, 0, 0, 0, 0, 1, 3, 0, 1, 9, 4, 2, 0, 6, 3, 0, 3, 2, 2, 4, 0, 46, 3, 3, 4, 0, 1, 0, 0, 22, 4, 4, 6, 30, 0, 0, 2, 33, 1, 3, 0, 46, 1, 0, 1, 46, 6, 8, 4, 42, 6, 1, 1, 4, 3, 0, 1, 2, 1, 0, 0, 0, 0, 0, 0, 2, 0, 0, 0, 1, 0, 0, 0, 0, 0, 0, 0, 0, 0, 0, 0, 0, 0, 0, 0, 3, 0, 0, 0, 2, 0, 0, 0, 1, 0, 0, 0, 
96, 1, 1, 0, 0, 0, 0, 1, 1, 0, 0, 0, 0, 0, 0, 0, 0, 1, 1, 2, 0, 0, 0, 0, 1, 12, 1, 1, 1, 3, 4, 2, 0, 2, 1, 5, 1, 59, 10, 5, 4, 0, 1, 1, 0, 24, 7, 3, 1, 26, 3, 3, 5, 42, 6, 2, 0, 39, 2, 0, 0, 54, 4, 4, 3, 34, 3, 1, 3, 5, 11, 3, 5, 2, 1, 2, 3, 1, 0, 0, 0, 2, 0, 0, 0, 0, 0, 0, 0, 2, 0, 0, 0, 1, 0, 0, 0, 2, 0, 0, 0, 0, 0, 0, 0, 0, 0, 0, 0, 1, 0, 0, 0, 
97, 0, 0, 0, 0, 0, 0, 0, 0, 0, 1, 0, 2, 0, 1, 0, 0, 0, 0, 0, 0, 0, 0, 0, 0, 16, 4, 5, 1, 3, 1, 2, 0, 8, 3, 1, 2, 83, 4, 3, 1, 1, 1, 2, 0, 27, 4, 3, 4, 28, 5, 3, 1, 46, 4, 2, 4, 42, 2, 0, 2, 46, 3, 3, 0, 34, 11, 5, 2, 6, 11, 5, 5, 2, 1, 0, 1, 2, 0, 0, 0, 0, 0, 0, 0, 2, 0, 0, 0, 4, 0, 0, 0, 0, 0, 0, 0, 0, 0, 0, 0, 0, 0, 0, 0, 3, 0, 0, 0, 0, 0, 0, 0, 
98, 1, 0, 2, 0, 0, 0, 0, 0, 1, 2, 1, 0, 0, 0, 0, 0, 0, 0, 0, 0, 0, 0, 0, 2, 26, 3, 5, 0, 2, 2, 2, 1, 7, 6, 3, 2, 66, 2, 3, 1, 15, 3, 2, 1, 14, 2, 2, 2, 25, 2, 1, 2, 39, 1, 4, 2, 34, 1, 0, 1, 56, 4, 0, 5, 42, 5, 0, 2, 7, 7, 6, 5, 1, 0, 0, 0, 1, 0, 0, 0, 0, 0, 0, 0, 2, 0, 0, 0, 0, 0, 0, 0, 1, 0, 0, 0, 2, 0, 0, 0, 0, 0, 0, 0, 0, 0, 0, 0, 0, 0, 0, 0, 
99, 1, 0, 0, 0, 1, 0, 0, 0, 1, 0, 1, 2, 0, 1, 0, 1, 0, 0, 0, 0, 0, 0, 0, 0, 36, 0, 2, 0, 3, 5, 3, 2, 3, 3, 6, 6, 51, 5, 1, 3, 18, 0, 0, 0, 4, 7, 5, 3, 20, 2, 1, 3, 38, 2, 0, 3, 17, 1, 1, 1, 49, 6, 2, 4, 37, 5, 2, 5, 5, 6, 5, 6, 0, 1, 0, 0, 1, 0, 0, 0, 2, 0, 0, 0, 0, 0, 0, 0, 0, 0, 0, 0, 1, 0, 0, 0, 0, 0, 0, 0, 0, 0, 0, 0, 3, 0, 0, 0, 0, 0, 0, 0, 