0, 2, 1, 1, 0, 1, 1, 0, 1, 0, 0, 0, 0, 0, 1, 1, 0, 0, 1, 0, 0, 0, 1, 0, 1, 0, 0, 1, 1, 2, 1, 0, 0, 0, 0, 0, 0, 3, 2, 0, 1, 1, 1, 0, 0, 4, 1, 1, 0, 2, 4, 1, 0, 3, 0, 2, 0, 0, 0, 0, 1, 2, 4, 2, 4, 2, 3, 2, 1, 0, 1, 1, 1, 2, 0, 1, 0, 0, 0, 0, 0, 0, 0, 0, 0, 0, 0, 0, 0, 1, 0, 0, 0, 0, 0, 0, 0, 1, 0, 0, 0, 1, 0, 0, 0, 1, 0, 0, 0, 1, 0, 0, 0, 
1, 1, 1, 0, 2, 1, 2, 2, 0, 1, 0, 2, 0, 0, 0, 0, 0, 0, 2, 1, 0, 2, 0, 0, 0, 9, 6, 1, 1, 0, 0, 0, 0, 1, 1, 0, 1, 1, 0, 0, 1, 0, 0, 1, 1, 15, 7, 1, 0, 1, 1, 0, 1, 0, 0, 0, 0, 1, 1, 1, 1, 4, 5, 6, 1, 0, 2, 2, 2, 0, 0, 0, 0, 3, 2, 1, 3, 1, 0, 0, 0, 3, 0, 0, 0, 1, 0, 0, 0, 2, 0, 0, 0, 1, 0, 0, 0, 0, 0, 0, 0, 0, 0, 0, 0, 1, 0, 0, 0, 1, 0, 0, 0, 
2, 0, 0, 1, 0, 0, 0, 0, 0, 0, 1, 0, 0, 0, 0, 1, 1, 1, 4, 3, 1, 0, 0, 0, 1, 17, 4, 4, 2, 1, 0, 0, 0, 0, 1, 0, 0, 11, 8, 0, 3, 5, 2, 3, 0, 13, 1, 1, 1, 2, 2, 3, 1, 1, 1, 2, 0, 5, 4, 2, 3, 11, 2, 0, 1, 1, 1, 0, 1, 7, 5, 3, 4, 0, 1, 2, 0, 2, 0, 0, 0, 0, 0, 0, 0, 1, 0, 0, 0, 1, 0, 0, 0, 1, 0, 0, 0, 0, 0, 0, 0, 2, 0, 0, 0, 2, 0, 0, 0, 1, 0, 0, 0, 
3, 0, 0, 0, 0, 0, 0, 0, 0, 0, 1, 0, 1, 0, 1, 0, 0, 0, 0, 0, 1, 0, 1, 0, 0, 21, 2, 3, 2, 0, 6, 2, 2, 1, 1, 3, 1, 21, 1, 2, 1, 1, 2, 1, 2, 4, 2, 7, 2, 7, 1, 0, 2, 2, 0, 0, 1, 4, 0, 0, 2, 4, 0, 0, 1, 0, 0, 0, 1, 2, 7, 1, 2, 9, 1, 1, 1, 2, 0, 0, 0, 0, 0, 0, 0, 1, 0, 0, 0, 1, 0, 0, 0, 3, 0, 0, 0, 0, 0, 0, 0, 0, 0, 0, 0, 1, 0, 0, 0, 0, 0, 0, 0, 
4, 2, 3, 2, 3, 2, 0, 1, 0, 1, 0, 2, 0, 0, 0, 0, 1, 0, 0, 0, 0, 0, 1, 3, 0, 14, 4, 4, 5, 1, 6, 2, 0, 4, 4, 5, 3, 4, 7, 1, 2, 0, 4, 0, 2, 4, 4, 4, 0, 0, 0, 0, 0, 4, 0, 2, 1, 2, 0, 5, 1, 8, 1, 1, 0, 0, 0, 0, 1, 5, 3, 5, 6, 8, 0, 0, 1, 0, 0, 0, 0, 0, 0, 0, 0, 0, 0, 0, 0, 4, 0, 0, 0, 1, 0, 0, 0, 0, 0, 0, 0, 1, 0, 0, 0, 1, 0, 0, 0, 1, 0, 0, 0, 
5, 1, 1, 0, 1, 2, 0, 0, 0, 0, 3, 0, 3, 1, 0, 0, 0, 0, 0, 0, 0, 1, 1, 0, 0, 31, 5, 4, 3, 4, 2, 3, 2, 1, 0, 5, 5, 7, 3, 2, 1, 4, 2, 4, 0, 1, 5, 1, 3, 0, 2, 0, 0, 3, 6, 1, 2, 2, 3, 1, 1, 25, 3, 1, 2, 3, 6, 1, 3, 1, 5, 2, 0, 2, 1, 1, 3, 1, 0, 0, 0, 0, 0, 0, 0, 0, 0, 0, 0, 2, 0, 0, 0, 0, 0, 0, 0, 2, 0, 0, 0, 2, 0, 0, 0, 0, 0, 0, 0, 0, 0, 0, 0, 
6, 0, 0, 1, 1, 0, 1, 1, 0, 0, 0, 0, 0, 2, 1, 0, 0, 2, 0, 1, 1, 0, 0, 0, 0, 23, 5, 2, 1, 3, 3, 2, 4, 7, 4, 5, 1, 13, 3, 2, 5, 2, 1, 0, 0, 2, 0, 0, 2, 1, 2, 2, 0, 4, 1, 1, 2, 0, 0, 0, 0, 16, 1, 1, 2, 5, 6, 7, 5, 6, 3, 1, 1, 0, 2, 1, 2, 1, 0, 0, 0, 1, 0, 0, 0, 1, 0, 0, 0, 2, 0, 0, 0, 1, 0, 0, 0, 1, 0, 0, 0, 0, 0, 0, 0, 1, 0, 0, 0, 0, 0, 0, 0, 
7, 0, 0, 0, 0, 0, 0, 1, 0, 0, 0, 0, 0, 0, 0, 2, 0, 0, 0, 4, 1, 0, 0, 0, 0, 29, 6, 0, 1, 5, 4, 2, 4, 2, 2, 4, 2, 10, 4, 4, 1, 0, 0, 2, 0, 3, 3, 1, 1, 4, 4, 1, 0, 1, 3, 1, 2, 6, 5, 2, 4, 1, 0, 1, 1, 7, 7, 6, 6, 3, 5, 7, 5, 2, 0, 0, 2, 0, 0, 0, 0, 0, 0, 0, 0, 0, 0, 0, 0, 0, 0, 0, 0, 1, 0, 0, 0, 1, 0, 0, 0, 0, 0, 0, 0, 1, 0, 0, 0, 1, 0, 0, 0, 
8, 0, 0, 0, 0, 0, 0, 0, 1, 0, 0, 0, 0, 0, 0, 1, 0, 0, 0, 0, 0, 1, 0, 0, 0, 28, 4, 6, 0, 3, 7, 6, 3, 3, 1, 2, 1, 16, 1, 0, 1, 4, 2, 4, 4, 1, 1, 2, 2, 0, 1, 0, 1, 2, 2, 2, 1, 5, 5, 7, 5, 9, 0, 4, 2, 9, 6, 4, 9, 10, 16, 10, 4, 1, 0, 1, 1, 2, 0, 0, 0, 1, 0, 0, 0, 1, 0, 0, 0, 2, 0, 0, 0, 1, 0, 0, 0, 1, 0, 0, 0, 2, 0, 0, 0, 0, 0, 0, 0, 0, 0, 0, 0, 
9, 1, 1, 0, 0, 1, 0, 0, 0, 1, 0, 1, 1, 0, 0, 1, 0, 0, 0, 1, 0, 0, 0, 0, 0, 30, 1, 0, 2, 12, 10, 4, 5, 20, 3, 5, 1, 0, 3, 0, 2, 3, 1, 1, 4, 2, 0, 0, 0, 8, 2, 3, 2, 5, 5, 3, 2, 4, 3, 11, 1, 4, 3, 8, 3, 8, 3, 9, 7, 13, 14, 7, 6, 1, 2, 3, 4, 1, 0, 0, 0, 0, 0, 0, 0, 1, 0, 0, 0, 0, 0, 0, 0, 0, 0, 0, 0, 0, 0, 0, 0, 0, 0, 0, 0, 0, 0, 0, 0, 2, 0, 0, 0, 
10, 1, 1, 2, 1, 0, 2, 0, 1, 0, 0, 0, 0, 0, 2, 0, 0, 1, 1, 0, 1, 1, 0, 1, 1, 22, 6, 4, 2, 14, 5, 5, 1, 34, 5, 1, 1, 2, 1, 0, 2, 1, 1, 2, 1, 0, 2, 1, 4, 9, 2, 1, 4, 13, 5, 2, 1, 5, 2, 7, 2, 3, 5, 3, 2, 11, 9, 8, 7, 5, 12, 8, 6, 7, 3, 0, 3, 0, 0, 0, 0, 1, 0, 0, 0, 3, 0, 0, 0, 1, 0, 0, 0, 0, 0, 0, 0, 1, 0, 0, 0, 1, 0, 0, 0, 1, 0, 0, 0, 1, 0, 0, 0, 
11, 1, 1, 0, 3, 0, 0, 0, 1, 1, 0, 0, 1, 0, 0, 0, 0, 0, 0, 0, 0, 5, 1, 0, 1, 26, 3, 1, 5, 0, 0, 0, 1, 37, 4, 1, 1, 1, 2, 2, 4, 3, 2, 5, 5, 2, 4, 2, 1, 11, 4, 2, 5, 9, 0, 0, 2, 4, 3, 4, 1, 4, 3, 3, 2, 5, 3, 9, 9, 11, 8, 7, 8, 0, 0, 1, 0, 1, 0, 0, 0, 0, 0, 0, 0, 2, 0, 0, 0, 0, 0, 0, 0, 2, 0, 0, 0, 1, 0, 0, 0, 0, 0, 0, 0, 1, 0, 0, 0, 0, 0, 0, 0, 
12, 0, 3, 1, 2, 0, 0, 0, 0, 1, 0, 0, 0, 1, 1, 0, 0, 0, 2, 1, 0, 2, 0, 4, 1, 36, 4, 0, 4, 6, 0, 3, 0, 52, 0, 5, 1, 3, 3, 3, 2, 2, 0, 4, 2, 5, 3, 2, 0, 5, 2, 2, 3, 13, 0, 1, 0, 2, 1, 2, 3, 2, 1, 1, 0, 6, 4, 6, 6, 6, 5, 12, 5, 0, 0, 1, 0, 1, 0, 0, 0, 2, 0, 0, 0, 1, 0, 0, 0, 0, 0, 0, 0, 0, 0, 0, 0, 0, 0, 0, 0, 2, 0, 0, 0, 1, 0, 0, 0, 1, 0, 0, 0, 
13, 0, 0, 0, 0, 0, 0, 0, 0, 0, 0, 0, 1, 4, 0, 0, 0, 1, 5, 0, 0, 0, 1, 0, 0, 24, 3, 6, 2, 6, 2, 2, 2, 70, 3, 1, 0, 6, 1, 2, 1, 0, 1, 2, 2, 3, 2, 3, 1, 5, 4, 3, 1, 16, 4, 3, 1, 3, 3, 0, 1, 1, 1, 0, 1, 10, 7, 4, 7, 3, 3, 3, 1, 4, 2, 4, 4, 1, 0, 0, 0, 1, 0, 0, 0, 1, 0, 0, 0, 1, 0, 0, 0, 1, 0, 0, 0, 2, 0, 0, 0, 1, 0, 0, 0, 0, 0, 0, 0, 1, 0, 0, 0, 
14, 0, 0, 2, 0, 1, 1, 1, 2, 0, 0, 0, 1, 1, 0, 0, 0, 0, 1, 0, 0, 0, 0, 0, 0, 6, 4, 3, 1, 2, 1, 2, 2, 63, 3, 0, 1, 2, 0, 0, 0, 1, 1, 1, 0, 3, 4, 3, 3, 5, 4, 3, 0, 16, 1, 3, 0, 0, 2, 0, 1, 5, 0, 1, 0, 6, 4, 8, 9, 4, 2, 1, 1, 2, 4, 7, 3, 2, 0, 0, 0, 0, 0, 0, 0, 0, 0, 0, 0, 2, 0, 0, 0, 1, 0, 0, 0, 0, 0, 0, 0, 0, 0, 0, 0, 1, 0, 0, 0, 0, 0, 0, 0, 
15, 1, 0, 1, 0, 0, 0, 0, 0, 2, 1, 1, 0, 0, 0, 0, 0, 1, 0, 1, 1, 0, 0, 0, 0, 4, 4, 1, 8, 5, 3, 2, 1, 65, 3, 0, 1, 6, 3, 1, 0, 2, 2, 3, 2, 0, 1, 0, 1, 2, 1, 1, 5, 10, 0, 0, 0, 1, 1, 0, 0, 1, 0, 1, 0, 14, 7, 7, 4, 4, 4, 2, 3, 3, 5, 6, 8, 0, 0, 0, 0, 0, 0, 0, 0, 1, 0, 0, 0, 0, 0, 0, 0, 1, 0, 0, 0, 0, 0, 0, 0, 0, 0, 0, 0, 1, 0, 0, 0, 0, 0, 0, 0, 
16, 0, 0, 0, 2, 2, 1, 0, 2, 0, 0, 0, 0, 0, 0, 0, 0, 1, 0, 0, 0, 0, 0, 0, 0, 12, 6, 2, 1, 16, 1, 1, 1, 62, 3, 0, 0, 11, 2, 0, 2, 2, 5, 5, 0, 3, 0, 3, 0, 6, 3, 1, 0, 7, 0, 1, 1, 2, 6, 2, 2, 10, 0, 2, 0, 13, 5, 6, 1, 1, 0, 1, 1, 3, 4, 0, 1, 0, 0, 0, 0, 4, 0, 0, 0, 1, 0, 0, 0, 2, 0, 0, 0, 1, 0, 0, 0, 0, 0, 0, 0, 0, 0, 0, 0, 0, 0, 0, 0, 1, 0, 0, 0, 
17, 0, 1, 0, 0, 0, 0, 1, 0, 2, 1, 0, 3, 0, 1, 0, 0, 4, 0, 1, 1, 0, 0, 3, 1, 16, 1, 2, 4, 23, 1, 1, 1, 66, 1, 1, 1, 8, 1, 3, 2, 0, 1, 0, 2, 7, 0, 0, 0, 2, 6, 6, 2, 1, 0, 0, 1, 3, 5, 4, 1, 2, 5, 3, 2, 13, 4, 3, 3, 1, 0, 2, 1, 3, 2, 1, 2, 2, 0, 0, 0, 0, 0, 0, 0, 0, 0, 0, 0, 0, 0, 0, 0, 0, 0, 0, 0, 1, 0, 0, 0, 1, 0, 0, 0, 0, 0, 0, 0, 0, 0, 0, 0, 
18, 2, 2, 0, 1, 1, 2, 0, 0, 0, 0, 0, 0, 0, 2, 0, 0, 0, 1, 1, 2, 0, 2, 0, 2, 12, 3, 1, 1, 16, 2, 5, 1, 55, 0, 1, 0, 13, 0, 3, 0, 5, 2, 0, 4, 14, 0, 0, 1, 7, 6, 5, 3, 2, 2, 1, 1, 2, 2, 0, 1, 8, 1, 0, 0, 10, 4, 7, 2, 1, 2, 0, 0, 21, 3, 0, 0, 1, 0, 0, 0, 1, 0, 0, 0, 0, 0, 0, 0, 1, 0, 0, 0, 2, 0, 0, 0, 1, 0, 0, 0, 0, 0, 0, 0, 1, 0, 0, 0, 0, 0, 0, 0, 
19, 1, 1, 0, 2, 4, 0, 1, 1, 0, 0, 0, 0, 1, 0, 0, 0, 0, 0, 2, 0, 1, 1, 0, 2, 13, 1, 4, 4, 15, 1, 2, 1, 53, 1, 0, 1, 16, 2, 1, 1, 3, 2, 5, 2, 27, 4, 1, 2, 3, 3, 2, 0, 3, 1, 2, 1, 3, 4, 1, 2, 1, 1, 1, 1, 8, 2, 4, 1, 4, 1, 1, 0, 21, 3, 0, 1, 4, 0, 0, 0, 0, 0, 0, 0, 0, 0, 0, 0, 2, 0, 0, 0, 0, 0, 0, 0, 0, 0, 0, 0, 0, 0, 0, 0, 0, 0, 0, 0, 3, 0, 0, 0, 
20, 0, 1, 1, 0, 0, 0, 1, 1, 1, 3, 0, 2, 1, 0, 0, 2, 1, 0, 0, 0, 2, 2, 2, 0, 3, 2, 4, 4, 4, 0, 1, 0, 51, 2, 1, 3, 22, 4, 1, 2, 2, 4, 2, 4, 35, 3, 0, 0, 0, 2, 4, 3, 3, 3, 1, 0, 2, 0, 0, 0, 4, 3, 2, 3, 3, 4, 2, 3, 6, 4, 4, 2, 14, 0, 1, 3, 0, 0, 0, 0, 0, 0, 0, 0, 1, 0, 0, 0, 2, 0, 0, 0, 0, 0, 0, 0, 1, 0, 0, 0, 0, 0, 0, 0, 0, 0, 0, 0, 0, 0, 0, 0, 
21, 0, 0, 0, 2, 1, 1, 0, 1, 0, 0, 0, 0, 1, 0, 0, 0, 0, 1, 0, 0, 0, 0, 0, 0, 9, 7, 2, 2, 9, 6, 2, 0, 48, 2, 2, 0, 30, 5, 4, 2, 2, 2, 3, 0, 30, 2, 0, 0, 0, 0, 1, 0, 6, 5, 1, 1, 2, 0, 4, 0, 3, 1, 4, 4, 9, 3, 5, 6, 16, 7, 9, 11, 0, 2, 4, 0, 4, 0, 0, 0, 0, 0, 0, 0, 1, 0, 0, 0, 1, 0, 0, 0, 0, 0, 0, 0, 0, 0, 0, 0, 2, 0, 0, 0, 0, 0, 0, 0, 2, 0, 0, 0, 
22, 2, 0, 1, 1, 1, 1, 1, 0, 1, 1, 1, 1, 0, 0, 1, 1, 0, 1, 0, 0, 1, 1, 1, 2, 1, 4, 2, 5, 4, 0, 1, 0, 55, 1, 0, 2, 27, 6, 3, 2, 0, 0, 0, 0, 28, 2, 0, 0, 3, 2, 3, 5, 15, 3, 1, 2, 1, 0, 0, 0, 2, 2, 4, 4, 6, 6, 2, 2, 17, 12, 7, 9, 2, 2, 2, 0, 0, 0, 0, 0, 1, 0, 0, 0, 0, 0, 0, 0, 0, 0, 0, 0, 1, 0, 0, 0, 1, 0, 0, 0, 0, 0, 0, 0, 0, 0, 0, 0, 0, 0, 0, 0, 
23, 0, 0, 2, 1, 0, 0, 1, 0, 1, 1, 0, 0, 2, 0, 0, 1, 0, 2, 0, 2, 1, 2, 0, 1, 3, 1, 3, 3, 8, 5, 6, 5, 57, 2, 1, 0, 30, 1, 3, 3, 1, 1, 1, 1, 27, 0, 0, 0, 1, 0, 3, 0, 5, 5, 2, 3, 1, 1, 1, 1, 6, 4, 2, 1, 3, 2, 4, 3, 27, 8, 11, 4, 0, 1, 1, 0, 1, 0, 0, 0, 1, 0, 0, 0, 1, 0, 0, 0, 0, 0, 0, 0, 1, 0, 0, 0, 1, 0, 0, 0, 0, 0, 0, 0, 2, 0, 0, 0, 3, 0, 0, 0, 
24, 0, 0, 0, 1, 1, 1, 0, 2, 0, 0, 0, 0, 0, 0, 0, 0, 0, 0, 2, 0, 1, 0, 0, 0, 6, 7, 1, 1, 6, 5, 5, 4, 56, 2, 0, 1, 31, 5, 1, 1, 0, 2, 1, 2, 17, 2, 3, 1, 2, 5, 1, 1, 2, 11, 2, 2, 4, 1, 0, 2, 3, 1, 2, 0, 2, 3, 2, 1, 39, 11, 11, 6, 6, 6, 1, 6, 0, 0, 0, 0, 0, 0, 0, 0, 0, 0, 0, 0, 0, 0, 0, 0, 0, 0, 0, 0, 0, 0, 0, 0, 2, 0, 0, 0, 0, 0, 0, 0, 0, 0, 0, 0, 
25, 0, 1, 2, 0, 1, 0, 1, 2, 2, 0, 1, 1, 0, 1, 0, 0, 1, 0, 1, 0, 0, 0, 0, 0, 0, 1, 2, 0, 8, 8, 7, 6, 54, 2, 2, 0, 37, 0, 2, 1, 0, 0, 1, 1, 35, 3, 4, 1, 0, 0, 0, 1, 10, 4, 3, 5, 0, 1, 0, 1, 1, 0, 1, 0, 3, 2, 3, 6, 45, 10, 10, 7, 2, 4, 2, 1, 0, 0, 0, 0, 0, 0, 0, 0, 0, 0, 0, 0, 1, 0, 0, 0, 0, 0, 0, 0, 0, 0, 0, 0, 2, 0, 0, 0, 1, 0, 0, 0, 0, 0, 0, 0, 
26, 0, 2, 0, 0, 1, 0, 2, 0, 1, 0, 1, 0, 0, 0, 0, 0, 2, 1, 1, 1, 0, 1, 0, 0, 4, 1, 1, 1, 5, 6, 5, 6, 53, 1, 0, 0, 41, 2, 2, 5, 2, 2, 1, 4, 33, 0, 0, 0, 0, 0, 0, 0, 12, 4, 9, 6, 6, 2, 6, 7, 0, 2, 1, 1, 1, 1, 1, 0, 45, 11, 5, 8, 8, 8, 7, 10, 0, 0, 0, 0, 0, 0, 0, 0, 2, 0, 0, 0, 1, 0, 0, 0, 1, 0, 0, 0, 1, 0, 0, 0, 1, 0, 0, 0, 0, 0, 0, 0, 2, 0, 0, 0, 
27, 0, 0, 2, 0, 1, 1, 2, 0, 0, 0, 0, 0, 0, 0, 0, 1, 0, 1, 0, 0, 0, 1, 3, 0, 8, 5, 1, 1, 2, 3, 5, 7, 58, 2, 2, 1, 37, 1, 3, 2, 13, 3, 2, 7, 18, 0, 1, 0, 0, 2, 0, 1, 8, 5, 3, 9, 5, 6, 4, 7, 2, 5, 1, 0, 4, 9, 1, 8, 48, 5, 6, 8, 12, 6, 5, 8, 2, 0, 0, 0, 1, 0, 0, 0, 1, 0, 0, 0, 0, 0, 0, 0, 4, 0, 0, 0, 0, 0, 0, 0, 1, 0, 0, 0, 0, 0, 0, 0, 1, 0, 0, 0, 
28, 2, 1, 2, 0, 1, 0, 1, 0, 1, 2, 1, 1, 0, 1, 0, 1, 0, 1, 0, 0, 1, 0, 1, 1, 0, 0, 1, 0, 6, 7, 2, 2, 55, 1, 1, 0, 49, 2, 3, 2, 2, 6, 7, 8, 27, 3, 0, 0, 0, 1, 1, 1, 8, 0, 5, 3, 4, 8, 10, 4, 7, 3, 2, 0, 11, 9, 9, 7, 38, 8, 10, 5, 5, 5, 10, 10, 0, 0, 0, 0, 0, 0, 0, 0, 0, 0, 0, 0, 1, 0, 0, 0, 0, 0, 0, 0, 1, 0, 0, 0, 0, 0, 0, 0, 2, 0, 0, 0, 1, 0, 0, 0, 
29, 1, 1, 0, 0, 2, 1, 2, 1, 0, 0, 0, 0, 0, 0, 0, 0, 0, 0, 0, 0, 0, 0, 0, 0, 2, 0, 1, 0, 5, 3, 2, 1, 60, 2, 3, 0, 51, 1, 0, 1, 10, 5, 6, 3, 9, 1, 2, 0, 0, 1, 0, 0, 1, 7, 5, 3, 13, 7, 3, 7, 1, 1, 1, 2, 13, 8, 14, 14, 31, 7, 9, 8, 6, 6, 10, 13, 0, 0, 0, 0, 0, 0, 0, 0, 0, 0, 0, 0, 2, 0, 0, 0, 0, 0, 0, 0, 2, 0, 0, 0, 0, 0, 0, 0, 0, 0, 0, 0, 1, 0, 0, 0, 
30, 1, 4, 0, 1, 1, 1, 1, 0, 1, 1, 0, 1, 0, 0, 1, 1, 0, 0, 0, 1, 1, 1, 1, 2, 1, 0, 1, 3, 6, 3, 4, 3, 36, 0, 1, 1, 53, 1, 1, 2, 5, 3, 9, 10, 9, 1, 0, 0, 6, 4, 2, 2, 5, 4, 3, 6, 22, 6, 5, 5, 3, 1, 0, 2, 17, 9, 8, 17, 26, 8, 6, 3, 10, 8, 15, 5, 2, 0, 0, 0, 0, 0, 0, 0, 0, 0, 0, 0, 0, 0, 0, 0, 2, 0, 0, 0, 3, 0, 0, 0, 0, 0, 0, 0, 0, 0, 0, 0, 1, 0, 0, 0, 
31, 0, 0, 1, 0, 0, 0, 0, 0, 0, 1, 1, 0, 0, 1, 0, 0, 1, 1, 1, 0, 0, 1, 2, 1, 5, 0, 1, 1, 3, 3, 4, 6, 39, 0, 1, 1, 42, 3, 3, 2, 21, 2, 3, 2, 4, 1, 2, 1, 16, 6, 4, 7, 3, 2, 0, 3, 4, 10, 6, 3, 2, 1, 0, 0, 9, 11, 9, 18, 15, 9, 7, 7, 8, 10, 6, 15, 0, 0, 0, 0, 2, 0, 0, 0, 3, 0, 0, 0, 1, 0, 0, 0, 0, 0, 0, 0, 1, 0, 0, 0, 0, 0, 0, 0, 2, 0, 0, 0, 0, 0, 0, 0, 
32, 1, 1, 1, 0, 0, 1, 1, 0, 1, 0, 0, 0, 0, 0, 0, 0, 0, 1, 0, 2, 0, 0, 1, 0, 8, 3, 1, 0, 7, 4, 5, 2, 25, 0, 1, 0, 39, 1, 0, 2, 22, 4, 1, 4, 2, 0, 3, 1, 17, 3, 7, 5, 0, 0, 0, 0, 7, 6, 9, 4, 1, 2, 0, 2, 10, 10, 20, 9, 14, 9, 6, 5, 15, 12, 18, 8, 2, 0, 0, 0, 4, 0, 0, 0, 3, 0, 0, 0, 0, 0, 0, 0, 2, 0, 0, 0, 1, 0, 0, 0, 0, 0, 0, 0, 2, 0, 0, 0, 1, 0, 0, 0, 
33, 1, 1, 0, 0, 0, 0, 0, 0, 0, 3, 0, 1, 0, 1, 1, 2, 1, 0, 0, 0, 2, 3, 1, 3, 7, 4, 2, 0, 8, 2, 5, 3, 10, 2, 0, 0, 45, 1, 1, 0, 6, 6, 5, 7, 0, 0, 0, 0, 15, 7, 4, 4, 1, 1, 1, 0, 7, 12, 9, 6, 6, 4, 5, 6, 12, 18, 15, 18, 10, 11, 4, 4, 17, 10, 17, 6, 1, 0, 0, 0, 1, 0, 0, 0, 0, 0, 0, 0, 0, 0, 0, 0, 0, 0, 0, 0, 0, 0, 0, 0, 0, 0, 0, 0, 1, 0, 0, 0, 1, 0, 0, 0, 
34, 1, 1, 0, 0, 2, 2, 0, 0, 0, 0, 0, 1, 0, 1, 0, 1, 0, 0, 0, 0, 0, 0, 1, 0, 17, 2, 0, 1, 3, 0, 1, 2, 14, 4, 1, 1, 40, 1, 4, 1, 7, 7, 3, 11, 1, 2, 1, 5, 17, 3, 9, 4, 1, 4, 1, 2, 7, 7, 10, 8, 4, 1, 2, 0, 26, 17, 10, 16, 9, 5, 12, 13, 34, 3, 11, 8, 0, 0, 0, 0, 0, 0, 0, 0, 0, 0, 0, 0, 0, 0, 0, 0, 0, 0, 0, 0, 0, 0, 0, 0, 0, 0, 0, 0, 2, 0, 0, 0, 1, 0, 0, 0, 
35, 0, 0, 1, 0, 0, 0, 0, 0, 2, 0, 1, 0, 0, 0, 0, 0, 0, 0, 2, 0, 0, 1, 0, 0, 21, 3, 1, 0, 13, 1, 2, 1, 14, 2, 1, 0, 38, 2, 3, 0, 6, 3, 6, 9, 2, 1, 3, 0, 7, 6, 8, 9, 1, 0, 3, 0, 8, 2, 9, 4, 11, 1, 1, 0, 28, 11, 17, 7, 8, 15, 12, 11, 25, 14, 3, 7, 1, 0, 0, 0, 0, 0, 0, 0, 2, 0, 0, 0, 2, 0, 0, 0, 0, 0, 0, 0, 2, 0, 0, 0, 4, 0, 0, 0, 0, 0, 0, 0, 0, 0, 0, 0, 
36, 0, 0, 0, 0, 2, 0, 2, 0, 0, 1, 0, 0, 1, 1, 0, 1, 0, 0, 0, 1, 1, 0, 1, 2, 22, 0, 0, 0, 15, 2, 0, 2, 11, 1, 1, 0, 32, 2, 1, 2, 6, 12, 10, 10, 0, 1, 1, 1, 7, 9, 11, 4, 5, 1, 0, 1, 24, 8, 7, 5, 0, 0, 0, 0, 15, 14, 10, 7, 8, 19, 13, 8, 17, 6, 7, 9, 0, 0, 0, 0, 1, 0, 0, 0, 2, 0, 0, 0, 0, 0, 0, 0, 0, 0, 0, 0, 1, 0, 0, 0, 0, 0, 0, 0, 0, 0, 0, 0, 2, 0, 0, 0, 
37, 1, 0, 0, 3, 1, 0, 0, 0, 1, 0, 2, 0, 2, 1, 0, 1, 0, 0, 0, 0, 0, 0, 2, 0, 27, 0, 4, 1, 19, 2, 3, 4, 13, 0, 1, 1, 37, 1, 2, 3, 9, 8, 3, 10, 0, 2, 0, 3, 10, 7, 5, 7, 7, 1, 2, 1, 20, 4, 5, 3, 0, 6, 1, 3, 12, 12, 12, 12, 6, 13, 15, 4, 14, 10, 12, 9, 0, 0, 0, 0, 0, 0, 0, 0, 1, 0, 0, 0, 0, 0, 0, 0, 0, 0, 0, 0, 1, 0, 0, 0, 0, 0, 0, 0, 0, 0, 0, 0, 1, 0, 0, 0, 
38, 4, 0, 0, 1, 1, 2, 1, 0, 2, 1, 1, 0, 1, 0, 0, 0, 2, 3, 2, 0, 0, 0, 0, 2, 47, 3, 0, 1, 32, 2, 1, 1, 2, 1, 2, 2, 34, 3, 0, 5, 14, 9, 7, 7, 0, 0, 1, 2, 16, 9, 5, 4, 14, 1, 1, 0, 16, 5, 4, 6, 1, 1, 0, 0, 5, 7, 11, 13, 8, 12, 11, 11, 7, 17, 11, 6, 0, 0, 0, 0, 1, 0, 0, 0, 1, 0, 0, 0, 2, 0, 0, 0, 0, 0, 0, 0, 2, 0, 0, 0, 1, 0, 0, 0, 0, 0, 0, 0, 1, 0, 0, 0, 
39, 1, 1, 0, 1, 0, 0, 0, 1, 0, 0, 0, 0, 0, 0, 0, 0, 0, 1, 0, 0, 2, 1, 1, 0, 45, 1, 0, 1, 34, 6, 3, 1, 0, 2, 1, 0, 39, 3, 2, 2, 10, 4, 6, 12, 1, 0, 0, 2, 17, 7, 4, 8, 12, 1, 1, 1, 20, 6, 6, 6, 5, 4, 3, 3, 12, 9, 7, 11, 10, 14, 11, 6, 9, 12, 13, 12, 0, 0, 0, 0, 2, 0, 0, 0, 1, 0, 0, 0, 0, 0, 0, 0, 1, 0, 0, 0, 1, 0, 0, 0, 0, 0, 0, 0, 1, 0, 0, 0, 1, 0, 0, 0, 
40, 2, 0, 2, 0, 1, 1, 0, 1, 0, 2, 1, 1, 0, 0, 0, 1, 3, 0, 0, 0, 1, 1, 0, 0, 55, 0, 1, 1, 36, 4, 2, 0, 0, 0, 0, 0, 26, 1, 0, 1, 2, 2, 5, 6, 5, 8, 3, 0, 20, 4, 4, 3, 9, 3, 3, 0, 12, 4, 4, 5, 1, 2, 1, 5, 7, 6, 9, 7, 11, 14, 10, 3, 15, 13, 16, 14, 0, 0, 0, 0, 0, 0, 0, 0, 0, 0, 0, 0, 1, 0, 0, 0, 0, 0, 0, 0, 4, 0, 0, 0, 2, 0, 0, 0, 1, 0, 0, 0, 0, 0, 0, 0, 
41, 0, 0, 0, 0, 0, 0, 0, 1, 2, 1, 1, 1, 1, 1, 0, 0, 0, 0, 0, 0, 0, 0, 0, 4, 69, 0, 0, 1, 33, 1, 4, 1, 1, 0, 0, 0, 34, 4, 0, 1, 11, 2, 7, 8, 3, 4, 1, 0, 9, 13, 4, 3, 12, 2, 0, 0, 11, 6, 13, 5, 2, 1, 0, 0, 4, 2, 4, 4, 12, 13, 11, 8, 17, 15, 11, 10, 0, 0, 0, 0, 0, 0, 0, 0, 1, 0, 0, 0, 0, 0, 0, 0, 1, 0, 0, 0, 1, 0, 0, 0, 2, 0, 0, 0, 1, 0, 0, 0, 1, 0, 0, 0, 
42, 0, 0, 0, 0, 3, 2, 1, 0, 0, 1, 1, 0, 0, 0, 0, 0, 1, 1, 0, 0, 3, 0, 4, 2, 84, 1, 1, 0, 43, 1, 0, 0, 3, 3, 3, 2, 27, 3, 4, 3, 14, 4, 2, 5, 1, 1, 3, 0, 11, 11, 2, 6, 6, 2, 0, 1, 24, 10, 3, 8, 1, 5, 1, 0, 3, 3, 4, 4, 12, 16, 14, 14, 16, 16, 10, 16, 0, 0, 0, 0, 0, 0, 0, 0, 2, 0, 0, 0, 0, 0, 0, 0, 0, 0, 0, 0, 0, 0, 0, 0, 1, 0, 0, 0, 1, 0, 0, 0, 1, 0, 0, 0, 
43, 1, 0, 0, 0, 0, 0, 1, 0, 0, 1, 0, 0, 1, 0, 1, 0, 1, 2, 1, 1, 0, 0, 0, 0, 75, 0, 1, 1, 42, 3, 2, 1, 1, 1, 0, 2, 29, 8, 2, 2, 22, 6, 3, 3, 1, 0, 2, 3, 17, 11, 10, 3, 4, 4, 1, 1, 23, 5, 7, 2, 2, 0, 1, 2, 6, 3, 5, 3, 22, 7, 18, 10, 15, 14, 11, 7, 0, 0, 0, 0, 0, 0, 0, 0, 1, 0, 0, 0, 0, 0, 0, 0, 3, 0, 0, 0, 0, 0, 0, 0, 2, 0, 0, 0, 1, 0, 0, 0, 0, 0, 0, 0, 
44, 0, 3, 1, 0, 0, 0, 1, 0, 0, 0, 2, 1, 0, 0, 0, 1, 0, 0, 0, 0, 1, 1, 0, 3, 74, 1, 0, 0, 29, 5, 1, 1, 2, 2, 3, 2, 34, 3, 1, 3, 29, 5, 4, 3, 10, 3, 4, 2, 30, 9, 6, 9, 2, 2, 5, 3, 17, 2, 5, 2, 3, 1, 4, 5, 4, 9, 7, 3, 21, 11, 16, 8, 9, 9, 17, 9, 1, 0, 0, 0, 0, 0, 0, 0, 0, 0, 0, 0, 0, 0, 0, 0, 1, 0, 0, 0, 1, 0, 0, 0, 2, 0, 0, 0, 2, 0, 0, 0, 1, 0, 0, 0, 
45, 1, 1, 0, 0, 0, 0, 0, 0, 1, 1, 0, 0, 1, 0, 0, 0, 0, 1, 0, 0, 0, 0, 0, 0, 80, 1, 0, 0, 13, 3, 5, 1, 0, 1, 0, 1, 35, 1, 2, 1, 18, 5, 2, 1, 4, 7, 7, 1, 33, 5, 11, 9, 5, 1, 4, 2, 15, 5, 5, 6, 5, 1, 6, 4, 3, 10, 7, 9, 28, 14, 9, 8, 13, 15, 8, 4, 2, 0, 0, 0, 2, 0, 0, 0, 1, 0, 0, 0, 3, 0, 0, 0, 0, 0, 0, 0, 0, 0, 0, 0, 2, 0, 0, 0, 0, 0, 0, 0, 1, 0, 0, 0, 
46, 0, 0, 2, 0, 1, 1, 0, 0, 0, 0, 0, 0, 1, 3, 1, 1, 0, 0, 0, 0, 0, 1, 0, 0, 83, 0, 1, 0, 22, 3, 1, 0, 17, 4, 2, 3, 33, 8, 1, 3, 27, 5, 4, 4, 10, 2, 2, 1, 28, 7, 4, 3, 3, 4, 2, 3, 7, 13, 8, 4, 3, 3, 5, 3, 12, 6, 8, 6, 30, 7, 9, 6, 15, 12, 5, 7, 2, 0, 0, 0, 2, 0, 0, 0, 1, 0, 0, 0, 1, 0, 0, 0, 0, 0, 0, 0, 2, 0, 0, 0, 0, 0, 0, 0, 1, 0, 0, 0, 1, 0, 0, 0, 
47, 0, 0, 0, 0, 2, 0, 1, 1, 1, 0, 0, 0, 0, 0, 0, 0, 0, 0, 0, 0, 1, 0, 0, 2, 100, 2, 0, 1, 18, 0, 0, 1, 10, 3, 1, 2, 48, 6, 2, 1, 29, 7, 5, 4, 7, 3, 4, 2, 25, 3, 6, 3, 5, 2, 2, 1, 8, 3, 6, 7, 12, 6, 5, 6, 9, 7, 10, 8, 19, 13, 12, 11, 6, 8, 6, 4, 1, 0, 0, 0, 1, 0, 0, 0, 0, 0, 0, 0, 2, 0, 0, 0, 1, 0, 0, 0, 1, 0, 0, 0, 1, 0, 0, 0, 0, 0, 0, 0, 0, 0, 0, 0, 
48, 0, 0, 0, 0, 1, 1, 0, 0, 0, 0, 1, 0, 0, 0, 0, 0, 2, 4, 0, 0, 0, 0, 1, 1, 97, 1, 0, 1, 2, 1, 2, 0, 6, 4, 6, 3, 65, 0, 0, 3, 33, 5, 5, 2, 2, 4, 7, 2, 14, 5, 10, 6, 1, 4, 0, 2, 11, 3, 2, 4, 15, 7, 6, 5, 6, 4, 6, 5, 18, 12, 9, 10, 15, 13, 11, 8, 0, 0, 0, 0, 1, 0, 0, 0, 0, 0, 0, 0, 0, 0, 0, 0, 1, 0, 0, 0, 1, 0, 0, 0, 4, 0, 0, 0, 2, 0, 0, 0, 0, 0, 0, 0, 
49, 0, 0, 0, 0, 2, 1, 1, 0, 0, 0, 2, 0, 0, 1, 0, 0, 0, 0, 0, 1, 0, 0, 0, 0, 80, 2, 0, 0, 1, 0, 2, 0, 11, 5, 5, 8, 66, 1, 2, 0, 34, 1, 1, 2, 8, 8, 6, 4, 28, 14, 4, 6, 0, 0, 2, 0, 4, 4, 2, 4, 19, 8, 3, 9, 4, 7, 7, 3, 19, 13, 14, 8, 23, 8, 12, 6, 1, 0, 0, 0, 1, 0, 0, 0, 1, 0, 0, 0, 0, 0, 0, 0, 1, 0, 0, 0, 0, 0, 0, 0, 0, 0, 0, 0, 5, 0, 0, 0, 0, 0, 0, 0, 
50, 2, 2, 2, 0, 0, 0, 0, 1, 1, 0, 0, 0, 0, 2, 0, 0, 4, 0, 2, 0, 0, 0, 2, 0, 77, 2, 1, 1, 0, 1, 0, 0, 30, 6, 5, 3, 72, 6, 2, 1, 23, 4, 3, 6, 8, 7, 4, 2, 32, 6, 5, 5, 14, 0, 0, 0, 3, 7, 4, 5, 29, 7, 5, 1, 3, 8, 3, 1, 24, 16, 6, 8, 12, 10, 5, 3, 2, 0, 0, 0, 1, 0, 0, 0, 0, 0, 0, 0, 2, 0, 0, 0, 0, 0, 0, 0, 0, 0, 0, 0, 0, 0, 0, 0, 0, 0, 0, 0, 0, 0, 0, 0, 
51, 0, 0, 0, 0, 2, 0, 0, 0, 0, 0, 0, 0, 1, 0, 0, 0, 3, 0, 1, 0, 1, 0, 0, 0, 72, 2, 0, 0, 2, 0, 4, 2, 18, 3, 2, 7, 79, 1, 2, 3, 39, 10, 5, 2, 18, 5, 10, 2, 25, 8, 11, 5, 12, 0, 0, 0, 6, 5, 5, 2, 19, 6, 4, 7, 3, 5, 3, 5, 26, 16, 12, 8, 9, 7, 9, 4, 0, 0, 0, 0, 2, 0, 0, 0, 3, 0, 0, 0, 1, 0, 0, 0, 3, 0, 0, 0, 1, 0, 0, 0, 0, 0, 0, 0, 0, 0, 0, 0, 0, 0, 0, 0, 
52, 3, 4, 0, 1, 0, 0, 0, 1, 0, 0, 0, 0, 2, 1, 2, 0, 0, 0, 0, 0, 0, 1, 1, 1, 66, 0, 1, 4, 13, 1, 1, 0, 24, 7, 2, 4, 79, 0, 2, 3, 52, 5, 1, 2, 18, 7, 7, 8, 37, 10, 4, 7, 8, 4, 1, 0, 1, 3, 2, 2, 7, 8, 5, 3, 0, 0, 0, 0, 37, 16, 14, 9, 8, 9, 9, 6, 2, 0, 0, 0, 1, 0, 0, 0, 0, 0, 0, 0, 1, 0, 0, 0, 1, 0, 0, 0, 1, 0, 0, 0, 0, 0, 0, 0, 1, 0, 0, 0, 0, 0, 0, 0, 
53, 0, 1, 1, 0, 1, 0, 0, 0, 0, 1, 1, 1, 0, 0, 0, 1, 0, 1, 0, 0, 0, 2, 0, 0, 64, 0, 0, 1, 8, 4, 0, 1, 28, 10, 3, 3, 79, 0, 0, 0, 51, 9, 1, 6, 31, 6, 3, 6, 43, 11, 5, 4, 12, 1, 1, 1, 5, 0, 1, 0, 2, 3, 0, 2, 5, 1, 2, 2, 48, 19, 11, 8, 17, 7, 9, 7, 0, 0, 0, 0, 2, 0, 0, 0, 0, 0, 0, 0, 1, 0, 0, 0, 0, 0, 0, 0, 2, 0, 0, 0, 2, 0, 0, 0, 1, 0, 0, 0, 2, 0, 0, 0, 
54, 1, 1, 0, 3, 0, 0, 0, 0, 0, 0, 0, 0, 1, 0, 0, 0, 1, 3, 0, 0, 0, 0, 0, 0, 66, 2, 1, 1, 13, 2, 0, 0, 30, 5, 4, 4, 68, 1, 2, 1, 64, 3, 2, 7, 36, 4, 2, 1, 32, 12, 8, 5, 19, 0, 0, 0, 3, 3, 1, 1, 6, 7, 5, 9, 3, 6, 0, 0, 59, 12, 11, 11, 6, 11, 8, 2, 0, 0, 0, 0, 1, 0, 0, 0, 1, 0, 0, 0, 1, 0, 0, 0, 0, 0, 0, 0, 1, 0, 0, 0, 2, 0, 0, 0, 1, 0, 0, 0, 1, 0, 0, 0, 
55, 1, 1, 0, 1, 2, 1, 0, 1, 0, 0, 0, 0, 0, 2, 0, 0, 0, 0, 1, 0, 0, 0, 0, 0, 56, 1, 3, 0, 20, 3, 1, 2, 36, 5, 6, 4, 69, 2, 3, 0, 75, 4, 5, 4, 34, 5, 4, 4, 23, 7, 7, 2, 24, 2, 0, 1, 1, 2, 0, 0, 4, 4, 4, 0, 0, 0, 0, 1, 57, 16, 12, 13, 18, 8, 6, 8, 0, 0, 0, 0, 0, 0, 0, 0, 1, 0, 0, 0, 1, 0, 0, 0, 1, 0, 0, 0, 0, 0, 0, 0, 1, 0, 0, 0, 1, 0, 0, 0, 2, 0, 0, 0, 
56, 2, 1, 1, 1, 0, 0, 1, 0, 0, 0, 0, 0, 0, 1, 1, 0, 0, 0, 0, 0, 0, 0, 1, 1, 61, 1, 2, 0, 20, 1, 0, 0, 34, 2, 2, 1, 63, 4, 1, 2, 72, 10, 4, 3, 22, 2, 5, 5, 22, 11, 5, 6, 34, 10, 0, 1, 10, 0, 1, 1, 9, 7, 6, 2, 2, 1, 1, 4, 67, 13, 11, 12, 3, 7, 8, 4, 0, 0, 0, 0, 3, 0, 0, 0, 1, 0, 0, 0, 1, 0, 0, 0, 0, 0, 0, 0, 2, 0, 0, 0, 0, 0, 0, 0, 2, 0, 0, 0, 0, 0, 0, 0, 
57, 0, 0, 0, 0, 0, 1, 0, 0, 0, 0, 1, 1, 2, 0, 0, 1, 0, 0, 0, 0, 2, 0, 1, 2, 82, 3, 1, 0, 18, 4, 2, 1, 16, 8, 0, 3, 58, 1, 2, 4, 81, 4, 9, 5, 16, 7, 3, 2, 24, 3, 12, 7, 47, 3, 0, 0, 1, 0, 0, 1, 16, 1, 4, 2, 3, 3, 6, 6, 76, 12, 13, 8, 5, 6, 4, 6, 1, 0, 0, 0, 0, 0, 0, 0, 1, 0, 0, 0, 2, 0, 0, 0, 1, 0, 0, 0, 0, 0, 0, 0, 1, 0, 0, 0, 0, 0, 0, 0, 1, 0, 0, 0, 
58, 4, 1, 0, 1, 0, 0, 0, 0, 0, 0, 0, 1, 1, 2, 0, 0, 0, 1, 0, 0, 0, 1, 1, 0, 80, 1, 0, 0, 13, 3, 2, 0, 17, 5, 4, 2, 59, 2, 2, 2, 100, 5, 2, 4, 35, 5, 11, 5, 28, 10, 10, 5, 54, 1, 0, 1, 0, 1, 0, 0, 15, 8, 2, 1, 4, 1, 3, 2, 75, 15, 10, 5, 2, 5, 4, 4, 1, 0, 0, 0, 1, 0, 0, 0, 0, 0, 0, 0, 0, 0, 0, 0, 2, 0, 0, 0, 1, 0, 0, 0, 1, 0, 0, 0, 3, 0, 0, 0, 0, 0, 0, 0, 
59, 4, 1, 0, 0, 2, 0, 2, 1, 0, 0, 1, 0, 0, 0, 0, 1, 0, 4, 1, 1, 0, 1, 0, 0, 73, 0, 0, 0, 31, 8, 0, 0, 15, 3, 4, 2, 72, 2, 1, 1, 100, 12, 2, 5, 54, 9, 3, 3, 33, 9, 3, 8, 47, 0, 0, 0, 0, 1, 1, 2, 21, 3, 4, 2, 2, 4, 2, 1, 71, 8, 16, 14, 3, 7, 1, 1, 2, 0, 0, 0, 0, 0, 0, 0, 1, 0, 0, 0, 0, 0, 0, 0, 1, 0, 0, 0, 1, 0, 0, 0, 2, 0, 0, 0, 2, 0, 0, 0, 0, 0, 0, 0, 
60, 0, 0, 1, 0, 1, 1, 2, 1, 1, 0, 0, 0, 0, 2, 0, 0, 0, 0, 0, 0, 1, 0, 1, 1, 66, 2, 0, 0, 38, 3, 1, 0, 21, 4, 3, 6, 80, 4, 2, 0, 100, 4, 2, 2, 48, 3, 3, 3, 23, 9, 13, 6, 53, 2, 0, 0, 0, 1, 2, 0, 8, 3, 4, 5, 2, 3, 3, 2, 76, 14, 18, 10, 4, 4, 5, 3, 1, 0, 0, 0, 1, 0, 0, 0, 0, 0, 0, 0, 1, 0, 0, 0, 0, 0, 0, 0, 2, 0, 0, 0, 1, 0, 0, 0, 0, 0, 0, 0, 2, 0, 0, 0, 
61, 2, 0, 0, 2, 4, 0, 1, 0, 0, 0, 0, 0, 0, 0, 0, 0, 1, 1, 0, 0, 0, 2, 0, 1, 61, 2, 0, 0, 53, 4, 3, 2, 16, 3, 3, 4, 71, 4, 1, 1, 100, 4, 2, 4, 53, 5, 2, 3, 29, 10, 8, 5, 54, 0, 0, 0, 2, 4, 5, 2, 5, 5, 5, 6, 5, 2, 4, 2, 85, 14, 11, 11, 2, 8, 8, 4, 0, 0, 0, 0, 0, 0, 0, 0, 1, 0, 0, 0, 1, 0, 0, 0, 1, 0, 0, 0, 3, 0, 0, 0, 0, 0, 0, 0, 2, 0, 0, 0, 1, 0, 0, 0, 
62, 1, 2, 0, 0, 0, 0, 0, 1, 1, 0, 1, 0, 0, 0, 0, 0, 1, 1, 0, 0, 1, 2, 0, 0, 59, 5, 1, 1, 63, 1, 2, 1, 5, 3, 3, 4, 82, 6, 2, 0, 100, 4, 1, 1, 62, 7, 4, 4, 33, 11, 9, 2, 62, 4, 1, 1, 2, 4, 3, 4, 2, 1, 3, 3, 1, 0, 0, 1, 85, 9, 10, 9, 3, 6, 5, 3, 1, 0, 0, 0, 2, 0, 0, 0, 1, 0, 0, 0, 0, 0, 0, 0, 0, 0, 0, 0, 1, 0, 0, 0, 0, 0, 0, 0, 3, 0, 0, 0, 1, 0, 0, 0, 
63, 1, 0, 0, 0, 0, 2, 0, 1, 0, 0, 0, 0, 0, 0, 1, 2, 0, 1, 0, 2, 0, 0, 0, 1, 50, 0, 1, 0, 61, 4, 1, 1, 6, 8, 7, 6, 79, 1, 2, 2, 100, 3, 5, 2, 69, 8, 6, 5, 31, 4, 8, 7, 70, 0, 2, 1, 1, 1, 1, 1, 1, 1, 2, 3, 1, 0, 3, 1, 84, 9, 8, 16, 8, 3, 10, 12, 0, 0, 0, 0, 0, 0, 0, 0, 0, 0, 0, 0, 2, 0, 0, 0, 1, 0, 0, 0, 0, 0, 0, 0, 0, 0, 0, 0, 1, 0, 0, 0, 0, 0, 0, 0, 
64, 3, 1, 1, 0, 2, 1, 0, 1, 0, 1, 0, 0, 1, 0, 0, 0, 1, 0, 0, 0, 0, 0, 1, 1, 51, 0, 2, 0, 73, 2, 3, 3, 13, 5, 1, 6, 75, 2, 4, 0, 100, 3, 7, 0, 73, 3, 3, 2, 12, 5, 6, 12, 65, 3, 0, 0, 5, 4, 0, 1, 0, 5, 4, 5, 1, 0, 1, 1, 88, 18, 10, 11, 5, 10, 4, 6, 1, 0, 0, 0, 0, 0, 0, 0, 1, 0, 0, 0, 2, 0, 0, 0, 0, 0, 0, 0, 0, 0, 0, 0, 1, 0, 0, 0, 1, 0, 0, 0, 0, 0, 0, 0, 
65, 0, 1, 1, 1, 0, 0, 0, 0, 1, 0, 0, 2, 1, 0, 0, 0, 0, 0, 1, 0, 0, 1, 0, 0, 57, 1, 1, 0, 79, 2, 0, 3, 13, 9, 5, 5, 78, 2, 2, 1, 100, 2, 2, 6, 65, 5, 1, 4, 17, 6, 6, 6, 54, 0, 3, 0, 3, 1, 1, 5, 2, 4, 3, 0, 0, 1, 2, 0, 90, 19, 10, 10, 10, 5, 7, 14, 3, 0, 0, 0, 0, 0, 0, 0, 2, 0, 0, 0, 0, 0, 0, 0, 0, 0, 0, 0, 0, 0, 0, 0, 0, 0, 0, 0, 0, 0, 0, 0, 3, 0, 0, 0, 
66, 1, 0, 1, 0, 0, 1, 1, 0, 3, 5, 1, 0, 1, 0, 0, 0, 2, 1, 1, 2, 0, 0, 1, 0, 42, 1, 0, 2, 74, 0, 1, 0, 23, 6, 3, 1, 83, 3, 2, 1, 100, 5, 2, 2, 59, 0, 4, 4, 14, 9, 4, 7, 49, 1, 1, 0, 6, 3, 2, 3, 8, 9, 3, 6, 0, 0, 1, 0, 100, 13, 15, 10, 7, 13, 6, 4, 0, 0, 0, 0, 0, 0, 0, 0, 2, 0, 0, 0, 2, 0, 0, 0, 0, 0, 0, 0, 1, 0, 0, 0, 1, 0, 0, 0, 0, 0, 0, 0, 0, 0, 0, 0, 
67, 0, 2, 1, 0, 1, 0, 0, 0, 1, 1, 1, 1, 0, 0, 0, 0, 9, 1, 0, 0, 0, 0, 0, 2, 52, 0, 3, 0, 67, 3, 1, 1, 9, 5, 3, 3, 77, 1, 3, 2, 100, 7, 1, 2, 53, 3, 3, 4, 20, 7, 5, 9, 42, 0, 1, 0, 2, 4, 3, 4, 3, 5, 5, 4, 1, 2, 1, 3, 100, 16, 10, 8, 11, 11, 8, 7, 0, 0, 0, 0, 1, 0, 0, 0, 0, 0, 0, 0, 2, 0, 0, 0, 1, 0, 0, 0, 2, 0, 0, 0, 3, 0, 0, 0, 0, 0, 0, 0, 1, 0, 0, 0, 
68, 2, 1, 0, 0, 1, 0, 0, 0, 1, 2, 0, 0, 0, 1, 0, 0, 0, 1, 0, 1, 0, 0, 0, 1, 64, 3, 0, 1, 55, 1, 2, 1, 11, 4, 5, 2, 68, 3, 1, 1, 92, 1, 4, 2, 48, 4, 1, 3, 29, 5, 6, 5, 35, 1, 0, 1, 3, 3, 2, 1, 5, 10, 2, 4, 0, 4, 2, 3, 100, 13, 13, 14, 17, 2, 8, 7, 0, 0, 0, 0, 1, 0, 0, 0, 0, 0, 0, 0, 1, 0, 0, 0, 0, 0, 0, 0, 0, 0, 0, 0, 0, 0, 0, 0, 4, 0, 0, 0, 0, 0, 0, 0, 
69, 0, 0, 1, 0, 0, 4, 0, 1, 0, 1, 0, 0, 0, 2, 1, 0, 1, 0, 0, 0, 1, 1, 0, 2, 76, 5, 0, 3, 51, 3, 0, 3, 1, 2, 0, 2, 80, 3, 3, 3, 90, 6, 3, 7, 53, 4, 5, 5, 20, 6, 6, 5, 43, 0, 0, 1, 2, 1, 3, 2, 4, 2, 2, 1, 1, 4, 1, 5, 100, 8, 8, 13, 7, 5, 3, 3, 1, 0, 0, 0, 1, 0, 0, 0, 0, 0, 0, 0, 0, 0, 0, 0, 0, 0, 0, 0, 1, 0, 0, 0, 4, 0, 0, 0, 1, 0, 0, 0, 1, 0, 0, 0, 
70, 0, 0, 0, 0, 0, 0, 1, 1, 0, 0, 0, 0, 1, 1, 1, 1, 3, 2, 0, 0, 1, 2, 1, 0, 98, 3, 1, 0, 46, 0, 2, 0, 6, 4, 2, 2, 90, 5, 2, 1, 100, 5, 3, 4, 67, 5, 5, 2, 13, 7, 8, 5, 41, 0, 0, 1, 2, 0, 0, 0, 1, 2, 4, 4, 8, 5, 2, 3, 100, 20, 10, 6, 3, 4, 3, 2, 2, 0, 0, 0, 1, 0, 0, 0, 0, 0, 0, 0, 1, 0, 0, 0, 0, 0, 0, 0, 0, 0, 0, 0, 0, 0, 0, 0, 0, 0, 0, 0, 1, 0, 0, 0, 
71, 0, 0, 0, 0, 1, 1, 0, 0, 0, 1, 1, 1, 0, 0, 0, 0, 1, 0, 0, 0, 0, 0, 0, 1, 86, 0, 0, 3, 40, 3, 1, 1, 5, 3, 5, 2, 89, 0, 2, 0, 100, 6, 1, 7, 49, 5, 2, 4, 14, 8, 5, 3, 42, 1, 0, 0, 11, 3, 2, 0, 1, 1, 0, 0, 1, 3, 5, 3, 100, 13, 5, 14, 2, 2, 7, 2, 0, 0, 0, 0, 0, 0, 0, 0, 0, 0, 0, 0, 0, 0, 0, 0, 0, 0, 0, 0, 0, 0, 0, 0, 1, 0, 0, 0, 1, 0, 0, 0, 0, 0, 0, 0, 
72, 1, 0, 0, 0, 0, 0, 0, 0, 1, 0, 0, 1, 1, 0, 0, 0, 0, 0, 2, 0, 0, 0, 2, 0, 91, 0, 0, 0, 48, 1, 0, 0, 9, 2, 4, 2, 88, 6, 1, 1, 100, 2, 7, 4, 60, 6, 5, 4, 0, 1, 1, 4, 48, 2, 0, 0, 12, 2, 5, 1, 1, 1, 3, 1, 4, 3, 1, 2, 100, 19, 13, 6, 3, 2, 2, 3, 1, 0, 0, 0, 1, 0, 0, 0, 0, 0, 0, 0, 0, 0, 0, 0, 0, 0, 0, 0, 1, 0, 0, 0, 2, 0, 0, 0, 1, 0, 0, 0, 0, 0, 0, 0, 
73, 1, 1, 0, 0, 0, 0, 0, 1, 1, 1, 0, 0, 0, 0, 0, 0, 1, 3, 0, 0, 2, 0, 0, 1, 93, 1, 1, 0, 51, 3, 4, 3, 18, 5, 4, 1, 83, 3, 1, 1, 100, 2, 3, 5, 68, 3, 3, 3, 3, 2, 3, 2, 38, 0, 0, 0, 1, 3, 3, 0, 5, 0, 0, 1, 7, 6, 9, 4, 100, 8, 15, 13, 3, 1, 2, 4, 0, 0, 0, 0, 2, 0, 0, 0, 0, 0, 0, 0, 0, 0, 0, 0, 2, 0, 0, 0, 1, 0, 0, 0, 0, 0, 0, 0, 0, 0, 0, 0, 0, 0, 0, 0, 
74, 0, 1, 1, 0, 0, 0, 0, 1, 1, 0, 0, 0, 0, 0, 0, 2, 4, 3, 1, 3, 0, 0, 0, 0, 93, 5, 2, 1, 47, 0, 0, 2, 21, 2, 3, 4, 87, 3, 2, 0, 100, 4, 3, 6, 72, 8, 6, 4, 5, 1, 2, 2, 31, 3, 1, 0, 0, 0, 0, 1, 2, 6, 3, 1, 7, 4, 4, 2, 100, 14, 13, 9, 4, 3, 1, 3, 0, 0, 0, 0, 1, 0, 0, 0, 0, 0, 0, 0, 1, 0, 0, 0, 1, 0, 0, 0, 0, 0, 0, 0, 0, 0, 0, 0, 2, 0, 0, 0, 1, 0, 0, 0, 
75, 0, 1, 1, 0, 0, 1, 0, 0, 0, 1, 0, 0, 0, 0, 0, 0, 2, 0, 1, 0, 0, 0, 0, 1, 97, 2, 0, 0, 57, 4, 1, 0, 38, 2, 5, 3, 74, 3, 1, 4, 96, 4, 4, 7, 91, 8, 3, 4, 13, 4, 4, 3, 36, 2, 0, 0, 2, 3, 0, 0, 2, 1, 1, 2, 7, 7, 5, 7, 100, 14, 8, 5, 2, 1, 0, 1, 0, 0, 0, 0, 0, 0, 0, 0, 1, 0, 0, 0, 0, 0, 0, 0, 1, 0, 0, 0, 1, 0, 0, 0, 2, 0, 0, 0, 1, 0, 0, 0, 2, 0, 0, 0, 
76, 2, 0, 6, 3, 2, 4, 2, 1, 1, 0, 0, 2, 0, 0, 0, 0, 2, 1, 1, 0, 0, 2, 0, 0, 100, 4, 0, 1, 52, 1, 0, 1, 32, 3, 1, 1, 70, 4, 0, 2, 100, 1, 3, 4, 100, 4, 2, 2, 15, 3, 10, 4, 34, 0, 1, 0, 1, 2, 0, 0, 3, 2, 3, 0, 11, 5, 6, 7, 100, 9, 11, 6, 2, 2, 3, 2, 2, 0, 0, 0, 0, 0, 0, 0, 0, 0, 0, 0, 2, 0, 0, 0, 1, 0, 0, 0, 1, 0, 0, 0, 1, 0, 0, 0, 2, 0, 0, 0, 0, 0, 0, 0, 
77, 2, 2, 1, 1, 1, 0, 0, 0, 0, 1, 0, 0, 1, 2, 0, 0, 0, 0, 0, 1, 0, 1, 0, 0, 100, 0, 0, 0, 30, 1, 1, 2, 37, 2, 3, 2, 61, 5, 0, 2, 91, 5, 5, 3, 94, 6, 7, 2, 19, 4, 3, 0, 43, 0, 1, 0, 0, 1, 0, 3, 3, 1, 1, 0, 26, 15, 4, 4, 100, 10, 11, 7, 2, 11, 7, 2, 1, 0, 0, 0, 1, 0, 0, 0, 0, 0, 0, 0, 1, 0, 0, 0, 0, 0, 0, 0, 0, 0, 0, 0, 2, 0, 0, 0, 3, 0, 0, 0, 0, 0, 0, 0, 
78, 0, 0, 2, 0, 0, 1, 1, 1, 0, 0, 0, 2, 0, 1, 0, 0, 1, 0, 0, 0, 1, 1, 0, 0, 100, 0, 2, 0, 38, 4, 0, 4, 42, 7, 5, 2, 53, 2, 3, 0, 94, 4, 4, 5, 98, 7, 2, 4, 28, 12, 3, 2, 47, 1, 0, 0, 6, 1, 0, 0, 3, 0, 0, 1, 31, 9, 7, 2, 100, 7, 10, 12, 12, 3, 4, 1, 0, 0, 0, 0, 0, 0, 0, 0, 0, 0, 0, 0, 0, 0, 0, 0, 1, 0, 0, 0, 0, 0, 0, 0, 0, 0, 0, 0, 1, 0, 0, 0, 1, 0, 0, 0, 
79, 0, 0, 0, 0, 1, 0, 1, 0, 0, 0, 1, 0, 0, 0, 0, 0, 0, 0, 0, 0, 1, 1, 2, 1, 100, 3, 0, 1, 41, 2, 1, 1, 46, 5, 2, 2, 48, 2, 4, 4, 100, 7, 3, 4, 100, 4, 1, 6, 36, 3, 6, 6, 55, 0, 0, 0, 0, 1, 0, 1, 3, 1, 0, 1, 17, 11, 6, 8, 100, 8, 9, 11, 19, 5, 5, 3, 4, 0, 0, 0, 1, 0, 0, 0, 1, 0, 0, 0, 1, 0, 0, 0, 0, 0, 0, 0, 2, 0, 0, 0, 3, 0, 0, 0, 0, 0, 0, 0, 0, 0, 0, 0, 
80, 0, 1, 1, 0, 1, 1, 0, 0, 1, 0, 0, 0, 2, 0, 0, 2, 0, 1, 0, 0, 1, 2, 1, 0, 100, 0, 0, 1, 41, 3, 1, 2, 35, 4, 2, 2, 58, 1, 2, 1, 94, 6, 2, 4, 100, 6, 5, 5, 30, 4, 4, 5, 62, 0, 0, 0, 1, 3, 1, 2, 3, 0, 1, 2, 20, 12, 11, 7, 100, 9, 7, 12, 24, 5, 2, 1, 0, 0, 0, 0, 0, 0, 0, 0, 1, 0, 0, 0, 0, 0, 0, 0, 1, 0, 0, 0, 0, 0, 0, 0, 1, 0, 0, 0, 1, 0, 0, 0, 1, 0, 0, 0, 
81, 0, 0, 1, 2, 0, 0, 0, 0, 0, 0, 2, 0, 1, 0, 0, 0, 1, 1, 2, 0, 0, 0, 1, 0, 100, 0, 1, 0, 50, 6, 1, 1, 20, 6, 4, 5, 66, 7, 1, 1, 87, 1, 1, 4, 100, 6, 4, 3, 25, 2, 0, 3, 59, 1, 0, 1, 2, 1, 1, 0, 0, 0, 0, 0, 36, 7, 6, 10, 100, 22, 11, 8, 26, 1, 2, 4, 1, 0, 0, 0, 1, 0, 0, 0, 0, 0, 0, 0, 1, 0, 0, 0, 1, 0, 0, 0, 0, 0, 0, 0, 2, 0, 0, 0, 0, 0, 0, 0, 0, 0, 0, 0, 
82, 0, 0, 1, 0, 0, 0, 0, 1, 2, 0, 0, 0, 0, 1, 0, 0, 1, 0, 1, 1, 1, 0, 0, 0, 92, 4, 1, 1, 57, 1, 2, 2, 19, 4, 1, 3, 73, 3, 0, 0, 83, 6, 1, 7, 100, 7, 4, 4, 10, 8, 4, 4, 69, 3, 1, 1, 1, 5, 3, 3, 0, 1, 0, 0, 39, 10, 8, 10, 100, 9, 11, 9, 18, 2, 4, 1, 1, 0, 0, 0, 2, 0, 0, 0, 0, 0, 0, 0, 0, 0, 0, 0, 3, 0, 0, 0, 1, 0, 0, 0, 0, 0, 0, 0, 0, 0, 0, 0, 2, 0, 0, 0, 
83, 4, 3, 2, 1, 0, 0, 0, 0, 3, 1, 1, 0, 0, 0, 1, 0, 0, 1, 2, 0, 1, 0, 0, 0, 96, 0, 0, 1, 59, 2, 1, 1, 12, 2, 4, 2, 80, 5, 1, 1, 87, 4, 3, 3, 100, 5, 4, 4, 9, 10, 3, 3, 68, 2, 0, 1, 2, 1, 2, 2, 0, 0, 1, 0, 32, 9, 6, 9, 100, 6, 10, 5, 21, 2, 3, 1, 0, 0, 0, 0, 0, 0, 0, 0, 1, 0, 0, 0, 1, 0, 0, 0, 0, 0, 0, 0, 0, 0, 0, 0, 1, 0, 0, 0, 4, 0, 0, 0, 3, 0, 0, 0, 
84, 1, 0, 0, 0, 1, 0, 0, 0, 3, 0, 1, 0, 0, 0, 0, 0, 1, 1, 0, 1, 0, 1, 0, 1, 96, 3, 2, 0, 56, 0, 2, 1, 17, 4, 5, 3, 79, 2, 2, 0, 88, 3, 5, 2, 100, 4, 1, 2, 13, 6, 10, 1, 65, 2, 0, 0, 0, 3, 1, 2, 4, 5, 2, 7, 37, 8, 8, 2, 100, 11, 5, 5, 27, 8, 4, 4, 2, 0, 0, 0, 0, 0, 0, 0, 1, 0, 0, 0, 1, 0, 0, 0, 0, 0, 0, 0, 0, 0, 0, 0, 0, 0, 0, 0, 1, 0, 0, 0, 0, 0, 0, 0, 
85, 1, 2, 1, 0, 0, 1, 0, 1, 0, 0, 0, 0, 0, 0, 0, 1, 2, 0, 0, 1, 0, 0, 1, 0, 92, 1, 1, 1, 61, 0, 1, 0, 22, 3, 3, 3, 79, 7, 1, 2, 100, 6, 4, 2, 100, 5, 1, 3, 22, 3, 8, 6, 60, 1, 0, 0, 0, 0, 0, 0, 5, 10, 5, 1, 28, 9, 10, 7, 100, 11, 12, 8, 25, 5, 2, 2, 2, 0, 0, 0, 0, 0, 0, 0, 1, 0, 0, 0, 1, 0, 0, 0, 0, 0, 0, 0, 0, 0, 0, 0, 0, 0, 0, 0, 0, 0, 0, 0, 3, 0, 0, 0, 
86, 1, 1, 1, 0, 2, 1, 0, 0, 1, 0, 0, 1, 0, 0, 1, 0, 0, 1, 1, 1, 1, 0, 1, 0, 100, 2, 2, 1, 64, 2, 0, 1, 21, 8, 2, 4, 86, 1, 1, 1, 100, 5, 1, 4, 100, 4, 5, 5, 2, 1, 2, 1, 58, 0, 2, 2, 2, 3, 0, 1, 17, 2, 2, 3, 43, 8, 5, 4, 100, 16, 14, 12, 27, 5, 2, 3, 1, 0, 0, 0, 0, 0, 0, 0, 1, 0, 0, 0, 1, 0, 0, 0, 0, 0, 0, 0, 0, 0, 0, 0, 2, 0, 0, 0, 1, 0, 0, 0, 0, 0, 0, 0, 
87, 2, 1, 1, 2, 0, 0, 0, 0, 0, 0, 0, 0, 0, 0, 1, 0, 1, 0, 0, 0, 1, 0, 0, 0, 100, 1, 0, 1, 56, 3, 3, 0, 25, 1, 1, 1, 86, 1, 1, 2, 100, 5, 5, 4, 100, 2, 2, 3, 0, 2, 0, 1, 61, 2, 1, 1, 5, 9, 6, 2, 10, 2, 5, 4, 41, 15, 5, 5, 100, 13, 7, 9, 31, 4, 4, 5, 0, 0, 0, 0, 2, 0, 0, 0, 1, 0, 0, 0, 1, 0, 0, 0, 0, 0, 0, 0, 0, 0, 0, 0, 0, 0, 0, 0, 2, 0, 0, 0, 2, 0, 0, 0, 
88, 1, 0, 0, 0, 2, 2, 4, 2, 0, 0, 1, 0, 0, 0, 0, 0, 0, 0, 0, 0, 1, 0, 0, 3, 100, 2, 0, 0, 49, 3, 0, 1, 13, 4, 4, 2, 82, 2, 0, 0, 100, 4, 2, 4, 90, 3, 3, 5, 10, 3, 1, 2, 61, 2, 1, 1, 4, 7, 4, 8, 4, 5, 5, 3, 31, 8, 4, 6, 100, 10, 9, 12, 30, 1, 2, 4, 1, 0, 0, 0, 2, 0, 0, 0, 3, 0, 0, 0, 1, 0, 0, 0, 2, 0, 0, 0, 0, 0, 0, 0, 1, 0, 0, 0, 0, 0, 0, 0, 1, 0, 0, 0, 
89, 2, 0, 0, 1, 0, 0, 1, 0, 0, 1, 1, 0, 0, 0, 0, 0, 1, 1, 2, 4, 0, 0, 0, 0, 100, 0, 2, 0, 44, 1, 1, 3, 11, 2, 4, 3, 81, 0, 1, 1, 98, 2, 2, 0, 96, 3, 7, 6, 13, 6, 3, 4, 49, 0, 0, 0, 8, 8, 8, 5, 7, 4, 7, 1, 19, 7, 11, 4, 100, 11, 5, 8, 33, 5, 0, 0, 0, 0, 0, 0, 0, 0, 0, 0, 1, 0, 0, 0, 2, 0, 0, 0, 3, 0, 0, 0, 0, 0, 0, 0, 0, 0, 0, 0, 2, 0, 0, 0, 0, 0, 0, 0, 
90, 0, 0, 0, 0, 1, 1, 2, 4, 0, 0, 0, 0, 0, 0, 0, 0, 0, 0, 1, 0, 0, 1, 0, 1, 100, 3, 3, 2, 43, 1, 1, 0, 28, 8, 5, 2, 79, 4, 1, 2, 98, 4, 4, 4, 97, 4, 4, 2, 11, 1, 1, 2, 35, 0, 1, 0, 4, 2, 2, 2, 11, 3, 2, 2, 22, 6, 6, 4, 100, 12, 15, 9, 28, 8, 3, 3, 2, 0, 0, 0, 1, 0, 0, 0, 2, 0, 0, 0, 2, 0, 0, 0, 1, 0, 0, 0, 1, 0, 0, 0, 0, 0, 0, 0, 0, 0, 0, 0, 1, 0, 0, 0, 
91, 1, 2, 1, 2, 2, 0, 1, 1, 0, 0, 0, 0, 0, 0, 1, 0, 1, 1, 0, 0, 0, 0, 0, 1, 100, 4, 0, 1, 33, 2, 0, 4, 23, 2, 1, 3, 72, 2, 1, 1, 86, 4, 3, 0, 93, 2, 3, 4, 12, 5, 6, 3, 34, 1, 0, 0, 2, 2, 3, 1, 18, 6, 3, 2, 26, 13, 7, 7, 100, 14, 12, 7, 36, 0, 2, 1, 3, 0, 0, 0, 0, 0, 0, 0, 0, 0, 0, 0, 1, 0, 0, 0, 2, 0, 0, 0, 0, 0, 0, 0, 0, 0, 0, 0, 2, 0, 0, 0, 0, 0, 0, 0, 
92, 2, 2, 2, 1, 0, 0, 1, 1, 0, 0, 0, 0, 0, 0, 1, 0, 2, 2, 4, 2, 1, 3, 0, 2, 100, 0, 1, 0, 24, 4, 3, 1, 37, 3, 3, 5, 93, 1, 2, 1, 82, 4, 2, 4, 78, 4, 2, 5, 27, 2, 2, 1, 44, 0, 0, 0, 4, 0, 4, 2, 20, 5, 5, 3, 23, 5, 6, 6, 100, 6, 13, 11, 46, 5, 1, 1, 1, 0, 0, 0, 0, 0, 0, 0, 1, 0, 0, 0, 0, 0, 0, 0, 1, 0, 0, 0, 1, 0, 0, 0, 3, 0, 0, 0, 1, 0, 0, 0, 1, 0, 0, 0, 
93, 0, 0, 0, 0, 2, 2, 1, 2, 0, 0, 2, 0, 1, 1, 0, 0, 0, 0, 0, 0, 1, 0, 0, 0, 100, 1, 0, 1, 27, 6, 1, 1, 42, 2, 1, 2, 88, 2, 2, 1, 81, 2, 6, 3, 68, 5, 7, 4, 14, 3, 0, 2, 38, 2, 1, 0, 6, 5, 2, 2, 30, 7, 1, 4, 19, 10, 6, 8, 100, 12, 8, 12, 57, 3, 6, 1, 1, 0, 0, 0, 1, 0, 0, 0, 0, 0, 0, 0, 0, 0, 0, 0, 2, 0, 0, 0, 1, 0, 0, 0, 1, 0, 0, 0, 0, 0, 0, 0, 2, 0, 0, 0, 
94, 1, 0, 0, 1, 0, 0, 1, 0, 0, 0, 0, 0, 0, 0, 0, 1, 1, 0, 0, 2, 0, 0, 1, 0, 100, 0, 0, 1, 23, 2, 0, 1, 36, 3, 3, 6, 87, 1, 1, 2, 77, 4, 0, 4, 70, 10, 6, 3, 18, 4, 1, 1, 49, 1, 1, 0, 7, 3, 2, 1, 35, 3, 2, 3, 24, 6, 8, 5, 100, 8, 7, 9, 53, 3, 0, 1, 0, 0, 0, 0, 1, 0, 0, 0, 2, 0, 0, 0, 0, 0, 0, 0, 3, 0, 0, 0, 1, 0, 0, 0, 0, 0, 0, 0, 1, 0, 0, 0, 0, 0, 0, 0, 
95, 0, 0, 1, 0, 0, 2, 0, 0, 1, 1, 0, 0, 0, 0, 1, 0, 0, 1, 0, 0, 1, 0, 0, 0, 100, 1, 0, 1, 23, 1, 3, 1, 30, 4, 1, 1, 82, 1, 1, 1, 73, 1, 8, 4, 77, 3, 3, 5, 6, 3, 0, 0, 59, 0, 3, 0, 7, 2, 1, 9, 35, 2, 4, 5, 13, 6, 8, 7, 100, 9, 10, 14, 51, 0, 1, 3, 2, 0, 0, 0, 1, 0, 0, 0, 1, 0, 0, 0, 1, 0, 0, 0, 0, 0, 0, 0, 0, 0, 0, 0, 0, 0, 0, 0, 1, 0, 0, 0, 0, 0, 0, 0, 
96, 3, 0, 0, 0, 0, 0, 1, 0, 0, 1, 0, 0, 1, 1, 0, 0, 0, 0, 1, 3, 0, 1, 1, 0, 100, 1, 1, 1, 8, 2, 3, 1, 26, 6, 3, 4, 62, 0, 3, 1, 77, 4, 3, 7, 72, 3, 2, 3, 11, 2, 2, 0, 65, 1, 0, 1, 1, 0, 1, 0, 30, 4, 2, 0, 7, 5, 6, 10, 100, 11, 11, 10, 56, 4, 2, 3, 1, 0, 0, 0, 1, 0, 0, 0, 1, 0, 0, 0, 0, 0, 0, 0, 2, 0, 0, 0, 0, 0, 0, 0, 1, 0, 0, 0, 1, 0, 0, 0, 0, 0, 0, 0, 
97, 3, 1, 0, 0, 0, 2, 0, 1, 0, 0, 0, 0, 0, 1, 1, 1, 0, 0, 0, 0, 0, 1, 0, 0, 100, 3, 0, 1, 5, 4, 1, 2, 33, 8, 1, 3, 64, 3, 0, 2, 77, 8, 8, 5, 78, 5, 3, 0, 2, 4, 3, 2, 62, 2, 2, 1, 0, 0, 0, 0, 33, 5, 4, 5, 8, 11, 7, 5, 100, 15, 12, 9, 51, 2, 3, 3, 0, 0, 0, 0, 0, 0, 0, 0, 0, 0, 0, 0, 1, 0, 0, 0, 0, 0, 0, 0, 1, 0, 0, 0, 0, 0, 0, 0, 1, 0, 0, 0, 0, 0, 0, 0, 
98, 0, 0, 1, 0, 2, 0, 1, 0, 0, 0, 0, 0, 1, 5, 1, 2, 0, 0, 0, 1, 1, 1, 1, 0, 100, 1, 1, 2, 1, 1, 0, 0, 31, 4, 5, 5, 64, 2, 0, 0, 82, 3, 5, 3, 80, 5, 8, 1, 0, 0, 0, 0, 55, 0, 0, 0, 1, 2, 2, 3, 47, 5, 1, 3, 10, 13, 5, 11, 100, 9, 11, 3, 56, 1, 10, 1, 0, 0, 0, 0, 0, 0, 0, 0, 1, 0, 0, 0, 0, 0, 0, 0, 0, 0, 0, 0, 2, 0, 0, 0, 1, 0, 0, 0, 0, 0, 0, 0, 0, 0, 0, 0, 
99, 0, 0, 1, 0, 1, 4, 0, 0, 0, 0, 1, 0, 0, 0, 0, 0, 0, 0, 2, 1, 1, 1, 2, 2, 100, 1, 1, 2, 2, 0, 0, 1, 27, 2, 7, 2, 61, 1, 2, 3, 70, 5, 2, 6, 83, 3, 1, 5, 2, 3, 1, 4, 46, 1, 0, 0, 7, 4, 1, 0, 53, 3, 1, 2, 19, 14, 18, 9, 95, 11, 14, 8, 61, 4, 2, 1, 1, 0, 0, 0, 1, 0, 0, 0, 0, 0, 0, 0, 1, 0, 0, 0, 0, 0, 0, 0, 1, 0, 0, 0, 1, 0, 0, 0, 2, 0, 0, 0, 0, 0, 0, 0, 