0, 0, 0, 0, 1, 0, 0, 1, 0, 0, 0, 0, 0, 0, 0, 0, 0, 0, 1, 0, 1, 4, 0, 1, 0, 1, 1, 1, 1, 0, 1, 0, 0, 0, 0, 0, 1, 3, 0, 2, 1, 1, 0, 0, 0, 0, 0, 1, 0, 0, 0, 0, 0, 0, 0, 1, 0, 1, 1, 0, 0, 4, 5, 5, 2, 0, 0, 0, 0, 0, 2, 0, 0, 5, 0, 2, 0, 0, 0, 0, 0, 0, 0, 0, 0, 0, 0, 0, 0, 0, 0, 0, 0, 0, 0, 0, 0, 1, 0, 0, 0, 2, 0, 0, 0, 0, 0, 0, 0, 0, 0, 0, 0, 
1, 0, 2, 1, 0, 1, 0, 1, 1, 0, 0, 1, 0, 1, 0, 0, 1, 0, 0, 0, 0, 0, 1, 1, 0, 4, 0, 0, 2, 3, 1, 2, 2, 0, 2, 0, 0, 2, 1, 0, 0, 2, 11, 6, 4, 0, 0, 0, 0, 0, 1, 2, 0, 8, 10, 0, 0, 1, 2, 1, 2, 2, 0, 2, 2, 1, 1, 4, 1, 0, 1, 0, 1, 2, 2, 0, 0, 0, 0, 0, 0, 2, 0, 0, 0, 1, 0, 0, 0, 0, 0, 0, 0, 0, 0, 0, 0, 0, 0, 0, 0, 0, 0, 0, 0, 0, 0, 0, 0, 0, 0, 0, 0, 
2, 0, 1, 0, 0, 1, 0, 0, 1, 2, 0, 1, 0, 1, 1, 1, 0, 0, 2, 2, 1, 2, 1, 1, 0, 0, 1, 0, 0, 0, 0, 1, 0, 2, 4, 1, 1, 1, 2, 2, 2, 1, 1, 1, 0, 1, 2, 1, 4, 6, 1, 5, 1, 7, 0, 0, 0, 2, 3, 1, 3, 6, 3, 4, 1, 1, 0, 0, 0, 11, 0, 1, 0, 0, 0, 0, 1, 2, 0, 0, 0, 1, 0, 0, 0, 2, 0, 0, 0, 0, 0, 0, 0, 1, 0, 0, 0, 0, 0, 0, 0, 0, 0, 0, 0, 0, 0, 0, 0, 2, 0, 0, 0, 
3, 0, 1, 2, 3, 0, 1, 2, 0, 1, 0, 0, 0, 0, 0, 0, 0, 0, 0, 0, 0, 3, 2, 0, 0, 0, 2, 3, 0, 0, 3, 1, 1, 2, 4, 2, 0, 0, 0, 1, 0, 1, 2, 1, 0, 6, 1, 1, 2, 0, 0, 2, 0, 0, 1, 0, 0, 4, 3, 5, 4, 5, 8, 6, 4, 3, 4, 2, 1, 21, 1, 1, 2, 0, 2, 0, 0, 0, 0, 0, 0, 1, 0, 0, 0, 0, 0, 0, 0, 0, 0, 0, 0, 1, 0, 0, 0, 0, 0, 0, 0, 0, 0, 0, 0, 1, 0, 0, 0, 0, 0, 0, 0, 
4, 0, 0, 0, 0, 1, 0, 0, 1, 2, 1, 0, 0, 0, 2, 1, 0, 0, 0, 0, 0, 0, 0, 0, 0, 0, 1, 2, 3, 10, 1, 1, 2, 0, 0, 0, 0, 3, 8, 2, 2, 1, 0, 3, 1, 0, 0, 1, 0, 2, 0, 1, 0, 2, 2, 0, 1, 1, 8, 0, 2, 6, 2, 4, 6, 2, 6, 6, 0, 25, 0, 0, 0, 1, 1, 1, 2, 0, 0, 0, 0, 0, 0, 0, 0, 3, 0, 0, 0, 1, 0, 0, 0, 0, 0, 0, 0, 2, 0, 0, 0, 1, 0, 0, 0, 0, 0, 0, 0, 2, 0, 0, 0, 
5, 0, 0, 1, 1, 0, 0, 1, 0, 0, 0, 0, 0, 1, 1, 1, 0, 0, 1, 0, 0, 0, 0, 0, 1, 0, 0, 0, 0, 7, 1, 1, 1, 4, 1, 5, 0, 6, 2, 4, 2, 0, 2, 2, 0, 2, 1, 1, 0, 2, 3, 2, 3, 1, 1, 0, 1, 6, 6, 3, 1, 14, 4, 5, 3, 5, 4, 3, 5, 11, 0, 0, 0, 1, 1, 0, 0, 0, 0, 0, 0, 0, 0, 0, 0, 1, 0, 0, 0, 0, 0, 0, 0, 1, 0, 0, 0, 1, 0, 0, 0, 0, 0, 0, 0, 0, 0, 0, 0, 1, 0, 0, 0, 
6, 0, 0, 1, 0, 1, 0, 2, 0, 0, 0, 0, 2, 1, 0, 0, 0, 1, 0, 0, 0, 4, 1, 1, 0, 10, 5, 1, 2, 0, 2, 0, 0, 7, 4, 4, 7, 0, 1, 2, 0, 3, 5, 0, 1, 2, 2, 0, 1, 0, 0, 0, 3, 5, 5, 0, 1, 4, 3, 1, 1, 9, 6, 6, 3, 4, 5, 5, 2, 22, 3, 0, 1, 6, 2, 1, 0, 0, 0, 0, 0, 1, 0, 0, 0, 0, 0, 0, 0, 0, 0, 0, 0, 2, 0, 0, 0, 0, 0, 0, 0, 1, 0, 0, 0, 0, 0, 0, 0, 1, 0, 0, 0, 
7, 0, 0, 0, 0, 0, 0, 0, 0, 0, 0, 0, 0, 0, 0, 0, 0, 0, 0, 0, 0, 0, 0, 0, 1, 20, 3, 2, 1, 1, 0, 1, 1, 15, 5, 6, 5, 2, 2, 0, 4, 1, 1, 1, 1, 0, 1, 1, 3, 1, 3, 4, 3, 4, 0, 3, 1, 1, 1, 1, 1, 5, 16, 9, 6, 7, 2, 4, 3, 15, 1, 2, 0, 16, 3, 2, 1, 0, 0, 0, 0, 0, 0, 0, 0, 1, 0, 0, 0, 0, 0, 0, 0, 1, 0, 0, 0, 1, 0, 0, 0, 1, 0, 0, 0, 1, 0, 0, 0, 0, 0, 0, 0, 
8, 1, 0, 0, 0, 1, 0, 3, 4, 0, 1, 0, 0, 0, 0, 0, 1, 0, 0, 0, 0, 1, 1, 1, 0, 34, 2, 2, 1, 3, 4, 4, 1, 10, 3, 2, 2, 1, 0, 0, 2, 1, 1, 1, 1, 1, 1, 1, 1, 1, 0, 1, 0, 12, 0, 3, 1, 0, 3, 1, 0, 10, 8, 8, 8, 2, 2, 2, 0, 24, 0, 0, 1, 18, 2, 0, 1, 1, 0, 0, 0, 0, 0, 0, 0, 0, 0, 0, 0, 0, 0, 0, 0, 0, 0, 0, 0, 2, 0, 0, 0, 0, 0, 0, 0, 1, 0, 0, 0, 1, 0, 0, 0, 
9, 0, 0, 2, 1, 0, 0, 0, 0, 1, 0, 0, 0, 0, 1, 1, 1, 0, 2, 0, 1, 0, 0, 0, 0, 22, 5, 3, 2, 1, 1, 3, 2, 5, 7, 3, 6, 1, 1, 0, 0, 3, 2, 5, 2, 1, 3, 1, 0, 1, 0, 0, 0, 10, 0, 0, 0, 1, 2, 0, 0, 9, 6, 4, 4, 3, 2, 2, 3, 33, 0, 1, 0, 10, 2, 0, 2, 1, 0, 0, 0, 0, 0, 0, 0, 2, 0, 0, 0, 0, 0, 0, 0, 3, 0, 0, 0, 0, 0, 0, 0, 0, 0, 0, 0, 1, 0, 0, 0, 1, 0, 0, 0, 
10, 1, 3, 2, 0, 0, 0, 1, 0, 0, 1, 0, 0, 0, 1, 0, 0, 2, 1, 0, 0, 0, 0, 0, 0, 19, 3, 3, 0, 1, 1, 0, 0, 1, 2, 5, 5, 0, 7, 4, 2, 2, 3, 1, 3, 3, 2, 4, 1, 19, 0, 0, 1, 4, 2, 1, 2, 1, 3, 1, 0, 0, 3, 1, 4, 1, 8, 3, 5, 25, 4, 1, 0, 6, 4, 10, 5, 0, 0, 0, 0, 0, 0, 0, 0, 0, 0, 0, 0, 0, 0, 0, 0, 1, 0, 0, 0, 1, 0, 0, 0, 0, 0, 0, 0, 1, 0, 0, 0, 0, 0, 0, 0, 
11, 1, 0, 0, 0, 0, 0, 0, 0, 2, 1, 0, 0, 1, 0, 2, 0, 0, 0, 1, 0, 0, 1, 2, 0, 11, 3, 1, 2, 1, 1, 1, 2, 13, 2, 3, 8, 5, 1, 1, 3, 1, 0, 0, 0, 6, 4, 6, 5, 18, 0, 1, 1, 1, 1, 3, 2, 1, 0, 0, 0, 3, 3, 4, 3, 8, 10, 8, 2, 35, 0, 1, 0, 4, 2, 2, 1, 0, 0, 0, 0, 1, 0, 0, 0, 1, 0, 0, 0, 2, 0, 0, 0, 0, 0, 0, 0, 2, 0, 0, 0, 1, 0, 0, 0, 0, 0, 0, 0, 1, 0, 0, 0, 
12, 0, 0, 0, 0, 2, 0, 1, 0, 1, 1, 1, 0, 0, 0, 0, 0, 0, 0, 1, 0, 0, 0, 1, 0, 26, 3, 0, 1, 12, 2, 2, 2, 14, 2, 2, 2, 2, 6, 0, 2, 1, 1, 2, 2, 1, 5, 2, 1, 17, 2, 0, 1, 3, 2, 1, 3, 0, 2, 1, 1, 4, 5, 6, 2, 11, 7, 9, 4, 35, 6, 5, 0, 3, 0, 2, 0, 1, 0, 0, 0, 0, 0, 0, 0, 1, 0, 0, 0, 0, 0, 0, 0, 3, 0, 0, 0, 0, 0, 0, 0, 1, 0, 0, 0, 0, 0, 0, 0, 2, 0, 0, 0, 
13, 0, 0, 1, 0, 1, 0, 2, 3, 0, 0, 2, 0, 0, 0, 0, 0, 0, 0, 0, 1, 0, 0, 1, 0, 3, 2, 2, 1, 12, 3, 0, 0, 5, 4, 8, 5, 3, 1, 2, 0, 1, 4, 3, 3, 0, 3, 0, 2, 26, 0, 1, 3, 5, 7, 5, 3, 4, 3, 4, 5, 0, 0, 0, 1, 8, 11, 8, 2, 48, 0, 1, 0, 1, 1, 1, 2, 0, 0, 0, 0, 0, 0, 0, 0, 0, 0, 0, 0, 0, 0, 0, 0, 2, 0, 0, 0, 2, 0, 0, 0, 0, 0, 0, 0, 0, 0, 0, 0, 2, 0, 0, 0, 
14, 0, 0, 0, 1, 0, 0, 0, 0, 0, 1, 0, 0, 1, 0, 0, 0, 0, 0, 0, 1, 0, 0, 2, 1, 3, 5, 2, 1, 0, 0, 2, 1, 7, 7, 4, 4, 1, 1, 1, 0, 1, 0, 0, 2, 4, 1, 2, 0, 47, 3, 1, 1, 3, 5, 5, 1, 3, 3, 3, 1, 0, 2, 0, 1, 7, 1, 10, 4, 48, 1, 0, 1, 3, 2, 2, 3, 1, 0, 0, 0, 0, 0, 0, 0, 0, 0, 0, 0, 1, 0, 0, 0, 2, 0, 0, 0, 1, 0, 0, 0, 1, 0, 0, 0, 0, 0, 0, 0, 1, 0, 0, 0, 
15, 1, 0, 0, 1, 0, 0, 1, 0, 0, 0, 0, 1, 0, 0, 0, 0, 0, 1, 0, 0, 0, 0, 0, 0, 5, 1, 3, 3, 0, 1, 0, 0, 3, 5, 5, 7, 4, 0, 1, 2, 9, 2, 2, 2, 0, 0, 2, 1, 39, 1, 0, 1, 4, 4, 3, 1, 2, 1, 5, 5, 2, 3, 1, 1, 7, 10, 4, 6, 48, 2, 1, 0, 2, 6, 2, 1, 0, 0, 0, 0, 0, 0, 0, 0, 1, 0, 0, 0, 1, 0, 0, 0, 0, 0, 0, 0, 1, 0, 0, 0, 1, 0, 0, 0, 1, 0, 0, 0, 0, 0, 0, 0, 
16, 0, 0, 1, 2, 0, 0, 0, 0, 0, 1, 0, 0, 2, 3, 0, 1, 0, 0, 0, 0, 1, 0, 0, 0, 0, 1, 0, 0, 0, 1, 0, 0, 4, 0, 0, 0, 1, 1, 1, 0, 0, 5, 1, 1, 1, 1, 5, 1, 39, 4, 0, 0, 11, 3, 2, 0, 10, 1, 3, 2, 2, 0, 0, 3, 13, 16, 4, 4, 49, 4, 2, 0, 1, 2, 1, 0, 4, 0, 0, 0, 0, 0, 0, 0, 1, 0, 0, 0, 0, 0, 0, 0, 2, 0, 0, 0, 2, 0, 0, 0, 2, 0, 0, 0, 2, 0, 0, 0, 1, 0, 0, 0, 
17, 0, 0, 2, 1, 1, 0, 0, 0, 0, 1, 2, 1, 0, 2, 1, 0, 1, 0, 1, 1, 0, 0, 0, 0, 1, 2, 2, 3, 2, 3, 0, 2, 5, 3, 0, 2, 5, 2, 1, 5, 5, 2, 5, 4, 5, 5, 6, 8, 38, 0, 0, 1, 1, 2, 1, 3, 11, 3, 2, 1, 1, 1, 0, 0, 26, 5, 4, 5, 52, 5, 2, 0, 0, 1, 0, 2, 1, 0, 0, 0, 0, 0, 0, 0, 0, 0, 0, 0, 0, 0, 0, 0, 0, 0, 0, 0, 1, 0, 0, 0, 0, 0, 0, 0, 0, 0, 0, 0, 0, 0, 0, 0, 
18, 0, 0, 1, 0, 1, 0, 1, 0, 0, 1, 1, 2, 0, 0, 0, 0, 0, 0, 0, 0, 0, 0, 0, 0, 11, 3, 3, 1, 2, 0, 0, 0, 3, 4, 1, 2, 3, 7, 2, 2, 14, 5, 3, 6, 6, 3, 6, 3, 46, 0, 1, 1, 0, 0, 0, 0, 5, 3, 6, 6, 0, 0, 0, 0, 25, 5, 4, 5, 66, 6, 3, 0, 3, 1, 2, 5, 0, 0, 0, 0, 0, 0, 0, 0, 2, 0, 0, 0, 1, 0, 0, 0, 1, 0, 0, 0, 2, 0, 0, 0, 2, 0, 0, 0, 1, 0, 0, 0, 4, 0, 0, 0, 
19, 1, 0, 0, 3, 0, 1, 0, 0, 0, 0, 1, 1, 2, 0, 0, 1, 0, 1, 1, 0, 0, 1, 0, 0, 11, 4, 2, 0, 1, 0, 2, 0, 5, 7, 4, 0, 6, 7, 8, 8, 3, 5, 3, 5, 10, 7, 3, 4, 53, 0, 0, 1, 3, 2, 1, 4, 20, 6, 2, 2, 1, 0, 2, 1, 30, 15, 5, 4, 86, 1, 0, 1, 7, 4, 6, 6, 2, 0, 0, 0, 1, 0, 0, 0, 2, 0, 0, 0, 0, 0, 0, 0, 0, 0, 0, 0, 0, 0, 0, 0, 0, 0, 0, 0, 0, 0, 0, 0, 1, 0, 0, 0, 
20, 0, 0, 0, 0, 0, 2, 0, 0, 1, 0, 1, 1, 0, 0, 0, 0, 0, 0, 0, 0, 0, 1, 0, 0, 10, 3, 3, 1, 2, 1, 3, 1, 7, 4, 12, 5, 8, 2, 8, 6, 4, 1, 3, 0, 17, 10, 5, 5, 51, 0, 0, 2, 2, 2, 1, 0, 21, 2, 1, 2, 5, 3, 2, 1, 23, 5, 6, 4, 84, 2, 0, 3, 11, 4, 3, 2, 0, 0, 0, 0, 0, 0, 0, 0, 1, 0, 0, 0, 1, 0, 0, 0, 1, 0, 0, 0, 1, 0, 0, 0, 1, 0, 0, 0, 0, 0, 0, 0, 1, 0, 0, 0, 
21, 0, 0, 1, 0, 0, 1, 0, 0, 0, 0, 0, 0, 2, 1, 1, 1, 0, 0, 0, 4, 1, 1, 0, 0, 17, 7, 3, 2, 4, 8, 6, 2, 3, 0, 4, 6, 12, 8, 10, 13, 4, 3, 2, 5, 23, 7, 1, 4, 48, 0, 1, 1, 1, 0, 1, 1, 22, 3, 2, 4, 2, 1, 0, 0, 13, 3, 3, 3, 97, 0, 1, 1, 0, 0, 0, 0, 0, 0, 0, 0, 0, 0, 0, 0, 1, 0, 0, 0, 1, 0, 0, 0, 1, 0, 0, 0, 1, 0, 0, 0, 0, 0, 0, 0, 1, 0, 0, 0, 0, 0, 0, 0, 
22, 0, 0, 1, 0, 0, 0, 1, 0, 0, 0, 0, 0, 0, 0, 0, 0, 0, 0, 0, 0, 1, 0, 0, 0, 23, 3, 5, 2, 1, 3, 0, 0, 0, 2, 3, 0, 11, 8, 11, 18, 5, 5, 5, 4, 17, 6, 9, 4, 39, 0, 1, 0, 4, 2, 7, 4, 16, 1, 2, 0, 4, 2, 1, 1, 2, 10, 5, 4, 100, 0, 0, 1, 1, 1, 0, 5, 0, 0, 0, 0, 1, 0, 0, 0, 2, 0, 0, 0, 4, 0, 0, 0, 0, 0, 0, 0, 1, 0, 0, 0, 0, 0, 0, 0, 0, 0, 0, 0, 0, 0, 0, 0, 
23, 0, 1, 1, 0, 2, 0, 0, 0, 0, 0, 1, 0, 1, 0, 2, 0, 0, 0, 0, 0, 0, 0, 0, 0, 29, 1, 3, 2, 8, 4, 5, 3, 3, 0, 0, 0, 11, 6, 11, 10, 7, 8, 10, 6, 21, 5, 3, 5, 14, 0, 1, 1, 6, 4, 4, 3, 7, 5, 3, 1, 7, 6, 3, 3, 4, 11, 8, 4, 100, 1, 0, 0, 3, 2, 1, 0, 2, 0, 0, 0, 0, 0, 0, 0, 0, 0, 0, 0, 2, 0, 0, 0, 0, 0, 0, 0, 1, 0, 0, 0, 0, 0, 0, 0, 1, 0, 0, 0, 1, 0, 0, 0, 
24, 2, 1, 0, 1, 0, 0, 0, 0, 0, 0, 1, 0, 0, 0, 0, 0, 0, 0, 0, 1, 0, 0, 0, 0, 32, 3, 4, 1, 4, 12, 6, 8, 6, 2, 2, 2, 16, 9, 12, 4, 6, 9, 10, 7, 24, 2, 10, 8, 1, 0, 0, 0, 1, 4, 1, 2, 5, 7, 5, 2, 16, 1, 0, 3, 7, 4, 8, 8, 93, 0, 1, 2, 3, 1, 1, 2, 0, 0, 0, 0, 1, 0, 0, 0, 1, 0, 0, 0, 1, 0, 0, 0, 0, 0, 0, 0, 1, 0, 0, 0, 0, 0, 0, 0, 1, 0, 0, 0, 0, 0, 0, 0, 
25, 1, 0, 0, 1, 2, 1, 0, 1, 2, 1, 0, 0, 0, 0, 0, 0, 0, 1, 1, 0, 0, 0, 0, 0, 26, 1, 0, 1, 4, 8, 12, 8, 2, 5, 3, 5, 12, 17, 13, 10, 12, 7, 4, 3, 20, 4, 4, 7, 3, 2, 2, 6, 2, 1, 1, 1, 0, 0, 0, 0, 14, 6, 7, 1, 9, 3, 5, 5, 98, 2, 0, 2, 5, 5, 4, 3, 0, 0, 0, 0, 2, 0, 0, 0, 0, 0, 0, 0, 0, 0, 0, 0, 0, 0, 0, 0, 0, 0, 0, 0, 1, 0, 0, 0, 1, 0, 0, 0, 1, 0, 0, 0, 
26, 3, 2, 2, 1, 0, 0, 1, 0, 0, 0, 0, 0, 0, 0, 0, 0, 1, 0, 2, 2, 2, 0, 0, 1, 40, 1, 0, 0, 13, 8, 14, 3, 2, 0, 2, 0, 13, 12, 10, 12, 5, 8, 7, 4, 22, 7, 7, 7, 5, 1, 4, 1, 0, 1, 0, 0, 3, 1, 1, 0, 6, 4, 3, 5, 4, 3, 4, 0, 86, 3, 0, 0, 6, 6, 6, 3, 0, 0, 0, 0, 0, 0, 0, 0, 0, 0, 0, 0, 2, 0, 0, 0, 2, 0, 0, 0, 0, 0, 0, 0, 1, 0, 0, 0, 1, 0, 0, 0, 0, 0, 0, 0, 
27, 1, 0, 0, 1, 1, 1, 0, 0, 1, 0, 1, 0, 0, 1, 1, 0, 0, 0, 0, 0, 0, 1, 0, 0, 35, 2, 4, 2, 5, 3, 6, 8, 1, 0, 0, 2, 8, 8, 10, 10, 5, 6, 3, 4, 35, 1, 2, 3, 0, 1, 0, 1, 3, 5, 5, 5, 15, 1, 3, 0, 12, 1, 2, 6, 1, 1, 1, 2, 95, 0, 1, 0, 8, 1, 2, 7, 1, 0, 0, 0, 0, 0, 0, 0, 3, 0, 0, 0, 1, 0, 0, 0, 0, 0, 0, 0, 1, 0, 0, 0, 0, 0, 0, 0, 2, 0, 0, 0, 0, 0, 0, 0, 
28, 6, 0, 6, 4, 1, 1, 0, 0, 0, 0, 1, 0, 0, 0, 1, 0, 0, 0, 1, 0, 0, 0, 0, 0, 38, 2, 3, 3, 7, 5, 3, 5, 6, 0, 0, 0, 10, 6, 10, 9, 1, 2, 4, 0, 26, 6, 6, 4, 6, 3, 0, 0, 1, 3, 1, 1, 17, 1, 0, 1, 17, 3, 2, 0, 2, 0, 0, 0, 100, 0, 1, 0, 5, 1, 4, 2, 0, 0, 0, 0, 1, 0, 0, 0, 2, 0, 0, 0, 0, 0, 0, 0, 3, 0, 0, 0, 1, 0, 0, 0, 1, 0, 0, 0, 0, 0, 0, 0, 0, 0, 0, 0, 
29, 7, 3, 0, 2, 0, 0, 3, 0, 0, 1, 1, 0, 0, 0, 0, 1, 0, 3, 0, 1, 0, 0, 2, 0, 34, 0, 0, 1, 3, 3, 4, 1, 7, 1, 0, 0, 9, 2, 3, 10, 1, 1, 2, 5, 35, 2, 4, 5, 17, 4, 0, 1, 1, 1, 0, 0, 7, 1, 4, 0, 21, 4, 3, 2, 10, 2, 0, 0, 100, 7, 1, 1, 1, 4, 2, 2, 1, 0, 0, 0, 0, 0, 0, 0, 2, 0, 0, 0, 0, 0, 0, 0, 2, 0, 0, 0, 1, 0, 0, 0, 0, 0, 0, 0, 1, 0, 0, 0, 2, 0, 0, 0, 
30, 0, 1, 1, 0, 3, 3, 0, 0, 0, 1, 0, 0, 0, 2, 2, 0, 0, 0, 0, 2, 1, 0, 0, 0, 23, 2, 3, 0, 2, 2, 3, 3, 13, 0, 0, 0, 4, 3, 2, 1, 8, 2, 2, 2, 24, 9, 2, 5, 21, 1, 1, 0, 5, 1, 1, 0, 13, 0, 1, 1, 24, 1, 3, 2, 0, 0, 0, 0, 100, 2, 1, 2, 1, 0, 4, 1, 2, 0, 0, 0, 1, 0, 0, 0, 0, 0, 0, 0, 2, 0, 0, 0, 0, 0, 0, 0, 2, 0, 0, 0, 0, 0, 0, 0, 2, 0, 0, 0, 0, 0, 0, 0, 
31, 2, 0, 1, 1, 0, 0, 0, 1, 0, 0, 0, 0, 1, 0, 0, 0, 0, 0, 0, 1, 0, 2, 1, 0, 22, 3, 1, 2, 2, 2, 2, 0, 1, 0, 1, 3, 2, 0, 1, 4, 15, 2, 0, 1, 22, 10, 4, 6, 23, 2, 0, 0, 0, 2, 1, 0, 18, 2, 0, 0, 18, 5, 3, 4, 0, 4, 2, 2, 100, 0, 1, 1, 2, 0, 0, 2, 1, 0, 0, 0, 1, 0, 0, 0, 0, 0, 0, 0, 0, 0, 0, 0, 1, 0, 0, 0, 0, 0, 0, 0, 0, 0, 0, 0, 0, 0, 0, 0, 1, 0, 0, 0, 
32, 1, 1, 0, 0, 0, 0, 1, 0, 0, 0, 0, 0, 2, 0, 1, 0, 0, 0, 0, 0, 0, 0, 0, 0, 27, 1, 1, 2, 2, 0, 1, 1, 8, 4, 6, 2, 18, 7, 0, 4, 15, 1, 0, 0, 29, 10, 3, 4, 4, 1, 1, 2, 2, 2, 3, 7, 18, 0, 0, 0, 12, 3, 7, 1, 0, 1, 2, 1, 100, 2, 0, 1, 5, 6, 3, 3, 2, 0, 0, 0, 2, 0, 0, 0, 1, 0, 0, 0, 0, 0, 0, 0, 0, 0, 0, 0, 2, 0, 0, 0, 0, 0, 0, 0, 1, 0, 0, 0, 1, 0, 0, 0, 
33, 0, 0, 2, 0, 1, 1, 0, 0, 2, 0, 0, 0, 1, 2, 0, 1, 0, 1, 1, 1, 0, 1, 0, 1, 23, 3, 0, 3, 6, 2, 2, 2, 0, 4, 2, 1, 16, 4, 3, 1, 15, 2, 0, 1, 29, 5, 5, 4, 1, 1, 0, 1, 14, 2, 3, 5, 17, 0, 1, 0, 1, 0, 3, 2, 3, 6, 2, 5, 100, 3, 0, 1, 4, 2, 2, 4, 0, 0, 0, 0, 0, 0, 0, 0, 3, 0, 0, 0, 0, 0, 0, 0, 0, 0, 0, 0, 2, 0, 0, 0, 0, 0, 0, 0, 0, 0, 0, 0, 1, 0, 0, 0, 
34, 0, 0, 0, 1, 0, 0, 0, 0, 1, 1, 0, 0, 0, 0, 1, 0, 1, 1, 2, 1, 1, 1, 0, 1, 25, 0, 2, 1, 2, 1, 1, 4, 1, 1, 4, 6, 20, 1, 2, 3, 21, 2, 0, 2, 21, 1, 4, 5, 3, 4, 1, 1, 2, 0, 5, 1, 18, 2, 0, 0, 1, 0, 2, 0, 2, 2, 1, 3, 100, 1, 3, 0, 3, 1, 5, 4, 2, 0, 0, 0, 1, 0, 0, 0, 0, 0, 0, 0, 2, 0, 0, 0, 0, 0, 0, 0, 1, 0, 0, 0, 0, 0, 0, 0, 0, 0, 0, 0, 0, 0, 0, 0, 
35, 0, 0, 1, 0, 1, 0, 0, 0, 0, 0, 0, 1, 0, 0, 0, 0, 3, 2, 0, 0, 1, 0, 0, 0, 28, 2, 4, 1, 1, 1, 3, 2, 1, 1, 1, 1, 22, 3, 3, 0, 9, 4, 2, 1, 26, 4, 6, 3, 3, 1, 4, 1, 2, 2, 4, 2, 20, 2, 1, 0, 0, 0, 0, 0, 0, 0, 0, 0, 100, 1, 0, 0, 11, 4, 1, 2, 2, 0, 0, 0, 1, 0, 0, 0, 0, 0, 0, 0, 3, 0, 0, 0, 1, 0, 0, 0, 0, 0, 0, 0, 0, 0, 0, 0, 1, 0, 0, 0, 1, 0, 0, 0, 
36, 0, 0, 0, 0, 3, 2, 1, 0, 0, 1, 1, 0, 0, 0, 0, 0, 0, 0, 0, 0, 0, 0, 1, 1, 21, 0, 1, 2, 10, 1, 0, 0, 1, 0, 0, 1, 31, 1, 4, 4, 11, 1, 0, 1, 10, 6, 8, 4, 1, 1, 1, 1, 3, 5, 7, 3, 29, 5, 1, 1, 7, 2, 2, 1, 0, 0, 0, 0, 100, 3, 1, 2, 13, 2, 0, 2, 2, 0, 0, 0, 0, 0, 0, 0, 0, 0, 0, 0, 0, 0, 0, 0, 1, 0, 0, 0, 0, 0, 0, 0, 0, 0, 0, 0, 0, 0, 0, 0, 1, 0, 0, 0, 
37, 1, 1, 1, 2, 2, 0, 0, 2, 0, 0, 0, 0, 1, 2, 0, 0, 0, 0, 0, 0, 0, 0, 0, 0, 15, 0, 0, 2, 23, 10, 2, 3, 1, 2, 0, 1, 31, 3, 2, 1, 4, 0, 0, 0, 4, 1, 8, 0, 1, 2, 1, 0, 4, 6, 3, 3, 18, 2, 0, 1, 0, 0, 1, 1, 1, 0, 1, 2, 100, 1, 0, 0, 8, 5, 1, 1, 4, 0, 0, 0, 2, 0, 0, 0, 0, 0, 0, 0, 1, 0, 0, 0, 1, 0, 0, 0, 0, 0, 0, 0, 0, 0, 0, 0, 3, 0, 0, 0, 1, 0, 0, 0, 
38, 1, 0, 1, 0, 0, 0, 0, 0, 1, 0, 0, 1, 0, 0, 0, 0, 1, 1, 1, 0, 0, 0, 0, 0, 5, 2, 2, 2, 34, 4, 3, 1, 3, 3, 2, 3, 22, 0, 2, 0, 0, 1, 3, 1, 1, 2, 0, 0, 2, 1, 4, 0, 5, 5, 5, 1, 22, 1, 3, 1, 0, 0, 1, 1, 0, 0, 0, 0, 100, 8, 1, 0, 11, 8, 7, 7, 2, 0, 0, 0, 2, 0, 0, 0, 0, 0, 0, 0, 0, 0, 0, 0, 0, 0, 0, 0, 1, 0, 0, 0, 0, 0, 0, 0, 1, 0, 0, 0, 1, 0, 0, 0, 
39, 0, 0, 0, 0, 0, 1, 1, 0, 0, 0, 0, 0, 0, 0, 0, 1, 0, 2, 1, 0, 1, 0, 0, 1, 1, 1, 0, 0, 34, 2, 2, 1, 3, 4, 2, 3, 12, 6, 0, 1, 1, 0, 1, 2, 10, 10, 4, 7, 2, 2, 0, 0, 5, 4, 9, 8, 15, 0, 0, 0, 1, 1, 0, 1, 1, 1, 0, 0, 100, 1, 0, 1, 5, 9, 8, 8, 1, 0, 0, 0, 0, 0, 0, 0, 1, 0, 0, 0, 0, 0, 0, 0, 2, 0, 0, 0, 0, 0, 0, 0, 0, 0, 0, 0, 3, 0, 0, 0, 1, 0, 0, 0, 
40, 0, 0, 1, 0, 0, 0, 0, 1, 0, 0, 0, 1, 0, 0, 0, 0, 0, 0, 1, 1, 0, 1, 1, 0, 8, 2, 0, 0, 25, 3, 3, 3, 1, 3, 2, 1, 1, 1, 2, 2, 3, 2, 3, 0, 10, 3, 8, 4, 4, 1, 5, 3, 3, 3, 6, 7, 9, 0, 0, 2, 3, 2, 3, 2, 2, 4, 2, 2, 100, 2, 0, 0, 11, 8, 3, 10, 2, 0, 0, 0, 0, 0, 0, 0, 1, 0, 0, 0, 3, 0, 0, 0, 1, 0, 0, 0, 0, 0, 0, 0, 2, 0, 0, 0, 0, 0, 0, 0, 0, 0, 0, 0, 
41, 0, 0, 0, 0, 0, 0, 0, 0, 1, 0, 1, 0, 0, 1, 1, 0, 0, 1, 0, 0, 1, 1, 0, 1, 19, 1, 0, 1, 17, 1, 2, 3, 12, 4, 4, 3, 0, 1, 0, 1, 2, 2, 1, 2, 4, 5, 6, 9, 0, 0, 1, 0, 4, 4, 5, 3, 14, 1, 0, 0, 2, 3, 4, 2, 1, 1, 1, 1, 100, 3, 0, 1, 12, 4, 7, 8, 2, 0, 0, 0, 0, 0, 0, 0, 2, 0, 0, 0, 1, 0, 0, 0, 0, 0, 0, 0, 1, 0, 0, 0, 1, 0, 0, 0, 1, 0, 0, 0, 1, 0, 0, 0, 
42, 0, 1, 0, 0, 1, 0, 0, 2, 0, 0, 0, 1, 0, 0, 0, 0, 0, 1, 0, 1, 1, 0, 0, 1, 32, 0, 1, 1, 20, 0, 2, 2, 13, 1, 0, 1, 3, 0, 0, 0, 0, 0, 0, 0, 8, 13, 5, 8, 3, 0, 1, 1, 3, 7, 3, 2, 2, 0, 1, 1, 9, 7, 8, 4, 7, 6, 2, 0, 100, 0, 0, 0, 10, 3, 5, 6, 1, 0, 0, 0, 2, 0, 0, 0, 1, 0, 0, 0, 1, 0, 0, 0, 2, 0, 0, 0, 0, 0, 0, 0, 0, 0, 0, 0, 0, 0, 0, 0, 0, 0, 0, 0, 
43, 1, 0, 0, 1, 1, 0, 4, 0, 1, 0, 1, 0, 1, 1, 1, 0, 1, 0, 0, 0, 0, 0, 0, 1, 39, 0, 1, 1, 17, 0, 1, 2, 25, 4, 3, 5, 3, 3, 3, 1, 1, 4, 3, 3, 7, 10, 7, 7, 1, 0, 1, 0, 5, 12, 4, 4, 5, 1, 4, 4, 4, 9, 12, 6, 2, 2, 4, 0, 100, 2, 0, 1, 3, 7, 4, 4, 1, 0, 0, 0, 0, 0, 0, 0, 2, 0, 0, 0, 1, 0, 0, 0, 1, 0, 0, 0, 0, 0, 0, 0, 1, 0, 0, 0, 0, 0, 0, 0, 0, 0, 0, 0, 
44, 2, 3, 0, 0, 1, 0, 0, 1, 0, 1, 2, 1, 1, 1, 0, 0, 0, 0, 0, 0, 0, 0, 1, 0, 32, 4, 1, 0, 11, 1, 1, 2, 32, 1, 1, 2, 2, 4, 1, 1, 1, 2, 0, 1, 13, 13, 6, 10, 3, 1, 0, 0, 4, 5, 6, 3, 7, 2, 6, 2, 9, 8, 7, 3, 4, 4, 3, 2, 100, 0, 4, 0, 9, 7, 3, 6, 1, 0, 0, 0, 2, 0, 0, 0, 2, 0, 0, 0, 0, 0, 0, 0, 1, 0, 0, 0, 2, 0, 0, 0, 0, 0, 0, 0, 1, 0, 0, 0, 0, 0, 0, 0, 
45, 0, 0, 1, 1, 1, 0, 0, 0, 1, 0, 1, 0, 0, 0, 0, 0, 0, 1, 0, 1, 0, 0, 0, 0, 33, 1, 1, 0, 1, 1, 3, 2, 12, 4, 1, 0, 5, 3, 0, 4, 3, 5, 2, 0, 14, 16, 12, 7, 1, 0, 1, 1, 0, 2, 0, 2, 2, 2, 4, 4, 3, 6, 3, 3, 14, 6, 5, 4, 100, 4, 0, 3, 15, 10, 5, 4, 1, 0, 0, 0, 0, 0, 0, 0, 0, 0, 0, 0, 0, 0, 0, 0, 0, 0, 0, 0, 0, 0, 0, 0, 0, 0, 0, 0, 0, 0, 0, 0, 1, 0, 0, 0, 
46, 0, 0, 1, 0, 1, 0, 0, 0, 0, 1, 1, 0, 0, 2, 1, 1, 1, 1, 1, 1, 0, 0, 0, 0, 38, 0, 0, 4, 0, 0, 0, 0, 15, 2, 3, 3, 4, 1, 3, 1, 1, 2, 0, 5, 12, 9, 8, 11, 0, 0, 0, 0, 0, 2, 0, 0, 1, 5, 4, 3, 3, 2, 1, 3, 14, 1, 1, 2, 100, 4, 3, 0, 15, 3, 8, 6, 0, 0, 0, 0, 2, 0, 0, 0, 0, 0, 0, 0, 2, 0, 0, 0, 0, 0, 0, 0, 0, 0, 0, 0, 3, 0, 0, 0, 0, 0, 0, 0, 0, 0, 0, 0, 
47, 1, 0, 0, 0, 2, 0, 3, 3, 0, 0, 0, 1, 1, 0, 0, 0, 1, 3, 0, 0, 0, 0, 0, 0, 41, 0, 0, 0, 3, 2, 0, 1, 19, 2, 0, 1, 2, 4, 1, 2, 2, 2, 2, 2, 9, 10, 7, 9, 0, 1, 0, 0, 0, 0, 0, 0, 2, 4, 1, 3, 13, 2, 1, 2, 2, 1, 2, 1, 100, 2, 1, 0, 8, 6, 3, 2, 0, 0, 0, 0, 1, 0, 0, 0, 0, 0, 0, 0, 1, 0, 0, 0, 1, 0, 0, 0, 1, 0, 0, 0, 0, 0, 0, 0, 1, 0, 0, 0, 1, 0, 0, 0, 
48, 2, 0, 1, 0, 0, 0, 0, 1, 2, 0, 0, 0, 0, 0, 1, 0, 1, 1, 0, 1, 0, 0, 1, 0, 38, 3, 0, 0, 0, 1, 1, 1, 24, 4, 4, 0, 9, 5, 2, 2, 1, 0, 2, 0, 4, 11, 4, 6, 5, 1, 1, 0, 4, 5, 5, 3, 10, 0, 0, 3, 6, 3, 1, 1, 0, 0, 0, 1, 100, 6, 3, 1, 4, 5, 8, 2, 2, 0, 0, 0, 1, 0, 0, 0, 0, 0, 0, 0, 0, 0, 0, 0, 1, 0, 0, 0, 0, 0, 0, 0, 0, 0, 0, 0, 1, 0, 0, 0, 0, 0, 0, 0, 
49, 1, 0, 0, 0, 1, 0, 1, 0, 0, 0, 0, 1, 0, 0, 1, 0, 0, 0, 1, 0, 0, 0, 1, 0, 48, 1, 0, 1, 5, 0, 0, 0, 31, 1, 7, 3, 9, 1, 3, 1, 2, 2, 2, 1, 16, 6, 3, 8, 2, 0, 2, 1, 1, 6, 3, 1, 1, 5, 2, 5, 14, 1, 1, 1, 0, 3, 3, 1, 100, 0, 3, 1, 6, 8, 4, 7, 2, 0, 0, 0, 1, 0, 0, 0, 0, 0, 0, 0, 0, 0, 0, 0, 1, 0, 0, 0, 1, 0, 0, 0, 0, 0, 0, 0, 0, 0, 0, 0, 0, 0, 0, 0, 
50, 0, 1, 0, 0, 0, 0, 2, 0, 1, 0, 0, 0, 1, 0, 1, 0, 1, 0, 0, 1, 0, 0, 1, 0, 41, 0, 2, 0, 1, 1, 1, 1, 31, 3, 1, 1, 12, 0, 1, 2, 4, 2, 1, 2, 15, 3, 4, 8, 2, 2, 2, 2, 2, 2, 2, 2, 16, 4, 2, 1, 9, 2, 3, 1, 1, 0, 0, 0, 100, 1, 1, 1, 0, 2, 3, 2, 1, 0, 0, 0, 1, 0, 0, 0, 0, 0, 0, 0, 0, 0, 0, 0, 0, 0, 0, 0, 2, 0, 0, 0, 3, 0, 0, 0, 0, 0, 0, 0, 2, 0, 0, 0, 
51, 0, 0, 1, 0, 1, 0, 0, 1, 1, 0, 0, 0, 0, 0, 0, 0, 3, 2, 0, 0, 0, 0, 1, 0, 36, 0, 0, 1, 1, 3, 0, 0, 40, 2, 2, 3, 2, 1, 0, 1, 8, 2, 0, 0, 8, 4, 5, 13, 2, 2, 0, 0, 5, 1, 3, 0, 3, 2, 2, 4, 5, 2, 3, 3, 3, 3, 1, 1, 100, 1, 3, 1, 0, 4, 2, 5, 3, 0, 0, 0, 0, 0, 0, 0, 0, 0, 0, 0, 1, 0, 0, 0, 1, 0, 0, 0, 0, 0, 0, 0, 3, 0, 0, 0, 0, 0, 0, 0, 0, 0, 0, 0, 
52, 1, 1, 1, 2, 0, 0, 0, 0, 0, 0, 1, 0, 2, 0, 2, 0, 1, 1, 0, 1, 1, 0, 0, 0, 30, 1, 2, 1, 2, 6, 6, 5, 40, 5, 0, 4, 4, 6, 5, 3, 11, 0, 1, 0, 11, 7, 6, 9, 0, 1, 0, 1, 0, 2, 0, 0, 0, 0, 0, 1, 11, 0, 1, 3, 2, 1, 0, 0, 100, 9, 2, 0, 0, 0, 2, 0, 0, 0, 0, 0, 0, 0, 0, 0, 1, 0, 0, 0, 1, 0, 0, 0, 1, 0, 0, 0, 1, 0, 0, 0, 1, 0, 0, 0, 0, 0, 0, 0, 1, 0, 0, 0, 
53, 0, 1, 1, 1, 9, 1, 0, 0, 0, 0, 0, 0, 3, 2, 1, 0, 0, 0, 0, 0, 1, 1, 0, 1, 17, 0, 0, 0, 6, 8, 3, 8, 49, 4, 2, 2, 4, 1, 7, 5, 5, 3, 2, 3, 11, 4, 9, 6, 0, 1, 0, 1, 0, 0, 0, 1, 0, 0, 0, 0, 4, 4, 3, 1, 3, 1, 2, 0, 100, 2, 1, 1, 0, 0, 0, 1, 1, 0, 0, 0, 2, 0, 0, 0, 0, 0, 0, 0, 4, 0, 0, 0, 0, 0, 0, 0, 0, 0, 0, 0, 0, 0, 0, 0, 2, 0, 0, 0, 2, 0, 0, 0, 
54, 0, 1, 0, 1, 0, 0, 1, 0, 1, 1, 3, 0, 0, 1, 0, 1, 1, 0, 0, 0, 2, 2, 0, 0, 16, 6, 1, 3, 8, 1, 8, 4, 34, 1, 4, 3, 10, 10, 7, 5, 3, 4, 2, 3, 12, 11, 10, 9, 3, 0, 0, 0, 0, 0, 0, 0, 0, 1, 1, 0, 0, 0, 0, 0, 2, 3, 2, 3, 100, 4, 0, 0, 0, 0, 1, 0, 0, 0, 0, 0, 2, 0, 0, 0, 2, 0, 0, 0, 1, 0, 0, 0, 1, 0, 0, 0, 0, 0, 0, 0, 1, 0, 0, 0, 0, 0, 0, 0, 1, 0, 0, 0, 
55, 0, 0, 0, 0, 0, 1, 1, 0, 0, 0, 0, 0, 2, 0, 0, 0, 0, 0, 0, 0, 0, 0, 0, 0, 28, 0, 0, 1, 3, 4, 7, 5, 36, 3, 2, 2, 4, 4, 3, 1, 1, 1, 0, 3, 16, 9, 12, 8, 1, 3, 1, 2, 3, 1, 1, 2, 0, 0, 0, 1, 4, 2, 6, 4, 3, 3, 2, 2, 100, 2, 0, 0, 2, 0, 0, 1, 2, 0, 0, 0, 0, 0, 0, 0, 2, 0, 0, 0, 1, 0, 0, 0, 0, 0, 0, 0, 0, 0, 0, 0, 1, 0, 0, 0, 1, 0, 0, 0, 2, 0, 0, 0, 
56, 0, 2, 2, 0, 0, 0, 0, 0, 0, 1, 0, 0, 1, 4, 1, 0, 0, 0, 0, 2, 0, 0, 0, 0, 26, 5, 1, 1, 3, 3, 5, 5, 30, 3, 1, 6, 6, 2, 4, 1, 0, 0, 1, 0, 13, 11, 10, 10, 1, 5, 0, 2, 0, 0, 1, 3, 4, 2, 2, 3, 10, 10, 3, 2, 6, 4, 5, 4, 100, 1, 0, 2, 1, 0, 3, 0, 3, 0, 0, 0, 0, 0, 0, 0, 1, 0, 0, 0, 1, 0, 0, 0, 0, 0, 0, 0, 1, 0, 0, 0, 1, 0, 0, 0, 0, 0, 0, 0, 0, 0, 0, 0, 
57, 0, 0, 1, 0, 0, 0, 0, 0, 0, 0, 0, 0, 1, 3, 1, 0, 0, 1, 0, 1, 1, 0, 1, 0, 37, 0, 0, 0, 7, 5, 3, 4, 27, 0, 1, 0, 3, 3, 3, 2, 0, 0, 3, 0, 10, 13, 12, 7, 3, 0, 1, 1, 0, 2, 5, 3, 3, 5, 4, 1, 14, 3, 4, 5, 3, 4, 3, 3, 100, 2, 0, 1, 1, 1, 0, 1, 1, 0, 0, 0, 1, 0, 0, 0, 0, 0, 0, 0, 1, 0, 0, 0, 0, 0, 0, 0, 1, 0, 0, 0, 0, 0, 0, 0, 1, 0, 0, 0, 0, 0, 0, 0, 
58, 1, 0, 0, 0, 0, 0, 0, 0, 0, 0, 3, 4, 0, 1, 0, 0, 1, 0, 0, 1, 1, 0, 0, 0, 42, 2, 1, 1, 14, 5, 5, 0, 5, 2, 0, 1, 0, 1, 3, 0, 2, 1, 3, 3, 12, 10, 12, 8, 7, 3, 1, 3, 8, 6, 7, 5, 0, 1, 0, 1, 6, 0, 6, 6, 1, 0, 0, 0, 100, 3, 2, 0, 3, 0, 7, 2, 0, 0, 0, 0, 2, 0, 0, 0, 0, 0, 0, 0, 1, 0, 0, 0, 2, 0, 0, 0, 0, 0, 0, 0, 0, 0, 0, 0, 0, 0, 0, 0, 0, 0, 0, 0, 
59, 1, 0, 0, 0, 0, 0, 1, 2, 2, 0, 0, 0, 0, 0, 1, 0, 0, 0, 0, 0, 0, 2, 0, 0, 53, 0, 0, 1, 12, 4, 3, 5, 11, 4, 3, 4, 2, 0, 0, 2, 2, 0, 0, 2, 10, 6, 8, 8, 13, 2, 3, 0, 2, 0, 1, 6, 0, 1, 0, 1, 4, 2, 4, 3, 7, 2, 4, 7, 100, 3, 2, 1, 9, 1, 3, 4, 0, 0, 0, 0, 0, 0, 0, 0, 1, 0, 0, 0, 1, 0, 0, 0, 0, 0, 0, 0, 0, 0, 0, 0, 0, 0, 0, 0, 1, 0, 0, 0, 3, 0, 0, 0, 
60, 0, 0, 1, 0, 5, 3, 2, 2, 1, 1, 0, 0, 0, 1, 0, 0, 0, 1, 0, 0, 0, 0, 0, 0, 40, 0, 0, 0, 22, 1, 1, 6, 10, 9, 9, 4, 3, 1, 5, 7, 2, 3, 1, 0, 8, 5, 6, 6, 20, 4, 1, 0, 2, 3, 2, 2, 0, 1, 1, 0, 3, 4, 5, 5, 8, 4, 4, 9, 100, 1, 2, 1, 0, 0, 0, 1, 1, 0, 0, 0, 2, 0, 0, 0, 1, 0, 0, 0, 1, 0, 0, 0, 1, 0, 0, 0, 1, 0, 0, 0, 0, 0, 0, 0, 0, 0, 0, 0, 0, 0, 0, 0, 
61, 0, 0, 0, 0, 0, 2, 0, 2, 1, 0, 0, 1, 1, 0, 0, 0, 0, 0, 1, 1, 0, 0, 0, 0, 24, 0, 0, 1, 23, 3, 1, 2, 14, 6, 8, 10, 2, 8, 1, 0, 1, 0, 0, 0, 3, 6, 5, 2, 27, 7, 4, 0, 0, 1, 0, 4, 1, 0, 3, 0, 12, 1, 3, 5, 12, 5, 2, 2, 100, 5, 3, 0, 3, 2, 0, 2, 0, 0, 0, 0, 0, 0, 0, 0, 1, 0, 0, 0, 1, 0, 0, 0, 2, 0, 0, 0, 0, 0, 0, 0, 1, 0, 0, 0, 0, 0, 0, 0, 0, 0, 0, 0, 
62, 0, 0, 0, 2, 0, 0, 0, 0, 1, 1, 0, 0, 1, 0, 0, 0, 2, 0, 1, 0, 0, 0, 1, 2, 33, 1, 1, 0, 24, 1, 0, 1, 23, 9, 5, 2, 16, 5, 1, 7, 3, 0, 0, 0, 2, 3, 3, 2, 35, 1, 0, 1, 2, 0, 0, 0, 1, 3, 2, 3, 8, 5, 1, 2, 7, 4, 8, 4, 100, 4, 4, 1, 0, 0, 0, 1, 1, 0, 0, 0, 1, 0, 0, 0, 3, 0, 0, 0, 0, 0, 0, 0, 0, 0, 0, 0, 0, 0, 0, 0, 2, 0, 0, 0, 0, 0, 0, 0, 1, 0, 0, 0, 
63, 1, 2, 0, 0, 0, 0, 0, 0, 0, 0, 0, 0, 0, 0, 1, 0, 0, 0, 0, 1, 0, 0, 1, 0, 20, 1, 0, 0, 16, 3, 6, 2, 30, 11, 13, 3, 13, 2, 3, 2, 19, 2, 2, 1, 2, 1, 1, 5, 26, 1, 0, 1, 4, 8, 0, 0, 0, 1, 0, 0, 5, 6, 5, 2, 1, 2, 2, 2, 100, 3, 1, 1, 3, 1, 3, 4, 1, 0, 0, 0, 0, 0, 0, 0, 1, 0, 0, 0, 1, 0, 0, 0, 2, 0, 0, 0, 0, 0, 0, 0, 2, 0, 0, 0, 0, 0, 0, 0, 1, 0, 0, 0, 
64, 0, 0, 0, 0, 0, 0, 0, 1, 0, 0, 2, 2, 0, 0, 0, 1, 0, 1, 0, 1, 0, 1, 0, 0, 21, 1, 0, 0, 29, 1, 0, 4, 28, 7, 5, 5, 2, 4, 1, 1, 16, 6, 1, 3, 0, 0, 1, 1, 26, 1, 2, 0, 2, 0, 0, 0, 0, 0, 0, 1, 10, 3, 4, 3, 1, 0, 2, 1, 100, 12, 0, 0, 5, 1, 1, 1, 1, 0, 0, 0, 0, 0, 0, 0, 0, 0, 0, 0, 0, 0, 0, 0, 1, 0, 0, 0, 0, 0, 0, 0, 1, 0, 0, 0, 1, 0, 0, 0, 1, 0, 0, 0, 
65, 2, 0, 0, 0, 0, 0, 0, 0, 0, 1, 0, 0, 0, 0, 0, 0, 1, 1, 1, 0, 0, 0, 1, 0, 23, 4, 0, 0, 18, 2, 2, 3, 25, 8, 4, 5, 2, 4, 0, 3, 20, 5, 3, 5, 13, 2, 1, 0, 17, 0, 2, 3, 14, 3, 1, 1, 0, 3, 1, 1, 8, 8, 4, 12, 4, 3, 4, 2, 100, 2, 1, 0, 2, 0, 0, 1, 2, 0, 0, 0, 1, 0, 0, 0, 0, 0, 0, 0, 0, 0, 0, 0, 1, 0, 0, 0, 0, 0, 0, 0, 1, 0, 0, 0, 0, 0, 0, 0, 0, 0, 0, 0, 
66, 0, 1, 0, 0, 1, 1, 0, 1, 0, 0, 1, 1, 0, 0, 0, 0, 0, 1, 0, 0, 0, 0, 0, 0, 21, 0, 2, 0, 24, 1, 7, 3, 3, 7, 6, 2, 1, 1, 2, 1, 24, 2, 3, 3, 29, 2, 1, 2, 13, 3, 0, 1, 17, 2, 2, 3, 1, 0, 0, 0, 7, 4, 9, 6, 2, 0, 0, 0, 100, 2, 0, 0, 2, 2, 1, 1, 2, 0, 0, 0, 1, 0, 0, 0, 1, 0, 0, 0, 0, 0, 0, 0, 0, 0, 0, 0, 0, 0, 0, 0, 1, 0, 0, 0, 2, 0, 0, 0, 1, 0, 0, 0, 
67, 0, 0, 0, 0, 0, 1, 1, 0, 0, 3, 1, 0, 1, 0, 2, 0, 0, 0, 0, 0, 1, 4, 0, 0, 11, 0, 1, 0, 23, 3, 3, 1, 7, 7, 9, 6, 2, 1, 1, 0, 14, 6, 3, 1, 34, 0, 0, 0, 21, 5, 0, 2, 20, 3, 1, 1, 0, 2, 2, 2, 6, 1, 6, 1, 1, 2, 0, 0, 100, 5, 1, 0, 8, 10, 2, 2, 1, 0, 0, 0, 0, 0, 0, 0, 2, 0, 0, 0, 1, 0, 0, 0, 2, 0, 0, 0, 1, 0, 0, 0, 0, 0, 0, 0, 0, 0, 0, 0, 0, 0, 0, 0, 
68, 3, 0, 2, 1, 1, 0, 0, 0, 1, 0, 0, 0, 1, 1, 0, 1, 0, 1, 1, 0, 1, 1, 0, 0, 1, 2, 0, 0, 15, 1, 4, 4, 2, 5, 3, 5, 8, 3, 6, 2, 13, 3, 3, 4, 15, 1, 2, 2, 18, 1, 1, 1, 18, 5, 3, 3, 5, 3, 2, 4, 1, 0, 1, 2, 10, 8, 0, 0, 100, 0, 1, 0, 5, 4, 3, 5, 1, 0, 0, 0, 1, 0, 0, 0, 0, 0, 0, 0, 0, 0, 0, 0, 1, 0, 0, 0, 0, 0, 0, 0, 2, 0, 0, 0, 1, 0, 0, 0, 0, 0, 0, 0, 
69, 0, 0, 1, 0, 5, 0, 1, 1, 0, 0, 1, 1, 3, 1, 0, 0, 0, 0, 0, 0, 0, 2, 4, 1, 4, 2, 3, 4, 12, 1, 1, 0, 5, 1, 10, 3, 5, 9, 10, 8, 14, 3, 5, 3, 9, 2, 4, 0, 32, 1, 2, 0, 28, 1, 2, 2, 4, 4, 2, 5, 0, 0, 0, 0, 23, 12, 0, 3, 100, 1, 1, 1, 2, 2, 6, 4, 2, 0, 0, 0, 0, 0, 0, 0, 1, 0, 0, 0, 0, 0, 0, 0, 0, 0, 0, 0, 0, 0, 0, 0, 1, 0, 0, 0, 1, 0, 0, 0, 0, 0, 0, 0, 
70, 0, 0, 0, 1, 4, 2, 1, 0, 1, 1, 0, 0, 0, 0, 0, 1, 1, 0, 0, 0, 0, 1, 0, 0, 3, 5, 2, 3, 13, 0, 3, 4, 3, 3, 7, 3, 10, 9, 4, 8, 7, 5, 7, 3, 19, 11, 5, 1, 27, 1, 1, 0, 36, 4, 0, 2, 11, 4, 5, 5, 0, 0, 0, 0, 31, 2, 1, 2, 100, 3, 0, 1, 3, 7, 1, 3, 1, 0, 0, 0, 0, 0, 0, 0, 1, 0, 0, 0, 1, 0, 0, 0, 0, 0, 0, 0, 0, 0, 0, 0, 0, 0, 0, 0, 0, 0, 0, 0, 0, 0, 0, 0, 
71, 1, 0, 0, 1, 0, 0, 1, 0, 0, 0, 0, 0, 1, 0, 0, 0, 0, 0, 0, 1, 2, 2, 1, 0, 0, 4, 3, 1, 10, 2, 3, 4, 1, 2, 1, 1, 6, 7, 7, 8, 15, 5, 3, 2, 43, 7, 1, 2, 26, 1, 0, 1, 36, 2, 2, 5, 13, 6, 2, 4, 2, 0, 2, 1, 34, 1, 1, 1, 100, 4, 1, 1, 4, 1, 2, 2, 1, 0, 0, 0, 1, 0, 0, 0, 0, 0, 0, 0, 0, 0, 0, 0, 1, 0, 0, 0, 0, 0, 0, 0, 0, 0, 0, 0, 1, 0, 0, 0, 1, 0, 0, 0, 
72, 1, 0, 1, 0, 1, 0, 0, 1, 0, 0, 0, 0, 0, 0, 0, 0, 0, 1, 0, 0, 0, 2, 0, 0, 1, 0, 1, 1, 23, 2, 4, 3, 3, 3, 3, 5, 7, 2, 8, 5, 8, 3, 3, 1, 47, 1, 0, 1, 38, 1, 0, 0, 39, 2, 2, 3, 9, 1, 3, 5, 0, 2, 1, 2, 11, 1, 1, 1, 100, 1, 1, 2, 0, 2, 1, 0, 0, 0, 0, 0, 4, 0, 0, 0, 0, 0, 0, 0, 0, 0, 0, 0, 0, 0, 0, 0, 1, 0, 0, 0, 2, 0, 0, 0, 1, 0, 0, 0, 2, 0, 0, 0, 
73, 4, 0, 0, 2, 0, 1, 2, 1, 0, 2, 0, 0, 1, 0, 0, 0, 0, 0, 1, 0, 0, 2, 2, 0, 0, 0, 0, 0, 36, 3, 1, 1, 3, 1, 1, 3, 4, 5, 7, 7, 1, 0, 1, 3, 46, 2, 3, 0, 35, 1, 1, 1, 45, 4, 0, 4, 3, 2, 3, 0, 0, 1, 0, 1, 17, 0, 0, 1, 100, 1, 0, 1, 1, 1, 0, 1, 0, 0, 0, 0, 1, 0, 0, 0, 3, 0, 0, 0, 0, 0, 0, 0, 1, 0, 0, 0, 1, 0, 0, 0, 1, 0, 0, 0, 0, 0, 0, 0, 1, 0, 0, 0, 
74, 1, 1, 0, 3, 1, 1, 0, 0, 0, 0, 0, 1, 0, 0, 0, 0, 0, 0, 0, 0, 0, 0, 0, 1, 2, 1, 3, 4, 27, 3, 1, 4, 1, 1, 0, 0, 16, 8, 7, 7, 15, 1, 1, 2, 40, 3, 0, 2, 44, 0, 3, 2, 41, 1, 0, 2, 2, 0, 2, 0, 3, 0, 0, 0, 0, 0, 1, 0, 100, 4, 3, 2, 0, 0, 1, 0, 3, 0, 0, 0, 0, 0, 0, 0, 1, 0, 0, 0, 0, 0, 0, 0, 1, 0, 0, 0, 0, 0, 0, 0, 1, 0, 0, 0, 1, 0, 0, 0, 2, 0, 0, 0, 
75, 2, 2, 3, 1, 0, 1, 0, 0, 2, 0, 0, 1, 2, 1, 0, 0, 0, 0, 0, 0, 0, 1, 0, 1, 0, 1, 2, 0, 39, 2, 3, 1, 1, 0, 0, 0, 12, 5, 6, 2, 38, 2, 1, 1, 39, 3, 1, 1, 49, 5, 2, 1, 20, 0, 3, 2, 3, 2, 2, 1, 0, 3, 1, 2, 4, 2, 2, 1, 0, 2, 1, 1, 6, 0, 0, 1, 3, 0, 0, 0, 2, 0, 0, 0, 0, 0, 0, 0, 0, 0, 0, 0, 0, 0, 0, 0, 2, 0, 0, 0, 0, 0, 0, 0, 0, 0, 0, 0, 0, 0, 0, 0, 
76, 1, 1, 0, 0, 0, 0, 0, 0, 0, 0, 2, 1, 2, 2, 0, 0, 2, 1, 0, 1, 0, 1, 0, 1, 0, 0, 0, 0, 33, 2, 2, 1, 1, 2, 0, 2, 1, 2, 1, 0, 39, 4, 0, 1, 52, 3, 5, 0, 52, 2, 2, 0, 8, 4, 0, 0, 3, 0, 0, 2, 2, 1, 3, 1, 22, 8, 1, 0, 100, 1, 0, 3, 7, 2, 1, 0, 0, 0, 0, 0, 0, 0, 0, 0, 0, 0, 0, 0, 2, 0, 0, 0, 0, 0, 0, 0, 0, 0, 0, 0, 3, 0, 0, 0, 2, 0, 0, 0, 1, 0, 0, 0, 
77, 2, 1, 0, 0, 1, 0, 1, 1, 0, 0, 0, 0, 0, 0, 1, 0, 0, 0, 1, 2, 0, 0, 0, 0, 2, 0, 2, 2, 25, 5, 0, 2, 3, 1, 2, 0, 6, 0, 1, 0, 44, 2, 1, 1, 46, 5, 0, 3, 49, 0, 1, 1, 22, 4, 2, 2, 2, 2, 1, 5, 2, 1, 3, 2, 15, 3, 1, 1, 100, 2, 1, 1, 18, 0, 2, 0, 0, 0, 0, 0, 1, 0, 0, 0, 1, 0, 0, 0, 0, 0, 0, 0, 2, 0, 0, 0, 0, 0, 0, 0, 2, 0, 0, 0, 0, 0, 0, 0, 2, 0, 0, 0, 
78, 1, 2, 1, 2, 1, 1, 0, 1, 1, 0, 0, 0, 0, 0, 0, 0, 0, 0, 0, 0, 0, 1, 0, 0, 1, 3, 6, 3, 24, 4, 2, 2, 3, 0, 1, 1, 2, 2, 0, 3, 38, 0, 2, 2, 34, 2, 1, 2, 59, 2, 0, 1, 13, 1, 1, 2, 0, 2, 0, 2, 0, 0, 0, 1, 0, 6, 2, 2, 100, 3, 3, 1, 23, 1, 0, 1, 0, 0, 0, 0, 0, 0, 0, 0, 0, 0, 0, 0, 1, 0, 0, 0, 1, 0, 0, 0, 0, 0, 0, 0, 0, 0, 0, 0, 2, 0, 0, 0, 1, 0, 0, 0, 
79, 3, 0, 1, 0, 0, 0, 0, 0, 0, 0, 2, 0, 0, 1, 1, 1, 0, 0, 0, 0, 2, 0, 3, 2, 1, 3, 1, 0, 13, 6, 1, 2, 7, 5, 2, 4, 5, 5, 6, 6, 34, 1, 3, 2, 21, 0, 2, 1, 66, 2, 0, 1, 12, 3, 3, 3, 9, 2, 2, 0, 0, 0, 0, 0, 6, 5, 4, 3, 100, 3, 0, 2, 6, 0, 2, 0, 1, 0, 0, 0, 0, 0, 0, 0, 2, 0, 0, 0, 1, 0, 0, 0, 2, 0, 0, 0, 1, 0, 0, 0, 0, 0, 0, 0, 0, 0, 0, 0, 1, 0, 0, 0, 
80, 0, 2, 1, 1, 1, 1, 0, 0, 0, 0, 1, 0, 1, 0, 0, 0, 1, 1, 1, 0, 0, 0, 0, 1, 9, 1, 1, 1, 10, 2, 5, 5, 3, 2, 1, 1, 6, 2, 7, 3, 30, 4, 0, 3, 19, 2, 1, 2, 64, 4, 2, 2, 15, 1, 4, 1, 16, 0, 2, 1, 0, 2, 1, 3, 0, 0, 0, 0, 100, 2, 1, 0, 11, 6, 0, 0, 0, 0, 0, 0, 2, 0, 0, 0, 0, 0, 0, 0, 0, 0, 0, 0, 3, 0, 0, 0, 0, 0, 0, 0, 2, 0, 0, 0, 0, 0, 0, 0, 0, 0, 0, 0, 
81, 0, 0, 0, 0, 2, 0, 0, 1, 0, 0, 0, 1, 0, 0, 0, 1, 1, 0, 2, 1, 1, 2, 1, 0, 0, 1, 0, 1, 9, 2, 3, 5, 3, 1, 0, 0, 8, 8, 10, 3, 33, 1, 2, 1, 19, 2, 2, 2, 66, 0, 0, 1, 9, 4, 2, 1, 13, 3, 0, 1, 3, 2, 2, 2, 0, 2, 1, 0, 100, 2, 0, 1, 7, 2, 3, 0, 1, 0, 0, 0, 0, 0, 0, 0, 2, 0, 0, 0, 0, 0, 0, 0, 1, 0, 0, 0, 1, 0, 0, 0, 0, 0, 0, 0, 1, 0, 0, 0, 1, 0, 0, 0, 
82, 1, 1, 0, 1, 3, 0, 0, 0, 0, 0, 0, 0, 1, 0, 0, 0, 1, 0, 1, 1, 0, 2, 1, 2, 0, 0, 0, 0, 2, 3, 9, 0, 1, 0, 2, 1, 14, 10, 14, 5, 26, 2, 0, 3, 33, 2, 1, 1, 80, 3, 0, 0, 8, 2, 3, 1, 13, 2, 1, 2, 4, 0, 2, 3, 0, 1, 0, 0, 100, 1, 3, 1, 7, 3, 0, 0, 1, 0, 0, 0, 2, 0, 0, 0, 2, 0, 0, 0, 2, 0, 0, 0, 0, 0, 0, 0, 0, 0, 0, 0, 0, 0, 0, 0, 2, 0, 0, 0, 1, 0, 0, 0, 
83, 3, 1, 1, 0, 0, 0, 0, 0, 1, 0, 4, 0, 0, 0, 0, 0, 0, 0, 0, 0, 0, 0, 0, 0, 1, 2, 0, 0, 4, 3, 1, 2, 4, 4, 2, 2, 26, 10, 12, 1, 14, 1, 1, 2, 39, 2, 0, 0, 97, 2, 1, 0, 17, 4, 2, 1, 2, 8, 0, 3, 2, 0, 0, 1, 1, 5, 1, 1, 100, 2, 0, 3, 12, 1, 0, 1, 0, 0, 0, 0, 0, 0, 0, 0, 0, 0, 0, 0, 2, 0, 0, 0, 0, 0, 0, 0, 0, 0, 0, 0, 0, 0, 0, 0, 5, 0, 0, 0, 0, 0, 0, 0, 
84, 0, 1, 0, 0, 1, 0, 2, 0, 0, 0, 0, 0, 0, 1, 0, 0, 0, 0, 0, 0, 1, 0, 0, 1, 1, 4, 0, 2, 0, 0, 0, 2, 12, 4, 0, 1, 8, 8, 6, 7, 21, 0, 2, 0, 38, 1, 1, 1, 94, 6, 3, 0, 7, 1, 1, 1, 15, 3, 1, 2, 4, 3, 2, 0, 13, 2, 1, 2, 100, 2, 1, 0, 11, 0, 1, 1, 0, 0, 0, 0, 1, 0, 0, 0, 1, 0, 0, 0, 2, 0, 0, 0, 1, 0, 0, 0, 0, 0, 0, 0, 0, 0, 0, 0, 1, 0, 0, 0, 1, 0, 0, 0, 
85, 0, 0, 1, 0, 0, 0, 3, 1, 0, 1, 1, 1, 1, 1, 0, 0, 1, 0, 0, 0, 0, 3, 0, 0, 2, 2, 0, 1, 2, 0, 0, 1, 2, 2, 1, 2, 9, 9, 7, 7, 23, 1, 2, 1, 30, 2, 0, 3, 83, 4, 1, 1, 9, 3, 3, 4, 26, 7, 0, 0, 2, 0, 1, 0, 2, 2, 3, 0, 100, 1, 0, 0, 5, 0, 0, 0, 4, 0, 0, 0, 1, 0, 0, 0, 1, 0, 0, 0, 0, 0, 0, 0, 1, 0, 0, 0, 0, 0, 0, 0, 2, 0, 0, 0, 0, 0, 0, 0, 0, 0, 0, 0, 
86, 0, 0, 0, 1, 1, 1, 2, 1, 0, 0, 0, 0, 0, 0, 0, 1, 1, 3, 0, 1, 0, 2, 0, 1, 2, 1, 0, 1, 0, 0, 0, 2, 1, 2, 2, 1, 11, 15, 9, 9, 17, 2, 2, 1, 30, 1, 0, 0, 79, 2, 0, 1, 10, 4, 1, 4, 14, 3, 2, 2, 4, 2, 2, 1, 5, 0, 1, 2, 100, 0, 0, 1, 17, 2, 1, 1, 0, 0, 0, 0, 0, 0, 0, 0, 1, 0, 0, 0, 1, 0, 0, 0, 0, 0, 0, 0, 3, 0, 0, 0, 0, 0, 0, 0, 0, 0, 0, 0, 2, 0, 0, 0, 
87, 1, 0, 0, 1, 3, 4, 1, 1, 0, 3, 0, 0, 1, 0, 1, 2, 0, 0, 0, 0, 0, 0, 0, 0, 1, 0, 0, 0, 9, 2, 4, 7, 2, 2, 1, 1, 15, 10, 15, 7, 8, 5, 0, 0, 29, 3, 3, 0, 87, 3, 0, 1, 3, 3, 3, 1, 2, 0, 1, 0, 2, 3, 0, 1, 0, 0, 0, 0, 100, 3, 2, 2, 21, 3, 0, 1, 0, 0, 0, 0, 1, 0, 0, 0, 1, 0, 0, 0, 2, 0, 0, 0, 2, 0, 0, 0, 2, 0, 0, 0, 0, 0, 0, 0, 2, 0, 0, 0, 1, 0, 0, 0, 
88, 0, 0, 0, 0, 1, 0, 0, 0, 2, 0, 0, 0, 0, 0, 2, 0, 2, 1, 1, 1, 0, 0, 0, 0, 1, 4, 1, 0, 8, 5, 6, 3, 1, 2, 1, 0, 10, 13, 16, 15, 20, 6, 1, 3, 25, 4, 1, 2, 86, 2, 0, 1, 2, 7, 3, 3, 7, 6, 3, 0, 5, 1, 2, 2, 0, 1, 1, 2, 100, 2, 2, 1, 24, 1, 1, 0, 0, 0, 0, 0, 0, 0, 0, 0, 0, 0, 0, 0, 1, 0, 0, 0, 0, 0, 0, 0, 0, 0, 0, 0, 0, 0, 0, 0, 0, 0, 0, 0, 1, 0, 0, 0, 
89, 0, 1, 0, 0, 2, 0, 5, 2, 0, 0, 0, 0, 1, 2, 1, 1, 1, 2, 0, 0, 2, 0, 0, 0, 2, 4, 2, 1, 17, 2, 5, 2, 1, 1, 1, 0, 14, 19, 7, 8, 21, 2, 1, 0, 26, 1, 4, 2, 87, 3, 0, 1, 1, 2, 1, 0, 31, 1, 1, 1, 0, 1, 0, 1, 8, 7, 2, 1, 100, 1, 0, 0, 28, 1, 1, 1, 1, 0, 0, 0, 1, 0, 0, 0, 0, 0, 0, 0, 1, 0, 0, 0, 0, 0, 0, 0, 1, 0, 0, 0, 1, 0, 0, 0, 0, 0, 0, 0, 1, 0, 0, 0, 
90, 1, 2, 0, 0, 1, 1, 2, 0, 2, 1, 1, 0, 0, 0, 0, 1, 2, 0, 0, 1, 0, 0, 1, 0, 0, 1, 0, 1, 8, 7, 4, 6, 2, 1, 2, 2, 16, 8, 11, 7, 17, 1, 1, 0, 28, 0, 3, 0, 87, 1, 0, 0, 0, 0, 0, 0, 25, 3, 2, 1, 12, 5, 0, 2, 6, 0, 5, 0, 100, 0, 2, 0, 24, 4, 1, 0, 0, 0, 0, 0, 0, 0, 0, 0, 2, 0, 0, 0, 0, 0, 0, 0, 1, 0, 0, 0, 1, 0, 0, 0, 1, 0, 0, 0, 0, 0, 0, 0, 1, 0, 0, 0, 
91, 0, 3, 0, 1, 0, 0, 1, 0, 0, 0, 0, 0, 0, 1, 0, 0, 1, 0, 1, 1, 0, 0, 0, 0, 1, 1, 0, 0, 13, 4, 5, 2, 10, 4, 3, 4, 9, 10, 7, 10, 13, 2, 2, 1, 28, 3, 1, 0, 75, 0, 1, 3, 1, 1, 2, 0, 27, 1, 2, 2, 12, 1, 2, 0, 2, 0, 1, 0, 100, 1, 0, 1, 26, 0, 1, 0, 0, 0, 0, 0, 1, 0, 0, 0, 0, 0, 0, 0, 1, 0, 0, 0, 3, 0, 0, 0, 1, 0, 0, 0, 0, 0, 0, 0, 0, 0, 0, 0, 0, 0, 0, 0, 
92, 0, 0, 0, 1, 1, 1, 0, 0, 1, 1, 0, 2, 0, 0, 0, 0, 1, 1, 0, 1, 4, 0, 0, 1, 0, 0, 0, 1, 22, 1, 0, 4, 12, 4, 5, 5, 13, 10, 8, 10, 12, 5, 2, 2, 28, 2, 5, 1, 66, 1, 0, 0, 1, 3, 0, 1, 21, 2, 1, 2, 4, 0, 0, 2, 7, 2, 0, 1, 100, 4, 0, 1, 40, 0, 1, 1, 0, 0, 0, 0, 1, 0, 0, 0, 1, 0, 0, 0, 1, 0, 0, 0, 0, 0, 0, 0, 4, 0, 0, 0, 0, 0, 0, 0, 0, 0, 0, 0, 3, 0, 0, 0, 
93, 0, 0, 0, 0, 0, 2, 0, 1, 0, 0, 3, 0, 0, 0, 2, 0, 0, 0, 0, 1, 0, 2, 0, 0, 4, 1, 7, 6, 12, 6, 3, 1, 4, 3, 3, 3, 11, 8, 10, 20, 8, 0, 0, 1, 33, 2, 0, 2, 80, 0, 0, 0, 5, 8, 1, 4, 23, 1, 2, 0, 0, 0, 0, 3, 3, 1, 0, 0, 100, 6, 0, 1, 45, 0, 1, 0, 2, 0, 0, 0, 0, 0, 0, 0, 2, 0, 0, 0, 0, 0, 0, 0, 1, 0, 0, 0, 0, 0, 0, 0, 0, 0, 0, 0, 0, 0, 0, 0, 1, 0, 0, 0, 
94, 0, 0, 0, 0, 0, 0, 0, 1, 0, 0, 1, 0, 2, 0, 0, 0, 0, 0, 0, 1, 0, 0, 0, 0, 3, 3, 4, 6, 26, 3, 1, 2, 16, 3, 3, 4, 14, 6, 15, 11, 0, 1, 1, 1, 28, 4, 1, 1, 75, 2, 1, 1, 5, 2, 2, 4, 21, 3, 1, 1, 0, 1, 1, 0, 5, 1, 0, 0, 100, 1, 3, 0, 41, 1, 0, 0, 0, 0, 0, 0, 2, 0, 0, 0, 2, 0, 0, 0, 3, 0, 0, 0, 0, 0, 0, 0, 1, 0, 0, 0, 1, 0, 0, 0, 0, 0, 0, 0, 0, 0, 0, 0, 
95, 0, 0, 0, 0, 2, 1, 2, 0, 2, 0, 1, 2, 2, 0, 1, 1, 2, 3, 0, 0, 0, 0, 0, 0, 7, 5, 8, 4, 21, 5, 3, 7, 3, 3, 5, 3, 6, 12, 6, 14, 1, 1, 2, 1, 26, 3, 2, 0, 77, 1, 2, 0, 0, 4, 3, 2, 8, 2, 1, 1, 0, 2, 0, 1, 3, 4, 3, 3, 100, 0, 0, 0, 31, 2, 1, 0, 0, 0, 0, 0, 1, 0, 0, 0, 0, 0, 0, 0, 0, 0, 0, 0, 0, 0, 0, 0, 0, 0, 0, 0, 1, 0, 0, 0, 1, 0, 0, 0, 0, 0, 0, 0, 
96, 1, 0, 0, 0, 0, 1, 1, 0, 2, 1, 0, 1, 0, 0, 0, 0, 0, 0, 0, 0, 0, 0, 0, 0, 8, 6, 7, 5, 36, 2, 5, 3, 9, 3, 7, 5, 10, 3, 10, 5, 0, 0, 0, 0, 24, 2, 1, 3, 77, 0, 0, 1, 7, 5, 2, 5, 2, 3, 3, 1, 1, 1, 0, 1, 2, 1, 0, 1, 100, 0, 1, 2, 37, 1, 3, 0, 2, 0, 0, 0, 0, 0, 0, 0, 0, 0, 0, 0, 1, 0, 0, 0, 0, 0, 0, 0, 1, 0, 0, 0, 2, 0, 0, 0, 2, 0, 0, 0, 0, 0, 0, 0, 
97, 0, 0, 0, 0, 0, 0, 1, 0, 1, 0, 1, 0, 0, 0, 0, 0, 1, 1, 0, 1, 0, 0, 0, 0, 10, 7, 7, 2, 32, 2, 2, 1, 7, 6, 4, 8, 8, 1, 11, 2, 6, 1, 2, 4, 27, 1, 2, 0, 81, 4, 0, 1, 2, 2, 2, 1, 1, 0, 1, 0, 4, 7, 6, 7, 2, 0, 4, 3, 100, 3, 0, 2, 17, 2, 0, 1, 0, 0, 0, 0, 2, 0, 0, 0, 2, 0, 0, 0, 2, 0, 0, 0, 1, 0, 0, 0, 1, 0, 0, 0, 1, 0, 0, 0, 0, 0, 0, 0, 0, 0, 0, 0, 
98, 0, 0, 1, 0, 0, 1, 2, 2, 0, 0, 0, 0, 1, 1, 2, 0, 0, 0, 0, 2, 0, 0, 0, 1, 7, 4, 8, 10, 16, 2, 4, 2, 5, 5, 10, 6, 9, 11, 4, 2, 4, 0, 1, 0, 22, 4, 3, 2, 76, 0, 1, 1, 1, 3, 2, 4, 2, 2, 0, 2, 4, 1, 0, 2, 2, 0, 1, 1, 100, 0, 1, 1, 19, 0, 0, 1, 2, 0, 0, 0, 0, 0, 0, 0, 0, 0, 0, 0, 2, 0, 0, 0, 0, 0, 0, 0, 0, 0, 0, 0, 3, 0, 0, 0, 0, 0, 0, 0, 0, 0, 0, 0, 
99, 0, 0, 1, 0, 2, 0, 0, 1, 1, 0, 1, 0, 1, 0, 1, 0, 0, 0, 0, 0, 1, 2, 0, 0, 11, 8, 9, 5, 19, 5, 4, 7, 14, 8, 11, 5, 4, 6, 2, 6, 2, 4, 2, 1, 16, 2, 0, 1, 77, 1, 1, 0, 2, 1, 1, 2, 3, 2, 2, 2, 1, 1, 3, 0, 2, 1, 4, 3, 100, 3, 1, 0, 6, 1, 0, 0, 2, 0, 0, 0, 1, 0, 0, 0, 0, 0, 0, 0, 0, 0, 0, 0, 1, 0, 0, 0, 0, 0, 0, 0, 3, 0, 0, 0, 3, 0, 0, 0, 0, 0, 0, 0, 