0, 3, 0, 0, 1, 1, 0, 2, 1, 0, 0, 0, 0, 1, 0, 1, 0, 1, 2, 1, 0, 1, 0, 0, 0, 1, 0, 1, 0, 0, 0, 0, 0, 2, 2, 2, 1, 1, 1, 1, 0, 0, 0, 0, 0, 1, 4, 4, 1, 1, 2, 1, 1, 1, 0, 2, 0, 5, 7, 7, 3, 5, 4, 4, 2, 0, 1, 0, 0, 0, 4, 3, 1, 0, 1, 0, 0, 0, 0, 0, 0, 0, 0, 0, 0, 0, 0, 0, 0, 1, 0, 0, 0, 0, 0, 0, 0, 0, 0, 0, 0, 0, 0, 0, 0, 1, 0, 0, 0, 2, 0, 0, 0, 
1, 0, 0, 0, 0, 0, 0, 1, 0, 1, 0, 0, 0, 0, 0, 1, 2, 1, 0, 0, 0, 0, 0, 0, 0, 1, 1, 0, 1, 3, 4, 5, 3, 1, 2, 1, 1, 0, 0, 0, 0, 4, 1, 1, 1, 4, 6, 4, 5, 0, 4, 1, 2, 0, 0, 0, 0, 12, 2, 1, 4, 14, 2, 4, 1, 3, 2, 1, 2, 1, 0, 2, 2, 0, 0, 0, 0, 1, 0, 0, 0, 0, 0, 0, 0, 2, 0, 0, 0, 0, 0, 0, 0, 1, 0, 0, 0, 0, 0, 0, 0, 1, 0, 0, 0, 2, 0, 0, 0, 1, 0, 0, 0, 
2, 0, 0, 0, 0, 0, 0, 1, 0, 0, 0, 0, 0, 0, 0, 0, 0, 1, 0, 1, 0, 0, 0, 1, 0, 2, 6, 2, 0, 3, 2, 2, 0, 1, 0, 2, 1, 0, 0, 0, 0, 0, 1, 0, 2, 11, 10, 7, 5, 3, 2, 1, 4, 1, 1, 1, 2, 13, 2, 2, 4, 22, 7, 5, 4, 2, 5, 2, 2, 0, 0, 1, 0, 1, 0, 2, 1, 2, 0, 0, 0, 0, 0, 0, 0, 1, 0, 0, 0, 0, 0, 0, 0, 0, 0, 0, 0, 0, 0, 0, 0, 4, 0, 0, 0, 1, 0, 0, 0, 1, 0, 0, 0, 
3, 0, 2, 1, 2, 0, 0, 0, 1, 3, 0, 1, 0, 0, 1, 1, 0, 0, 1, 2, 0, 0, 1, 0, 0, 20, 3, 3, 1, 2, 3, 3, 1, 0, 2, 0, 1, 0, 0, 0, 1, 2, 0, 0, 0, 5, 5, 6, 7, 5, 0, 1, 2, 13, 1, 3, 0, 11, 3, 4, 5, 10, 4, 2, 3, 1, 2, 0, 1, 0, 2, 1, 2, 0, 0, 0, 4, 0, 0, 0, 0, 1, 0, 0, 0, 1, 0, 0, 0, 2, 0, 0, 0, 1, 0, 0, 0, 2, 0, 0, 0, 0, 0, 0, 0, 1, 0, 0, 0, 1, 0, 0, 0, 
4, 0, 0, 0, 0, 6, 0, 1, 2, 0, 0, 2, 0, 0, 1, 0, 1, 1, 0, 0, 0, 0, 0, 1, 0, 15, 4, 1, 3, 3, 2, 1, 0, 0, 0, 0, 0, 0, 0, 1, 1, 0, 2, 5, 1, 8, 6, 5, 2, 1, 2, 0, 0, 15, 2, 1, 4, 6, 1, 3, 1, 4, 3, 2, 0, 1, 1, 1, 0, 1, 1, 0, 0, 1, 2, 1, 0, 1, 0, 0, 0, 2, 0, 0, 0, 2, 0, 0, 0, 1, 0, 0, 0, 0, 0, 0, 0, 0, 0, 0, 0, 2, 0, 0, 0, 1, 0, 0, 0, 1, 0, 0, 0, 
5, 0, 2, 0, 1, 0, 1, 1, 0, 0, 1, 0, 0, 0, 2, 1, 2, 0, 2, 1, 2, 1, 0, 0, 0, 10, 0, 1, 1, 6, 2, 4, 3, 2, 2, 4, 3, 0, 1, 0, 0, 3, 1, 5, 3, 8, 5, 11, 2, 5, 2, 0, 2, 7, 1, 2, 0, 0, 2, 0, 1, 0, 1, 0, 1, 1, 1, 0, 0, 3, 1, 1, 1, 1, 1, 0, 1, 3, 0, 0, 0, 0, 0, 0, 0, 1, 0, 0, 0, 1, 0, 0, 0, 1, 0, 0, 0, 0, 0, 0, 0, 1, 0, 0, 0, 0, 0, 0, 0, 0, 0, 0, 0, 
6, 1, 1, 1, 0, 2, 0, 0, 2, 0, 1, 0, 1, 1, 0, 1, 1, 0, 1, 1, 1, 0, 0, 0, 1, 6, 4, 0, 2, 2, 3, 2, 2, 1, 0, 2, 2, 1, 1, 2, 2, 2, 0, 1, 1, 4, 8, 4, 5, 7, 0, 0, 0, 3, 2, 3, 2, 3, 2, 2, 2, 0, 0, 0, 0, 2, 1, 0, 2, 1, 0, 2, 2, 1, 1, 1, 1, 3, 0, 0, 0, 0, 0, 0, 0, 1, 0, 0, 0, 2, 0, 0, 0, 0, 0, 0, 0, 2, 0, 0, 0, 1, 0, 0, 0, 0, 0, 0, 0, 1, 0, 0, 0, 
7, 0, 0, 1, 0, 1, 0, 2, 0, 0, 0, 1, 0, 2, 0, 2, 2, 0, 1, 1, 1, 1, 0, 0, 0, 4, 1, 2, 3, 9, 0, 0, 0, 1, 1, 2, 0, 0, 2, 1, 0, 1, 2, 0, 1, 8, 8, 5, 13, 9, 3, 1, 1, 5, 0, 3, 1, 0, 6, 0, 2, 2, 1, 0, 0, 0, 0, 0, 1, 6, 0, 3, 2, 0, 1, 0, 0, 2, 0, 0, 0, 2, 0, 0, 0, 0, 0, 0, 0, 0, 0, 0, 0, 0, 0, 0, 0, 0, 0, 0, 0, 0, 0, 0, 0, 1, 0, 0, 0, 0, 0, 0, 0, 
8, 0, 0, 0, 0, 0, 1, 0, 0, 0, 0, 1, 0, 0, 0, 0, 2, 0, 1, 0, 1, 0, 1, 0, 0, 6, 9, 3, 4, 2, 2, 1, 1, 1, 0, 0, 0, 1, 0, 0, 1, 0, 0, 0, 0, 7, 4, 9, 6, 4, 0, 0, 1, 7, 2, 1, 3, 3, 1, 2, 2, 0, 2, 1, 0, 3, 3, 0, 0, 18, 1, 2, 0, 8, 5, 0, 1, 2, 0, 0, 0, 0, 0, 0, 0, 1, 0, 0, 0, 1, 0, 0, 0, 1, 0, 0, 0, 0, 0, 0, 0, 3, 0, 0, 0, 1, 0, 0, 0, 0, 0, 0, 0, 
9, 1, 1, 1, 1, 0, 0, 0, 0, 0, 0, 0, 0, 0, 0, 2, 0, 0, 0, 0, 1, 0, 0, 0, 0, 10, 7, 9, 2, 1, 0, 1, 0, 2, 0, 0, 0, 3, 1, 1, 1, 2, 0, 1, 0, 12, 7, 7, 3, 1, 1, 2, 1, 18, 3, 0, 2, 0, 0, 0, 0, 6, 1, 1, 1, 1, 1, 0, 0, 14, 3, 3, 0, 11, 1, 0, 1, 1, 0, 0, 0, 2, 0, 0, 0, 1, 0, 0, 0, 4, 0, 0, 0, 2, 0, 0, 0, 0, 0, 0, 0, 1, 0, 0, 0, 0, 0, 0, 0, 2, 0, 0, 0, 
10, 0, 0, 0, 1, 0, 1, 0, 1, 0, 1, 0, 0, 1, 0, 0, 1, 0, 0, 0, 0, 1, 1, 3, 4, 4, 4, 4, 6, 7, 1, 7, 2, 1, 2, 1, 1, 2, 2, 0, 0, 10, 1, 0, 0, 13, 3, 5, 3, 2, 2, 2, 1, 9, 1, 0, 1, 4, 1, 1, 5, 1, 2, 1, 0, 1, 2, 0, 1, 7, 4, 1, 0, 14, 1, 1, 0, 0, 0, 0, 0, 1, 0, 0, 0, 0, 0, 0, 0, 0, 0, 0, 0, 0, 0, 0, 0, 0, 0, 0, 0, 1, 0, 0, 0, 2, 0, 0, 0, 0, 0, 0, 0, 
11, 2, 0, 0, 1, 0, 0, 0, 0, 0, 0, 1, 0, 1, 1, 0, 1, 1, 1, 0, 0, 0, 0, 0, 0, 6, 3, 4, 2, 4, 5, 1, 4, 7, 1, 0, 0, 2, 0, 0, 3, 19, 4, 1, 0, 5, 5, 6, 4, 1, 1, 0, 0, 0, 0, 4, 3, 1, 2, 2, 3, 5, 1, 1, 2, 9, 2, 0, 0, 1, 0, 1, 0, 25, 1, 2, 0, 1, 0, 0, 0, 0, 0, 0, 0, 0, 0, 0, 0, 3, 0, 0, 0, 0, 0, 0, 0, 2, 0, 0, 0, 0, 0, 0, 0, 1, 0, 0, 0, 0, 0, 0, 0, 
12, 1, 2, 0, 1, 0, 0, 3, 1, 0, 0, 0, 0, 1, 1, 1, 2, 1, 0, 0, 0, 1, 1, 1, 1, 5, 5, 3, 4, 2, 2, 3, 10, 12, 3, 0, 0, 9, 5, 5, 7, 7, 0, 1, 0, 7, 10, 6, 3, 1, 1, 0, 0, 0, 1, 1, 1, 3, 1, 1, 1, 2, 1, 1, 2, 7, 1, 0, 1, 2, 5, 3, 1, 15, 0, 1, 2, 1, 0, 0, 0, 0, 0, 0, 0, 0, 0, 0, 0, 2, 0, 0, 0, 1, 0, 0, 0, 0, 0, 0, 0, 2, 0, 0, 0, 0, 0, 0, 0, 0, 0, 0, 0, 
13, 0, 0, 2, 1, 1, 0, 1, 0, 0, 0, 0, 0, 0, 0, 0, 0, 1, 2, 1, 0, 0, 0, 0, 0, 5, 0, 4, 5, 11, 9, 7, 8, 1, 0, 0, 2, 4, 5, 3, 5, 4, 0, 2, 3, 7, 10, 2, 6, 3, 2, 0, 1, 3, 3, 2, 2, 1, 1, 3, 2, 2, 4, 1, 4, 0, 1, 1, 1, 5, 2, 7, 6, 18, 2, 1, 0, 0, 0, 0, 0, 0, 0, 0, 0, 1, 0, 0, 0, 1, 0, 0, 0, 1, 0, 0, 0, 1, 0, 0, 0, 0, 0, 0, 0, 2, 0, 0, 0, 1, 0, 0, 0, 
14, 0, 0, 0, 1, 1, 0, 1, 0, 0, 0, 1, 0, 0, 2, 0, 0, 0, 0, 0, 0, 0, 0, 1, 0, 4, 2, 4, 1, 11, 11, 6, 11, 0, 2, 1, 1, 3, 0, 2, 1, 13, 2, 3, 1, 6, 10, 5, 2, 3, 0, 0, 0, 8, 2, 6, 2, 0, 0, 2, 0, 2, 4, 2, 4, 3, 2, 2, 2, 6, 5, 8, 5, 12, 2, 3, 0, 2, 0, 0, 0, 0, 0, 0, 0, 0, 0, 0, 0, 1, 0, 0, 0, 1, 0, 0, 0, 2, 0, 0, 0, 0, 0, 0, 0, 0, 0, 0, 0, 1, 0, 0, 0, 
15, 0, 0, 1, 0, 0, 1, 1, 0, 0, 1, 0, 0, 0, 1, 0, 0, 0, 1, 1, 1, 0, 3, 0, 0, 10, 4, 4, 6, 12, 10, 17, 18, 0, 0, 2, 2, 4, 0, 1, 1, 15, 1, 0, 2, 6, 14, 5, 9, 4, 2, 1, 2, 9, 4, 6, 4, 0, 1, 0, 0, 3, 2, 2, 9, 6, 1, 0, 0, 8, 5, 3, 8, 9, 0, 0, 1, 0, 0, 0, 0, 1, 0, 0, 0, 1, 0, 0, 0, 3, 0, 0, 0, 1, 0, 0, 0, 1, 0, 0, 0, 0, 0, 0, 0, 0, 0, 0, 0, 0, 0, 0, 0, 
16, 0, 0, 1, 0, 2, 0, 0, 1, 0, 0, 2, 0, 0, 0, 0, 0, 1, 2, 2, 0, 0, 0, 1, 1, 19, 10, 2, 1, 10, 17, 18, 13, 1, 0, 3, 0, 2, 2, 4, 3, 7, 0, 2, 1, 12, 7, 10, 14, 7, 1, 3, 0, 14, 6, 3, 10, 4, 3, 1, 3, 9, 7, 10, 4, 1, 1, 0, 1, 5, 5, 4, 2, 1, 1, 1, 2, 1, 0, 0, 0, 1, 0, 0, 0, 0, 0, 0, 0, 0, 0, 0, 0, 0, 0, 0, 0, 1, 0, 0, 0, 2, 0, 0, 0, 0, 0, 0, 0, 2, 0, 0, 0, 
17, 0, 0, 0, 0, 0, 0, 1, 0, 0, 0, 0, 0, 0, 0, 0, 0, 1, 1, 1, 0, 3, 0, 2, 0, 19, 7, 2, 3, 13, 13, 8, 17, 2, 2, 1, 1, 2, 0, 1, 4, 3, 3, 3, 1, 8, 8, 11, 9, 1, 0, 3, 1, 15, 5, 2, 4, 10, 2, 5, 2, 18, 4, 8, 5, 3, 0, 0, 0, 5, 4, 3, 1, 3, 1, 2, 2, 0, 0, 0, 0, 4, 0, 0, 0, 1, 0, 0, 0, 2, 0, 0, 0, 1, 0, 0, 0, 0, 0, 0, 0, 1, 0, 0, 0, 1, 0, 0, 0, 0, 0, 0, 0, 
18, 3, 2, 1, 0, 0, 2, 2, 0, 2, 1, 0, 1, 1, 0, 0, 0, 0, 1, 0, 0, 0, 0, 0, 0, 22, 7, 4, 5, 14, 17, 13, 13, 0, 3, 1, 0, 1, 1, 0, 1, 1, 1, 0, 0, 8, 5, 8, 6, 5, 2, 5, 4, 19, 2, 3, 3, 14, 1, 1, 2, 24, 7, 7, 9, 2, 2, 2, 2, 5, 3, 6, 6, 5, 1, 2, 2, 0, 0, 0, 0, 0, 0, 0, 0, 1, 0, 0, 0, 0, 0, 0, 0, 0, 0, 0, 0, 1, 0, 0, 0, 1, 0, 0, 0, 0, 0, 0, 0, 0, 0, 0, 0, 
19, 1, 0, 1, 0, 1, 0, 1, 0, 0, 0, 1, 0, 0, 1, 0, 0, 0, 2, 0, 1, 0, 0, 0, 0, 29, 7, 2, 3, 13, 19, 11, 11, 2, 3, 1, 0, 9, 4, 4, 2, 4, 7, 6, 2, 7, 6, 4, 2, 2, 1, 3, 1, 21, 6, 3, 1, 12, 3, 2, 2, 21, 6, 10, 6, 0, 3, 2, 0, 1, 2, 4, 8, 7, 2, 1, 2, 1, 0, 0, 0, 2, 0, 0, 0, 0, 0, 0, 0, 2, 0, 0, 0, 0, 0, 0, 0, 1, 0, 0, 0, 2, 0, 0, 0, 0, 0, 0, 0, 0, 0, 0, 0, 
20, 1, 0, 0, 1, 0, 0, 0, 0, 0, 1, 0, 1, 0, 0, 0, 0, 1, 0, 1, 0, 0, 0, 0, 0, 25, 2, 6, 2, 9, 18, 15, 10, 6, 1, 3, 1, 9, 5, 5, 1, 5, 5, 3, 2, 2, 7, 1, 3, 9, 1, 2, 0, 33, 6, 6, 6, 13, 4, 2, 2, 14, 8, 9, 3, 4, 2, 3, 1, 4, 1, 7, 4, 7, 1, 2, 0, 1, 0, 0, 0, 0, 0, 0, 0, 0, 0, 0, 0, 1, 0, 0, 0, 2, 0, 0, 0, 1, 0, 0, 0, 0, 0, 0, 0, 1, 0, 0, 0, 0, 0, 0, 0, 
21, 0, 1, 0, 0, 1, 0, 2, 0, 1, 0, 0, 1, 0, 2, 2, 2, 1, 0, 0, 0, 0, 0, 0, 0, 11, 4, 3, 4, 17, 12, 13, 19, 4, 4, 2, 1, 15, 2, 6, 3, 3, 2, 4, 1, 1, 4, 4, 1, 0, 0, 0, 0, 47, 4, 5, 5, 8, 2, 3, 2, 14, 10, 2, 6, 4, 2, 6, 1, 1, 1, 0, 1, 11, 1, 2, 1, 2, 0, 0, 0, 0, 0, 0, 0, 5, 0, 0, 0, 0, 0, 0, 0, 1, 0, 0, 0, 0, 0, 0, 0, 0, 0, 0, 0, 0, 0, 0, 0, 1, 0, 0, 0, 
22, 1, 0, 1, 0, 1, 0, 1, 0, 0, 0, 0, 0, 0, 0, 0, 0, 1, 0, 1, 1, 0, 0, 0, 0, 19, 4, 7, 2, 19, 13, 10, 9, 0, 1, 2, 4, 25, 4, 4, 3, 2, 0, 1, 0, 8, 5, 4, 6, 0, 0, 1, 0, 45, 2, 4, 3, 2, 0, 1, 0, 3, 3, 5, 4, 5, 1, 3, 1, 1, 2, 2, 0, 9, 0, 2, 0, 1, 0, 0, 0, 2, 0, 0, 0, 0, 0, 0, 0, 1, 0, 0, 0, 1, 0, 0, 0, 0, 0, 0, 0, 0, 0, 0, 0, 1, 0, 0, 0, 0, 0, 0, 0, 
23, 2, 1, 0, 0, 0, 0, 0, 3, 2, 3, 2, 1, 0, 0, 0, 0, 0, 0, 0, 1, 0, 1, 0, 0, 21, 3, 0, 2, 8, 10, 11, 12, 1, 2, 2, 2, 33, 4, 3, 2, 0, 5, 5, 4, 2, 3, 1, 3, 1, 0, 0, 0, 38, 6, 4, 2, 4, 3, 2, 5, 6, 1, 2, 10, 0, 0, 0, 0, 1, 1, 2, 1, 2, 1, 1, 0, 0, 0, 0, 0, 1, 0, 0, 0, 1, 0, 0, 0, 0, 0, 0, 0, 1, 0, 0, 0, 1, 0, 0, 0, 0, 0, 0, 0, 1, 0, 0, 0, 1, 0, 0, 0, 
24, 0, 0, 0, 0, 1, 0, 0, 1, 1, 1, 1, 1, 0, 0, 0, 0, 1, 0, 1, 0, 0, 0, 0, 0, 13, 3, 2, 6, 5, 13, 9, 16, 0, 1, 2, 5, 34, 3, 0, 2, 9, 9, 9, 7, 3, 1, 1, 2, 0, 0, 1, 0, 40, 6, 3, 1, 2, 1, 2, 3, 1, 4, 0, 4, 3, 2, 0, 2, 6, 3, 3, 0, 5, 3, 4, 2, 1, 0, 0, 0, 0, 0, 0, 0, 0, 0, 0, 0, 1, 0, 0, 0, 1, 0, 0, 0, 0, 0, 0, 0, 1, 0, 0, 0, 1, 0, 0, 0, 1, 0, 0, 0, 
25, 0, 1, 0, 0, 1, 1, 0, 0, 1, 1, 0, 1, 0, 0, 0, 0, 1, 1, 0, 0, 1, 1, 0, 1, 9, 10, 2, 3, 14, 15, 12, 11, 1, 0, 0, 2, 21, 5, 3, 0, 15, 10, 6, 6, 1, 0, 2, 1, 0, 0, 1, 0, 52, 3, 4, 3, 1, 0, 1, 1, 3, 3, 1, 1, 0, 4, 1, 3, 22, 1, 1, 0, 7, 3, 2, 1, 1, 0, 0, 0, 0, 0, 0, 0, 0, 0, 0, 0, 1, 0, 0, 0, 3, 0, 0, 0, 0, 0, 0, 0, 1, 0, 0, 0, 3, 0, 0, 0, 0, 0, 0, 0, 
26, 0, 0, 0, 1, 0, 0, 0, 0, 0, 1, 0, 0, 0, 0, 0, 0, 0, 1, 0, 0, 4, 0, 0, 2, 10, 2, 3, 5, 12, 13, 12, 14, 6, 1, 2, 0, 21, 5, 2, 5, 12, 6, 5, 4, 2, 4, 1, 2, 3, 1, 3, 2, 51, 7, 4, 7, 3, 1, 2, 3, 6, 5, 0, 1, 2, 2, 1, 0, 13, 3, 0, 0, 3, 0, 1, 0, 0, 0, 0, 0, 0, 0, 0, 0, 2, 0, 0, 0, 0, 0, 0, 0, 0, 0, 0, 0, 2, 0, 0, 0, 0, 0, 0, 0, 0, 0, 0, 0, 2, 0, 0, 0, 
27, 0, 0, 0, 0, 0, 0, 0, 0, 2, 0, 0, 1, 1, 1, 1, 1, 0, 0, 0, 0, 0, 0, 0, 0, 3, 7, 7, 4, 16, 7, 14, 13, 1, 2, 1, 1, 14, 4, 2, 1, 10, 4, 9, 4, 0, 0, 1, 0, 2, 6, 3, 1, 64, 6, 5, 8, 1, 3, 1, 1, 8, 2, 0, 1, 4, 6, 4, 0, 10, 1, 2, 0, 14, 1, 0, 0, 2, 0, 0, 0, 0, 0, 0, 0, 0, 0, 0, 0, 1, 0, 0, 0, 0, 0, 0, 0, 1, 0, 0, 0, 0, 0, 0, 0, 2, 0, 0, 0, 0, 0, 0, 0, 
28, 0, 1, 0, 1, 0, 0, 0, 0, 0, 0, 1, 2, 0, 0, 1, 0, 0, 0, 1, 0, 0, 0, 0, 0, 4, 3, 3, 10, 19, 9, 8, 6, 0, 1, 0, 1, 13, 1, 1, 5, 8, 9, 10, 5, 2, 0, 0, 1, 7, 3, 0, 2, 82, 7, 5, 2, 5, 3, 4, 1, 7, 0, 6, 3, 3, 3, 6, 5, 18, 1, 0, 2, 15, 4, 0, 0, 0, 0, 0, 0, 2, 0, 0, 0, 0, 0, 0, 0, 0, 0, 0, 0, 1, 0, 0, 0, 0, 0, 0, 0, 0, 0, 0, 0, 0, 0, 0, 0, 0, 0, 0, 0, 
29, 2, 1, 4, 2, 0, 0, 0, 0, 0, 0, 1, 0, 0, 0, 0, 0, 1, 0, 0, 0, 0, 0, 0, 1, 10, 4, 8, 7, 7, 13, 7, 7, 2, 1, 0, 1, 6, 3, 1, 5, 14, 8, 4, 3, 0, 0, 3, 2, 0, 0, 1, 0, 82, 5, 6, 5, 0, 2, 4, 3, 0, 1, 0, 0, 13, 4, 2, 5, 15, 0, 0, 1, 14, 0, 0, 0, 0, 0, 0, 0, 1, 0, 0, 0, 1, 0, 0, 0, 0, 0, 0, 0, 1, 0, 0, 0, 4, 0, 0, 0, 0, 0, 0, 0, 2, 0, 0, 0, 1, 0, 0, 0, 
30, 0, 0, 0, 0, 3, 0, 3, 0, 0, 0, 0, 0, 1, 0, 0, 0, 0, 0, 0, 1, 0, 0, 0, 1, 18, 3, 6, 5, 6, 7, 6, 8, 2, 3, 0, 3, 14, 2, 0, 0, 5, 12, 10, 4, 2, 1, 4, 1, 9, 3, 0, 2, 91, 8, 2, 3, 3, 1, 1, 8, 1, 1, 2, 1, 16, 11, 5, 6, 23, 0, 3, 1, 5, 3, 2, 0, 0, 0, 0, 0, 1, 0, 0, 0, 0, 0, 0, 0, 1, 0, 0, 0, 0, 0, 0, 0, 0, 0, 0, 0, 2, 0, 0, 0, 2, 0, 0, 0, 1, 0, 0, 0, 
31, 1, 1, 0, 0, 0, 0, 0, 1, 1, 1, 1, 0, 0, 1, 2, 0, 0, 0, 0, 0, 0, 0, 0, 0, 23, 7, 5, 4, 12, 5, 8, 5, 2, 2, 2, 1, 5, 5, 2, 10, 9, 10, 7, 2, 0, 1, 0, 1, 7, 3, 1, 3, 88, 5, 6, 2, 8, 4, 3, 3, 5, 4, 1, 4, 25, 5, 5, 5, 15, 0, 2, 1, 0, 0, 0, 0, 0, 0, 0, 0, 0, 0, 0, 0, 0, 0, 0, 0, 0, 0, 0, 0, 1, 0, 0, 0, 0, 0, 0, 0, 0, 0, 0, 0, 0, 0, 0, 0, 2, 0, 0, 0, 
32, 1, 1, 0, 1, 1, 1, 0, 1, 0, 0, 0, 0, 0, 0, 0, 0, 1, 0, 0, 2, 1, 0, 2, 0, 34, 9, 4, 2, 7, 6, 4, 4, 1, 1, 1, 1, 0, 8, 1, 5, 3, 4, 4, 3, 6, 2, 9, 1, 22, 1, 1, 0, 91, 4, 5, 7, 13, 4, 4, 1, 3, 1, 1, 1, 22, 10, 3, 8, 0, 2, 2, 1, 0, 2, 0, 4, 0, 0, 0, 0, 1, 0, 0, 0, 0, 0, 0, 0, 0, 0, 0, 0, 0, 0, 0, 0, 0, 0, 0, 0, 0, 0, 0, 0, 1, 0, 0, 0, 1, 0, 0, 0, 
33, 2, 0, 1, 0, 0, 0, 1, 1, 0, 0, 0, 1, 0, 0, 1, 0, 0, 1, 1, 0, 0, 0, 1, 0, 23, 5, 7, 4, 21, 4, 3, 5, 5, 3, 0, 1, 1, 0, 0, 0, 10, 9, 7, 3, 15, 3, 2, 1, 4, 2, 1, 0, 100, 2, 1, 4, 24, 4, 5, 3, 0, 1, 0, 2, 25, 3, 6, 0, 1, 1, 1, 1, 3, 1, 2, 2, 0, 0, 0, 0, 0, 0, 0, 0, 0, 0, 0, 0, 0, 0, 0, 0, 1, 0, 0, 0, 1, 0, 0, 0, 0, 0, 0, 0, 2, 0, 0, 0, 0, 0, 0, 0, 
34, 3, 0, 0, 0, 1, 0, 1, 0, 0, 0, 1, 1, 1, 1, 0, 2, 1, 0, 0, 0, 0, 1, 1, 0, 26, 12, 9, 5, 18, 6, 5, 8, 6, 2, 4, 1, 0, 0, 0, 0, 3, 2, 4, 10, 0, 2, 2, 1, 6, 1, 1, 2, 94, 6, 2, 4, 30, 6, 1, 3, 3, 2, 2, 2, 21, 3, 2, 6, 1, 0, 0, 0, 3, 4, 1, 1, 2, 0, 0, 0, 1, 0, 0, 0, 0, 0, 0, 0, 1, 0, 0, 0, 0, 0, 0, 0, 0, 0, 0, 0, 0, 0, 0, 0, 0, 0, 0, 0, 0, 0, 0, 0, 
35, 1, 0, 0, 0, 1, 2, 0, 0, 7, 0, 1, 1, 1, 2, 1, 1, 1, 0, 0, 0, 0, 1, 1, 0, 31, 10, 6, 6, 5, 7, 4, 5, 6, 3, 3, 5, 2, 2, 3, 0, 6, 6, 7, 4, 4, 2, 2, 2, 0, 0, 0, 0, 100, 2, 3, 1, 25, 3, 4, 5, 3, 1, 0, 1, 24, 2, 7, 0, 1, 1, 2, 0, 0, 2, 2, 0, 0, 0, 0, 0, 2, 0, 0, 0, 0, 0, 0, 0, 1, 0, 0, 0, 0, 0, 0, 0, 0, 0, 0, 0, 1, 0, 0, 0, 0, 0, 0, 0, 0, 0, 0, 0, 
36, 0, 0, 0, 0, 1, 0, 1, 0, 0, 0, 1, 0, 1, 0, 0, 0, 0, 2, 0, 0, 0, 1, 0, 0, 33, 5, 5, 3, 4, 6, 4, 5, 1, 2, 7, 2, 3, 5, 4, 7, 1, 4, 8, 3, 8, 6, 1, 3, 2, 2, 4, 2, 92, 4, 7, 9, 24, 8, 6, 2, 12, 3, 1, 0, 11, 3, 1, 4, 0, 1, 5, 1, 1, 3, 2, 1, 1, 0, 0, 0, 1, 0, 0, 0, 2, 0, 0, 0, 0, 0, 0, 0, 4, 0, 0, 0, 0, 0, 0, 0, 1, 0, 0, 0, 1, 0, 0, 0, 1, 0, 0, 0, 
37, 0, 0, 0, 0, 1, 1, 0, 0, 0, 0, 0, 0, 0, 1, 1, 0, 0, 0, 0, 1, 2, 0, 0, 1, 35, 6, 3, 5, 2, 4, 3, 2, 1, 4, 3, 4, 3, 4, 4, 4, 3, 2, 0, 3, 5, 2, 2, 2, 3, 2, 4, 3, 88, 3, 7, 1, 36, 1, 7, 4, 15, 0, 1, 1, 3, 1, 1, 3, 0, 0, 1, 3, 1, 1, 0, 0, 1, 0, 0, 0, 1, 0, 0, 0, 0, 0, 0, 0, 1, 0, 0, 0, 0, 0, 0, 0, 1, 0, 0, 0, 0, 0, 0, 0, 0, 0, 0, 0, 1, 0, 0, 0, 
38, 0, 0, 0, 1, 2, 0, 2, 1, 1, 0, 0, 0, 1, 0, 0, 2, 0, 0, 0, 0, 1, 1, 0, 0, 30, 4, 7, 13, 3, 3, 6, 1, 1, 1, 0, 3, 9, 1, 3, 2, 1, 2, 3, 3, 13, 1, 1, 2, 4, 5, 2, 7, 78, 4, 2, 2, 29, 1, 3, 5, 0, 0, 1, 0, 0, 0, 0, 0, 1, 1, 2, 1, 2, 0, 1, 1, 0, 0, 0, 0, 0, 0, 0, 0, 0, 0, 0, 0, 1, 0, 0, 0, 1, 0, 0, 0, 2, 0, 0, 0, 0, 0, 0, 0, 0, 0, 0, 0, 0, 0, 0, 0, 
39, 1, 1, 2, 0, 0, 0, 0, 0, 0, 0, 1, 1, 6, 3, 0, 2, 1, 1, 0, 1, 1, 0, 0, 2, 26, 5, 7, 3, 2, 3, 0, 0, 6, 2, 2, 1, 3, 6, 3, 3, 1, 1, 0, 0, 11, 2, 1, 1, 2, 3, 4, 4, 67, 4, 6, 2, 29, 3, 1, 3, 1, 1, 0, 6, 9, 1, 4, 2, 2, 1, 0, 3, 5, 1, 4, 2, 1, 0, 0, 0, 2, 0, 0, 0, 0, 0, 0, 0, 1, 0, 0, 0, 0, 0, 0, 0, 0, 0, 0, 0, 0, 0, 0, 0, 2, 0, 0, 0, 1, 0, 0, 0, 
40, 1, 0, 0, 0, 0, 0, 2, 2, 0, 0, 1, 0, 0, 0, 0, 0, 0, 0, 0, 0, 3, 1, 2, 0, 24, 6, 6, 3, 7, 7, 3, 4, 4, 1, 1, 1, 2, 3, 4, 3, 0, 1, 1, 2, 15, 0, 1, 0, 2, 2, 4, 4, 70, 3, 4, 6, 15, 5, 2, 1, 9, 2, 1, 1, 11, 1, 3, 4, 0, 0, 2, 0, 5, 3, 4, 2, 1, 0, 0, 0, 0, 0, 0, 0, 1, 0, 0, 0, 1, 0, 0, 0, 0, 0, 0, 0, 1, 0, 0, 0, 1, 0, 0, 0, 1, 0, 0, 0, 0, 0, 0, 0, 
41, 3, 3, 2, 1, 0, 0, 1, 1, 1, 0, 0, 0, 0, 0, 0, 0, 0, 0, 0, 0, 0, 0, 0, 0, 9, 1, 5, 4, 15, 5, 4, 3, 0, 0, 1, 0, 4, 1, 1, 0, 0, 0, 1, 0, 6, 0, 4, 2, 3, 1, 1, 2, 65, 3, 6, 6, 13, 3, 5, 4, 4, 0, 0, 0, 10, 3, 0, 2, 1, 3, 2, 2, 5, 5, 6, 4, 0, 0, 0, 0, 1, 0, 0, 0, 3, 0, 0, 0, 0, 0, 0, 0, 0, 0, 0, 0, 2, 0, 0, 0, 1, 0, 0, 0, 1, 0, 0, 0, 2, 0, 0, 0, 
42, 0, 0, 0, 0, 2, 0, 1, 0, 2, 2, 0, 1, 0, 0, 1, 0, 0, 0, 0, 2, 0, 0, 0, 0, 7, 2, 4, 2, 2, 3, 2, 4, 3, 2, 3, 3, 2, 3, 0, 2, 1, 1, 1, 3, 3, 0, 1, 2, 1, 1, 1, 1, 71, 6, 6, 1, 17, 2, 7, 3, 1, 0, 0, 2, 5, 4, 3, 1, 3, 5, 5, 0, 1, 1, 0, 0, 0, 0, 0, 0, 0, 0, 0, 0, 1, 0, 0, 0, 0, 0, 0, 0, 0, 0, 0, 0, 0, 0, 0, 0, 0, 0, 0, 0, 1, 0, 0, 0, 2, 0, 0, 0, 
43, 0, 0, 0, 0, 5, 1, 1, 0, 0, 0, 1, 1, 0, 1, 0, 0, 1, 0, 1, 0, 2, 0, 3, 0, 2, 9, 6, 3, 2, 1, 2, 0, 6, 7, 6, 4, 2, 5, 3, 2, 1, 0, 2, 3, 13, 5, 4, 3, 2, 0, 1, 0, 75, 5, 5, 2, 24, 2, 3, 3, 1, 0, 2, 1, 5, 1, 5, 1, 5, 3, 0, 3, 0, 0, 0, 0, 0, 0, 0, 0, 0, 0, 0, 0, 1, 0, 0, 0, 0, 0, 0, 0, 1, 0, 0, 0, 1, 0, 0, 0, 0, 0, 0, 0, 0, 0, 0, 0, 5, 0, 0, 0, 
44, 0, 0, 1, 1, 1, 1, 1, 0, 1, 1, 2, 0, 7, 1, 1, 1, 1, 1, 1, 1, 1, 1, 0, 0, 4, 1, 1, 5, 0, 5, 4, 2, 10, 6, 2, 7, 1, 1, 4, 3, 0, 1, 0, 1, 7, 6, 1, 2, 3, 1, 1, 0, 68, 3, 3, 7, 19, 5, 3, 5, 2, 1, 2, 1, 5, 5, 7, 4, 8, 1, 1, 5, 1, 4, 2, 1, 0, 0, 0, 0, 0, 0, 0, 0, 1, 0, 0, 0, 1, 0, 0, 0, 0, 0, 0, 0, 0, 0, 0, 0, 0, 0, 0, 0, 1, 0, 0, 0, 0, 0, 0, 0, 
45, 2, 1, 1, 0, 0, 0, 0, 0, 1, 4, 1, 0, 0, 0, 0, 0, 1, 0, 1, 1, 0, 1, 0, 0, 4, 0, 5, 7, 2, 1, 1, 0, 10, 5, 3, 2, 1, 2, 1, 2, 1, 1, 5, 0, 5, 10, 7, 4, 0, 1, 0, 1, 65, 2, 2, 2, 6, 2, 0, 6, 5, 3, 4, 2, 1, 2, 2, 0, 5, 4, 2, 4, 0, 2, 0, 0, 0, 0, 0, 0, 0, 0, 0, 0, 0, 0, 0, 0, 0, 0, 0, 0, 1, 0, 0, 0, 0, 0, 0, 0, 1, 0, 0, 0, 3, 0, 0, 0, 1, 0, 0, 0, 
46, 1, 1, 1, 1, 0, 2, 1, 1, 0, 0, 0, 0, 0, 0, 0, 0, 0, 2, 0, 0, 1, 0, 1, 0, 12, 6, 8, 6, 1, 2, 2, 1, 6, 4, 6, 8, 1, 3, 2, 6, 1, 0, 1, 0, 3, 3, 4, 5, 3, 2, 0, 0, 58, 0, 8, 1, 0, 3, 3, 2, 2, 1, 1, 0, 0, 1, 0, 0, 12, 2, 5, 2, 0, 0, 2, 0, 0, 0, 0, 0, 1, 0, 0, 0, 1, 0, 0, 0, 4, 0, 0, 0, 4, 0, 0, 0, 0, 0, 0, 0, 0, 0, 0, 0, 1, 0, 0, 0, 0, 0, 0, 0, 
47, 0, 0, 0, 0, 2, 1, 1, 2, 0, 1, 0, 0, 1, 2, 2, 3, 0, 1, 0, 0, 0, 0, 1, 0, 16, 5, 5, 6, 1, 2, 4, 1, 3, 2, 1, 0, 1, 0, 0, 2, 0, 0, 0, 0, 6, 6, 7, 5, 3, 2, 1, 4, 66, 6, 6, 8, 1, 2, 3, 2, 3, 1, 0, 3, 0, 0, 1, 0, 13, 0, 4, 1, 16, 3, 3, 2, 1, 0, 0, 0, 0, 0, 0, 0, 1, 0, 0, 0, 0, 0, 0, 0, 0, 0, 0, 0, 0, 0, 0, 0, 2, 0, 0, 0, 0, 0, 0, 0, 0, 0, 0, 0, 
48, 0, 2, 1, 1, 0, 1, 0, 0, 1, 0, 1, 0, 0, 0, 1, 0, 0, 0, 0, 0, 0, 0, 1, 0, 20, 12, 7, 6, 4, 1, 0, 2, 0, 0, 1, 0, 3, 0, 0, 2, 2, 0, 1, 2, 3, 6, 3, 3, 0, 0, 0, 0, 76, 2, 6, 4, 4, 3, 8, 1, 2, 5, 4, 2, 0, 2, 1, 1, 3, 3, 2, 1, 3, 2, 2, 3, 2, 0, 0, 0, 0, 0, 0, 0, 1, 0, 0, 0, 1, 0, 0, 0, 0, 0, 0, 0, 1, 0, 0, 0, 2, 0, 0, 0, 2, 0, 0, 0, 0, 0, 0, 0, 
49, 0, 0, 0, 0, 0, 0, 0, 0, 2, 0, 1, 0, 1, 1, 0, 0, 1, 0, 1, 1, 0, 1, 1, 1, 23, 6, 3, 2, 1, 2, 2, 1, 2, 0, 2, 1, 1, 1, 2, 2, 2, 5, 0, 4, 3, 1, 1, 0, 1, 0, 2, 0, 76, 3, 4, 4, 6, 5, 7, 4, 16, 8, 0, 1, 0, 0, 1, 0, 1, 1, 0, 0, 0, 2, 2, 1, 1, 0, 0, 0, 1, 0, 0, 0, 1, 0, 0, 0, 2, 0, 0, 0, 2, 0, 0, 0, 1, 0, 0, 0, 2, 0, 0, 0, 1, 0, 0, 0, 2, 0, 0, 0, 
50, 1, 0, 3, 3, 1, 0, 0, 0, 0, 2, 1, 0, 0, 0, 0, 1, 0, 0, 0, 0, 1, 2, 0, 0, 7, 9, 6, 10, 0, 1, 0, 0, 1, 2, 1, 1, 4, 3, 2, 9, 4, 4, 4, 4, 1, 0, 2, 0, 1, 0, 0, 1, 86, 3, 3, 1, 8, 5, 4, 3, 14, 6, 2, 2, 4, 0, 1, 0, 0, 1, 0, 1, 2, 5, 3, 3, 2, 0, 0, 0, 1, 0, 0, 0, 2, 0, 0, 0, 0, 0, 0, 0, 0, 0, 0, 0, 0, 0, 0, 0, 0, 0, 0, 0, 0, 0, 0, 0, 0, 0, 0, 0, 
51, 2, 1, 0, 2, 0, 0, 0, 0, 0, 0, 0, 0, 0, 0, 0, 0, 0, 1, 0, 0, 0, 0, 1, 0, 18, 2, 4, 8, 1, 2, 1, 1, 1, 2, 0, 1, 4, 1, 1, 2, 1, 5, 4, 1, 2, 1, 0, 1, 3, 4, 2, 2, 93, 8, 2, 3, 2, 1, 0, 1, 22, 3, 3, 1, 3, 6, 6, 1, 3, 0, 5, 0, 4, 3, 3, 1, 0, 0, 0, 0, 0, 0, 0, 0, 0, 0, 0, 0, 0, 0, 0, 0, 3, 0, 0, 0, 0, 0, 0, 0, 0, 0, 0, 0, 0, 0, 0, 0, 1, 0, 0, 0, 
52, 0, 1, 0, 0, 1, 0, 0, 1, 0, 0, 1, 0, 2, 0, 1, 1, 0, 0, 0, 0, 0, 0, 1, 0, 26, 7, 5, 3, 7, 5, 4, 7, 0, 4, 3, 1, 1, 1, 3, 2, 1, 0, 0, 2, 2, 1, 0, 0, 1, 2, 2, 0, 88, 4, 2, 3, 0, 0, 2, 0, 19, 3, 4, 1, 7, 5, 7, 3, 0, 1, 0, 0, 12, 7, 5, 2, 0, 0, 0, 0, 0, 0, 0, 0, 0, 0, 0, 0, 0, 0, 0, 0, 0, 0, 0, 0, 0, 0, 0, 0, 1, 0, 0, 0, 0, 0, 0, 0, 1, 0, 0, 0, 
53, 2, 0, 0, 0, 0, 0, 0, 0, 0, 0, 0, 0, 3, 3, 0, 1, 1, 2, 0, 1, 0, 1, 0, 0, 10, 9, 4, 1, 7, 5, 6, 4, 8, 0, 3, 2, 0, 0, 1, 0, 0, 1, 0, 1, 11, 8, 2, 1, 1, 2, 2, 1, 92, 3, 5, 0, 0, 0, 0, 1, 20, 3, 2, 2, 0, 3, 0, 2, 5, 3, 1, 0, 12, 2, 4, 4, 0, 0, 0, 0, 2, 0, 0, 0, 0, 0, 0, 0, 0, 0, 0, 0, 1, 0, 0, 0, 0, 0, 0, 0, 2, 0, 0, 0, 0, 0, 0, 0, 1, 0, 0, 0, 
54, 0, 0, 0, 0, 0, 0, 0, 0, 0, 1, 1, 0, 1, 0, 0, 2, 0, 1, 0, 0, 0, 0, 0, 0, 8, 7, 5, 3, 8, 6, 8, 6, 21, 4, 0, 1, 4, 1, 2, 3, 1, 5, 6, 1, 5, 4, 3, 2, 6, 1, 0, 1, 78, 3, 3, 4, 0, 0, 2, 0, 16, 4, 2, 0, 2, 3, 2, 1, 0, 2, 0, 0, 21, 9, 2, 2, 0, 0, 0, 0, 0, 0, 0, 0, 0, 0, 0, 0, 0, 0, 0, 0, 1, 0, 0, 0, 0, 0, 0, 0, 0, 0, 0, 0, 1, 0, 0, 0, 1, 0, 0, 0, 
55, 1, 0, 0, 2, 0, 0, 0, 0, 0, 0, 0, 0, 0, 0, 0, 0, 1, 1, 0, 1, 2, 1, 0, 0, 4, 9, 6, 5, 12, 5, 2, 6, 10, 2, 3, 2, 1, 0, 0, 0, 10, 3, 5, 7, 8, 0, 0, 1, 3, 1, 0, 0, 74, 2, 4, 4, 2, 4, 3, 2, 13, 1, 0, 0, 0, 1, 0, 0, 1, 0, 1, 2, 31, 5, 6, 5, 0, 0, 0, 0, 0, 0, 0, 0, 1, 0, 0, 0, 1, 0, 0, 0, 0, 0, 0, 0, 0, 0, 0, 0, 0, 0, 0, 0, 1, 0, 0, 0, 1, 0, 0, 0, 
56, 0, 0, 2, 0, 0, 0, 0, 0, 0, 0, 0, 0, 0, 1, 0, 1, 0, 0, 1, 1, 1, 0, 1, 0, 9, 7, 2, 5, 8, 8, 5, 7, 14, 2, 1, 4, 2, 2, 1, 1, 5, 1, 3, 0, 3, 2, 3, 6, 0, 1, 0, 0, 75, 1, 2, 3, 2, 3, 5, 2, 6, 1, 2, 2, 0, 0, 1, 1, 0, 2, 4, 1, 32, 3, 2, 5, 3, 0, 0, 0, 1, 0, 0, 0, 1, 0, 0, 0, 2, 0, 0, 0, 1, 0, 0, 0, 2, 0, 0, 0, 0, 0, 0, 0, 2, 0, 0, 0, 0, 0, 0, 0, 
57, 0, 1, 2, 2, 1, 0, 1, 0, 0, 1, 0, 0, 0, 1, 0, 0, 0, 0, 1, 0, 0, 0, 0, 0, 9, 8, 5, 5, 18, 4, 7, 1, 7, 3, 3, 2, 1, 1, 0, 0, 4, 2, 4, 2, 18, 4, 3, 5, 5, 1, 0, 0, 66, 5, 8, 5, 9, 7, 1, 4, 20, 1, 2, 1, 0, 1, 1, 0, 3, 0, 0, 1, 20, 2, 7, 3, 1, 0, 0, 0, 0, 0, 0, 0, 1, 0, 0, 0, 1, 0, 0, 0, 1, 0, 0, 0, 0, 0, 0, 0, 2, 0, 0, 0, 1, 0, 0, 0, 1, 0, 0, 0, 
58, 0, 0, 0, 0, 1, 0, 1, 0, 2, 2, 0, 0, 0, 2, 0, 4, 0, 1, 1, 1, 0, 0, 0, 0, 6, 9, 8, 2, 29, 9, 7, 1, 10, 4, 3, 3, 16, 1, 5, 0, 6, 3, 7, 4, 15, 8, 1, 2, 4, 2, 0, 1, 73, 2, 0, 2, 1, 5, 7, 4, 8, 2, 1, 0, 0, 2, 0, 1, 0, 1, 0, 0, 39, 3, 4, 3, 0, 0, 0, 0, 0, 0, 0, 0, 0, 0, 0, 0, 0, 0, 0, 0, 2, 0, 0, 0, 3, 0, 0, 0, 0, 0, 0, 0, 0, 0, 0, 0, 1, 0, 0, 0, 
59, 0, 0, 1, 0, 0, 1, 0, 0, 1, 1, 2, 0, 0, 0, 0, 0, 1, 0, 1, 0, 0, 0, 1, 1, 20, 5, 4, 4, 21, 4, 3, 6, 18, 3, 1, 1, 0, 2, 0, 0, 5, 9, 0, 2, 9, 4, 5, 4, 13, 0, 0, 0, 76, 5, 4, 2, 1, 0, 1, 1, 8, 2, 2, 4, 1, 1, 2, 1, 2, 2, 3, 2, 39, 6, 4, 3, 1, 0, 0, 0, 1, 0, 0, 0, 0, 0, 0, 0, 0, 0, 0, 0, 2, 0, 0, 0, 1, 0, 0, 0, 0, 0, 0, 0, 2, 0, 0, 0, 1, 0, 0, 0, 
60, 0, 0, 1, 0, 0, 0, 0, 0, 0, 1, 0, 2, 0, 0, 1, 0, 1, 0, 1, 1, 0, 0, 0, 0, 15, 6, 6, 10, 21, 5, 3, 5, 28, 0, 4, 3, 1, 1, 0, 0, 3, 3, 7, 1, 1, 1, 0, 0, 0, 0, 0, 0, 74, 9, 6, 3, 1, 2, 6, 1, 8, 1, 2, 1, 3, 7, 5, 2, 5, 1, 4, 0, 40, 6, 2, 3, 0, 0, 0, 0, 0, 0, 0, 0, 2, 0, 0, 0, 2, 0, 0, 0, 0, 0, 0, 0, 2, 0, 0, 0, 3, 0, 0, 0, 1, 0, 0, 0, 1, 0, 0, 0, 
61, 1, 0, 0, 0, 0, 1, 0, 1, 1, 0, 0, 0, 2, 2, 0, 0, 0, 2, 0, 1, 0, 0, 2, 0, 25, 10, 5, 8, 20, 4, 2, 3, 36, 3, 1, 1, 0, 0, 1, 1, 0, 3, 1, 4, 1, 1, 1, 0, 3, 0, 3, 6, 77, 5, 3, 1, 0, 0, 0, 0, 0, 1, 0, 1, 10, 7, 4, 2, 0, 1, 1, 0, 46, 7, 3, 3, 0, 0, 0, 0, 2, 0, 0, 0, 1, 0, 0, 0, 0, 0, 0, 0, 3, 0, 0, 0, 3, 0, 0, 0, 1, 0, 0, 0, 1, 0, 0, 0, 0, 0, 0, 0, 
62, 0, 0, 0, 0, 0, 2, 0, 0, 0, 1, 0, 0, 1, 0, 0, 1, 0, 0, 0, 1, 0, 1, 0, 0, 41, 12, 7, 7, 12, 7, 5, 3, 42, 3, 1, 1, 1, 2, 1, 1, 3, 2, 0, 2, 4, 3, 2, 2, 3, 2, 1, 0, 66, 3, 5, 3, 1, 0, 1, 1, 0, 1, 1, 0, 13, 5, 2, 4, 1, 1, 6, 1, 57, 6, 2, 2, 0, 0, 0, 0, 3, 0, 0, 0, 0, 0, 0, 0, 0, 0, 0, 0, 1, 0, 0, 0, 2, 0, 0, 0, 0, 0, 0, 0, 1, 0, 0, 0, 1, 0, 0, 0, 
63, 3, 0, 2, 0, 0, 0, 0, 0, 0, 0, 1, 0, 0, 0, 0, 0, 1, 0, 0, 0, 0, 1, 1, 0, 49, 5, 10, 8, 5, 8, 6, 9, 30, 5, 2, 3, 1, 2, 2, 4, 5, 9, 7, 2, 4, 2, 3, 3, 10, 0, 0, 0, 61, 1, 5, 5, 0, 2, 0, 1, 1, 2, 1, 1, 14, 0, 2, 2, 6, 2, 5, 4, 50, 4, 4, 1, 1, 0, 0, 0, 0, 0, 0, 0, 0, 0, 0, 0, 1, 0, 0, 0, 0, 0, 0, 0, 1, 0, 0, 0, 1, 0, 0, 0, 1, 0, 0, 0, 2, 0, 0, 0, 
64, 1, 0, 0, 0, 1, 0, 1, 0, 0, 0, 0, 0, 1, 1, 0, 0, 0, 0, 0, 0, 0, 0, 0, 0, 43, 8, 12, 14, 11, 4, 11, 7, 20, 2, 2, 4, 0, 0, 2, 1, 6, 6, 6, 8, 3, 4, 3, 5, 11, 2, 0, 0, 57, 5, 3, 5, 6, 0, 1, 2, 2, 1, 4, 1, 3, 4, 6, 4, 5, 1, 2, 0, 53, 5, 6, 0, 0, 0, 0, 0, 1, 0, 0, 0, 0, 0, 0, 0, 2, 0, 0, 0, 0, 0, 0, 0, 1, 0, 0, 0, 2, 0, 0, 0, 0, 0, 0, 0, 0, 0, 0, 0, 
65, 1, 1, 2, 0, 0, 1, 1, 0, 1, 0, 1, 0, 0, 0, 0, 0, 1, 0, 0, 0, 0, 1, 0, 0, 52, 11, 9, 7, 3, 12, 6, 7, 15, 6, 1, 1, 4, 1, 1, 2, 7, 8, 5, 8, 3, 4, 5, 1, 16, 0, 0, 2, 67, 9, 4, 4, 12, 1, 0, 0, 1, 1, 0, 0, 2, 0, 0, 2, 9, 7, 4, 8, 49, 4, 4, 3, 0, 0, 0, 0, 0, 0, 0, 0, 0, 0, 0, 0, 2, 0, 0, 0, 2, 0, 0, 0, 2, 0, 0, 0, 0, 0, 0, 0, 0, 0, 0, 0, 0, 0, 0, 0, 
66, 0, 0, 0, 0, 1, 1, 0, 0, 1, 0, 0, 0, 0, 0, 0, 0, 0, 0, 0, 0, 0, 0, 0, 0, 47, 12, 7, 5, 10, 10, 12, 2, 23, 6, 1, 4, 4, 2, 4, 0, 18, 13, 6, 7, 5, 4, 3, 2, 13, 1, 0, 0, 58, 2, 3, 1, 7, 1, 1, 0, 1, 5, 2, 3, 0, 0, 0, 1, 29, 5, 6, 6, 43, 4, 2, 4, 0, 0, 0, 0, 0, 0, 0, 0, 1, 0, 0, 0, 1, 0, 0, 0, 2, 0, 0, 0, 0, 0, 0, 0, 0, 0, 0, 0, 4, 0, 0, 0, 1, 0, 0, 0, 
67, 1, 0, 0, 0, 0, 1, 1, 1, 0, 0, 2, 0, 0, 0, 0, 1, 2, 0, 0, 0, 1, 1, 0, 0, 52, 10, 5, 8, 5, 9, 4, 3, 36, 7, 6, 2, 0, 1, 2, 0, 29, 5, 5, 4, 4, 7, 6, 2, 10, 1, 0, 1, 45, 5, 3, 4, 18, 0, 1, 0, 5, 2, 1, 7, 2, 1, 2, 1, 41, 4, 6, 5, 44, 12, 1, 2, 1, 0, 0, 0, 1, 0, 0, 0, 1, 0, 0, 0, 1, 0, 0, 0, 0, 0, 0, 0, 3, 0, 0, 0, 1, 0, 0, 0, 1, 0, 0, 0, 1, 0, 0, 0, 
68, 0, 0, 2, 0, 1, 0, 0, 2, 1, 0, 0, 3, 0, 0, 0, 0, 0, 0, 0, 0, 0, 0, 0, 0, 55, 9, 5, 3, 5, 2, 4, 2, 40, 2, 3, 2, 1, 0, 1, 0, 8, 14, 8, 5, 8, 5, 9, 5, 8, 1, 0, 0, 58, 4, 3, 4, 13, 1, 0, 1, 2, 4, 8, 1, 0, 0, 1, 0, 33, 0, 5, 3, 53, 4, 3, 2, 1, 0, 0, 0, 1, 0, 0, 0, 1, 0, 0, 0, 0, 0, 0, 0, 2, 0, 0, 0, 1, 0, 0, 0, 1, 0, 0, 0, 0, 0, 0, 0, 1, 0, 0, 0, 
69, 0, 0, 0, 0, 1, 1, 0, 0, 0, 0, 1, 0, 2, 0, 0, 0, 0, 0, 1, 0, 0, 1, 0, 0, 60, 9, 10, 10, 2, 2, 1, 1, 43, 3, 3, 1, 0, 0, 0, 0, 21, 8, 5, 4, 3, 13, 10, 6, 14, 2, 0, 1, 63, 6, 3, 3, 3, 1, 0, 3, 5, 2, 4, 3, 0, 0, 0, 0, 35, 1, 3, 2, 47, 3, 4, 3, 1, 0, 0, 0, 1, 0, 0, 0, 0, 0, 0, 0, 0, 0, 0, 0, 0, 0, 0, 0, 2, 0, 0, 0, 0, 0, 0, 0, 0, 0, 0, 0, 0, 0, 0, 0, 
70, 0, 0, 0, 2, 1, 0, 0, 0, 0, 0, 0, 0, 0, 0, 1, 0, 1, 0, 0, 2, 0, 1, 0, 0, 60, 10, 6, 7, 4, 2, 2, 4, 42, 2, 1, 1, 0, 2, 1, 0, 9, 3, 4, 6, 15, 6, 8, 6, 11, 0, 1, 2, 63, 3, 3, 5, 2, 7, 4, 3, 2, 4, 3, 0, 1, 1, 2, 2, 35, 5, 9, 6, 40, 4, 2, 4, 1, 0, 0, 0, 1, 0, 0, 0, 1, 0, 0, 0, 2, 0, 0, 0, 2, 0, 0, 0, 1, 0, 0, 0, 1, 0, 0, 0, 0, 0, 0, 0, 1, 0, 0, 0, 
71, 0, 0, 0, 0, 0, 0, 1, 0, 1, 0, 0, 0, 1, 0, 3, 0, 0, 1, 0, 2, 1, 0, 0, 0, 68, 11, 7, 1, 4, 2, 4, 4, 30, 5, 1, 2, 4, 5, 5, 2, 6, 3, 4, 5, 23, 10, 3, 4, 33, 4, 1, 1, 63, 2, 2, 5, 1, 1, 2, 2, 1, 4, 1, 2, 0, 2, 1, 0, 43, 5, 8, 4, 41, 5, 1, 3, 0, 0, 0, 0, 0, 0, 0, 0, 0, 0, 0, 0, 1, 0, 0, 0, 1, 0, 0, 0, 1, 0, 0, 0, 0, 0, 0, 0, 0, 0, 0, 0, 1, 0, 0, 0, 
72, 0, 0, 0, 0, 0, 0, 0, 0, 0, 1, 2, 0, 1, 0, 0, 0, 0, 0, 0, 0, 0, 0, 0, 0, 78, 10, 9, 7, 7, 2, 10, 4, 25, 7, 4, 1, 1, 0, 1, 1, 12, 6, 5, 5, 12, 10, 2, 8, 46, 5, 3, 1, 66, 4, 7, 4, 3, 3, 2, 4, 8, 0, 0, 0, 6, 0, 0, 0, 39, 7, 0, 2, 41, 5, 2, 3, 1, 0, 0, 0, 1, 0, 0, 0, 4, 0, 0, 0, 2, 0, 0, 0, 1, 0, 0, 0, 0, 0, 0, 0, 3, 0, 0, 0, 1, 0, 0, 0, 0, 0, 0, 0, 
73, 1, 0, 4, 1, 2, 0, 0, 1, 1, 1, 1, 1, 2, 0, 0, 0, 1, 0, 0, 1, 2, 0, 0, 1, 78, 10, 3, 7, 15, 7, 18, 12, 26, 3, 3, 0, 4, 1, 6, 2, 12, 9, 3, 14, 18, 8, 10, 3, 52, 3, 0, 0, 65, 3, 4, 1, 5, 7, 6, 2, 0, 1, 1, 4, 0, 0, 0, 1, 31, 8, 5, 2, 32, 2, 8, 6, 0, 0, 0, 0, 0, 0, 0, 0, 1, 0, 0, 0, 1, 0, 0, 0, 0, 0, 0, 0, 1, 0, 0, 0, 0, 0, 0, 0, 0, 0, 0, 0, 0, 0, 0, 0, 
74, 0, 2, 1, 0, 0, 1, 2, 0, 0, 0, 0, 0, 1, 0, 0, 0, 1, 0, 0, 0, 0, 2, 0, 0, 71, 6, 6, 4, 12, 11, 10, 8, 28, 2, 2, 0, 0, 3, 4, 1, 30, 5, 8, 1, 29, 7, 7, 3, 52, 1, 0, 1, 49, 4, 4, 0, 12, 5, 4, 2, 19, 10, 3, 2, 1, 3, 1, 1, 16, 7, 4, 4, 29, 2, 2, 2, 0, 0, 0, 0, 0, 0, 0, 0, 2, 0, 0, 0, 3, 0, 0, 0, 0, 0, 0, 0, 0, 0, 0, 0, 1, 0, 0, 0, 0, 0, 0, 0, 2, 0, 0, 0, 
75, 1, 0, 0, 1, 1, 2, 0, 0, 0, 0, 1, 0, 2, 0, 0, 0, 0, 2, 0, 1, 0, 0, 1, 0, 75, 5, 6, 7, 12, 8, 14, 9, 29, 2, 1, 2, 2, 2, 3, 1, 34, 6, 9, 6, 22, 4, 6, 6, 56, 2, 0, 1, 53, 4, 2, 6, 16, 3, 3, 2, 11, 0, 1, 2, 0, 0, 1, 1, 8, 5, 4, 2, 3, 3, 4, 3, 0, 0, 0, 0, 1, 0, 0, 0, 0, 0, 0, 0, 3, 0, 0, 0, 3, 0, 0, 0, 0, 0, 0, 0, 1, 0, 0, 0, 2, 0, 0, 0, 0, 0, 0, 0, 
76, 2, 1, 1, 0, 1, 3, 0, 0, 1, 0, 0, 0, 2, 0, 0, 0, 0, 0, 0, 3, 0, 0, 0, 0, 72, 3, 9, 1, 19, 12, 10, 11, 26, 4, 3, 2, 7, 6, 2, 1, 21, 12, 8, 2, 9, 8, 5, 5, 42, 0, 1, 1, 51, 2, 3, 2, 3, 4, 6, 0, 12, 0, 2, 2, 0, 4, 1, 3, 3, 3, 2, 3, 9, 13, 11, 5, 0, 0, 0, 0, 0, 0, 0, 0, 0, 0, 0, 0, 0, 0, 0, 0, 0, 0, 0, 0, 4, 0, 0, 0, 0, 0, 0, 0, 0, 0, 0, 0, 1, 0, 0, 0, 
77, 1, 0, 1, 0, 0, 2, 1, 1, 0, 1, 0, 0, 1, 0, 0, 0, 0, 0, 0, 0, 1, 0, 0, 0, 61, 6, 8, 5, 26, 8, 11, 12, 20, 3, 3, 2, 18, 1, 1, 2, 21, 2, 11, 3, 8, 6, 4, 3, 42, 2, 1, 0, 32, 4, 5, 5, 3, 3, 2, 2, 16, 1, 0, 1, 2, 1, 4, 1, 9, 2, 9, 2, 22, 7, 4, 4, 1, 0, 0, 0, 0, 0, 0, 0, 1, 0, 0, 0, 1, 0, 0, 0, 2, 0, 0, 0, 1, 0, 0, 0, 2, 0, 0, 0, 0, 0, 0, 0, 0, 0, 0, 0, 
78, 0, 1, 0, 0, 0, 0, 0, 0, 1, 1, 0, 0, 2, 2, 3, 0, 0, 0, 0, 0, 0, 0, 0, 1, 56, 4, 8, 5, 17, 12, 8, 7, 23, 4, 3, 3, 10, 2, 3, 1, 9, 10, 10, 5, 6, 4, 3, 3, 49, 1, 0, 0, 43, 9, 7, 6, 7, 2, 1, 4, 15, 1, 0, 2, 0, 0, 0, 2, 16, 5, 3, 2, 14, 8, 6, 10, 0, 0, 0, 0, 0, 0, 0, 0, 0, 0, 0, 0, 0, 0, 0, 0, 0, 0, 0, 0, 0, 0, 0, 0, 0, 0, 0, 0, 0, 0, 0, 0, 0, 0, 0, 0, 
79, 3, 2, 1, 0, 0, 1, 4, 0, 0, 0, 0, 0, 0, 0, 0, 0, 0, 0, 1, 0, 0, 1, 0, 0, 53, 13, 11, 9, 7, 5, 9, 12, 32, 3, 5, 0, 14, 1, 0, 1, 21, 10, 7, 9, 4, 5, 6, 4, 49, 0, 0, 2, 53, 4, 5, 5, 3, 6, 5, 4, 6, 0, 3, 2, 1, 3, 1, 3, 5, 2, 2, 3, 29, 7, 3, 7, 1, 0, 0, 0, 0, 0, 0, 0, 0, 0, 0, 0, 0, 0, 0, 0, 0, 0, 0, 0, 0, 0, 0, 0, 0, 0, 0, 0, 0, 0, 0, 0, 0, 0, 0, 0, 
80, 0, 0, 0, 0, 2, 0, 2, 1, 0, 0, 0, 0, 0, 1, 0, 0, 3, 1, 2, 0, 1, 0, 0, 0, 52, 3, 5, 8, 8, 4, 8, 5, 37, 0, 2, 2, 18, 2, 2, 2, 24, 2, 7, 6, 0, 1, 1, 1, 42, 0, 3, 0, 61, 3, 7, 4, 6, 3, 5, 7, 5, 2, 4, 1, 1, 0, 0, 0, 19, 3, 1, 3, 30, 4, 6, 9, 1, 0, 0, 0, 2, 0, 0, 0, 0, 0, 0, 0, 0, 0, 0, 0, 1, 0, 0, 0, 1, 0, 0, 0, 1, 0, 0, 0, 0, 0, 0, 0, 1, 0, 0, 0, 
81, 0, 1, 0, 0, 0, 0, 0, 0, 1, 0, 2, 0, 0, 1, 2, 2, 0, 1, 0, 0, 0, 0, 0, 1, 45, 6, 8, 9, 0, 2, 2, 3, 36, 1, 5, 1, 21, 2, 0, 0, 17, 6, 6, 7, 0, 2, 5, 0, 51, 4, 0, 0, 63, 5, 2, 3, 6, 9, 8, 10, 8, 4, 3, 0, 2, 3, 2, 1, 18, 3, 3, 1, 21, 9, 7, 6, 0, 0, 0, 0, 0, 0, 0, 0, 1, 0, 0, 0, 1, 0, 0, 0, 0, 0, 0, 0, 2, 0, 0, 0, 1, 0, 0, 0, 2, 0, 0, 0, 0, 0, 0, 0, 
82, 2, 1, 2, 1, 2, 0, 1, 0, 0, 0, 0, 0, 0, 0, 0, 1, 3, 0, 1, 0, 1, 0, 0, 2, 47, 9, 7, 5, 0, 2, 6, 4, 26, 3, 1, 2, 19, 2, 1, 4, 14, 9, 8, 7, 3, 3, 0, 2, 51, 2, 1, 0, 68, 8, 4, 2, 9, 10, 13, 12, 6, 5, 3, 0, 1, 1, 0, 0, 12, 4, 1, 1, 30, 3, 11, 7, 1, 0, 0, 0, 0, 0, 0, 0, 0, 0, 0, 0, 1, 0, 0, 0, 1, 0, 0, 0, 1, 0, 0, 0, 1, 0, 0, 0, 0, 0, 0, 0, 2, 0, 0, 0, 
83, 5, 2, 2, 1, 2, 1, 1, 0, 0, 2, 0, 2, 0, 0, 0, 0, 1, 1, 0, 0, 0, 0, 0, 0, 47, 6, 6, 6, 1, 4, 3, 1, 21, 5, 0, 0, 22, 2, 0, 1, 14, 7, 5, 5, 1, 2, 2, 2, 50, 1, 1, 2, 59, 4, 7, 2, 7, 17, 12, 15, 2, 1, 0, 1, 2, 1, 1, 1, 11, 1, 3, 1, 37, 7, 10, 6, 2, 0, 0, 0, 0, 0, 0, 0, 1, 0, 0, 0, 0, 0, 0, 0, 1, 0, 0, 0, 1, 0, 0, 0, 1, 0, 0, 0, 1, 0, 0, 0, 1, 0, 0, 0, 
84, 0, 1, 1, 0, 0, 0, 0, 1, 5, 3, 0, 0, 0, 0, 0, 0, 1, 0, 1, 0, 2, 0, 1, 1, 50, 10, 11, 3, 5, 3, 1, 4, 22, 0, 1, 2, 14, 3, 0, 0, 7, 4, 1, 6, 2, 7, 3, 4, 50, 0, 0, 0, 56, 4, 7, 3, 11, 12, 16, 8, 0, 2, 0, 0, 2, 2, 1, 1, 5, 2, 1, 1, 40, 2, 7, 8, 2, 0, 0, 0, 0, 0, 0, 0, 0, 0, 0, 0, 2, 0, 0, 0, 1, 0, 0, 0, 1, 0, 0, 0, 1, 0, 0, 0, 1, 0, 0, 0, 1, 0, 0, 0, 
85, 2, 2, 0, 2, 1, 0, 1, 0, 2, 1, 1, 0, 0, 0, 0, 0, 0, 1, 0, 0, 0, 1, 2, 0, 52, 9, 8, 4, 4, 2, 4, 3, 17, 4, 3, 5, 11, 1, 2, 2, 7, 5, 4, 4, 8, 1, 5, 7, 44, 2, 0, 0, 48, 2, 4, 10, 10, 11, 8, 13, 1, 1, 2, 2, 4, 1, 3, 0, 0, 0, 0, 1, 21, 7, 11, 5, 1, 0, 0, 0, 0, 0, 0, 0, 1, 0, 0, 0, 0, 0, 0, 0, 0, 0, 0, 0, 1, 0, 0, 0, 1, 0, 0, 0, 0, 0, 0, 0, 1, 0, 0, 0, 
86, 2, 1, 1, 0, 0, 2, 1, 0, 0, 1, 0, 0, 0, 0, 2, 0, 0, 1, 1, 1, 0, 2, 1, 0, 36, 11, 6, 5, 5, 3, 1, 4, 31, 4, 2, 0, 8, 0, 1, 0, 9, 3, 11, 3, 19, 5, 2, 7, 43, 1, 0, 0, 49, 3, 3, 1, 13, 12, 10, 8, 2, 2, 2, 4, 0, 1, 2, 0, 1, 0, 0, 0, 23, 4, 5, 8, 0, 0, 0, 0, 0, 0, 0, 0, 1, 0, 0, 0, 2, 0, 0, 0, 1, 0, 0, 0, 1, 0, 0, 0, 5, 0, 0, 0, 0, 0, 0, 0, 0, 0, 0, 0, 
87, 0, 0, 0, 1, 0, 2, 0, 0, 0, 0, 0, 0, 0, 0, 0, 0, 2, 0, 0, 0, 1, 0, 1, 4, 20, 11, 11, 11, 15, 6, 8, 5, 34, 2, 4, 1, 0, 2, 2, 0, 14, 16, 3, 6, 20, 3, 5, 6, 39, 7, 1, 0, 54, 8, 1, 1, 16, 14, 16, 7, 0, 2, 3, 1, 2, 1, 3, 1, 2, 3, 1, 0, 4, 6, 3, 6, 0, 0, 0, 0, 0, 0, 0, 0, 0, 0, 0, 0, 0, 0, 0, 0, 1, 0, 0, 0, 0, 0, 0, 0, 1, 0, 0, 0, 0, 0, 0, 0, 0, 0, 0, 0, 
88, 5, 1, 1, 2, 0, 0, 0, 0, 1, 0, 1, 0, 0, 0, 0, 0, 0, 1, 1, 1, 0, 1, 1, 0, 34, 5, 4, 4, 27, 4, 3, 0, 47, 6, 2, 3, 0, 0, 1, 2, 25, 2, 2, 3, 30, 4, 6, 5, 36, 4, 4, 1, 43, 7, 2, 0, 18, 16, 19, 18, 2, 3, 2, 2, 0, 1, 0, 0, 4, 1, 4, 0, 5, 0, 0, 4, 0, 0, 0, 0, 0, 0, 0, 0, 0, 0, 0, 0, 1, 0, 0, 0, 0, 0, 0, 0, 1, 0, 0, 0, 0, 0, 0, 0, 0, 0, 0, 0, 0, 0, 0, 0, 
89, 0, 0, 0, 0, 0, 1, 0, 1, 1, 1, 3, 0, 0, 0, 1, 0, 0, 0, 0, 0, 0, 0, 0, 1, 12, 6, 7, 3, 33, 6, 6, 2, 40, 6, 1, 1, 11, 0, 0, 0, 34, 2, 4, 4, 28, 1, 7, 2, 46, 6, 4, 0, 33, 4, 7, 5, 38, 21, 13, 14, 2, 2, 2, 1, 2, 4, 6, 0, 0, 1, 4, 0, 2, 2, 3, 3, 1, 0, 0, 0, 0, 0, 0, 0, 0, 0, 0, 0, 0, 0, 0, 0, 1, 0, 0, 0, 0, 0, 0, 0, 0, 0, 0, 0, 0, 0, 0, 0, 0, 0, 0, 0, 
90, 1, 2, 3, 0, 0, 0, 0, 0, 1, 0, 2, 0, 1, 0, 0, 0, 0, 0, 0, 0, 0, 2, 1, 0, 14, 8, 2, 4, 36, 1, 5, 4, 38, 1, 6, 2, 0, 0, 0, 0, 40, 4, 2, 2, 31, 5, 5, 4, 52, 2, 0, 1, 29, 3, 2, 7, 42, 16, 19, 11, 2, 0, 3, 0, 0, 1, 0, 1, 5, 3, 2, 1, 0, 2, 1, 1, 0, 0, 0, 0, 0, 0, 0, 0, 1, 0, 0, 0, 0, 0, 0, 0, 0, 0, 0, 0, 1, 0, 0, 0, 1, 0, 0, 0, 1, 0, 0, 0, 0, 0, 0, 0, 
91, 1, 0, 1, 0, 0, 0, 0, 0, 0, 1, 1, 1, 0, 0, 0, 0, 0, 0, 0, 0, 0, 0, 1, 0, 16, 7, 2, 5, 30, 5, 5, 6, 30, 8, 1, 1, 3, 2, 3, 2, 35, 5, 3, 5, 38, 11, 5, 2, 52, 1, 2, 0, 18, 5, 2, 2, 47, 11, 14, 9, 4, 4, 0, 2, 4, 5, 6, 0, 4, 3, 4, 5, 7, 5, 3, 2, 1, 0, 0, 0, 0, 0, 0, 0, 7, 0, 0, 0, 2, 0, 0, 0, 0, 0, 0, 0, 3, 0, 0, 0, 2, 0, 0, 0, 0, 0, 0, 0, 0, 0, 0, 0, 
92, 0, 0, 0, 1, 0, 0, 0, 0, 0, 0, 2, 0, 1, 2, 0, 1, 0, 0, 0, 0, 2, 0, 1, 1, 12, 8, 2, 3, 36, 12, 2, 4, 38, 4, 1, 1, 1, 1, 2, 0, 41, 5, 7, 4, 29, 6, 2, 4, 58, 1, 2, 1, 10, 4, 4, 3, 42, 11, 9, 13, 1, 3, 1, 6, 2, 4, 1, 0, 0, 1, 0, 2, 8, 7, 2, 3, 2, 0, 0, 0, 1, 0, 0, 0, 1, 0, 0, 0, 0, 0, 0, 0, 1, 0, 0, 0, 0, 0, 0, 0, 0, 0, 0, 0, 1, 0, 0, 0, 0, 0, 0, 0, 
93, 1, 2, 3, 1, 2, 0, 0, 1, 0, 0, 0, 2, 0, 1, 0, 0, 2, 0, 0, 0, 1, 0, 0, 1, 4, 1, 6, 3, 43, 4, 6, 2, 45, 3, 4, 4, 4, 5, 4, 2, 37, 7, 3, 3, 28, 3, 5, 6, 59, 1, 0, 0, 7, 3, 5, 3, 31, 6, 17, 13, 3, 1, 1, 1, 0, 1, 0, 0, 0, 1, 3, 1, 14, 2, 6, 0, 2, 0, 0, 0, 0, 0, 0, 0, 2, 0, 0, 0, 2, 0, 0, 0, 0, 0, 0, 0, 0, 0, 0, 0, 0, 0, 0, 0, 2, 0, 0, 0, 1, 0, 0, 0, 
94, 0, 1, 0, 0, 2, 1, 1, 0, 1, 0, 0, 0, 0, 0, 0, 1, 0, 1, 0, 0, 1, 0, 1, 0, 6, 6, 2, 2, 30, 11, 1, 0, 59, 2, 1, 7, 6, 3, 3, 1, 48, 13, 3, 3, 21, 3, 2, 3, 59, 3, 1, 0, 10, 2, 1, 5, 30, 22, 19, 10, 2, 2, 4, 4, 2, 1, 1, 0, 1, 1, 0, 3, 12, 2, 2, 3, 0, 0, 0, 0, 1, 0, 0, 0, 1, 0, 0, 0, 1, 0, 0, 0, 2, 0, 0, 0, 1, 0, 0, 0, 3, 0, 0, 0, 1, 0, 0, 0, 0, 0, 0, 0, 
95, 0, 1, 1, 0, 0, 1, 0, 0, 0, 0, 0, 1, 0, 0, 0, 0, 0, 1, 0, 0, 1, 0, 0, 0, 10, 3, 1, 3, 24, 3, 1, 3, 66, 2, 1, 2, 5, 2, 1, 4, 57, 9, 3, 3, 3, 8, 5, 3, 60, 0, 0, 0, 3, 1, 4, 6, 38, 12, 21, 11, 1, 0, 1, 2, 5, 1, 0, 0, 3, 3, 5, 2, 14, 6, 5, 5, 1, 0, 0, 0, 0, 0, 0, 0, 1, 0, 0, 0, 0, 0, 0, 0, 3, 0, 0, 0, 1, 0, 0, 0, 0, 0, 0, 0, 0, 0, 0, 0, 0, 0, 0, 0, 
96, 1, 1, 0, 1, 0, 0, 3, 1, 2, 1, 2, 1, 0, 0, 0, 1, 0, 0, 0, 0, 0, 0, 0, 1, 25, 3, 1, 3, 0, 2, 0, 2, 73, 3, 1, 2, 10, 2, 1, 0, 59, 5, 9, 2, 8, 6, 3, 5, 50, 1, 0, 1, 6, 7, 6, 2, 31, 14, 8, 11, 2, 1, 3, 2, 9, 1, 0, 1, 5, 2, 4, 2, 17, 4, 5, 2, 3, 0, 0, 0, 0, 0, 0, 0, 0, 0, 0, 0, 0, 0, 0, 0, 1, 0, 0, 0, 1, 0, 0, 0, 2, 0, 0, 0, 0, 0, 0, 0, 2, 0, 0, 0, 
97, 0, 0, 1, 0, 0, 1, 0, 0, 0, 0, 0, 0, 0, 0, 0, 0, 1, 2, 0, 0, 1, 1, 1, 2, 30, 3, 3, 2, 0, 1, 0, 0, 60, 4, 1, 1, 8, 0, 2, 1, 70, 5, 5, 3, 0, 0, 0, 0, 49, 1, 0, 1, 3, 8, 3, 1, 22, 18, 14, 8, 4, 3, 1, 1, 8, 0, 0, 0, 11, 3, 3, 5, 19, 4, 10, 4, 5, 0, 0, 0, 0, 0, 0, 0, 0, 0, 0, 0, 1, 0, 0, 0, 1, 0, 0, 0, 1, 0, 0, 0, 1, 0, 0, 0, 0, 0, 0, 0, 1, 0, 0, 0, 
98, 0, 0, 0, 0, 0, 0, 1, 1, 1, 0, 1, 0, 2, 2, 1, 1, 0, 0, 0, 0, 0, 0, 0, 2, 22, 3, 3, 1, 0, 1, 1, 0, 53, 3, 5, 4, 0, 2, 0, 0, 63, 3, 10, 0, 5, 5, 3, 0, 56, 1, 1, 3, 15, 2, 4, 7, 29, 15, 20, 19, 8, 3, 3, 1, 1, 0, 2, 2, 18, 7, 2, 2, 11, 2, 4, 0, 2, 0, 0, 0, 1, 0, 0, 0, 0, 0, 0, 0, 2, 0, 0, 0, 0, 0, 0, 0, 1, 0, 0, 0, 1, 0, 0, 0, 1, 0, 0, 0, 0, 0, 0, 0, 
99, 0, 1, 2, 1, 0, 1, 0, 0, 1, 0, 1, 0, 3, 0, 0, 0, 0, 2, 0, 0, 1, 1, 2, 2, 31, 0, 1, 2, 4, 0, 3, 4, 53, 4, 2, 2, 7, 0, 0, 1, 61, 6, 3, 4, 17, 1, 0, 0, 53, 2, 0, 0, 9, 3, 4, 6, 31, 21, 9, 9, 17, 0, 0, 2, 1, 3, 1, 0, 28, 7, 2, 5, 6, 7, 4, 3, 1, 0, 0, 0, 0, 0, 0, 0, 2, 0, 0, 0, 0, 0, 0, 0, 0, 0, 0, 0, 2, 0, 0, 0, 0, 0, 0, 0, 0, 0, 0, 0, 2, 0, 0, 0, 