0, 0, 1, 0, 0, 2, 0, 0, 0, 1, 0, 0, 0, 0, 1, 0, 0, 3, 2, 0, 0, 4, 1, 0, 0, 1, 0, 0, 0, 1, 0, 0, 0, 3, 2, 0, 0, 0, 0, 0, 0, 0, 0, 0, 0, 6, 2, 0, 0, 2, 1, 0, 0, 3, 2, 0, 0, 0, 0, 0, 0, 0, 0, 0, 0, 0, 1, 0, 0, 0, 0, 0, 0, 0, 0, 0, 0, 2, 0, 0, 0, 4, 0, 0, 0, 5, 0, 0, 0, 2, 0, 0, 0, 3, 0, 0, 0, 2, 0, 0, 0, 1, 0, 0, 0, 0, 0, 0, 0, 2, 0, 0, 0, 
1, 0, 0, 0, 0, 0, 0, 0, 0, 1, 0, 0, 0, 0, 1, 0, 0, 1, 0, 0, 0, 1, 1, 0, 0, 4, 1, 0, 0, 1, 2, 0, 0, 5, 0, 0, 0, 1, 0, 0, 0, 0, 1, 0, 0, 0, 0, 0, 0, 5, 0, 0, 0, 1, 0, 0, 0, 1, 0, 0, 0, 2, 0, 0, 0, 0, 0, 0, 0, 0, 2, 0, 0, 3, 2, 0, 0, 3, 0, 0, 0, 1, 0, 0, 0, 1, 0, 0, 0, 5, 0, 0, 0, 5, 0, 0, 0, 0, 0, 0, 0, 1, 0, 0, 0, 1, 0, 0, 0, 20, 0, 0, 0, 
2, 2, 3, 0, 0, 0, 0, 0, 0, 0, 1, 0, 0, 0, 0, 0, 0, 1, 0, 0, 0, 1, 1, 0, 0, 2, 3, 0, 0, 0, 1, 0, 0, 0, 1, 0, 0, 2, 2, 0, 0, 5, 1, 0, 0, 1, 2, 0, 0, 4, 1, 0, 0, 2, 1, 0, 0, 1, 1, 0, 0, 1, 6, 0, 0, 1, 0, 0, 0, 6, 3, 0, 0, 6, 3, 0, 0, 13, 0, 0, 0, 5, 0, 0, 0, 1, 0, 0, 0, 5, 0, 0, 0, 7, 0, 0, 0, 0, 0, 0, 0, 0, 0, 0, 0, 0, 0, 0, 0, 13, 0, 0, 0, 
3, 1, 6, 0, 0, 0, 2, 0, 0, 2, 0, 0, 0, 1, 1, 0, 0, 1, 0, 0, 0, 0, 2, 0, 0, 1, 0, 0, 0, 2, 0, 0, 0, 0, 1, 0, 0, 2, 2, 0, 0, 3, 1, 0, 0, 3, 0, 0, 0, 0, 0, 0, 0, 1, 1, 0, 0, 5, 2, 0, 0, 1, 3, 0, 0, 0, 0, 0, 0, 1, 1, 0, 0, 4, 0, 0, 0, 7, 0, 0, 0, 3, 0, 0, 0, 5, 0, 0, 0, 5, 0, 0, 0, 4, 0, 0, 0, 5, 0, 0, 0, 0, 0, 0, 0, 4, 0, 0, 0, 5, 0, 0, 0, 
4, 5, 5, 0, 0, 3, 1, 0, 0, 2, 0, 0, 0, 1, 0, 0, 0, 2, 2, 0, 0, 0, 0, 0, 0, 1, 2, 0, 0, 0, 1, 0, 0, 0, 0, 0, 0, 1, 1, 0, 0, 4, 1, 0, 0, 1, 0, 0, 0, 1, 0, 0, 0, 0, 0, 0, 0, 2, 1, 0, 0, 0, 2, 0, 0, 1, 1, 0, 0, 4, 2, 0, 0, 2, 3, 0, 0, 3, 0, 0, 0, 1, 0, 0, 0, 1, 0, 0, 0, 5, 0, 0, 0, 0, 0, 0, 0, 0, 0, 0, 0, 1, 0, 0, 0, 3, 0, 0, 0, 7, 0, 0, 0, 
5, 1, 0, 0, 0, 1, 0, 0, 0, 0, 0, 0, 0, 1, 0, 0, 0, 2, 0, 0, 0, 1, 0, 0, 0, 2, 2, 0, 0, 0, 0, 0, 0, 1, 3, 0, 0, 2, 0, 0, 0, 0, 0, 0, 0, 0, 0, 0, 0, 0, 1, 0, 0, 3, 0, 0, 0, 1, 1, 0, 0, 1, 0, 0, 0, 1, 0, 0, 0, 2, 1, 0, 0, 3, 3, 0, 0, 4, 0, 0, 0, 2, 0, 0, 0, 3, 0, 0, 0, 5, 0, 0, 0, 4, 0, 0, 0, 4, 0, 0, 0, 1, 0, 0, 0, 15, 0, 0, 0, 11, 0, 0, 0, 
6, 1, 1, 0, 0, 0, 0, 0, 0, 1, 2, 0, 0, 1, 3, 0, 0, 1, 2, 0, 0, 1, 1, 0, 0, 1, 1, 0, 0, 3, 0, 0, 0, 0, 0, 0, 0, 1, 2, 0, 0, 1, 0, 0, 0, 1, 0, 0, 0, 0, 0, 0, 0, 1, 0, 0, 0, 1, 2, 0, 0, 3, 1, 0, 0, 2, 1, 0, 0, 1, 1, 0, 0, 0, 2, 0, 0, 16, 0, 0, 0, 0, 0, 0, 0, 1, 0, 0, 0, 4, 0, 0, 0, 1, 0, 0, 0, 2, 0, 0, 0, 4, 0, 0, 0, 8, 0, 0, 0, 1, 0, 0, 0, 
7, 2, 1, 0, 0, 2, 0, 0, 0, 1, 1, 0, 0, 0, 4, 0, 0, 0, 0, 0, 0, 0, 1, 0, 0, 6, 1, 0, 0, 3, 1, 0, 0, 1, 2, 0, 0, 1, 3, 0, 0, 1, 5, 0, 0, 7, 2, 0, 0, 3, 1, 0, 0, 1, 1, 0, 0, 2, 1, 0, 0, 3, 1, 0, 0, 3, 1, 0, 0, 0, 3, 0, 0, 2, 0, 0, 0, 11, 0, 0, 0, 1, 0, 0, 0, 2, 0, 0, 0, 4, 0, 0, 0, 1, 0, 0, 0, 4, 0, 0, 0, 8, 0, 0, 0, 11, 0, 0, 0, 10, 0, 0, 0, 
8, 0, 1, 0, 0, 5, 4, 0, 0, 3, 0, 0, 0, 0, 0, 0, 0, 3, 6, 0, 0, 6, 0, 0, 0, 0, 1, 0, 0, 0, 0, 0, 0, 1, 6, 0, 0, 0, 0, 0, 0, 2, 2, 0, 0, 4, 5, 0, 0, 4, 2, 0, 0, 0, 1, 0, 0, 1, 0, 0, 0, 7, 5, 0, 0, 4, 1, 0, 0, 4, 2, 0, 0, 5, 2, 0, 0, 8, 0, 0, 0, 5, 0, 0, 0, 3, 0, 0, 0, 10, 0, 0, 0, 2, 0, 0, 0, 9, 0, 0, 0, 9, 0, 0, 0, 11, 0, 0, 0, 15, 0, 0, 0, 
9, 2, 3, 0, 0, 3, 2, 0, 0, 1, 1, 0, 0, 1, 1, 0, 0, 0, 2, 0, 0, 8, 3, 0, 0, 4, 3, 0, 0, 0, 0, 0, 0, 3, 6, 0, 0, 1, 1, 0, 0, 3, 1, 0, 0, 6, 4, 0, 0, 4, 0, 0, 0, 0, 0, 0, 0, 2, 1, 0, 0, 5, 0, 0, 0, 0, 1, 0, 0, 1, 2, 0, 0, 10, 2, 0, 0, 10, 0, 0, 0, 12, 0, 0, 0, 6, 0, 0, 0, 16, 0, 0, 0, 4, 0, 0, 0, 5, 0, 0, 0, 14, 0, 0, 0, 14, 0, 0, 0, 3, 0, 0, 0, 
10, 7, 6, 0, 0, 4, 3, 0, 0, 2, 3, 0, 0, 3, 3, 0, 0, 1, 0, 0, 0, 8, 0, 0, 0, 1, 1, 0, 0, 2, 1, 0, 0, 5, 4, 0, 0, 3, 1, 0, 0, 3, 1, 0, 0, 1, 2, 0, 0, 7, 0, 0, 0, 1, 1, 0, 0, 2, 5, 0, 0, 2, 3, 0, 0, 2, 2, 0, 0, 7, 1, 0, 0, 9, 0, 0, 0, 9, 0, 0, 0, 11, 0, 0, 0, 9, 0, 0, 0, 12, 0, 0, 0, 0, 0, 0, 0, 17, 0, 0, 0, 7, 0, 0, 0, 14, 0, 0, 0, 1, 0, 0, 0, 
11, 1, 0, 0, 0, 5, 5, 0, 0, 0, 2, 0, 0, 0, 0, 0, 0, 1, 1, 0, 0, 3, 0, 0, 0, 15, 2, 0, 0, 2, 1, 0, 0, 2, 1, 0, 0, 4, 2, 0, 0, 0, 3, 0, 0, 2, 4, 0, 0, 6, 0, 0, 0, 8, 2, 0, 0, 6, 6, 0, 0, 2, 1, 0, 0, 2, 8, 0, 0, 1, 0, 0, 0, 3, 2, 0, 0, 9, 0, 0, 0, 6, 0, 0, 0, 12, 0, 0, 0, 10, 0, 0, 0, 7, 0, 0, 0, 8, 0, 0, 0, 11, 0, 0, 0, 2, 0, 0, 0, 1, 0, 0, 0, 
12, 0, 0, 0, 0, 4, 5, 0, 0, 2, 0, 0, 0, 2, 6, 0, 0, 1, 0, 0, 0, 3, 3, 0, 0, 26, 2, 0, 0, 2, 1, 0, 0, 3, 2, 0, 0, 1, 1, 0, 0, 0, 2, 0, 0, 7, 7, 0, 0, 1, 1, 0, 0, 10, 1, 0, 0, 4, 2, 0, 0, 1, 3, 0, 0, 1, 0, 0, 0, 3, 2, 0, 0, 12, 0, 0, 0, 7, 0, 0, 0, 4, 0, 0, 0, 1, 0, 0, 0, 6, 0, 0, 0, 21, 0, 0, 0, 14, 0, 0, 0, 16, 0, 0, 0, 0, 0, 0, 0, 9, 0, 0, 0, 
13, 3, 1, 0, 0, 0, 1, 0, 0, 3, 1, 0, 0, 2, 4, 0, 0, 0, 0, 0, 0, 0, 0, 0, 0, 24, 0, 0, 0, 2, 1, 0, 0, 1, 4, 0, 0, 0, 2, 0, 0, 1, 2, 0, 0, 10, 11, 0, 0, 7, 4, 0, 0, 5, 2, 0, 0, 1, 5, 0, 0, 3, 0, 0, 0, 3, 4, 0, 0, 9, 11, 0, 0, 1, 1, 0, 0, 1, 0, 0, 0, 7, 0, 0, 0, 6, 0, 0, 0, 13, 0, 0, 0, 21, 0, 0, 0, 10, 0, 0, 0, 17, 0, 0, 0, 4, 0, 0, 0, 12, 0, 0, 0, 
14, 0, 1, 0, 0, 0, 1, 0, 0, 0, 1, 0, 0, 0, 0, 0, 0, 2, 1, 0, 0, 3, 0, 0, 0, 23, 3, 0, 0, 3, 2, 0, 0, 3, 2, 0, 0, 1, 1, 0, 0, 6, 4, 0, 0, 16, 6, 0, 0, 5, 5, 0, 0, 9, 1, 0, 0, 10, 1, 0, 0, 6, 6, 0, 0, 2, 2, 0, 0, 24, 5, 0, 0, 7, 1, 0, 0, 5, 0, 0, 0, 2, 0, 0, 0, 6, 0, 0, 0, 6, 0, 0, 0, 19, 0, 0, 0, 9, 0, 0, 0, 20, 0, 0, 0, 0, 0, 0, 0, 11, 0, 0, 0, 
15, 4, 1, 0, 0, 0, 7, 0, 0, 0, 0, 0, 0, 0, 0, 0, 0, 0, 0, 0, 0, 0, 0, 0, 0, 22, 1, 0, 0, 6, 5, 0, 0, 3, 7, 0, 0, 4, 1, 0, 0, 2, 4, 0, 0, 22, 5, 0, 0, 4, 2, 0, 0, 5, 3, 0, 0, 11, 0, 0, 0, 10, 12, 0, 0, 4, 0, 0, 0, 33, 4, 0, 0, 14, 6, 0, 0, 1, 0, 0, 0, 3, 0, 0, 0, 5, 0, 0, 0, 6, 0, 0, 0, 25, 0, 0, 0, 3, 0, 0, 0, 21, 0, 0, 0, 5, 0, 0, 0, 5, 0, 0, 0, 
16, 3, 0, 0, 0, 2, 0, 0, 0, 0, 1, 0, 0, 1, 0, 0, 0, 1, 1, 0, 0, 1, 3, 0, 0, 13, 1, 0, 0, 7, 3, 0, 0, 8, 10, 0, 0, 3, 0, 0, 0, 7, 8, 0, 0, 23, 8, 0, 0, 7, 2, 0, 0, 4, 1, 0, 0, 5, 3, 0, 0, 10, 10, 0, 0, 0, 1, 0, 0, 33, 7, 0, 0, 15, 6, 0, 0, 0, 0, 0, 0, 13, 0, 0, 0, 1, 0, 0, 0, 7, 0, 0, 0, 14, 0, 0, 0, 3, 0, 0, 0, 15, 0, 0, 0, 3, 0, 0, 0, 7, 0, 0, 0, 
17, 1, 1, 0, 0, 0, 2, 0, 0, 2, 0, 0, 0, 1, 1, 0, 0, 0, 0, 0, 0, 2, 3, 0, 0, 9, 0, 0, 0, 10, 6, 0, 0, 5, 7, 0, 0, 1, 1, 0, 0, 2, 1, 0, 0, 26, 7, 0, 0, 3, 2, 0, 0, 0, 2, 0, 0, 12, 0, 0, 0, 8, 9, 0, 0, 0, 0, 0, 0, 35, 7, 0, 0, 16, 5, 0, 0, 21, 0, 0, 0, 13, 0, 0, 0, 3, 0, 0, 0, 7, 0, 0, 0, 11, 0, 0, 0, 2, 0, 0, 0, 22, 0, 0, 0, 11, 0, 0, 0, 16, 0, 0, 0, 
18, 3, 4, 0, 0, 1, 0, 0, 0, 1, 0, 0, 0, 1, 0, 0, 0, 1, 0, 0, 0, 1, 1, 0, 0, 6, 0, 0, 0, 6, 6, 0, 0, 3, 0, 0, 0, 2, 0, 0, 0, 6, 2, 0, 0, 23, 7, 0, 0, 1, 4, 0, 0, 4, 4, 0, 0, 0, 3, 0, 0, 14, 13, 0, 0, 4, 3, 0, 0, 34, 15, 0, 0, 15, 2, 0, 0, 18, 0, 0, 0, 22, 0, 0, 0, 9, 0, 0, 0, 6, 0, 0, 0, 6, 0, 0, 0, 4, 0, 0, 0, 27, 0, 0, 0, 5, 0, 0, 0, 8, 0, 0, 0, 
19, 1, 4, 0, 0, 1, 0, 0, 0, 0, 0, 0, 0, 0, 0, 0, 0, 2, 2, 0, 0, 2, 0, 0, 0, 0, 2, 0, 0, 6, 1, 0, 0, 1, 2, 0, 0, 3, 1, 0, 0, 1, 2, 0, 0, 17, 11, 0, 0, 2, 1, 0, 0, 1, 1, 0, 0, 5, 7, 0, 0, 26, 5, 0, 0, 4, 4, 0, 0, 52, 6, 0, 0, 8, 3, 0, 0, 26, 0, 0, 0, 31, 0, 0, 0, 4, 0, 0, 0, 2, 0, 0, 0, 2, 0, 0, 0, 4, 0, 0, 0, 26, 0, 0, 0, 4, 0, 0, 0, 14, 0, 0, 0, 
20, 1, 0, 0, 0, 0, 1, 0, 0, 0, 1, 0, 0, 1, 2, 0, 0, 0, 0, 0, 0, 0, 0, 0, 0, 10, 4, 0, 0, 6, 4, 0, 0, 0, 3, 0, 0, 0, 0, 0, 0, 6, 2, 0, 0, 25, 5, 0, 0, 1, 2, 0, 0, 3, 5, 0, 0, 7, 10, 0, 0, 27, 9, 0, 0, 1, 7, 0, 0, 51, 9, 0, 0, 4, 5, 0, 0, 24, 0, 0, 0, 25, 0, 0, 0, 1, 0, 0, 0, 6, 0, 0, 0, 2, 0, 0, 0, 7, 0, 0, 0, 19, 0, 0, 0, 6, 0, 0, 0, 4, 0, 0, 0, 
21, 5, 7, 0, 0, 6, 1, 0, 0, 3, 4, 0, 0, 0, 0, 0, 0, 1, 0, 0, 0, 4, 1, 0, 0, 7, 2, 0, 0, 8, 8, 0, 0, 1, 0, 0, 0, 2, 1, 0, 0, 0, 1, 0, 0, 25, 8, 0, 0, 14, 5, 0, 0, 4, 3, 0, 0, 0, 9, 0, 0, 23, 10, 0, 0, 4, 4, 0, 0, 48, 8, 0, 0, 3, 2, 0, 0, 21, 0, 0, 0, 18, 0, 0, 0, 6, 0, 0, 0, 13, 0, 0, 0, 1, 0, 0, 0, 4, 0, 0, 0, 19, 0, 0, 0, 0, 0, 0, 0, 8, 0, 0, 0, 
22, 3, 5, 0, 0, 0, 1, 0, 0, 1, 0, 0, 0, 0, 1, 0, 0, 2, 9, 0, 0, 3, 0, 0, 0, 2, 0, 0, 0, 8, 7, 0, 0, 0, 0, 0, 0, 5, 1, 0, 0, 0, 0, 0, 0, 23, 9, 0, 0, 6, 11, 0, 0, 4, 4, 0, 0, 6, 1, 0, 0, 27, 10, 0, 0, 10, 7, 0, 0, 54, 3, 0, 0, 10, 10, 0, 0, 7, 0, 0, 0, 11, 0, 0, 0, 10, 0, 0, 0, 15, 0, 0, 0, 1, 0, 0, 0, 2, 0, 0, 0, 13, 0, 0, 0, 4, 0, 0, 0, 12, 0, 0, 0, 
23, 3, 4, 0, 0, 1, 1, 0, 0, 1, 0, 0, 0, 0, 0, 0, 0, 1, 1, 0, 0, 0, 2, 0, 0, 0, 2, 0, 0, 6, 6, 0, 0, 3, 3, 0, 0, 4, 1, 0, 0, 5, 0, 0, 0, 27, 4, 0, 0, 4, 7, 0, 0, 5, 2, 0, 0, 2, 3, 0, 0, 32, 7, 0, 0, 5, 11, 0, 0, 47, 7, 0, 0, 14, 6, 0, 0, 0, 0, 0, 0, 15, 0, 0, 0, 10, 0, 0, 0, 13, 0, 0, 0, 4, 0, 0, 0, 1, 0, 0, 0, 12, 0, 0, 0, 4, 0, 0, 0, 10, 0, 0, 0, 
24, 4, 1, 0, 0, 2, 0, 0, 0, 1, 0, 0, 0, 1, 0, 0, 0, 1, 2, 0, 0, 2, 3, 0, 0, 1, 1, 0, 0, 2, 1, 0, 0, 10, 8, 0, 0, 1, 2, 0, 0, 8, 1, 0, 0, 21, 14, 0, 0, 8, 6, 0, 0, 3, 3, 0, 0, 0, 1, 0, 0, 19, 16, 0, 0, 17, 8, 0, 0, 52, 6, 0, 0, 12, 6, 0, 0, 1, 0, 0, 0, 18, 0, 0, 0, 3, 0, 0, 0, 23, 0, 0, 0, 2, 0, 0, 0, 4, 0, 0, 0, 0, 0, 0, 0, 2, 0, 0, 0, 8, 0, 0, 0, 
25, 5, 2, 0, 0, 3, 2, 0, 0, 0, 1, 0, 0, 0, 0, 0, 0, 1, 0, 0, 0, 0, 0, 0, 0, 3, 0, 0, 0, 4, 3, 0, 0, 8, 4, 0, 0, 2, 0, 0, 0, 6, 5, 0, 0, 15, 7, 0, 0, 15, 15, 0, 0, 6, 6, 0, 0, 0, 2, 0, 0, 25, 8, 0, 0, 18, 14, 0, 0, 56, 5, 0, 0, 14, 5, 0, 0, 1, 0, 0, 0, 15, 0, 0, 0, 9, 0, 0, 0, 27, 0, 0, 0, 6, 0, 0, 0, 3, 0, 0, 0, 6, 0, 0, 0, 4, 0, 0, 0, 4, 0, 0, 0, 
26, 3, 4, 0, 0, 0, 2, 0, 0, 0, 1, 0, 0, 1, 0, 0, 0, 0, 2, 0, 0, 2, 2, 0, 0, 1, 1, 0, 0, 3, 0, 0, 0, 3, 3, 0, 0, 4, 0, 0, 0, 6, 9, 0, 0, 6, 11, 0, 0, 20, 7, 0, 0, 10, 4, 0, 0, 4, 2, 0, 0, 24, 8, 0, 0, 26, 7, 0, 0, 54, 5, 0, 0, 8, 0, 0, 0, 4, 0, 0, 0, 33, 0, 0, 0, 9, 0, 0, 0, 36, 0, 0, 0, 4, 0, 0, 0, 4, 0, 0, 0, 11, 0, 0, 0, 10, 0, 0, 0, 5, 0, 0, 0, 
27, 4, 6, 0, 0, 1, 1, 0, 0, 2, 1, 0, 0, 0, 0, 0, 0, 1, 0, 0, 0, 0, 1, 0, 0, 2, 1, 0, 0, 4, 2, 0, 0, 4, 1, 0, 0, 5, 5, 0, 0, 8, 7, 0, 0, 15, 8, 0, 0, 16, 7, 0, 0, 2, 4, 0, 0, 4, 3, 0, 0, 24, 7, 0, 0, 28, 9, 0, 0, 51, 3, 0, 0, 3, 2, 0, 0, 2, 0, 0, 0, 32, 0, 0, 0, 8, 0, 0, 0, 36, 0, 0, 0, 10, 0, 0, 0, 0, 0, 0, 0, 9, 0, 0, 0, 18, 0, 0, 0, 9, 0, 0, 0, 
28, 2, 3, 0, 0, 0, 1, 0, 0, 0, 1, 0, 0, 2, 2, 0, 0, 1, 2, 0, 0, 0, 0, 0, 0, 3, 2, 0, 0, 12, 3, 0, 0, 3, 3, 0, 0, 2, 5, 0, 0, 15, 11, 0, 0, 14, 9, 0, 0, 12, 8, 0, 0, 7, 1, 0, 0, 2, 4, 0, 0, 26, 12, 0, 0, 21, 9, 0, 0, 51, 3, 0, 0, 1, 0, 0, 0, 3, 0, 0, 0, 27, 0, 0, 0, 8, 0, 0, 0, 27, 0, 0, 0, 8, 0, 0, 0, 5, 0, 0, 0, 12, 0, 0, 0, 17, 0, 0, 0, 17, 0, 0, 0, 
29, 0, 1, 0, 0, 1, 0, 0, 0, 0, 1, 0, 0, 1, 0, 0, 0, 0, 0, 0, 0, 0, 3, 0, 0, 3, 5, 0, 0, 17, 0, 0, 0, 8, 4, 0, 0, 8, 2, 0, 0, 23, 10, 0, 0, 16, 14, 0, 0, 10, 7, 0, 0, 6, 2, 0, 0, 2, 0, 0, 0, 27, 12, 0, 0, 27, 8, 0, 0, 46, 7, 0, 0, 1, 1, 0, 0, 4, 0, 0, 0, 18, 0, 0, 0, 3, 0, 0, 0, 30, 0, 0, 0, 5, 0, 0, 0, 8, 0, 0, 0, 18, 0, 0, 0, 22, 0, 0, 0, 21, 0, 0, 0, 
30, 3, 1, 0, 0, 2, 0, 0, 0, 1, 0, 0, 0, 0, 0, 0, 0, 2, 2, 0, 0, 0, 1, 0, 0, 8, 3, 0, 0, 11, 1, 0, 0, 11, 8, 0, 0, 6, 6, 0, 0, 24, 7, 0, 0, 25, 9, 0, 0, 3, 4, 0, 0, 8, 3, 0, 0, 3, 4, 0, 0, 19, 10, 0, 0, 28, 10, 0, 0, 49, 6, 0, 0, 2, 4, 0, 0, 2, 0, 0, 0, 5, 0, 0, 0, 5, 0, 0, 0, 24, 0, 0, 0, 5, 0, 0, 0, 9, 0, 0, 0, 16, 0, 0, 0, 23, 0, 0, 0, 15, 0, 0, 0, 
31, 1, 3, 0, 0, 2, 1, 0, 0, 2, 1, 0, 0, 3, 4, 0, 0, 2, 1, 0, 0, 2, 3, 0, 0, 0, 4, 0, 0, 13, 2, 0, 0, 5, 12, 0, 0, 6, 4, 0, 0, 15, 6, 0, 0, 23, 8, 0, 0, 4, 11, 0, 0, 7, 9, 0, 0, 3, 3, 0, 0, 20, 12, 0, 0, 27, 10, 0, 0, 51, 13, 0, 0, 7, 8, 0, 0, 1, 0, 0, 0, 6, 0, 0, 0, 2, 0, 0, 0, 27, 0, 0, 0, 4, 0, 0, 0, 5, 0, 0, 0, 9, 0, 0, 0, 18, 0, 0, 0, 8, 0, 0, 0, 
32, 0, 5, 0, 0, 0, 0, 0, 0, 1, 0, 0, 0, 1, 0, 0, 0, 0, 0, 0, 0, 3, 2, 0, 0, 8, 1, 0, 0, 11, 4, 0, 0, 12, 7, 0, 0, 14, 3, 0, 0, 19, 3, 0, 0, 17, 14, 0, 0, 11, 9, 0, 0, 12, 5, 0, 0, 3, 2, 0, 0, 19, 12, 0, 0, 28, 7, 0, 0, 59, 8, 0, 0, 10, 2, 0, 0, 3, 0, 0, 0, 16, 0, 0, 0, 5, 0, 0, 0, 28, 0, 0, 0, 12, 0, 0, 0, 3, 0, 0, 0, 10, 0, 0, 0, 16, 0, 0, 0, 2, 0, 0, 0, 
33, 1, 0, 0, 0, 0, 0, 0, 0, 0, 0, 0, 0, 5, 2, 0, 0, 4, 2, 0, 0, 2, 5, 0, 0, 2, 2, 0, 0, 13, 3, 0, 0, 6, 8, 0, 0, 12, 5, 0, 0, 7, 9, 0, 0, 13, 11, 0, 0, 7, 12, 0, 0, 18, 6, 0, 0, 2, 2, 0, 0, 34, 12, 0, 0, 28, 6, 0, 0, 60, 6, 0, 0, 13, 4, 0, 0, 5, 0, 0, 0, 22, 0, 0, 0, 7, 0, 0, 0, 14, 0, 0, 0, 0, 0, 0, 0, 8, 0, 0, 0, 1, 0, 0, 0, 9, 0, 0, 0, 2, 0, 0, 0, 
34, 3, 2, 0, 0, 0, 1, 0, 0, 1, 1, 0, 0, 8, 2, 0, 0, 0, 0, 0, 0, 1, 0, 0, 0, 0, 1, 0, 0, 7, 1, 0, 0, 7, 7, 0, 0, 21, 5, 0, 0, 9, 8, 0, 0, 17, 8, 0, 0, 10, 5, 0, 0, 8, 11, 0, 0, 1, 2, 0, 0, 36, 11, 0, 0, 25, 7, 0, 0, 58, 5, 0, 0, 8, 3, 0, 0, 1, 0, 0, 0, 26, 0, 0, 0, 13, 0, 0, 0, 13, 0, 0, 0, 1, 0, 0, 0, 6, 0, 0, 0, 8, 0, 0, 0, 8, 0, 0, 0, 8, 0, 0, 0, 
35, 0, 0, 0, 0, 0, 1, 0, 0, 0, 1, 0, 0, 0, 0, 0, 0, 1, 2, 0, 0, 2, 0, 0, 0, 3, 5, 0, 0, 10, 0, 0, 0, 9, 2, 0, 0, 15, 1, 0, 0, 17, 12, 0, 0, 8, 10, 0, 0, 9, 9, 0, 0, 9, 6, 0, 0, 1, 0, 0, 0, 37, 10, 0, 0, 26, 7, 0, 0, 56, 6, 0, 0, 5, 7, 0, 0, 5, 0, 0, 0, 24, 0, 0, 0, 14, 0, 0, 0, 7, 0, 0, 0, 4, 0, 0, 0, 9, 0, 0, 0, 16, 0, 0, 0, 7, 0, 0, 0, 5, 0, 0, 0, 
36, 0, 2, 0, 0, 3, 1, 0, 0, 2, 0, 0, 0, 1, 0, 0, 0, 1, 0, 0, 0, 1, 1, 0, 0, 11, 7, 0, 0, 18, 2, 0, 0, 4, 2, 0, 0, 0, 0, 0, 0, 20, 20, 0, 0, 13, 10, 0, 0, 13, 7, 0, 0, 13, 9, 0, 0, 3, 0, 0, 0, 34, 11, 0, 0, 20, 9, 0, 0, 55, 2, 0, 0, 1, 2, 0, 0, 1, 0, 0, 0, 17, 0, 0, 0, 5, 0, 0, 0, 20, 0, 0, 0, 8, 0, 0, 0, 15, 0, 0, 0, 6, 0, 0, 0, 6, 0, 0, 0, 13, 0, 0, 0, 
37, 1, 1, 0, 0, 1, 5, 0, 0, 2, 2, 0, 0, 1, 0, 0, 0, 0, 0, 0, 0, 1, 0, 0, 0, 8, 4, 0, 0, 17, 3, 0, 0, 5, 1, 0, 0, 2, 4, 0, 0, 44, 20, 0, 0, 8, 9, 0, 0, 6, 2, 0, 0, 11, 8, 0, 0, 1, 1, 0, 0, 40, 6, 0, 0, 19, 10, 0, 0, 42, 8, 0, 0, 2, 0, 0, 0, 6, 0, 0, 0, 24, 0, 0, 0, 8, 0, 0, 0, 21, 0, 0, 0, 4, 0, 0, 0, 12, 0, 0, 0, 0, 0, 0, 0, 1, 0, 0, 0, 14, 0, 0, 0, 
38, 0, 3, 0, 0, 0, 0, 0, 0, 0, 0, 0, 0, 0, 0, 0, 0, 0, 2, 0, 0, 0, 0, 0, 0, 9, 8, 0, 0, 14, 0, 0, 0, 1, 1, 0, 0, 5, 6, 0, 0, 51, 12, 0, 0, 6, 9, 0, 0, 5, 4, 0, 0, 12, 6, 0, 0, 8, 4, 0, 0, 33, 8, 0, 0, 22, 8, 0, 0, 38, 10, 0, 0, 6, 1, 0, 0, 9, 0, 0, 0, 20, 0, 0, 0, 2, 0, 0, 0, 22, 0, 0, 0, 5, 0, 0, 0, 4, 0, 0, 0, 17, 0, 0, 0, 7, 0, 0, 0, 19, 0, 0, 0, 
39, 3, 6, 0, 0, 6, 1, 0, 0, 3, 0, 0, 0, 0, 0, 0, 0, 0, 1, 0, 0, 1, 1, 0, 0, 17, 9, 0, 0, 9, 4, 0, 0, 0, 2, 0, 0, 9, 8, 0, 0, 46, 17, 0, 0, 10, 7, 0, 0, 10, 7, 0, 0, 14, 5, 0, 0, 4, 5, 0, 0, 35, 4, 0, 0, 18, 6, 0, 0, 31, 3, 0, 0, 2, 1, 0, 0, 12, 0, 0, 0, 19, 0, 0, 0, 7, 0, 0, 0, 22, 0, 0, 0, 5, 0, 0, 0, 10, 0, 0, 0, 16, 0, 0, 0, 5, 0, 0, 0, 32, 0, 0, 0, 
40, 5, 5, 0, 0, 0, 1, 0, 0, 1, 0, 0, 0, 4, 4, 0, 0, 7, 4, 0, 0, 2, 0, 0, 0, 9, 10, 0, 0, 8, 4, 0, 0, 1, 1, 0, 0, 12, 8, 0, 0, 52, 18, 0, 0, 16, 19, 0, 0, 9, 10, 0, 0, 12, 5, 0, 0, 1, 0, 0, 0, 31, 6, 0, 0, 22, 8, 0, 0, 32, 9, 0, 0, 0, 1, 0, 0, 7, 0, 0, 0, 11, 0, 0, 0, 16, 0, 0, 0, 27, 0, 0, 0, 0, 0, 0, 0, 2, 0, 0, 0, 10, 0, 0, 0, 2, 0, 0, 0, 28, 0, 0, 0, 
41, 1, 2, 0, 0, 10, 6, 0, 0, 0, 0, 0, 0, 2, 1, 0, 0, 1, 1, 0, 0, 1, 2, 0, 0, 11, 10, 0, 0, 19, 0, 0, 0, 0, 1, 0, 0, 17, 3, 0, 0, 56, 12, 0, 0, 19, 17, 0, 0, 8, 7, 0, 0, 9, 8, 0, 0, 0, 2, 0, 0, 24, 15, 0, 0, 19, 4, 0, 0, 25, 5, 0, 0, 5, 1, 0, 0, 2, 0, 0, 0, 14, 0, 0, 0, 8, 0, 0, 0, 28, 0, 0, 0, 7, 0, 0, 0, 7, 0, 0, 0, 18, 0, 0, 0, 9, 0, 0, 0, 19, 0, 0, 0, 
42, 3, 2, 0, 0, 3, 5, 0, 0, 1, 0, 0, 0, 0, 1, 0, 0, 5, 4, 0, 0, 3, 2, 0, 0, 15, 12, 0, 0, 20, 1, 0, 0, 1, 1, 0, 0, 17, 3, 0, 0, 52, 11, 0, 0, 21, 14, 0, 0, 12, 11, 0, 0, 6, 5, 0, 0, 3, 1, 0, 0, 29, 4, 0, 0, 12, 9, 0, 0, 23, 6, 0, 0, 5, 2, 0, 0, 10, 0, 0, 0, 17, 0, 0, 0, 7, 0, 0, 0, 31, 0, 0, 0, 4, 0, 0, 0, 6, 0, 0, 0, 15, 0, 0, 0, 1, 0, 0, 0, 19, 0, 0, 0, 
43, 0, 0, 0, 0, 9, 4, 0, 0, 1, 0, 0, 0, 0, 0, 0, 0, 2, 4, 0, 0, 1, 0, 0, 0, 7, 7, 0, 0, 16, 1, 0, 0, 1, 0, 0, 0, 17, 3, 0, 0, 50, 10, 0, 0, 18, 22, 0, 0, 10, 11, 0, 0, 10, 5, 0, 0, 5, 3, 0, 0, 23, 9, 0, 0, 10, 12, 0, 0, 30, 8, 0, 0, 3, 0, 0, 0, 10, 0, 0, 0, 17, 0, 0, 0, 10, 0, 0, 0, 33, 0, 0, 0, 0, 0, 0, 0, 5, 0, 0, 0, 23, 0, 0, 0, 7, 0, 0, 0, 13, 0, 0, 0, 
44, 1, 0, 0, 0, 0, 2, 0, 0, 0, 2, 0, 0, 0, 0, 0, 0, 0, 2, 0, 0, 1, 0, 0, 0, 5, 17, 0, 0, 11, 3, 0, 0, 4, 3, 0, 0, 23, 4, 0, 0, 43, 14, 0, 0, 19, 19, 0, 0, 11, 7, 0, 0, 7, 7, 0, 0, 7, 2, 0, 0, 17, 15, 0, 0, 13, 6, 0, 0, 38, 5, 0, 0, 4, 3, 0, 0, 7, 0, 0, 0, 11, 0, 0, 0, 20, 0, 0, 0, 35, 0, 0, 0, 3, 0, 0, 0, 7, 0, 0, 0, 11, 0, 0, 0, 6, 0, 0, 0, 19, 0, 0, 0, 
45, 1, 2, 0, 0, 2, 2, 0, 0, 2, 4, 0, 0, 3, 2, 0, 0, 1, 1, 0, 0, 0, 1, 0, 0, 11, 10, 0, 0, 15, 2, 0, 0, 4, 3, 0, 0, 30, 1, 0, 0, 39, 8, 0, 0, 19, 17, 0, 0, 8, 18, 0, 0, 13, 2, 0, 0, 0, 2, 0, 0, 35, 15, 0, 0, 13, 5, 0, 0, 41, 6, 0, 0, 3, 2, 0, 0, 3, 0, 0, 0, 2, 0, 0, 0, 22, 0, 0, 0, 25, 0, 0, 0, 2, 0, 0, 0, 14, 0, 0, 0, 8, 0, 0, 0, 8, 0, 0, 0, 18, 0, 0, 0, 
46, 1, 0, 0, 0, 2, 0, 0, 0, 4, 10, 0, 0, 2, 0, 0, 0, 1, 2, 0, 0, 0, 1, 0, 0, 11, 8, 0, 0, 11, 2, 0, 0, 12, 4, 0, 0, 26, 0, 0, 0, 36, 16, 0, 0, 22, 9, 0, 0, 24, 7, 0, 0, 7, 3, 0, 0, 3, 2, 0, 0, 35, 10, 0, 0, 8, 9, 0, 0, 41, 6, 0, 0, 9, 4, 0, 0, 2, 0, 0, 0, 1, 0, 0, 0, 28, 0, 0, 0, 25, 0, 0, 0, 5, 0, 0, 0, 16, 0, 0, 0, 4, 0, 0, 0, 13, 0, 0, 0, 22, 0, 0, 0, 
47, 1, 3, 0, 0, 1, 0, 0, 0, 1, 5, 0, 0, 0, 5, 0, 0, 1, 2, 0, 0, 1, 0, 0, 0, 8, 3, 0, 0, 8, 2, 0, 0, 11, 6, 0, 0, 27, 2, 0, 0, 40, 20, 0, 0, 18, 14, 0, 0, 20, 14, 0, 0, 1, 4, 0, 0, 2, 4, 0, 0, 27, 8, 0, 0, 13, 4, 0, 0, 40, 4, 0, 0, 5, 13, 0, 0, 8, 0, 0, 0, 10, 0, 0, 0, 21, 0, 0, 0, 26, 0, 0, 0, 8, 0, 0, 0, 11, 0, 0, 0, 1, 0, 0, 0, 4, 0, 0, 0, 25, 0, 0, 0, 
48, 1, 1, 0, 0, 2, 10, 0, 0, 1, 1, 0, 0, 1, 0, 0, 0, 0, 1, 0, 0, 0, 1, 0, 0, 2, 4, 0, 0, 12, 2, 0, 0, 11, 5, 0, 0, 21, 2, 0, 0, 46, 16, 0, 0, 14, 14, 0, 0, 30, 9, 0, 0, 2, 2, 0, 0, 4, 3, 0, 0, 24, 8, 0, 0, 8, 5, 0, 0, 43, 8, 0, 0, 11, 7, 0, 0, 2, 0, 0, 0, 8, 0, 0, 0, 12, 0, 0, 0, 28, 0, 0, 0, 0, 0, 0, 0, 10, 0, 0, 0, 7, 0, 0, 0, 15, 0, 0, 0, 22, 0, 0, 0, 
49, 0, 1, 0, 0, 15, 4, 0, 0, 0, 1, 0, 0, 0, 2, 0, 0, 1, 1, 0, 0, 1, 3, 0, 0, 5, 4, 0, 0, 6, 3, 0, 0, 4, 7, 0, 0, 20, 7, 0, 0, 59, 11, 0, 0, 11, 13, 0, 0, 30, 10, 0, 0, 2, 5, 0, 0, 2, 2, 0, 0, 21, 13, 0, 0, 3, 3, 0, 0, 48, 5, 0, 0, 4, 6, 0, 0, 4, 0, 0, 0, 2, 0, 0, 0, 22, 0, 0, 0, 32, 0, 0, 0, 1, 0, 0, 0, 6, 0, 0, 0, 9, 0, 0, 0, 11, 0, 0, 0, 19, 0, 0, 0, 
50, 0, 2, 0, 0, 5, 8, 0, 0, 1, 1, 0, 0, 1, 2, 0, 0, 0, 2, 0, 0, 0, 2, 0, 0, 10, 0, 0, 0, 1, 0, 0, 0, 7, 7, 0, 0, 18, 5, 0, 0, 59, 14, 0, 0, 11, 8, 0, 0, 36, 10, 0, 0, 6, 4, 0, 0, 3, 2, 0, 0, 33, 6, 0, 0, 6, 4, 0, 0, 42, 6, 0, 0, 2, 5, 0, 0, 12, 0, 0, 0, 3, 0, 0, 0, 22, 0, 0, 0, 34, 0, 0, 0, 8, 0, 0, 0, 1, 0, 0, 0, 11, 0, 0, 0, 10, 0, 0, 0, 14, 0, 0, 0, 
51, 0, 1, 0, 0, 0, 0, 0, 0, 1, 2, 0, 0, 0, 0, 0, 0, 1, 5, 0, 0, 1, 3, 0, 0, 3, 2, 0, 0, 2, 0, 0, 0, 3, 3, 0, 0, 11, 1, 0, 0, 54, 14, 0, 0, 13, 8, 0, 0, 35, 9, 0, 0, 5, 2, 0, 0, 6, 2, 0, 0, 30, 6, 0, 0, 0, 0, 0, 0, 41, 5, 0, 0, 9, 1, 0, 0, 12, 0, 0, 0, 13, 0, 0, 0, 25, 0, 0, 0, 35, 0, 0, 0, 4, 0, 0, 0, 14, 0, 0, 0, 10, 0, 0, 0, 1, 0, 0, 0, 14, 0, 0, 0, 
52, 0, 0, 0, 0, 1, 1, 0, 0, 3, 0, 0, 0, 2, 3, 0, 0, 1, 1, 0, 0, 2, 0, 0, 0, 0, 0, 0, 0, 0, 0, 0, 0, 8, 4, 0, 0, 4, 4, 0, 0, 57, 10, 0, 0, 8, 11, 0, 0, 36, 4, 0, 0, 2, 4, 0, 0, 7, 6, 0, 0, 33, 10, 0, 0, 1, 0, 0, 0, 44, 8, 0, 0, 2, 3, 0, 0, 5, 0, 0, 0, 12, 0, 0, 0, 28, 0, 0, 0, 35, 0, 0, 0, 3, 0, 0, 0, 25, 0, 0, 0, 6, 0, 0, 0, 0, 0, 0, 0, 5, 0, 0, 0, 
53, 1, 2, 0, 0, 1, 1, 0, 0, 3, 2, 0, 0, 1, 1, 0, 0, 1, 0, 0, 0, 3, 2, 0, 0, 2, 2, 0, 0, 0, 4, 0, 0, 9, 1, 0, 0, 0, 0, 0, 0, 55, 8, 0, 0, 7, 4, 0, 0, 38, 10, 0, 0, 1, 0, 0, 0, 2, 0, 0, 0, 38, 8, 0, 0, 3, 5, 0, 0, 44, 7, 0, 0, 2, 2, 0, 0, 1, 0, 0, 0, 4, 0, 0, 0, 37, 0, 0, 0, 43, 0, 0, 0, 6, 0, 0, 0, 35, 0, 0, 0, 8, 0, 0, 0, 1, 0, 0, 0, 9, 0, 0, 0, 
54, 3, 3, 0, 0, 0, 0, 0, 0, 4, 2, 0, 0, 1, 0, 0, 0, 0, 1, 0, 0, 0, 1, 0, 0, 3, 1, 0, 0, 3, 0, 0, 0, 3, 7, 0, 0, 0, 2, 0, 0, 49, 9, 0, 0, 3, 4, 0, 0, 40, 6, 0, 0, 6, 1, 0, 0, 1, 1, 0, 0, 33, 4, 0, 0, 8, 3, 0, 0, 43, 2, 0, 0, 5, 6, 0, 0, 10, 0, 0, 0, 4, 0, 0, 0, 34, 0, 0, 0, 38, 0, 0, 0, 2, 0, 0, 0, 34, 0, 0, 0, 17, 0, 0, 0, 3, 0, 0, 0, 14, 0, 0, 0, 
55, 2, 0, 0, 0, 0, 0, 0, 0, 2, 0, 0, 0, 0, 2, 0, 0, 1, 0, 0, 0, 1, 0, 0, 0, 5, 5, 0, 0, 3, 2, 0, 0, 2, 7, 0, 0, 1, 0, 0, 0, 37, 10, 0, 0, 6, 3, 0, 0, 38, 11, 0, 0, 6, 5, 0, 0, 2, 2, 0, 0, 25, 11, 0, 0, 1, 4, 0, 0, 47, 7, 0, 0, 10, 3, 0, 0, 7, 0, 0, 0, 11, 0, 0, 0, 44, 0, 0, 0, 32, 0, 0, 0, 11, 0, 0, 0, 33, 0, 0, 0, 17, 0, 0, 0, 5, 0, 0, 0, 10, 0, 0, 0, 
56, 1, 0, 0, 0, 1, 2, 0, 0, 1, 1, 0, 0, 6, 5, 0, 0, 0, 0, 0, 0, 4, 4, 0, 0, 14, 3, 0, 0, 6, 4, 0, 0, 5, 8, 0, 0, 0, 1, 0, 0, 29, 15, 0, 0, 4, 6, 0, 0, 40, 8, 0, 0, 0, 0, 0, 0, 0, 3, 0, 0, 35, 9, 0, 0, 4, 0, 0, 0, 49, 8, 0, 0, 11, 1, 0, 0, 9, 0, 0, 0, 5, 0, 0, 0, 51, 0, 0, 0, 28, 0, 0, 0, 13, 0, 0, 0, 39, 0, 0, 0, 15, 0, 0, 0, 1, 0, 0, 0, 2, 0, 0, 0, 
57, 1, 1, 0, 0, 0, 0, 0, 0, 4, 8, 0, 0, 0, 1, 0, 0, 1, 1, 0, 0, 2, 1, 0, 0, 13, 3, 0, 0, 8, 9, 0, 0, 6, 4, 0, 0, 7, 2, 0, 0, 23, 11, 0, 0, 9, 5, 0, 0, 32, 6, 0, 0, 4, 3, 0, 0, 0, 2, 0, 0, 42, 9, 0, 0, 3, 0, 0, 0, 43, 8, 0, 0, 2, 3, 0, 0, 3, 0, 0, 0, 5, 0, 0, 0, 59, 0, 0, 0, 29, 0, 0, 0, 9, 0, 0, 0, 43, 0, 0, 0, 18, 0, 0, 0, 1, 0, 0, 0, 3, 0, 0, 0, 
58, 1, 2, 0, 0, 3, 0, 0, 0, 1, 3, 0, 0, 1, 3, 0, 0, 0, 1, 0, 0, 2, 0, 0, 0, 16, 1, 0, 0, 7, 5, 0, 0, 7, 6, 0, 0, 5, 7, 0, 0, 25, 13, 0, 0, 8, 9, 0, 0, 29, 8, 0, 0, 1, 0, 0, 0, 2, 1, 0, 0, 42, 8, 0, 0, 4, 0, 0, 0, 47, 4, 0, 0, 3, 0, 0, 0, 0, 0, 0, 0, 5, 0, 0, 0, 58, 0, 0, 0, 38, 0, 0, 0, 15, 0, 0, 0, 41, 0, 0, 0, 28, 0, 0, 0, 8, 0, 0, 0, 11, 0, 0, 0, 
59, 3, 4, 0, 0, 3, 0, 0, 0, 6, 1, 0, 0, 4, 4, 0, 0, 0, 0, 0, 0, 1, 1, 0, 0, 9, 2, 0, 0, 8, 3, 0, 0, 15, 5, 0, 0, 6, 8, 0, 0, 25, 11, 0, 0, 13, 12, 0, 0, 29, 6, 0, 0, 3, 1, 0, 0, 2, 1, 0, 0, 36, 12, 0, 0, 0, 0, 0, 0, 42, 6, 0, 0, 1, 10, 0, 0, 8, 0, 0, 0, 5, 0, 0, 0, 61, 0, 0, 0, 40, 0, 0, 0, 13, 0, 0, 0, 44, 0, 0, 0, 22, 0, 0, 0, 5, 0, 0, 0, 4, 0, 0, 0, 
60, 8, 5, 0, 0, 2, 1, 0, 0, 0, 1, 0, 0, 2, 1, 0, 0, 0, 0, 0, 0, 0, 0, 0, 0, 7, 7, 0, 0, 3, 3, 0, 0, 6, 6, 0, 0, 11, 8, 0, 0, 15, 17, 0, 0, 12, 7, 0, 0, 31, 10, 0, 0, 7, 8, 0, 0, 6, 4, 0, 0, 43, 12, 0, 0, 0, 0, 0, 0, 40, 8, 0, 0, 10, 2, 0, 0, 0, 0, 0, 0, 1, 0, 0, 0, 55, 0, 0, 0, 39, 0, 0, 0, 14, 0, 0, 0, 51, 0, 0, 0, 25, 0, 0, 0, 12, 0, 0, 0, 5, 0, 0, 0, 
61, 9, 10, 0, 0, 0, 0, 0, 0, 3, 1, 0, 0, 3, 2, 0, 0, 0, 1, 0, 0, 0, 0, 0, 0, 9, 4, 0, 0, 10, 4, 0, 0, 3, 4, 0, 0, 12, 9, 0, 0, 21, 13, 0, 0, 7, 15, 0, 0, 28, 13, 0, 0, 12, 9, 0, 0, 3, 2, 0, 0, 51, 9, 0, 0, 0, 0, 0, 0, 46, 6, 0, 0, 2, 1, 0, 0, 3, 0, 0, 0, 6, 0, 0, 0, 44, 0, 0, 0, 37, 0, 0, 0, 14, 0, 0, 0, 52, 0, 0, 0, 15, 0, 0, 0, 7, 0, 0, 0, 5, 0, 0, 0, 
62, 6, 8, 0, 0, 1, 0, 0, 0, 1, 1, 0, 0, 2, 0, 0, 0, 2, 0, 0, 0, 2, 3, 0, 0, 9, 2, 0, 0, 13, 10, 0, 0, 2, 2, 0, 0, 10, 9, 0, 0, 16, 6, 0, 0, 8, 15, 0, 0, 27, 7, 0, 0, 9, 2, 0, 0, 4, 6, 0, 0, 55, 10, 0, 0, 2, 1, 0, 0, 43, 7, 0, 0, 3, 1, 0, 0, 8, 0, 0, 0, 14, 0, 0, 0, 49, 0, 0, 0, 39, 0, 0, 0, 16, 0, 0, 0, 52, 0, 0, 0, 18, 0, 0, 0, 4, 0, 0, 0, 3, 0, 0, 0, 
63, 5, 8, 0, 0, 0, 0, 0, 0, 0, 0, 0, 0, 0, 0, 0, 0, 0, 1, 0, 0, 1, 2, 0, 0, 6, 0, 0, 0, 11, 15, 0, 0, 0, 0, 0, 0, 11, 9, 0, 0, 14, 5, 0, 0, 6, 8, 0, 0, 25, 9, 0, 0, 6, 6, 0, 0, 9, 8, 0, 0, 49, 13, 0, 0, 6, 3, 0, 0, 41, 2, 0, 0, 5, 3, 0, 0, 5, 0, 0, 0, 4, 0, 0, 0, 46, 0, 0, 0, 31, 0, 0, 0, 23, 0, 0, 0, 44, 0, 0, 0, 17, 0, 0, 0, 10, 0, 0, 0, 5, 0, 0, 0, 
64, 1, 2, 0, 0, 5, 1, 0, 0, 0, 0, 0, 0, 2, 0, 0, 0, 2, 0, 0, 0, 1, 0, 0, 0, 4, 9, 0, 0, 13, 13, 0, 0, 2, 2, 0, 0, 9, 14, 0, 0, 11, 12, 0, 0, 10, 3, 0, 0, 26, 11, 0, 0, 4, 5, 0, 0, 7, 8, 0, 0, 47, 10, 0, 0, 3, 6, 0, 0, 27, 7, 0, 0, 4, 5, 0, 0, 2, 0, 0, 0, 8, 0, 0, 0, 46, 0, 0, 0, 28, 0, 0, 0, 28, 0, 0, 0, 40, 0, 0, 0, 16, 0, 0, 0, 8, 0, 0, 0, 5, 0, 0, 0, 
65, 0, 3, 0, 0, 1, 0, 0, 0, 1, 4, 0, 0, 0, 0, 0, 0, 4, 1, 0, 0, 0, 2, 0, 0, 1, 4, 0, 0, 21, 20, 0, 0, 1, 3, 0, 0, 16, 9, 0, 0, 15, 13, 0, 0, 6, 11, 0, 0, 33, 11, 0, 0, 3, 0, 0, 0, 6, 10, 0, 0, 48, 9, 0, 0, 3, 1, 0, 0, 27, 3, 0, 0, 7, 6, 0, 0, 4, 0, 0, 0, 8, 0, 0, 0, 37, 0, 0, 0, 29, 0, 0, 0, 19, 0, 0, 0, 36, 0, 0, 0, 13, 0, 0, 0, 11, 0, 0, 0, 1, 0, 0, 0, 
66, 2, 2, 0, 0, 1, 1, 0, 0, 0, 1, 0, 0, 0, 1, 0, 0, 1, 0, 0, 0, 1, 0, 0, 0, 9, 2, 0, 0, 23, 17, 0, 0, 0, 1, 0, 0, 20, 14, 0, 0, 11, 17, 0, 0, 6, 6, 0, 0, 29, 8, 0, 0, 0, 0, 0, 0, 13, 6, 0, 0, 45, 14, 0, 0, 14, 7, 0, 0, 21, 4, 0, 0, 8, 9, 0, 0, 2, 0, 0, 0, 0, 0, 0, 0, 43, 0, 0, 0, 38, 0, 0, 0, 24, 0, 0, 0, 27, 0, 0, 0, 12, 0, 0, 0, 7, 0, 0, 0, 4, 0, 0, 0, 
67, 2, 1, 0, 0, 0, 0, 0, 0, 1, 0, 0, 0, 1, 0, 0, 0, 0, 0, 0, 0, 1, 2, 0, 0, 16, 2, 0, 0, 24, 23, 0, 0, 2, 0, 0, 0, 22, 16, 0, 0, 8, 8, 0, 0, 0, 1, 0, 0, 29, 3, 0, 0, 6, 0, 0, 0, 13, 9, 0, 0, 49, 8, 0, 0, 12, 5, 0, 0, 16, 6, 0, 0, 6, 11, 0, 0, 4, 0, 0, 0, 10, 0, 0, 0, 55, 0, 0, 0, 32, 0, 0, 0, 28, 0, 0, 0, 35, 0, 0, 0, 1, 0, 0, 0, 13, 0, 0, 0, 4, 0, 0, 0, 
68, 9, 3, 0, 0, 1, 0, 0, 0, 0, 0, 0, 0, 4, 2, 0, 0, 3, 3, 0, 0, 0, 3, 0, 0, 15, 4, 0, 0, 32, 16, 0, 0, 7, 4, 0, 0, 23, 11, 0, 0, 9, 11, 0, 0, 4, 3, 0, 0, 19, 6, 0, 0, 0, 1, 0, 0, 6, 8, 0, 0, 49, 9, 0, 0, 16, 5, 0, 0, 16, 2, 0, 0, 2, 1, 0, 0, 4, 0, 0, 0, 14, 0, 0, 0, 55, 0, 0, 0, 35, 0, 0, 0, 24, 0, 0, 0, 38, 0, 0, 0, 0, 0, 0, 0, 9, 0, 0, 0, 5, 0, 0, 0, 
69, 1, 1, 0, 0, 0, 0, 0, 0, 0, 0, 0, 0, 1, 0, 0, 0, 0, 0, 0, 0, 2, 1, 0, 0, 22, 2, 0, 0, 28, 17, 0, 0, 15, 0, 0, 0, 14, 12, 0, 0, 15, 5, 0, 0, 0, 1, 0, 0, 21, 6, 0, 0, 3, 4, 0, 0, 12, 12, 0, 0, 52, 14, 0, 0, 9, 4, 0, 0, 5, 5, 0, 0, 0, 0, 0, 0, 10, 0, 0, 0, 16, 0, 0, 0, 59, 0, 0, 0, 33, 0, 0, 0, 28, 0, 0, 0, 40, 0, 0, 0, 5, 0, 0, 0, 21, 0, 0, 0, 0, 0, 0, 0, 
70, 1, 0, 0, 0, 2, 0, 0, 0, 1, 4, 0, 0, 3, 1, 0, 0, 0, 3, 0, 0, 0, 1, 0, 0, 26, 4, 0, 0, 25, 15, 0, 0, 21, 0, 0, 0, 15, 17, 0, 0, 15, 14, 0, 0, 6, 0, 0, 0, 12, 8, 0, 0, 3, 7, 0, 0, 17, 9, 0, 0, 50, 15, 0, 0, 1, 0, 0, 0, 3, 3, 0, 0, 2, 1, 0, 0, 19, 0, 0, 0, 14, 0, 0, 0, 59, 0, 0, 0, 28, 0, 0, 0, 26, 0, 0, 0, 36, 0, 0, 0, 11, 0, 0, 0, 16, 0, 0, 0, 5, 0, 0, 0, 
71, 0, 0, 0, 0, 1, 0, 0, 0, 2, 1, 0, 0, 2, 0, 0, 0, 1, 0, 0, 0, 1, 2, 0, 0, 26, 5, 0, 0, 22, 9, 0, 0, 25, 0, 0, 0, 18, 16, 0, 0, 17, 12, 0, 0, 1, 0, 0, 0, 7, 4, 0, 0, 3, 2, 0, 0, 11, 13, 0, 0, 52, 8, 0, 0, 1, 3, 0, 0, 11, 5, 0, 0, 1, 1, 0, 0, 27, 0, 0, 0, 7, 0, 0, 0, 64, 0, 0, 0, 33, 0, 0, 0, 37, 0, 0, 0, 34, 0, 0, 0, 2, 0, 0, 0, 18, 0, 0, 0, 18, 0, 0, 0, 
72, 1, 2, 0, 0, 4, 2, 0, 0, 2, 1, 0, 0, 1, 0, 0, 0, 1, 1, 0, 0, 1, 1, 0, 0, 19, 2, 0, 0, 19, 10, 0, 0, 10, 1, 0, 0, 21, 6, 0, 0, 15, 22, 0, 0, 4, 4, 0, 0, 6, 7, 0, 0, 0, 2, 0, 0, 16, 12, 0, 0, 51, 8, 0, 0, 2, 2, 0, 0, 5, 6, 0, 0, 9, 4, 0, 0, 29, 0, 0, 0, 6, 0, 0, 0, 67, 0, 0, 0, 19, 0, 0, 0, 40, 0, 0, 0, 27, 0, 0, 0, 4, 0, 0, 0, 19, 0, 0, 0, 16, 0, 0, 0, 
73, 3, 2, 0, 0, 0, 1, 0, 0, 0, 1, 0, 0, 4, 1, 0, 0, 1, 0, 0, 0, 0, 0, 0, 0, 30, 3, 0, 0, 9, 14, 0, 0, 5, 1, 0, 0, 10, 15, 0, 0, 22, 14, 0, 0, 2, 2, 0, 0, 16, 7, 0, 0, 1, 2, 0, 0, 17, 20, 0, 0, 41, 7, 0, 0, 7, 3, 0, 0, 7, 5, 0, 0, 13, 2, 0, 0, 39, 0, 0, 0, 16, 0, 0, 0, 64, 0, 0, 0, 7, 0, 0, 0, 38, 0, 0, 0, 27, 0, 0, 0, 4, 0, 0, 0, 25, 0, 0, 0, 9, 0, 0, 0, 
74, 3, 2, 0, 0, 0, 1, 0, 0, 2, 0, 0, 0, 0, 0, 0, 0, 0, 1, 0, 0, 1, 2, 0, 0, 24, 5, 0, 0, 10, 6, 0, 0, 8, 1, 0, 0, 11, 13, 0, 0, 24, 16, 0, 0, 1, 1, 0, 0, 16, 13, 0, 0, 6, 5, 0, 0, 16, 19, 0, 0, 43, 2, 0, 0, 8, 1, 0, 0, 8, 8, 0, 0, 10, 1, 0, 0, 35, 0, 0, 0, 15, 0, 0, 0, 58, 0, 0, 0, 14, 0, 0, 0, 37, 0, 0, 0, 21, 0, 0, 0, 8, 0, 0, 0, 31, 0, 0, 0, 7, 0, 0, 0, 
75, 4, 0, 0, 0, 2, 0, 0, 0, 1, 1, 0, 0, 2, 0, 0, 0, 1, 0, 0, 0, 4, 4, 0, 0, 21, 6, 0, 0, 4, 2, 0, 0, 16, 1, 0, 0, 11, 12, 0, 0, 27, 18, 0, 0, 3, 5, 0, 0, 24, 7, 0, 0, 2, 6, 0, 0, 25, 23, 0, 0, 33, 7, 0, 0, 13, 2, 0, 0, 3, 4, 0, 0, 4, 1, 0, 0, 37, 0, 0, 0, 12, 0, 0, 0, 59, 0, 0, 0, 11, 0, 0, 0, 31, 0, 0, 0, 11, 0, 0, 0, 2, 0, 0, 0, 33, 0, 0, 0, 13, 0, 0, 0, 
76, 6, 1, 0, 0, 1, 1, 0, 0, 1, 0, 0, 0, 0, 1, 0, 0, 0, 0, 0, 0, 0, 1, 0, 0, 16, 2, 0, 0, 5, 5, 0, 0, 19, 0, 0, 0, 9, 9, 0, 0, 24, 14, 0, 0, 2, 6, 0, 0, 32, 8, 0, 0, 15, 7, 0, 0, 25, 19, 0, 0, 31, 11, 0, 0, 11, 1, 0, 0, 0, 1, 0, 0, 2, 2, 0, 0, 39, 0, 0, 0, 2, 0, 0, 0, 69, 0, 0, 0, 6, 0, 0, 0, 21, 0, 0, 0, 15, 0, 0, 0, 3, 0, 0, 0, 38, 0, 0, 0, 7, 0, 0, 0, 
77, 6, 3, 0, 0, 2, 4, 0, 0, 1, 0, 0, 0, 0, 0, 0, 0, 1, 1, 0, 0, 1, 0, 0, 0, 6, 3, 0, 0, 11, 7, 0, 0, 20, 1, 0, 0, 6, 4, 0, 0, 18, 20, 0, 0, 0, 1, 0, 0, 19, 2, 0, 0, 22, 4, 0, 0, 25, 13, 0, 0, 34, 13, 0, 0, 8, 6, 0, 0, 1, 0, 0, 0, 2, 4, 0, 0, 45, 0, 0, 0, 0, 0, 0, 0, 56, 0, 0, 0, 2, 0, 0, 0, 24, 0, 0, 0, 19, 0, 0, 0, 3, 0, 0, 0, 40, 0, 0, 0, 14, 0, 0, 0, 
78, 0, 0, 0, 0, 2, 0, 0, 0, 0, 1, 0, 0, 0, 0, 0, 0, 2, 1, 0, 0, 2, 0, 0, 0, 12, 3, 0, 0, 21, 3, 0, 0, 15, 1, 0, 0, 5, 12, 0, 0, 23, 12, 0, 0, 0, 2, 0, 0, 12, 5, 0, 0, 25, 4, 0, 0, 20, 18, 0, 0, 38, 10, 0, 0, 5, 0, 0, 0, 1, 1, 0, 0, 5, 10, 0, 0, 45, 0, 0, 0, 4, 0, 0, 0, 66, 0, 0, 0, 11, 0, 0, 0, 15, 0, 0, 0, 12, 0, 0, 0, 3, 0, 0, 0, 37, 0, 0, 0, 14, 0, 0, 0, 
79, 2, 3, 0, 0, 1, 1, 0, 0, 3, 3, 0, 0, 0, 0, 0, 0, 5, 2, 0, 0, 1, 5, 0, 0, 16, 2, 0, 0, 23, 7, 0, 0, 11, 2, 0, 0, 4, 4, 0, 0, 26, 8, 0, 0, 2, 0, 0, 0, 8, 8, 0, 0, 30, 1, 0, 0, 16, 14, 0, 0, 43, 12, 0, 0, 1, 0, 0, 0, 1, 2, 0, 0, 6, 4, 0, 0, 42, 0, 0, 0, 11, 0, 0, 0, 69, 0, 0, 0, 24, 0, 0, 0, 7, 0, 0, 0, 10, 0, 0, 0, 0, 0, 0, 0, 27, 0, 0, 0, 14, 0, 0, 0, 
80, 1, 0, 0, 0, 1, 1, 0, 0, 0, 1, 0, 0, 2, 2, 0, 0, 0, 0, 0, 0, 0, 2, 0, 0, 19, 1, 0, 0, 24, 3, 0, 0, 7, 1, 0, 0, 1, 2, 0, 0, 14, 17, 0, 0, 3, 4, 0, 0, 9, 3, 0, 0, 30, 4, 0, 0, 14, 19, 0, 0, 41, 9, 0, 0, 1, 0, 0, 0, 1, 3, 0, 0, 7, 5, 0, 0, 39, 0, 0, 0, 14, 0, 0, 0, 62, 0, 0, 0, 20, 0, 0, 0, 2, 0, 0, 0, 6, 0, 0, 0, 5, 0, 0, 0, 22, 0, 0, 0, 20, 0, 0, 0, 
81, 0, 2, 0, 0, 2, 0, 0, 0, 0, 1, 0, 0, 2, 0, 0, 0, 0, 0, 0, 0, 2, 2, 0, 0, 18, 1, 0, 0, 31, 3, 0, 0, 9, 2, 0, 0, 1, 1, 0, 0, 19, 13, 0, 0, 2, 3, 0, 0, 0, 1, 0, 0, 30, 3, 0, 0, 14, 11, 0, 0, 34, 11, 0, 0, 3, 0, 0, 0, 8, 4, 0, 0, 6, 5, 0, 0, 41, 0, 0, 0, 17, 0, 0, 0, 64, 0, 0, 0, 28, 0, 0, 0, 3, 0, 0, 0, 0, 0, 0, 0, 8, 0, 0, 0, 32, 0, 0, 0, 17, 0, 0, 0, 
82, 2, 0, 0, 0, 1, 0, 0, 0, 1, 3, 0, 0, 0, 4, 0, 0, 0, 0, 0, 0, 2, 1, 0, 0, 10, 3, 0, 0, 32, 5, 0, 0, 18, 2, 0, 0, 3, 1, 0, 0, 18, 23, 0, 0, 7, 7, 0, 0, 0, 1, 0, 0, 30, 5, 0, 0, 7, 9, 0, 0, 32, 13, 0, 0, 13, 0, 0, 0, 11, 9, 0, 0, 7, 7, 0, 0, 43, 0, 0, 0, 16, 0, 0, 0, 72, 0, 0, 0, 16, 0, 0, 0, 4, 0, 0, 0, 1, 0, 0, 0, 4, 0, 0, 0, 30, 0, 0, 0, 13, 0, 0, 0, 
83, 2, 9, 0, 0, 2, 0, 0, 0, 0, 0, 0, 0, 0, 1, 0, 0, 1, 5, 0, 0, 3, 2, 0, 0, 7, 3, 0, 0, 29, 3, 0, 0, 26, 1, 0, 0, 0, 2, 0, 0, 20, 20, 0, 0, 17, 8, 0, 0, 3, 2, 0, 0, 33, 2, 0, 0, 8, 7, 0, 0, 30, 16, 0, 0, 8, 1, 0, 0, 9, 9, 0, 0, 4, 1, 0, 0, 51, 0, 0, 0, 15, 0, 0, 0, 64, 0, 0, 0, 16, 0, 0, 0, 2, 0, 0, 0, 9, 0, 0, 0, 8, 0, 0, 0, 29, 0, 0, 0, 17, 0, 0, 0, 
84, 5, 11, 0, 0, 0, 1, 0, 0, 3, 0, 0, 0, 0, 5, 0, 0, 3, 0, 0, 0, 0, 1, 0, 0, 11, 4, 0, 0, 42, 2, 0, 0, 32, 3, 0, 0, 4, 0, 0, 0, 17, 20, 0, 0, 9, 7, 0, 0, 1, 1, 0, 0, 31, 3, 0, 0, 8, 5, 0, 0, 35, 9, 0, 0, 5, 2, 0, 0, 9, 9, 0, 0, 0, 0, 0, 0, 49, 0, 0, 0, 16, 0, 0, 0, 64, 0, 0, 0, 19, 0, 0, 0, 13, 0, 0, 0, 12, 0, 0, 0, 3, 0, 0, 0, 28, 0, 0, 0, 20, 0, 0, 0, 
85, 1, 1, 0, 0, 4, 2, 0, 0, 0, 3, 0, 0, 0, 2, 0, 0, 1, 0, 0, 0, 0, 0, 0, 0, 19, 2, 0, 0, 40, 3, 0, 0, 35, 0, 0, 0, 2, 2, 0, 0, 21, 14, 0, 0, 5, 10, 0, 0, 4, 3, 0, 0, 26, 3, 0, 0, 7, 7, 0, 0, 37, 21, 0, 0, 1, 3, 0, 0, 7, 6, 0, 0, 4, 4, 0, 0, 42, 0, 0, 0, 21, 0, 0, 0, 64, 0, 0, 0, 13, 0, 0, 0, 25, 0, 0, 0, 6, 0, 0, 0, 5, 0, 0, 0, 26, 0, 0, 0, 25, 0, 0, 0, 
86, 2, 3, 0, 0, 1, 0, 0, 0, 1, 1, 0, 0, 0, 0, 0, 0, 1, 0, 0, 0, 1, 1, 0, 0, 21, 8, 0, 0, 37, 3, 0, 0, 27, 2, 0, 0, 13, 5, 0, 0, 16, 14, 0, 0, 10, 9, 0, 0, 1, 4, 0, 0, 22, 2, 0, 0, 10, 3, 0, 0, 36, 13, 0, 0, 7, 3, 0, 0, 5, 4, 0, 0, 0, 0, 0, 0, 36, 0, 0, 0, 19, 0, 0, 0, 66, 0, 0, 0, 8, 0, 0, 0, 23, 0, 0, 0, 1, 0, 0, 0, 14, 0, 0, 0, 26, 0, 0, 0, 31, 0, 0, 0, 
87, 1, 0, 0, 0, 0, 2, 0, 0, 2, 2, 0, 0, 2, 1, 0, 0, 3, 0, 0, 0, 0, 0, 0, 0, 16, 2, 0, 0, 42, 3, 0, 0, 29, 1, 0, 0, 13, 5, 0, 0, 11, 11, 0, 0, 5, 9, 0, 0, 0, 0, 0, 0, 18, 3, 0, 0, 6, 3, 0, 0, 47, 10, 0, 0, 14, 7, 0, 0, 1, 6, 0, 0, 3, 2, 0, 0, 27, 0, 0, 0, 9, 0, 0, 0, 68, 0, 0, 0, 7, 0, 0, 0, 21, 0, 0, 0, 12, 0, 0, 0, 9, 0, 0, 0, 22, 0, 0, 0, 39, 0, 0, 0, 
88, 1, 1, 0, 0, 2, 0, 0, 0, 2, 1, 0, 0, 0, 3, 0, 0, 1, 0, 0, 0, 2, 1, 0, 0, 18, 6, 0, 0, 45, 2, 0, 0, 24, 1, 0, 0, 13, 3, 0, 0, 16, 9, 0, 0, 7, 8, 0, 0, 1, 6, 0, 0, 12, 6, 0, 0, 2, 11, 0, 0, 49, 13, 0, 0, 14, 10, 0, 0, 4, 1, 0, 0, 1, 1, 0, 0, 20, 0, 0, 0, 5, 0, 0, 0, 80, 0, 0, 0, 8, 0, 0, 0, 13, 0, 0, 0, 12, 0, 0, 0, 4, 0, 0, 0, 21, 0, 0, 0, 45, 0, 0, 0, 
89, 0, 2, 0, 0, 1, 2, 0, 0, 2, 3, 0, 0, 1, 2, 0, 0, 1, 0, 0, 0, 0, 0, 0, 0, 16, 2, 0, 0, 37, 4, 0, 0, 18, 1, 0, 0, 23, 3, 0, 0, 18, 7, 0, 0, 15, 7, 0, 0, 7, 3, 0, 0, 11, 3, 0, 0, 1, 1, 0, 0, 50, 13, 0, 0, 12, 13, 0, 0, 1, 0, 0, 0, 1, 0, 0, 0, 27, 0, 0, 0, 2, 0, 0, 0, 86, 0, 0, 0, 8, 0, 0, 0, 11, 0, 0, 0, 17, 0, 0, 0, 16, 0, 0, 0, 25, 0, 0, 0, 47, 0, 0, 0, 
90, 4, 5, 0, 0, 6, 2, 0, 0, 1, 2, 0, 0, 1, 2, 0, 0, 1, 1, 0, 0, 0, 0, 0, 0, 16, 4, 0, 0, 39, 6, 0, 0, 17, 1, 0, 0, 27, 4, 0, 0, 20, 20, 0, 0, 9, 11, 0, 0, 5, 6, 0, 0, 7, 5, 0, 0, 2, 0, 0, 0, 52, 11, 0, 0, 17, 20, 0, 0, 1, 1, 0, 0, 0, 2, 0, 0, 22, 0, 0, 0, 6, 0, 0, 0, 84, 0, 0, 0, 12, 0, 0, 0, 4, 0, 0, 0, 14, 0, 0, 0, 20, 0, 0, 0, 28, 0, 0, 0, 42, 0, 0, 0, 
91, 3, 2, 0, 0, 4, 7, 0, 0, 3, 0, 0, 0, 0, 0, 0, 0, 1, 0, 0, 0, 0, 0, 0, 0, 5, 2, 0, 0, 49, 4, 0, 0, 5, 3, 0, 0, 22, 6, 0, 0, 22, 14, 0, 0, 7, 9, 0, 0, 7, 7, 0, 0, 8, 3, 0, 0, 0, 1, 0, 0, 51, 17, 0, 0, 28, 13, 0, 0, 2, 0, 0, 0, 1, 1, 0, 0, 31, 0, 0, 0, 3, 0, 0, 0, 90, 0, 0, 0, 17, 0, 0, 0, 12, 0, 0, 0, 12, 0, 0, 0, 17, 0, 0, 0, 21, 0, 0, 0, 41, 0, 0, 0, 
92, 1, 1, 0, 0, 1, 1, 0, 0, 0, 0, 0, 0, 3, 2, 0, 0, 0, 0, 0, 0, 0, 0, 0, 0, 0, 1, 0, 0, 50, 2, 0, 0, 3, 0, 0, 0, 23, 8, 0, 0, 16, 23, 0, 0, 6, 12, 0, 0, 11, 7, 0, 0, 3, 4, 0, 0, 4, 9, 0, 0, 63, 9, 0, 0, 20, 20, 0, 0, 13, 0, 0, 0, 2, 6, 0, 0, 24, 0, 0, 0, 18, 0, 0, 0, 87, 0, 0, 0, 26, 0, 0, 0, 9, 0, 0, 0, 7, 0, 0, 0, 21, 0, 0, 0, 27, 0, 0, 0, 38, 0, 0, 0, 
93, 1, 0, 0, 0, 0, 0, 0, 0, 0, 1, 0, 0, 0, 4, 0, 0, 0, 0, 0, 0, 2, 1, 0, 0, 1, 2, 0, 0, 52, 2, 0, 0, 3, 1, 0, 0, 25, 6, 0, 0, 26, 23, 0, 0, 10, 20, 0, 0, 14, 5, 0, 0, 4, 3, 0, 0, 4, 1, 0, 0, 67, 14, 0, 0, 17, 21, 0, 0, 10, 2, 0, 0, 9, 9, 0, 0, 37, 0, 0, 0, 13, 0, 0, 0, 82, 0, 0, 0, 23, 0, 0, 0, 7, 0, 0, 0, 10, 0, 0, 0, 26, 0, 0, 0, 25, 0, 0, 0, 36, 0, 0, 0, 
94, 2, 3, 0, 0, 0, 0, 0, 0, 3, 0, 0, 0, 1, 0, 0, 0, 0, 0, 0, 0, 1, 2, 0, 0, 4, 3, 0, 0, 46, 2, 0, 0, 4, 1, 0, 0, 29, 5, 0, 0, 27, 20, 0, 0, 11, 15, 0, 0, 1, 4, 0, 0, 8, 3, 0, 0, 2, 3, 0, 0, 68, 11, 0, 0, 21, 12, 0, 0, 7, 3, 0, 0, 16, 11, 0, 0, 36, 0, 0, 0, 18, 0, 0, 0, 81, 0, 0, 0, 32, 0, 0, 0, 8, 0, 0, 0, 25, 0, 0, 0, 29, 0, 0, 0, 21, 0, 0, 0, 32, 0, 0, 0, 
95, 4, 8, 0, 0, 1, 2, 0, 0, 0, 1, 0, 0, 0, 1, 0, 0, 1, 1, 0, 0, 0, 1, 0, 0, 6, 3, 0, 0, 42, 3, 0, 0, 1, 2, 0, 0, 35, 3, 0, 0, 21, 18, 0, 0, 14, 10, 0, 0, 3, 3, 0, 0, 8, 2, 0, 0, 7, 3, 0, 0, 65, 13, 0, 0, 13, 18, 0, 0, 12, 0, 0, 0, 9, 13, 0, 0, 33, 0, 0, 0, 7, 0, 0, 0, 80, 0, 0, 0, 27, 0, 0, 0, 15, 0, 0, 0, 24, 0, 0, 0, 28, 0, 0, 0, 22, 0, 0, 0, 23, 0, 0, 0, 
96, 0, 1, 0, 0, 1, 0, 0, 0, 2, 1, 0, 0, 1, 2, 0, 0, 1, 0, 0, 0, 4, 1, 0, 0, 7, 5, 0, 0, 45, 5, 0, 0, 0, 2, 0, 0, 26, 7, 0, 0, 17, 23, 0, 0, 10, 12, 0, 0, 6, 2, 0, 0, 10, 0, 0, 0, 6, 4, 0, 0, 63, 9, 0, 0, 15, 10, 0, 0, 12, 3, 0, 0, 10, 7, 0, 0, 25, 0, 0, 0, 16, 0, 0, 0, 75, 0, 0, 0, 18, 0, 0, 0, 14, 0, 0, 0, 22, 0, 0, 0, 23, 0, 0, 0, 19, 0, 0, 0, 27, 0, 0, 0, 
97, 1, 2, 0, 0, 2, 0, 0, 0, 0, 0, 0, 0, 0, 3, 0, 0, 0, 0, 0, 0, 0, 0, 0, 0, 2, 6, 0, 0, 42, 5, 0, 0, 1, 3, 0, 0, 30, 4, 0, 0, 28, 18, 0, 0, 10, 13, 0, 0, 0, 0, 0, 0, 9, 4, 0, 0, 3, 1, 0, 0, 56, 8, 0, 0, 17, 12, 0, 0, 16, 3, 0, 0, 13, 8, 0, 0, 27, 0, 0, 0, 9, 0, 0, 0, 78, 0, 0, 0, 11, 0, 0, 0, 14, 0, 0, 0, 12, 0, 0, 0, 22, 0, 0, 0, 21, 0, 0, 0, 30, 0, 0, 0, 
98, 3, 4, 0, 0, 1, 0, 0, 0, 3, 0, 0, 0, 5, 1, 0, 0, 1, 1, 0, 0, 1, 1, 0, 0, 2, 0, 0, 0, 34, 5, 0, 0, 2, 5, 0, 0, 26, 6, 0, 0, 31, 19, 0, 0, 8, 8, 0, 0, 7, 2, 0, 0, 16, 5, 0, 0, 7, 0, 0, 0, 54, 11, 0, 0, 17, 16, 0, 0, 8, 2, 0, 0, 8, 5, 0, 0, 22, 0, 0, 0, 5, 0, 0, 0, 79, 0, 0, 0, 10, 0, 0, 0, 8, 0, 0, 0, 24, 0, 0, 0, 37, 0, 0, 0, 30, 0, 0, 0, 42, 0, 0, 0, 
99, 5, 10, 0, 0, 0, 0, 0, 0, 2, 0, 0, 0, 4, 2, 0, 0, 4, 0, 0, 0, 1, 1, 0, 0, 0, 0, 0, 0, 30, 4, 0, 0, 2, 3, 0, 0, 25, 8, 0, 0, 36, 24, 0, 0, 8, 6, 0, 0, 4, 2, 0, 0, 7, 5, 0, 0, 18, 3, 0, 0, 57, 10, 0, 0, 25, 8, 0, 0, 2, 0, 0, 0, 6, 14, 0, 0, 16, 0, 0, 0, 5, 0, 0, 0, 73, 0, 0, 0, 15, 0, 0, 0, 13, 0, 0, 0, 19, 0, 0, 0, 24, 0, 0, 0, 38, 0, 0, 0, 45, 0, 0, 0, 