0, 1, 2, 0, 0, 1, 0, 0, 0, 0, 1, 0, 0, 0, 0, 0, 0, 0, 0, 0, 0, 0, 0, 0, 0, 1, 1, 0, 0, 3, 2, 0, 0, 0, 0, 0, 0, 0, 2, 0, 0, 0, 0, 0, 0, 1, 1, 0, 0, 2, 3, 0, 0, 1, 1, 0, 0, 2, 2, 0, 0, 2, 1, 0, 0, 5, 7, 0, 0, 1, 2, 0, 0, 1, 1, 0, 0, 2, 0, 0, 0, 6, 0, 0, 0, 1, 0, 0, 0, 0, 0, 0, 0, 1, 0, 0, 0, 3, 0, 0, 0, 4, 0, 0, 0, 1, 0, 0, 0, 0, 0, 0, 0, 
1, 2, 2, 0, 0, 1, 0, 0, 0, 0, 0, 0, 0, 1, 2, 0, 0, 1, 0, 0, 0, 0, 1, 0, 0, 0, 0, 0, 0, 2, 6, 0, 0, 1, 1, 0, 0, 4, 0, 0, 0, 1, 0, 0, 0, 1, 1, 0, 0, 0, 0, 0, 0, 0, 0, 0, 0, 1, 1, 0, 0, 9, 1, 0, 0, 4, 2, 0, 0, 2, 2, 0, 0, 10, 1, 0, 0, 3, 0, 0, 0, 0, 0, 0, 0, 0, 0, 0, 0, 2, 0, 0, 0, 1, 0, 0, 0, 3, 0, 0, 0, 5, 0, 0, 0, 4, 0, 0, 0, 3, 0, 0, 0, 
2, 3, 0, 0, 0, 1, 1, 0, 0, 0, 2, 0, 0, 0, 1, 0, 0, 1, 0, 0, 0, 0, 0, 0, 0, 1, 2, 0, 0, 1, 1, 0, 0, 3, 0, 0, 0, 0, 1, 0, 0, 1, 1, 0, 0, 4, 4, 0, 0, 1, 1, 0, 0, 0, 0, 0, 0, 10, 0, 0, 0, 3, 1, 0, 0, 7, 3, 0, 0, 4, 3, 0, 0, 2, 0, 0, 0, 5, 0, 0, 0, 13, 0, 0, 0, 1, 0, 0, 0, 2, 0, 0, 0, 2, 0, 0, 0, 9, 0, 0, 0, 5, 0, 0, 0, 0, 0, 0, 0, 1, 0, 0, 0, 
3, 0, 0, 0, 0, 1, 1, 0, 0, 0, 2, 0, 0, 3, 3, 0, 0, 0, 1, 0, 0, 1, 1, 0, 0, 1, 2, 0, 0, 0, 1, 0, 0, 4, 2, 0, 0, 0, 1, 0, 0, 3, 0, 0, 0, 2, 4, 0, 0, 0, 0, 0, 0, 0, 1, 0, 0, 2, 1, 0, 0, 1, 0, 0, 0, 2, 1, 0, 0, 7, 9, 0, 0, 6, 2, 0, 0, 1, 0, 0, 0, 4, 0, 0, 0, 1, 0, 0, 0, 2, 0, 0, 0, 10, 0, 0, 0, 9, 0, 0, 0, 2, 0, 0, 0, 2, 0, 0, 0, 2, 0, 0, 0, 
4, 1, 1, 0, 0, 5, 1, 0, 0, 2, 3, 0, 0, 0, 0, 0, 0, 0, 0, 0, 0, 0, 0, 0, 0, 3, 2, 0, 0, 0, 1, 0, 0, 3, 5, 0, 0, 2, 1, 0, 0, 3, 1, 0, 0, 1, 3, 0, 0, 1, 0, 0, 0, 2, 5, 0, 0, 1, 2, 0, 0, 2, 4, 0, 0, 3, 2, 0, 0, 4, 8, 0, 0, 3, 1, 0, 0, 2, 0, 0, 0, 0, 0, 0, 0, 2, 0, 0, 0, 1, 0, 0, 0, 17, 0, 0, 0, 0, 0, 0, 0, 1, 0, 0, 0, 10, 0, 0, 0, 3, 0, 0, 0, 
5, 0, 0, 0, 0, 1, 1, 0, 0, 1, 5, 0, 0, 0, 3, 0, 0, 0, 1, 0, 0, 1, 2, 0, 0, 0, 0, 0, 0, 2, 4, 0, 0, 1, 0, 0, 0, 1, 0, 0, 0, 10, 4, 0, 0, 0, 0, 0, 0, 5, 6, 0, 0, 1, 0, 0, 0, 2, 0, 0, 0, 1, 1, 0, 0, 0, 2, 0, 0, 12, 7, 0, 0, 0, 0, 0, 0, 1, 0, 0, 0, 2, 0, 0, 0, 5, 0, 0, 0, 5, 0, 0, 0, 16, 0, 0, 0, 5, 0, 0, 0, 1, 0, 0, 0, 4, 0, 0, 0, 3, 0, 0, 0, 
6, 0, 1, 0, 0, 4, 3, 0, 0, 1, 1, 0, 0, 2, 3, 0, 0, 0, 0, 0, 0, 0, 0, 0, 0, 3, 2, 0, 0, 15, 1, 0, 0, 2, 0, 0, 0, 3, 1, 0, 0, 8, 2, 0, 0, 1, 3, 0, 0, 7, 10, 0, 0, 4, 3, 0, 0, 1, 0, 0, 0, 2, 3, 0, 0, 0, 2, 0, 0, 10, 3, 0, 0, 0, 0, 0, 0, 2, 0, 0, 0, 4, 0, 0, 0, 1, 0, 0, 0, 1, 0, 0, 0, 11, 0, 0, 0, 5, 0, 0, 0, 1, 0, 0, 0, 2, 0, 0, 0, 3, 0, 0, 0, 
7, 0, 0, 0, 0, 0, 2, 0, 0, 0, 0, 0, 0, 1, 0, 0, 0, 0, 1, 0, 0, 1, 0, 0, 0, 0, 1, 0, 0, 5, 1, 0, 0, 2, 0, 0, 0, 2, 2, 0, 0, 14, 4, 0, 0, 0, 0, 0, 0, 6, 9, 0, 0, 9, 6, 0, 0, 1, 0, 0, 0, 2, 2, 0, 0, 0, 0, 0, 0, 6, 10, 0, 0, 2, 3, 0, 0, 0, 0, 0, 0, 3, 0, 0, 0, 8, 0, 0, 0, 0, 0, 0, 0, 4, 0, 0, 0, 1, 0, 0, 0, 5, 0, 0, 0, 1, 0, 0, 0, 1, 0, 0, 0, 
8, 2, 0, 0, 0, 0, 0, 0, 0, 1, 0, 0, 0, 0, 2, 0, 0, 0, 0, 0, 0, 0, 0, 0, 0, 4, 2, 0, 0, 0, 2, 0, 0, 1, 0, 0, 0, 4, 1, 0, 0, 8, 1, 0, 0, 2, 1, 0, 0, 2, 2, 0, 0, 7, 5, 0, 0, 1, 3, 0, 0, 3, 3, 0, 0, 1, 1, 0, 0, 14, 10, 0, 0, 3, 1, 0, 0, 0, 0, 0, 0, 6, 0, 0, 0, 10, 0, 0, 0, 1, 0, 0, 0, 3, 0, 0, 0, 14, 0, 0, 0, 3, 0, 0, 0, 7, 0, 0, 0, 2, 0, 0, 0, 
9, 2, 2, 0, 0, 1, 0, 0, 0, 6, 1, 0, 0, 2, 3, 0, 0, 2, 2, 0, 0, 1, 0, 0, 0, 1, 1, 0, 0, 2, 1, 0, 0, 3, 1, 0, 0, 6, 4, 0, 0, 4, 1, 0, 0, 0, 2, 0, 0, 10, 4, 0, 0, 1, 2, 0, 0, 0, 7, 0, 0, 3, 1, 0, 0, 0, 1, 0, 0, 9, 5, 0, 0, 13, 1, 0, 0, 2, 0, 0, 0, 13, 0, 0, 0, 1, 0, 0, 0, 6, 0, 0, 0, 7, 0, 0, 0, 8, 0, 0, 0, 6, 0, 0, 0, 11, 0, 0, 0, 1, 0, 0, 0, 
10, 2, 1, 0, 0, 1, 0, 0, 0, 0, 0, 0, 0, 0, 1, 0, 0, 1, 0, 0, 0, 0, 0, 0, 0, 1, 0, 0, 0, 8, 2, 0, 0, 2, 3, 0, 0, 2, 6, 0, 0, 2, 1, 0, 0, 3, 4, 0, 0, 19, 4, 0, 0, 5, 3, 0, 0, 1, 2, 0, 0, 6, 3, 0, 0, 0, 1, 0, 0, 5, 8, 0, 0, 5, 2, 0, 0, 2, 0, 0, 0, 0, 0, 0, 0, 4, 0, 0, 0, 1, 0, 0, 0, 7, 0, 0, 0, 6, 0, 0, 0, 5, 0, 0, 0, 20, 0, 0, 0, 5, 0, 0, 0, 
11, 1, 1, 0, 0, 6, 1, 0, 0, 4, 2, 0, 0, 1, 3, 0, 0, 0, 2, 0, 0, 0, 2, 0, 0, 1, 0, 0, 0, 4, 1, 0, 0, 6, 2, 0, 0, 6, 6, 0, 0, 2, 2, 0, 0, 4, 8, 0, 0, 15, 3, 0, 0, 5, 3, 0, 0, 1, 3, 0, 0, 12, 9, 0, 0, 1, 1, 0, 0, 10, 9, 0, 0, 3, 1, 0, 0, 2, 0, 0, 0, 3, 0, 0, 0, 1, 0, 0, 0, 5, 0, 0, 0, 8, 0, 0, 0, 7, 0, 0, 0, 12, 0, 0, 0, 16, 0, 0, 0, 2, 0, 0, 0, 
12, 1, 1, 0, 0, 2, 3, 0, 0, 0, 0, 0, 0, 1, 2, 0, 0, 0, 0, 0, 0, 0, 2, 0, 0, 1, 1, 0, 0, 12, 1, 0, 0, 3, 2, 0, 0, 3, 2, 0, 0, 4, 2, 0, 0, 8, 7, 0, 0, 16, 3, 0, 0, 8, 3, 0, 0, 2, 3, 0, 0, 24, 0, 0, 0, 3, 0, 0, 0, 9, 8, 0, 0, 0, 0, 0, 0, 9, 0, 0, 0, 1, 0, 0, 0, 2, 0, 0, 0, 20, 0, 0, 0, 5, 0, 0, 0, 3, 0, 0, 0, 10, 0, 0, 0, 9, 0, 0, 0, 4, 0, 0, 0, 
13, 1, 2, 0, 0, 4, 3, 0, 0, 1, 1, 0, 0, 0, 0, 0, 0, 0, 2, 0, 0, 0, 0, 0, 0, 4, 3, 0, 0, 3, 3, 0, 0, 1, 1, 0, 0, 1, 4, 0, 0, 3, 2, 0, 0, 6, 6, 0, 0, 14, 6, 0, 0, 8, 4, 0, 0, 3, 3, 0, 0, 25, 2, 0, 0, 2, 0, 0, 0, 18, 5, 0, 0, 1, 1, 0, 0, 11, 0, 0, 0, 5, 0, 0, 0, 2, 0, 0, 0, 13, 0, 0, 0, 9, 0, 0, 0, 15, 0, 0, 0, 12, 0, 0, 0, 9, 0, 0, 0, 6, 0, 0, 0, 
14, 1, 0, 0, 0, 1, 2, 0, 0, 4, 6, 0, 0, 0, 1, 0, 0, 2, 2, 0, 0, 0, 0, 0, 0, 2, 9, 0, 0, 5, 4, 0, 0, 0, 2, 0, 0, 2, 0, 0, 0, 2, 0, 0, 0, 1, 1, 0, 0, 12, 3, 0, 0, 6, 3, 0, 0, 5, 4, 0, 0, 29, 5, 0, 0, 0, 1, 0, 0, 26, 9, 0, 0, 4, 6, 0, 0, 13, 0, 0, 0, 2, 0, 0, 0, 0, 0, 0, 0, 9, 0, 0, 0, 6, 0, 0, 0, 20, 0, 0, 0, 16, 0, 0, 0, 8, 0, 0, 0, 4, 0, 0, 0, 
15, 0, 1, 0, 0, 0, 1, 0, 0, 6, 10, 0, 0, 1, 1, 0, 0, 0, 2, 0, 0, 1, 1, 0, 0, 6, 3, 0, 0, 0, 0, 0, 0, 0, 2, 0, 0, 0, 1, 0, 0, 2, 1, 0, 0, 5, 4, 0, 0, 13, 2, 0, 0, 4, 6, 0, 0, 0, 1, 0, 0, 18, 2, 0, 0, 5, 3, 0, 0, 25, 4, 0, 0, 5, 2, 0, 0, 2, 0, 0, 0, 9, 0, 0, 0, 4, 0, 0, 0, 3, 0, 0, 0, 5, 0, 0, 0, 19, 0, 0, 0, 0, 0, 0, 0, 2, 0, 0, 0, 2, 0, 0, 0, 
16, 0, 0, 0, 0, 4, 0, 0, 0, 9, 4, 0, 0, 1, 1, 0, 0, 0, 0, 0, 0, 2, 1, 0, 0, 1, 1, 0, 0, 4, 1, 0, 0, 1, 3, 0, 0, 1, 0, 0, 0, 1, 2, 0, 0, 0, 2, 0, 0, 10, 2, 0, 0, 2, 6, 0, 0, 7, 1, 0, 0, 12, 5, 0, 0, 3, 3, 0, 0, 16, 11, 0, 0, 4, 5, 0, 0, 6, 0, 0, 0, 16, 0, 0, 0, 8, 0, 0, 0, 9, 0, 0, 0, 0, 0, 0, 0, 20, 0, 0, 0, 4, 0, 0, 0, 3, 0, 0, 0, 7, 0, 0, 0, 
17, 0, 0, 0, 0, 2, 5, 0, 0, 5, 4, 0, 0, 0, 3, 0, 0, 1, 0, 0, 0, 0, 0, 0, 0, 6, 2, 0, 0, 0, 0, 0, 0, 2, 0, 0, 0, 1, 2, 0, 0, 3, 2, 0, 0, 2, 1, 0, 0, 1, 0, 0, 0, 3, 4, 0, 0, 3, 2, 0, 0, 12, 6, 0, 0, 9, 6, 0, 0, 24, 9, 0, 0, 1, 1, 0, 0, 5, 0, 0, 0, 20, 0, 0, 0, 0, 0, 0, 0, 21, 0, 0, 0, 7, 0, 0, 0, 22, 0, 0, 0, 2, 0, 0, 0, 12, 0, 0, 0, 15, 0, 0, 0, 
18, 1, 2, 0, 0, 6, 5, 0, 0, 0, 2, 0, 0, 1, 1, 0, 0, 0, 3, 0, 0, 0, 0, 0, 0, 4, 3, 0, 0, 2, 2, 0, 0, 4, 7, 0, 0, 3, 1, 0, 0, 4, 3, 0, 0, 7, 7, 0, 0, 2, 0, 0, 0, 1, 2, 0, 0, 6, 2, 0, 0, 4, 2, 0, 0, 6, 8, 0, 0, 23, 6, 0, 0, 1, 0, 0, 0, 6, 0, 0, 0, 17, 0, 0, 0, 3, 0, 0, 0, 11, 0, 0, 0, 14, 0, 0, 0, 28, 0, 0, 0, 14, 0, 0, 0, 22, 0, 0, 0, 11, 0, 0, 0, 
19, 0, 0, 0, 0, 2, 5, 0, 0, 1, 0, 0, 0, 0, 0, 0, 0, 1, 0, 0, 0, 0, 2, 0, 0, 9, 5, 0, 0, 6, 4, 0, 0, 4, 5, 0, 0, 7, 6, 0, 0, 0, 2, 0, 0, 9, 9, 0, 0, 1, 0, 0, 0, 4, 2, 0, 0, 0, 2, 0, 0, 5, 3, 0, 0, 9, 9, 0, 0, 22, 11, 0, 0, 4, 4, 0, 0, 8, 0, 0, 0, 9, 0, 0, 0, 1, 0, 0, 0, 12, 0, 0, 0, 12, 0, 0, 0, 35, 0, 0, 0, 5, 0, 0, 0, 18, 0, 0, 0, 20, 0, 0, 0, 
20, 0, 1, 0, 0, 3, 3, 0, 0, 0, 1, 0, 0, 0, 1, 0, 0, 0, 1, 0, 0, 0, 0, 0, 0, 4, 7, 0, 0, 9, 7, 0, 0, 0, 0, 0, 0, 8, 8, 0, 0, 3, 2, 0, 0, 12, 6, 0, 0, 4, 5, 0, 0, 7, 5, 0, 0, 7, 0, 0, 0, 1, 0, 0, 0, 6, 4, 0, 0, 27, 7, 0, 0, 0, 0, 0, 0, 1, 0, 0, 0, 7, 0, 0, 0, 4, 0, 0, 0, 24, 0, 0, 0, 14, 0, 0, 0, 45, 0, 0, 0, 5, 0, 0, 0, 19, 0, 0, 0, 27, 0, 0, 0, 
21, 0, 0, 0, 0, 1, 1, 0, 0, 3, 0, 0, 0, 1, 0, 0, 0, 0, 0, 0, 0, 1, 0, 0, 0, 0, 5, 0, 0, 7, 5, 0, 0, 17, 7, 0, 0, 6, 9, 0, 0, 1, 5, 0, 0, 1, 7, 0, 0, 5, 1, 0, 0, 12, 7, 0, 0, 11, 3, 0, 0, 1, 1, 0, 0, 4, 2, 0, 0, 36, 12, 0, 0, 3, 2, 0, 0, 6, 0, 0, 0, 9, 0, 0, 0, 3, 0, 0, 0, 28, 0, 0, 0, 13, 0, 0, 0, 61, 0, 0, 0, 2, 0, 0, 0, 14, 0, 0, 0, 25, 0, 0, 0, 
22, 3, 1, 0, 0, 1, 0, 0, 0, 0, 0, 0, 0, 0, 1, 0, 0, 1, 1, 0, 0, 0, 1, 0, 0, 1, 1, 0, 0, 1, 0, 0, 0, 30, 0, 0, 0, 11, 5, 0, 0, 3, 4, 0, 0, 2, 6, 0, 0, 8, 4, 0, 0, 8, 5, 0, 0, 9, 0, 0, 0, 1, 1, 0, 0, 3, 4, 0, 0, 37, 10, 0, 0, 1, 0, 0, 0, 8, 0, 0, 0, 10, 0, 0, 0, 9, 0, 0, 0, 20, 0, 0, 0, 20, 0, 0, 0, 52, 0, 0, 0, 4, 0, 0, 0, 28, 0, 0, 0, 12, 0, 0, 0, 
23, 5, 4, 0, 0, 0, 0, 0, 0, 2, 0, 0, 0, 1, 1, 0, 0, 2, 3, 0, 0, 0, 1, 0, 0, 3, 1, 0, 0, 1, 1, 0, 0, 24, 4, 0, 0, 8, 7, 0, 0, 1, 0, 0, 0, 2, 5, 0, 0, 7, 4, 0, 0, 10, 7, 0, 0, 6, 3, 0, 0, 0, 1, 0, 0, 10, 5, 0, 0, 34, 6, 0, 0, 1, 0, 0, 0, 3, 0, 0, 0, 1, 0, 0, 0, 2, 0, 0, 0, 25, 0, 0, 0, 11, 0, 0, 0, 52, 0, 0, 0, 2, 0, 0, 0, 27, 0, 0, 0, 12, 0, 0, 0, 
24, 1, 0, 0, 0, 5, 3, 0, 0, 1, 3, 0, 0, 1, 2, 0, 0, 0, 0, 0, 0, 1, 0, 0, 0, 7, 2, 0, 0, 5, 1, 0, 0, 31, 1, 0, 0, 6, 6, 0, 0, 2, 6, 0, 0, 0, 1, 0, 0, 9, 5, 0, 0, 9, 9, 0, 0, 5, 1, 0, 0, 4, 4, 0, 0, 3, 1, 0, 0, 29, 4, 0, 0, 2, 1, 0, 0, 7, 0, 0, 0, 0, 0, 0, 0, 1, 0, 0, 0, 23, 0, 0, 0, 3, 0, 0, 0, 49, 0, 0, 0, 10, 0, 0, 0, 24, 0, 0, 0, 11, 0, 0, 0, 
25, 3, 1, 0, 0, 2, 1, 0, 0, 1, 1, 0, 0, 1, 1, 0, 0, 2, 1, 0, 0, 0, 1, 0, 0, 11, 2, 0, 0, 3, 2, 0, 0, 30, 2, 0, 0, 4, 2, 0, 0, 4, 2, 0, 0, 2, 3, 0, 0, 15, 4, 0, 0, 13, 19, 0, 0, 1, 2, 0, 0, 3, 3, 0, 0, 1, 1, 0, 0, 19, 6, 0, 0, 2, 1, 0, 0, 0, 0, 0, 0, 11, 0, 0, 0, 4, 0, 0, 0, 21, 0, 0, 0, 0, 0, 0, 0, 37, 0, 0, 0, 16, 0, 0, 0, 28, 0, 0, 0, 2, 0, 0, 0, 
26, 3, 2, 0, 0, 0, 0, 0, 0, 0, 0, 0, 0, 0, 0, 0, 0, 6, 1, 0, 0, 0, 1, 0, 0, 13, 4, 0, 0, 3, 6, 0, 0, 28, 1, 0, 0, 3, 3, 0, 0, 5, 1, 0, 0, 4, 6, 0, 0, 12, 14, 0, 0, 12, 16, 0, 0, 3, 1, 0, 0, 6, 3, 0, 0, 11, 6, 0, 0, 9, 4, 0, 0, 0, 0, 0, 0, 2, 0, 0, 0, 6, 0, 0, 0, 3, 0, 0, 0, 20, 0, 0, 0, 13, 0, 0, 0, 33, 0, 0, 0, 18, 0, 0, 0, 41, 0, 0, 0, 1, 0, 0, 0, 
27, 2, 0, 0, 0, 0, 2, 0, 0, 0, 3, 0, 0, 1, 1, 0, 0, 1, 2, 0, 0, 0, 1, 0, 0, 26, 3, 0, 0, 6, 3, 0, 0, 33, 2, 0, 0, 5, 2, 0, 0, 2, 1, 0, 0, 6, 5, 0, 0, 18, 10, 0, 0, 19, 18, 0, 0, 2, 3, 0, 0, 0, 1, 0, 0, 13, 16, 0, 0, 3, 4, 0, 0, 0, 0, 0, 0, 16, 0, 0, 0, 5, 0, 0, 0, 1, 0, 0, 0, 24, 0, 0, 0, 12, 0, 0, 0, 33, 0, 0, 0, 17, 0, 0, 0, 39, 0, 0, 0, 5, 0, 0, 0, 
28, 4, 2, 0, 0, 6, 3, 0, 0, 0, 0, 0, 0, 0, 1, 0, 0, 0, 1, 0, 0, 2, 1, 0, 0, 29, 4, 0, 0, 10, 9, 0, 0, 24, 2, 0, 0, 4, 9, 0, 0, 0, 0, 0, 0, 5, 3, 0, 0, 10, 7, 0, 0, 19, 19, 0, 0, 7, 6, 0, 0, 7, 3, 0, 0, 11, 7, 0, 0, 1, 0, 0, 0, 6, 3, 0, 0, 8, 0, 0, 0, 4, 0, 0, 0, 3, 0, 0, 0, 13, 0, 0, 0, 11, 0, 0, 0, 37, 0, 0, 0, 16, 0, 0, 0, 40, 0, 0, 0, 11, 0, 0, 0, 
29, 3, 6, 0, 0, 3, 3, 0, 0, 3, 0, 0, 0, 0, 1, 0, 0, 0, 1, 0, 0, 1, 0, 0, 0, 33, 4, 0, 0, 13, 9, 0, 0, 25, 1, 0, 0, 2, 3, 0, 0, 5, 4, 0, 0, 1, 0, 0, 0, 2, 1, 0, 0, 26, 18, 0, 0, 11, 7, 0, 0, 2, 6, 0, 0, 8, 5, 0, 0, 6, 4, 0, 0, 5, 4, 0, 0, 2, 0, 0, 0, 6, 0, 0, 0, 1, 0, 0, 0, 15, 0, 0, 0, 5, 0, 0, 0, 33, 0, 0, 0, 16, 0, 0, 0, 35, 0, 0, 0, 9, 0, 0, 0, 
30, 3, 7, 0, 0, 1, 0, 0, 0, 2, 2, 0, 0, 0, 2, 0, 0, 2, 0, 0, 0, 2, 0, 0, 0, 30, 3, 0, 0, 14, 12, 0, 0, 16, 2, 0, 0, 2, 1, 0, 0, 10, 2, 0, 0, 7, 3, 0, 0, 3, 0, 0, 0, 31, 16, 0, 0, 19, 4, 0, 0, 3, 2, 0, 0, 4, 4, 0, 0, 18, 6, 0, 0, 0, 0, 0, 0, 1, 0, 0, 0, 10, 0, 0, 0, 1, 0, 0, 0, 11, 0, 0, 0, 1, 0, 0, 0, 34, 0, 0, 0, 13, 0, 0, 0, 26, 0, 0, 0, 7, 0, 0, 0, 
31, 6, 7, 0, 0, 2, 0, 0, 0, 0, 1, 0, 0, 0, 1, 0, 0, 1, 5, 0, 0, 0, 0, 0, 0, 36, 4, 0, 0, 17, 9, 0, 0, 15, 1, 0, 0, 0, 3, 0, 0, 2, 10, 0, 0, 8, 0, 0, 0, 4, 3, 0, 0, 27, 26, 0, 0, 16, 7, 0, 0, 2, 0, 0, 0, 12, 2, 0, 0, 11, 5, 0, 0, 2, 5, 0, 0, 3, 0, 0, 0, 7, 0, 0, 0, 4, 0, 0, 0, 3, 0, 0, 0, 2, 0, 0, 0, 27, 0, 0, 0, 7, 0, 0, 0, 22, 0, 0, 0, 14, 0, 0, 0, 
32, 4, 2, 0, 0, 2, 2, 0, 0, 1, 3, 0, 0, 1, 1, 0, 0, 2, 4, 0, 0, 0, 0, 0, 0, 42, 3, 0, 0, 14, 9, 0, 0, 17, 1, 0, 0, 8, 2, 0, 0, 6, 8, 0, 0, 2, 1, 0, 0, 1, 0, 0, 0, 28, 30, 0, 0, 25, 5, 0, 0, 5, 6, 0, 0, 12, 1, 0, 0, 0, 0, 0, 0, 2, 8, 0, 0, 7, 0, 0, 0, 8, 0, 0, 0, 11, 0, 0, 0, 9, 0, 0, 0, 3, 0, 0, 0, 30, 0, 0, 0, 9, 0, 0, 0, 17, 0, 0, 0, 11, 0, 0, 0, 
33, 8, 3, 0, 0, 1, 1, 0, 0, 2, 5, 0, 0, 1, 0, 0, 0, 0, 0, 0, 0, 0, 0, 0, 0, 44, 5, 0, 0, 23, 6, 0, 0, 11, 3, 0, 0, 9, 8, 0, 0, 9, 10, 0, 0, 4, 0, 0, 0, 2, 1, 0, 0, 31, 19, 0, 0, 21, 3, 0, 0, 5, 3, 0, 0, 3, 1, 0, 0, 0, 0, 0, 0, 8, 3, 0, 0, 11, 0, 0, 0, 6, 0, 0, 0, 13, 0, 0, 0, 18, 0, 0, 0, 11, 0, 0, 0, 26, 0, 0, 0, 12, 0, 0, 0, 18, 0, 0, 0, 10, 0, 0, 0, 
34, 4, 7, 0, 0, 6, 1, 0, 0, 1, 1, 0, 0, 0, 2, 0, 0, 1, 1, 0, 0, 0, 1, 0, 0, 40, 3, 0, 0, 26, 10, 0, 0, 13, 3, 0, 0, 7, 7, 0, 0, 8, 7, 0, 0, 1, 1, 0, 0, 1, 0, 0, 0, 33, 27, 0, 0, 12, 3, 0, 0, 11, 7, 0, 0, 2, 1, 0, 0, 4, 0, 0, 0, 2, 5, 0, 0, 6, 0, 0, 0, 4, 0, 0, 0, 15, 0, 0, 0, 18, 0, 0, 0, 15, 0, 0, 0, 20, 0, 0, 0, 10, 0, 0, 0, 19, 0, 0, 0, 20, 0, 0, 0, 
35, 6, 7, 0, 0, 5, 3, 0, 0, 0, 0, 0, 0, 1, 2, 0, 0, 0, 0, 0, 0, 1, 1, 0, 0, 47, 3, 0, 0, 24, 7, 0, 0, 15, 3, 0, 0, 2, 3, 0, 0, 7, 8, 0, 0, 7, 4, 0, 0, 3, 5, 0, 0, 25, 32, 0, 0, 21, 5, 0, 0, 5, 13, 0, 0, 0, 3, 0, 0, 1, 0, 0, 0, 4, 3, 0, 0, 8, 0, 0, 0, 5, 0, 0, 0, 17, 0, 0, 0, 22, 0, 0, 0, 7, 0, 0, 0, 17, 0, 0, 0, 15, 0, 0, 0, 22, 0, 0, 0, 14, 0, 0, 0, 
36, 5, 3, 0, 0, 7, 5, 0, 0, 0, 0, 0, 0, 0, 2, 0, 0, 1, 1, 0, 0, 1, 4, 0, 0, 53, 1, 0, 0, 20, 6, 0, 0, 21, 1, 0, 0, 1, 2, 0, 0, 9, 6, 0, 0, 9, 3, 0, 0, 9, 4, 0, 0, 31, 37, 0, 0, 23, 7, 0, 0, 2, 4, 0, 0, 1, 1, 0, 0, 1, 1, 0, 0, 3, 2, 0, 0, 12, 0, 0, 0, 7, 0, 0, 0, 12, 0, 0, 0, 21, 0, 0, 0, 5, 0, 0, 0, 7, 0, 0, 0, 28, 0, 0, 0, 32, 0, 0, 0, 18, 0, 0, 0, 
37, 4, 2, 0, 0, 2, 1, 0, 0, 1, 2, 0, 0, 1, 3, 0, 0, 0, 0, 0, 0, 3, 2, 0, 0, 59, 3, 0, 0, 12, 14, 0, 0, 18, 0, 0, 0, 3, 0, 0, 0, 8, 7, 0, 0, 12, 3, 0, 0, 1, 2, 0, 0, 36, 38, 0, 0, 27, 6, 0, 0, 5, 1, 0, 0, 2, 1, 0, 0, 1, 2, 0, 0, 2, 2, 0, 0, 13, 0, 0, 0, 1, 0, 0, 0, 11, 0, 0, 0, 30, 0, 0, 0, 3, 0, 0, 0, 2, 0, 0, 0, 24, 0, 0, 0, 33, 0, 0, 0, 11, 0, 0, 0, 
38, 16, 0, 0, 0, 4, 4, 0, 0, 0, 1, 0, 0, 2, 0, 0, 0, 0, 0, 0, 0, 1, 6, 0, 0, 62, 4, 0, 0, 15, 8, 0, 0, 17, 1, 0, 0, 9, 1, 0, 0, 3, 10, 0, 0, 17, 2, 0, 0, 1, 4, 0, 0, 36, 38, 0, 0, 19, 3, 0, 0, 0, 1, 0, 0, 2, 2, 0, 0, 5, 3, 0, 0, 0, 0, 0, 0, 18, 0, 0, 0, 1, 0, 0, 0, 12, 0, 0, 0, 37, 0, 0, 0, 1, 0, 0, 0, 7, 0, 0, 0, 14, 0, 0, 0, 36, 0, 0, 0, 13, 0, 0, 0, 
39, 11, 5, 0, 0, 2, 1, 0, 0, 5, 2, 0, 0, 2, 1, 0, 0, 0, 2, 0, 0, 0, 2, 0, 0, 57, 2, 0, 0, 27, 9, 0, 0, 18, 0, 0, 0, 9, 7, 0, 0, 5, 4, 0, 0, 15, 3, 0, 0, 4, 5, 0, 0, 38, 36, 0, 0, 22, 3, 0, 0, 2, 1, 0, 0, 0, 0, 0, 0, 1, 2, 0, 0, 1, 0, 0, 0, 17, 0, 0, 0, 11, 0, 0, 0, 6, 0, 0, 0, 41, 0, 0, 0, 5, 0, 0, 0, 6, 0, 0, 0, 6, 0, 0, 0, 34, 0, 0, 0, 15, 0, 0, 0, 
40, 8, 3, 0, 0, 2, 0, 0, 0, 0, 1, 0, 0, 1, 2, 0, 0, 7, 4, 0, 0, 1, 0, 0, 0, 51, 0, 0, 0, 18, 8, 0, 0, 20, 7, 0, 0, 6, 9, 0, 0, 3, 1, 0, 0, 26, 4, 0, 0, 1, 0, 0, 0, 39, 31, 0, 0, 30, 1, 0, 0, 0, 1, 0, 0, 2, 1, 0, 0, 3, 2, 0, 0, 4, 2, 0, 0, 26, 0, 0, 0, 4, 0, 0, 0, 1, 0, 0, 0, 41, 0, 0, 0, 10, 0, 0, 0, 4, 0, 0, 0, 3, 0, 0, 0, 26, 0, 0, 0, 16, 0, 0, 0, 
41, 0, 1, 0, 0, 0, 0, 0, 0, 2, 0, 0, 0, 1, 2, 0, 0, 1, 1, 0, 0, 0, 1, 0, 0, 43, 3, 0, 0, 19, 8, 0, 0, 23, 1, 0, 0, 8, 9, 0, 0, 4, 1, 0, 0, 31, 4, 0, 0, 4, 0, 0, 0, 34, 34, 0, 0, 26, 5, 0, 0, 4, 3, 0, 0, 3, 0, 0, 0, 0, 3, 0, 0, 2, 2, 0, 0, 22, 0, 0, 0, 12, 0, 0, 0, 3, 0, 0, 0, 44, 0, 0, 0, 7, 0, 0, 0, 5, 0, 0, 0, 12, 0, 0, 0, 16, 0, 0, 0, 12, 0, 0, 0, 
42, 1, 0, 0, 0, 0, 0, 0, 0, 2, 1, 0, 0, 1, 1, 0, 0, 1, 0, 0, 0, 0, 1, 0, 0, 43, 1, 0, 0, 22, 5, 0, 0, 19, 1, 0, 0, 9, 9, 0, 0, 2, 4, 0, 0, 26, 1, 0, 0, 8, 8, 0, 0, 35, 38, 0, 0, 27, 6, 0, 0, 7, 6, 0, 0, 2, 1, 0, 0, 3, 2, 0, 0, 3, 1, 0, 0, 31, 0, 0, 0, 11, 0, 0, 0, 2, 0, 0, 0, 39, 0, 0, 0, 1, 0, 0, 0, 8, 0, 0, 0, 23, 0, 0, 0, 20, 0, 0, 0, 10, 0, 0, 0, 
43, 0, 2, 0, 0, 0, 0, 0, 0, 0, 0, 0, 0, 3, 4, 0, 0, 3, 1, 0, 0, 3, 1, 0, 0, 42, 2, 0, 0, 12, 15, 0, 0, 14, 3, 0, 0, 6, 4, 0, 0, 2, 7, 0, 0, 21, 5, 0, 0, 7, 6, 0, 0, 42, 36, 0, 0, 39, 6, 0, 0, 1, 4, 0, 0, 2, 1, 0, 0, 2, 0, 0, 0, 2, 3, 0, 0, 39, 0, 0, 0, 10, 0, 0, 0, 1, 0, 0, 0, 28, 0, 0, 0, 6, 0, 0, 0, 15, 0, 0, 0, 23, 0, 0, 0, 35, 0, 0, 0, 15, 0, 0, 0, 
44, 2, 1, 0, 0, 0, 0, 0, 0, 1, 1, 0, 0, 2, 0, 0, 0, 1, 3, 0, 0, 0, 2, 0, 0, 40, 2, 0, 0, 14, 17, 0, 0, 14, 0, 0, 0, 3, 4, 0, 0, 5, 5, 0, 0, 22, 3, 0, 0, 5, 4, 0, 0, 41, 39, 0, 0, 33, 4, 0, 0, 1, 2, 0, 0, 1, 0, 0, 0, 3, 2, 0, 0, 0, 1, 0, 0, 40, 0, 0, 0, 5, 0, 0, 0, 2, 0, 0, 0, 42, 0, 0, 0, 10, 0, 0, 0, 18, 0, 0, 0, 28, 0, 0, 0, 31, 0, 0, 0, 20, 0, 0, 0, 
45, 0, 0, 0, 0, 3, 1, 0, 0, 0, 0, 0, 0, 1, 1, 0, 0, 1, 0, 0, 0, 0, 1, 0, 0, 42, 0, 0, 0, 15, 15, 0, 0, 16, 1, 0, 0, 4, 3, 0, 0, 9, 6, 0, 0, 26, 7, 0, 0, 10, 4, 0, 0, 39, 37, 0, 0, 29, 4, 0, 0, 2, 1, 0, 0, 1, 0, 0, 0, 4, 2, 0, 0, 2, 0, 0, 0, 34, 0, 0, 0, 10, 0, 0, 0, 3, 0, 0, 0, 39, 0, 0, 0, 9, 0, 0, 0, 18, 0, 0, 0, 19, 0, 0, 0, 26, 0, 0, 0, 17, 0, 0, 0, 
46, 0, 2, 0, 0, 2, 4, 0, 0, 2, 4, 0, 0, 2, 2, 0, 0, 1, 2, 0, 0, 1, 0, 0, 0, 42, 2, 0, 0, 15, 14, 0, 0, 14, 1, 0, 0, 11, 10, 0, 0, 9, 6, 0, 0, 21, 6, 0, 0, 17, 6, 0, 0, 41, 27, 0, 0, 22, 6, 0, 0, 4, 3, 0, 0, 0, 0, 0, 0, 3, 1, 0, 0, 0, 0, 0, 0, 33, 0, 0, 0, 12, 0, 0, 0, 8, 0, 0, 0, 41, 0, 0, 0, 12, 0, 0, 0, 8, 0, 0, 0, 17, 0, 0, 0, 29, 0, 0, 0, 16, 0, 0, 0, 
47, 1, 0, 0, 0, 0, 1, 0, 0, 2, 2, 0, 0, 4, 4, 0, 0, 0, 2, 0, 0, 1, 0, 0, 0, 33, 5, 0, 0, 20, 16, 0, 0, 22, 1, 0, 0, 19, 5, 0, 0, 1, 3, 0, 0, 24, 0, 0, 0, 17, 2, 0, 0, 41, 28, 0, 0, 23, 9, 0, 0, 2, 7, 0, 0, 5, 2, 0, 0, 0, 2, 0, 0, 2, 0, 0, 0, 35, 0, 0, 0, 13, 0, 0, 0, 5, 0, 0, 0, 45, 0, 0, 0, 21, 0, 0, 0, 6, 0, 0, 0, 11, 0, 0, 0, 32, 0, 0, 0, 6, 0, 0, 0, 
48, 2, 1, 0, 0, 3, 1, 0, 0, 3, 1, 0, 0, 1, 2, 0, 0, 3, 1, 0, 0, 1, 1, 0, 0, 34, 3, 0, 0, 14, 19, 0, 0, 30, 2, 0, 0, 14, 8, 0, 0, 2, 1, 0, 0, 9, 5, 0, 0, 28, 5, 0, 0, 44, 40, 0, 0, 27, 11, 0, 0, 2, 0, 0, 0, 2, 0, 0, 0, 2, 0, 0, 0, 1, 2, 0, 0, 42, 0, 0, 0, 4, 0, 0, 0, 11, 0, 0, 0, 37, 0, 0, 0, 27, 0, 0, 0, 2, 0, 0, 0, 10, 0, 0, 0, 22, 0, 0, 0, 1, 0, 0, 0, 
49, 1, 2, 0, 0, 0, 0, 0, 0, 0, 2, 0, 0, 0, 1, 0, 0, 0, 0, 0, 0, 0, 0, 0, 0, 39, 4, 0, 0, 24, 11, 0, 0, 31, 3, 0, 0, 11, 9, 0, 0, 2, 0, 0, 0, 7, 0, 0, 0, 28, 2, 0, 0, 44, 40, 0, 0, 29, 5, 0, 0, 4, 2, 0, 0, 5, 3, 0, 0, 7, 6, 0, 0, 1, 1, 0, 0, 44, 0, 0, 0, 5, 0, 0, 0, 15, 0, 0, 0, 38, 0, 0, 0, 24, 0, 0, 0, 0, 0, 0, 0, 17, 0, 0, 0, 30, 0, 0, 0, 2, 0, 0, 0, 
50, 3, 7, 0, 0, 2, 3, 0, 0, 0, 0, 0, 0, 0, 2, 0, 0, 3, 4, 0, 0, 2, 6, 0, 0, 34, 5, 0, 0, 22, 19, 0, 0, 27, 4, 0, 0, 14, 11, 0, 0, 4, 0, 0, 0, 2, 3, 0, 0, 33, 7, 0, 0, 44, 39, 0, 0, 30, 3, 0, 0, 6, 1, 0, 0, 9, 2, 0, 0, 5, 6, 0, 0, 2, 3, 0, 0, 51, 0, 0, 0, 0, 0, 0, 0, 14, 0, 0, 0, 49, 0, 0, 0, 17, 0, 0, 0, 6, 0, 0, 0, 23, 0, 0, 0, 22, 0, 0, 0, 2, 0, 0, 0, 
51, 5, 3, 0, 0, 1, 0, 0, 0, 1, 0, 0, 0, 0, 1, 0, 0, 0, 0, 0, 0, 3, 2, 0, 0, 33, 3, 0, 0, 25, 18, 0, 0, 36, 4, 0, 0, 10, 4, 0, 0, 13, 1, 0, 0, 1, 3, 0, 0, 43, 2, 0, 0, 40, 36, 0, 0, 28, 3, 0, 0, 11, 5, 0, 0, 3, 5, 0, 0, 8, 2, 0, 0, 6, 7, 0, 0, 53, 0, 0, 0, 0, 0, 0, 0, 10, 0, 0, 0, 47, 0, 0, 0, 12, 0, 0, 0, 1, 0, 0, 0, 14, 0, 0, 0, 14, 0, 0, 0, 6, 0, 0, 0, 
52, 4, 8, 0, 0, 0, 0, 0, 0, 0, 3, 0, 0, 3, 2, 0, 0, 0, 0, 0, 0, 0, 0, 0, 0, 31, 2, 0, 0, 28, 19, 0, 0, 38, 2, 0, 0, 7, 5, 0, 0, 5, 2, 0, 0, 0, 2, 0, 0, 46, 5, 0, 0, 47, 38, 0, 0, 29, 2, 0, 0, 9, 1, 0, 0, 2, 1, 0, 0, 9, 0, 0, 0, 2, 1, 0, 0, 47, 0, 0, 0, 7, 0, 0, 0, 5, 0, 0, 0, 53, 0, 0, 0, 15, 0, 0, 0, 12, 0, 0, 0, 5, 0, 0, 0, 15, 0, 0, 0, 6, 0, 0, 0, 
53, 0, 4, 0, 0, 2, 1, 0, 0, 0, 0, 0, 0, 3, 1, 0, 0, 1, 0, 0, 0, 0, 1, 0, 0, 24, 3, 0, 0, 31, 13, 0, 0, 41, 2, 0, 0, 2, 2, 0, 0, 0, 0, 0, 0, 5, 3, 0, 0, 49, 4, 0, 0, 46, 44, 0, 0, 27, 5, 0, 0, 11, 2, 0, 0, 4, 6, 0, 0, 2, 0, 0, 0, 5, 3, 0, 0, 50, 0, 0, 0, 7, 0, 0, 0, 9, 0, 0, 0, 51, 0, 0, 0, 8, 0, 0, 0, 8, 0, 0, 0, 1, 0, 0, 0, 18, 0, 0, 0, 9, 0, 0, 0, 
54, 0, 2, 0, 0, 0, 0, 0, 0, 0, 3, 0, 0, 0, 2, 0, 0, 1, 0, 0, 0, 2, 2, 0, 0, 18, 2, 0, 0, 30, 17, 0, 0, 42, 2, 0, 0, 7, 1, 0, 0, 0, 1, 0, 0, 14, 0, 0, 0, 54, 5, 0, 0, 51, 41, 0, 0, 29, 5, 0, 0, 9, 3, 0, 0, 9, 4, 0, 0, 5, 4, 0, 0, 16, 3, 0, 0, 49, 0, 0, 0, 8, 0, 0, 0, 6, 0, 0, 0, 42, 0, 0, 0, 14, 0, 0, 0, 7, 0, 0, 0, 7, 0, 0, 0, 11, 0, 0, 0, 5, 0, 0, 0, 
55, 1, 4, 0, 0, 1, 0, 0, 0, 0, 2, 0, 0, 1, 1, 0, 0, 1, 1, 0, 0, 0, 0, 0, 0, 18, 2, 0, 0, 34, 12, 0, 0, 48, 2, 0, 0, 9, 2, 0, 0, 1, 0, 0, 0, 5, 2, 0, 0, 64, 3, 0, 0, 50, 39, 0, 0, 25, 4, 0, 0, 16, 4, 0, 0, 12, 2, 0, 0, 5, 8, 0, 0, 7, 4, 0, 0, 42, 0, 0, 0, 14, 0, 0, 0, 3, 0, 0, 0, 44, 0, 0, 0, 28, 0, 0, 0, 10, 0, 0, 0, 7, 0, 0, 0, 14, 0, 0, 0, 2, 0, 0, 0, 
56, 0, 4, 0, 0, 2, 2, 0, 0, 2, 0, 0, 0, 0, 0, 0, 0, 3, 1, 0, 0, 1, 1, 0, 0, 29, 1, 0, 0, 31, 20, 0, 0, 48, 2, 0, 0, 17, 4, 0, 0, 7, 2, 0, 0, 7, 1, 0, 0, 58, 6, 0, 0, 56, 34, 0, 0, 11, 4, 0, 0, 19, 2, 0, 0, 0, 3, 0, 0, 7, 4, 0, 0, 9, 1, 0, 0, 47, 0, 0, 0, 8, 0, 0, 0, 2, 0, 0, 0, 37, 0, 0, 0, 33, 0, 0, 0, 10, 0, 0, 0, 10, 0, 0, 0, 14, 0, 0, 0, 5, 0, 0, 0, 
57, 2, 3, 0, 0, 1, 3, 0, 0, 0, 1, 0, 0, 0, 4, 0, 0, 2, 2, 0, 0, 4, 1, 0, 0, 29, 1, 0, 0, 30, 12, 0, 0, 40, 1, 0, 0, 19, 1, 0, 0, 23, 7, 0, 0, 12, 2, 0, 0, 61, 5, 0, 0, 53, 32, 0, 0, 4, 6, 0, 0, 14, 2, 0, 0, 3, 4, 0, 0, 8, 11, 0, 0, 2, 3, 0, 0, 59, 0, 0, 0, 2, 0, 0, 0, 1, 0, 0, 0, 37, 0, 0, 0, 33, 0, 0, 0, 11, 0, 0, 0, 5, 0, 0, 0, 15, 0, 0, 0, 1, 0, 0, 0, 
58, 3, 5, 0, 0, 1, 0, 0, 0, 3, 1, 0, 0, 1, 0, 0, 0, 0, 3, 0, 0, 1, 0, 0, 0, 24, 3, 0, 0, 30, 17, 0, 0, 38, 1, 0, 0, 21, 1, 0, 0, 31, 2, 0, 0, 20, 0, 0, 0, 55, 6, 0, 0, 60, 30, 0, 0, 8, 7, 0, 0, 2, 3, 0, 0, 5, 8, 0, 0, 9, 7, 0, 0, 3, 2, 0, 0, 63, 0, 0, 0, 9, 0, 0, 0, 10, 0, 0, 0, 30, 0, 0, 0, 27, 0, 0, 0, 7, 0, 0, 0, 6, 0, 0, 0, 3, 0, 0, 0, 2, 0, 0, 0, 
59, 3, 2, 0, 0, 1, 0, 0, 0, 5, 5, 0, 0, 0, 0, 0, 0, 2, 1, 0, 0, 4, 3, 0, 0, 27, 1, 0, 0, 30, 12, 0, 0, 38, 3, 0, 0, 21, 1, 0, 0, 21, 3, 0, 0, 16, 1, 0, 0, 63, 8, 0, 0, 68, 30, 0, 0, 4, 9, 0, 0, 3, 0, 0, 0, 7, 1, 0, 0, 7, 7, 0, 0, 1, 2, 0, 0, 66, 0, 0, 0, 17, 0, 0, 0, 3, 0, 0, 0, 36, 0, 0, 0, 31, 0, 0, 0, 8, 0, 0, 0, 5, 0, 0, 0, 2, 0, 0, 0, 3, 0, 0, 0, 
60, 3, 3, 0, 0, 0, 0, 0, 0, 2, 3, 0, 0, 0, 1, 0, 0, 0, 0, 0, 0, 3, 0, 0, 0, 26, 3, 0, 0, 27, 15, 0, 0, 33, 2, 0, 0, 11, 1, 0, 0, 17, 1, 0, 0, 18, 1, 0, 0, 75, 3, 0, 0, 68, 36, 0, 0, 6, 5, 0, 0, 1, 4, 0, 0, 2, 1, 0, 0, 6, 2, 0, 0, 6, 1, 0, 0, 70, 0, 0, 0, 16, 0, 0, 0, 0, 0, 0, 0, 28, 0, 0, 0, 37, 0, 0, 0, 16, 0, 0, 0, 1, 0, 0, 0, 18, 0, 0, 0, 4, 0, 0, 0, 
61, 0, 1, 0, 0, 2, 1, 0, 0, 5, 5, 0, 0, 2, 0, 0, 0, 1, 2, 0, 0, 0, 4, 0, 0, 22, 1, 0, 0, 31, 12, 0, 0, 42, 5, 0, 0, 20, 2, 0, 0, 1, 1, 0, 0, 11, 1, 0, 0, 77, 5, 0, 0, 58, 37, 0, 0, 11, 4, 0, 0, 3, 4, 0, 0, 3, 3, 0, 0, 0, 1, 0, 0, 13, 6, 0, 0, 62, 0, 0, 0, 5, 0, 0, 0, 0, 0, 0, 0, 25, 0, 0, 0, 34, 0, 0, 0, 14, 0, 0, 0, 7, 0, 0, 0, 20, 0, 0, 0, 7, 0, 0, 0, 
62, 0, 1, 0, 0, 1, 2, 0, 0, 4, 1, 0, 0, 2, 2, 0, 0, 0, 0, 0, 0, 0, 0, 0, 0, 22, 3, 0, 0, 30, 11, 0, 0, 57, 1, 0, 0, 10, 4, 0, 0, 1, 1, 0, 0, 15, 3, 0, 0, 77, 3, 0, 0, 62, 33, 0, 0, 8, 8, 0, 0, 4, 1, 0, 0, 0, 1, 0, 0, 1, 1, 0, 0, 8, 10, 0, 0, 56, 0, 0, 0, 6, 0, 0, 0, 4, 0, 0, 0, 25, 0, 0, 0, 31, 0, 0, 0, 5, 0, 0, 0, 13, 0, 0, 0, 8, 0, 0, 0, 11, 0, 0, 0, 
63, 2, 3, 0, 0, 2, 1, 0, 0, 0, 3, 0, 0, 2, 3, 0, 0, 2, 3, 0, 0, 0, 2, 0, 0, 16, 2, 0, 0, 30, 14, 0, 0, 55, 4, 0, 0, 14, 0, 0, 0, 1, 0, 0, 0, 19, 4, 0, 0, 71, 1, 0, 0, 59, 35, 0, 0, 6, 5, 0, 0, 3, 6, 0, 0, 8, 4, 0, 0, 10, 1, 0, 0, 13, 14, 0, 0, 45, 0, 0, 0, 1, 0, 0, 0, 9, 0, 0, 0, 31, 0, 0, 0, 37, 0, 0, 0, 19, 0, 0, 0, 15, 0, 0, 0, 7, 0, 0, 0, 2, 0, 0, 0, 
64, 1, 3, 0, 0, 1, 0, 0, 0, 1, 0, 0, 0, 2, 0, 0, 0, 0, 1, 0, 0, 0, 2, 0, 0, 26, 2, 0, 0, 20, 15, 0, 0, 52, 2, 0, 0, 17, 2, 0, 0, 1, 1, 0, 0, 30, 2, 0, 0, 62, 4, 0, 0, 60, 38, 0, 0, 5, 2, 0, 0, 5, 10, 0, 0, 8, 10, 0, 0, 12, 3, 0, 0, 11, 6, 0, 0, 49, 0, 0, 0, 3, 0, 0, 0, 6, 0, 0, 0, 25, 0, 0, 0, 42, 0, 0, 0, 18, 0, 0, 0, 11, 0, 0, 0, 16, 0, 0, 0, 6, 0, 0, 0, 
65, 3, 3, 0, 0, 2, 1, 0, 0, 1, 4, 0, 0, 0, 2, 0, 0, 2, 0, 0, 0, 1, 0, 0, 0, 25, 0, 0, 0, 22, 17, 0, 0, 64, 2, 0, 0, 19, 1, 0, 0, 1, 1, 0, 0, 35, 3, 0, 0, 64, 5, 0, 0, 59, 41, 0, 0, 5, 3, 0, 0, 4, 3, 0, 0, 17, 3, 0, 0, 10, 1, 0, 0, 6, 6, 0, 0, 52, 0, 0, 0, 7, 0, 0, 0, 0, 0, 0, 0, 18, 0, 0, 0, 36, 0, 0, 0, 20, 0, 0, 0, 12, 0, 0, 0, 16, 0, 0, 0, 10, 0, 0, 0, 
66, 0, 1, 0, 0, 1, 1, 0, 0, 2, 1, 0, 0, 0, 2, 0, 0, 3, 0, 0, 0, 0, 2, 0, 0, 20, 3, 0, 0, 21, 18, 0, 0, 67, 2, 0, 0, 12, 0, 0, 0, 2, 2, 0, 0, 38, 1, 0, 0, 63, 8, 0, 0, 55, 39, 0, 0, 6, 7, 0, 0, 4, 5, 0, 0, 15, 3, 0, 0, 9, 5, 0, 0, 2, 2, 0, 0, 54, 0, 0, 0, 18, 0, 0, 0, 1, 0, 0, 0, 15, 0, 0, 0, 47, 0, 0, 0, 25, 0, 0, 0, 4, 0, 0, 0, 13, 0, 0, 0, 1, 0, 0, 0, 
67, 1, 2, 0, 0, 0, 1, 0, 0, 1, 1, 0, 0, 3, 2, 0, 0, 1, 1, 0, 0, 3, 2, 0, 0, 22, 2, 0, 0, 20, 16, 0, 0, 65, 1, 0, 0, 14, 0, 0, 0, 0, 2, 0, 0, 34, 5, 0, 0, 64, 4, 0, 0, 56, 32, 0, 0, 9, 4, 0, 0, 2, 1, 0, 0, 14, 4, 0, 0, 3, 1, 0, 0, 1, 2, 0, 0, 71, 0, 0, 0, 15, 0, 0, 0, 0, 0, 0, 0, 16, 0, 0, 0, 48, 0, 0, 0, 24, 0, 0, 0, 15, 0, 0, 0, 21, 0, 0, 0, 3, 0, 0, 0, 
68, 3, 2, 0, 0, 1, 1, 0, 0, 0, 2, 0, 0, 0, 0, 0, 0, 0, 0, 0, 0, 0, 4, 0, 0, 26, 1, 0, 0, 19, 21, 0, 0, 76, 5, 0, 0, 17, 0, 0, 0, 4, 3, 0, 0, 53, 4, 0, 0, 77, 2, 0, 0, 44, 31, 0, 0, 7, 14, 0, 0, 1, 2, 0, 0, 6, 4, 0, 0, 9, 0, 0, 0, 4, 3, 0, 0, 82, 0, 0, 0, 16, 0, 0, 0, 0, 0, 0, 0, 12, 0, 0, 0, 34, 0, 0, 0, 25, 0, 0, 0, 17, 0, 0, 0, 20, 0, 0, 0, 4, 0, 0, 0, 
69, 1, 2, 0, 0, 1, 0, 0, 0, 0, 0, 0, 0, 0, 1, 0, 0, 0, 0, 0, 0, 7, 3, 0, 0, 23, 4, 0, 0, 20, 15, 0, 0, 74, 6, 0, 0, 12, 1, 0, 0, 3, 1, 0, 0, 71, 6, 0, 0, 79, 7, 0, 0, 43, 30, 0, 0, 10, 14, 0, 0, 4, 4, 0, 0, 7, 4, 0, 0, 0, 0, 0, 0, 8, 3, 0, 0, 74, 0, 0, 0, 9, 0, 0, 0, 3, 0, 0, 0, 2, 0, 0, 0, 40, 0, 0, 0, 29, 0, 0, 0, 23, 0, 0, 0, 15, 0, 0, 0, 20, 0, 0, 0, 
70, 1, 1, 0, 0, 2, 1, 0, 0, 3, 2, 0, 0, 1, 0, 0, 0, 1, 0, 0, 0, 1, 3, 0, 0, 24, 2, 0, 0, 15, 17, 0, 0, 71, 5, 0, 0, 6, 1, 0, 0, 2, 4, 0, 0, 75, 3, 0, 0, 83, 4, 0, 0, 37, 33, 0, 0, 12, 12, 0, 0, 2, 2, 0, 0, 8, 8, 0, 0, 5, 3, 0, 0, 6, 2, 0, 0, 70, 0, 0, 0, 8, 0, 0, 0, 6, 0, 0, 0, 10, 0, 0, 0, 33, 0, 0, 0, 26, 0, 0, 0, 29, 0, 0, 0, 1, 0, 0, 0, 20, 0, 0, 0, 
71, 2, 3, 0, 0, 2, 0, 0, 0, 1, 2, 0, 0, 0, 1, 0, 0, 3, 2, 0, 0, 0, 0, 0, 0, 24, 2, 0, 0, 12, 25, 0, 0, 78, 5, 0, 0, 2, 7, 0, 0, 0, 2, 0, 0, 83, 4, 0, 0, 76, 2, 0, 0, 36, 41, 0, 0, 14, 22, 0, 0, 2, 7, 0, 0, 4, 8, 0, 0, 3, 2, 0, 0, 4, 3, 0, 0, 70, 0, 0, 0, 3, 0, 0, 0, 5, 0, 0, 0, 14, 0, 0, 0, 29, 0, 0, 0, 27, 0, 0, 0, 31, 0, 0, 0, 2, 0, 0, 0, 12, 0, 0, 0, 
72, 4, 3, 0, 0, 0, 0, 0, 0, 1, 2, 0, 0, 1, 5, 0, 0, 2, 1, 0, 0, 0, 1, 0, 0, 21, 2, 0, 0, 23, 17, 0, 0, 78, 2, 0, 0, 5, 1, 0, 0, 2, 1, 0, 0, 81, 5, 0, 0, 73, 6, 0, 0, 40, 49, 0, 0, 31, 12, 0, 0, 5, 2, 0, 0, 6, 8, 0, 0, 2, 1, 0, 0, 6, 2, 0, 0, 69, 0, 0, 0, 4, 0, 0, 0, 7, 0, 0, 0, 15, 0, 0, 0, 34, 0, 0, 0, 18, 0, 0, 0, 33, 0, 0, 0, 12, 0, 0, 0, 7, 0, 0, 0, 
73, 0, 0, 0, 0, 1, 2, 0, 0, 0, 0, 0, 0, 0, 2, 0, 0, 1, 1, 0, 0, 1, 3, 0, 0, 14, 4, 0, 0, 22, 17, 0, 0, 76, 5, 0, 0, 4, 6, 0, 0, 5, 4, 0, 0, 78, 0, 0, 0, 73, 2, 0, 0, 43, 39, 0, 0, 30, 14, 0, 0, 11, 4, 0, 0, 10, 6, 0, 0, 5, 2, 0, 0, 1, 0, 0, 0, 68, 0, 0, 0, 8, 0, 0, 0, 7, 0, 0, 0, 3, 0, 0, 0, 37, 0, 0, 0, 13, 0, 0, 0, 33, 0, 0, 0, 18, 0, 0, 0, 7, 0, 0, 0, 
74, 2, 3, 0, 0, 0, 4, 0, 0, 0, 6, 0, 0, 3, 1, 0, 0, 2, 1, 0, 0, 0, 1, 0, 0, 14, 1, 0, 0, 19, 17, 0, 0, 71, 4, 0, 0, 6, 4, 0, 0, 3, 2, 0, 0, 76, 0, 0, 0, 70, 6, 0, 0, 51, 28, 0, 0, 27, 9, 0, 0, 17, 3, 0, 0, 13, 13, 0, 0, 3, 1, 0, 0, 0, 2, 0, 0, 78, 0, 0, 0, 4, 0, 0, 0, 5, 0, 0, 0, 3, 0, 0, 0, 37, 0, 0, 0, 17, 0, 0, 0, 25, 0, 0, 0, 12, 0, 0, 0, 8, 0, 0, 0, 
75, 1, 2, 0, 0, 2, 2, 0, 0, 3, 2, 0, 0, 3, 0, 0, 0, 0, 0, 0, 0, 0, 3, 0, 0, 7, 3, 0, 0, 18, 17, 0, 0, 75, 9, 0, 0, 4, 2, 0, 0, 2, 2, 0, 0, 73, 4, 0, 0, 78, 3, 0, 0, 42, 33, 0, 0, 23, 15, 0, 0, 8, 1, 0, 0, 25, 12, 0, 0, 2, 4, 0, 0, 4, 3, 0, 0, 75, 0, 0, 0, 9, 0, 0, 0, 12, 0, 0, 0, 5, 0, 0, 0, 42, 0, 0, 0, 28, 0, 0, 0, 17, 0, 0, 0, 16, 0, 0, 0, 4, 0, 0, 0, 
76, 3, 7, 0, 0, 7, 0, 0, 0, 0, 2, 0, 0, 1, 1, 0, 0, 0, 0, 0, 0, 0, 1, 0, 0, 2, 1, 0, 0, 14, 14, 0, 0, 86, 5, 0, 0, 9, 2, 0, 0, 6, 3, 0, 0, 69, 1, 0, 0, 72, 8, 0, 0, 36, 44, 0, 0, 26, 8, 0, 0, 1, 2, 0, 0, 27, 6, 0, 0, 4, 3, 0, 0, 1, 1, 0, 0, 80, 0, 0, 0, 2, 0, 0, 0, 13, 0, 0, 0, 0, 0, 0, 0, 44, 0, 0, 0, 32, 0, 0, 0, 25, 0, 0, 0, 20, 0, 0, 0, 2, 0, 0, 0, 
77, 1, 3, 0, 0, 2, 1, 0, 0, 2, 4, 0, 0, 3, 1, 0, 0, 1, 0, 0, 0, 1, 0, 0, 0, 1, 2, 0, 0, 14, 15, 0, 0, 99, 5, 0, 0, 8, 1, 0, 0, 10, 2, 0, 0, 67, 1, 0, 0, 67, 3, 0, 0, 36, 43, 0, 0, 21, 11, 0, 0, 2, 2, 0, 0, 25, 6, 0, 0, 0, 3, 0, 0, 4, 4, 0, 0, 95, 0, 0, 0, 1, 0, 0, 0, 1, 0, 0, 0, 1, 0, 0, 0, 43, 0, 0, 0, 33, 0, 0, 0, 29, 0, 0, 0, 23, 0, 0, 0, 10, 0, 0, 0, 
78, 3, 9, 0, 0, 1, 1, 0, 0, 0, 3, 0, 0, 1, 0, 0, 0, 0, 1, 0, 0, 0, 1, 0, 0, 0, 0, 0, 0, 16, 22, 0, 0, 100, 9, 0, 0, 10, 4, 0, 0, 13, 7, 0, 0, 60, 2, 0, 0, 65, 6, 0, 0, 35, 45, 0, 0, 13, 10, 0, 0, 2, 2, 0, 0, 26, 8, 0, 0, 4, 1, 0, 0, 5, 12, 0, 0, 90, 0, 0, 0, 3, 0, 0, 0, 1, 0, 0, 0, 4, 0, 0, 0, 36, 0, 0, 0, 30, 0, 0, 0, 39, 0, 0, 0, 32, 0, 0, 0, 7, 0, 0, 0, 
79, 1, 7, 0, 0, 8, 7, 0, 0, 1, 1, 0, 0, 0, 2, 0, 0, 0, 0, 0, 0, 0, 1, 0, 0, 3, 0, 0, 0, 23, 29, 0, 0, 100, 4, 0, 0, 10, 4, 0, 0, 8, 4, 0, 0, 59, 0, 0, 0, 68, 4, 0, 0, 42, 40, 0, 0, 17, 15, 0, 0, 5, 4, 0, 0, 16, 10, 0, 0, 5, 1, 0, 0, 7, 8, 0, 0, 92, 0, 0, 0, 10, 0, 0, 0, 9, 0, 0, 0, 1, 0, 0, 0, 31, 0, 0, 0, 35, 0, 0, 0, 49, 0, 0, 0, 25, 0, 0, 0, 12, 0, 0, 0, 
80, 0, 6, 0, 0, 9, 3, 0, 0, 1, 4, 0, 0, 0, 1, 0, 0, 0, 0, 0, 0, 1, 2, 0, 0, 10, 8, 0, 0, 28, 23, 0, 0, 100, 3, 0, 0, 5, 0, 0, 0, 7, 3, 0, 0, 50, 0, 0, 0, 71, 2, 0, 0, 52, 31, 0, 0, 21, 13, 0, 0, 11, 6, 0, 0, 10, 9, 0, 0, 3, 5, 0, 0, 9, 6, 0, 0, 94, 0, 0, 0, 6, 0, 0, 0, 6, 0, 0, 0, 2, 0, 0, 0, 24, 0, 0, 0, 40, 0, 0, 0, 51, 0, 0, 0, 21, 0, 0, 0, 21, 0, 0, 0, 
81, 0, 6, 0, 0, 9, 5, 0, 0, 1, 4, 0, 0, 0, 2, 0, 0, 0, 1, 0, 0, 0, 0, 0, 0, 18, 12, 0, 0, 29, 20, 0, 0, 100, 4, 0, 0, 5, 4, 0, 0, 2, 1, 0, 0, 56, 3, 0, 0, 63, 5, 0, 0, 41, 28, 0, 0, 23, 15, 0, 0, 8, 6, 0, 0, 14, 11, 0, 0, 10, 8, 0, 0, 16, 8, 0, 0, 100, 0, 0, 0, 6, 0, 0, 0, 8, 0, 0, 0, 0, 0, 0, 0, 21, 0, 0, 0, 34, 0, 0, 0, 48, 0, 0, 0, 14, 0, 0, 0, 16, 0, 0, 0, 
82, 2, 4, 0, 0, 1, 0, 0, 0, 1, 3, 0, 0, 0, 3, 0, 0, 0, 0, 0, 0, 3, 2, 0, 0, 16, 5, 0, 0, 24, 24, 0, 0, 100, 2, 0, 0, 4, 4, 0, 0, 2, 3, 0, 0, 65, 1, 0, 0, 58, 5, 0, 0, 39, 32, 0, 0, 31, 15, 0, 0, 14, 3, 0, 0, 14, 9, 0, 0, 14, 8, 0, 0, 12, 4, 0, 0, 100, 0, 0, 0, 8, 0, 0, 0, 4, 0, 0, 0, 1, 0, 0, 0, 22, 0, 0, 0, 32, 0, 0, 0, 52, 0, 0, 0, 14, 0, 0, 0, 14, 0, 0, 0, 
83, 0, 3, 0, 0, 1, 1, 0, 0, 1, 1, 0, 0, 1, 0, 0, 0, 0, 1, 0, 0, 1, 1, 0, 0, 6, 6, 0, 0, 29, 24, 0, 0, 100, 0, 0, 0, 8, 8, 0, 0, 4, 1, 0, 0, 55, 2, 0, 0, 56, 1, 0, 0, 42, 29, 0, 0, 36, 11, 0, 0, 20, 6, 0, 0, 12, 9, 0, 0, 16, 4, 0, 0, 18, 6, 0, 0, 100, 0, 0, 0, 13, 0, 0, 0, 2, 0, 0, 0, 8, 0, 0, 0, 23, 0, 0, 0, 34, 0, 0, 0, 52, 0, 0, 0, 24, 0, 0, 0, 21, 0, 0, 0, 
84, 1, 9, 0, 0, 1, 1, 0, 0, 1, 4, 0, 0, 3, 4, 0, 0, 2, 3, 0, 0, 3, 2, 0, 0, 11, 6, 0, 0, 26, 25, 0, 0, 100, 2, 0, 0, 10, 5, 0, 0, 2, 2, 0, 0, 45, 4, 0, 0, 53, 0, 0, 0, 50, 28, 0, 0, 34, 16, 0, 0, 32, 3, 0, 0, 17, 15, 0, 0, 25, 5, 0, 0, 18, 8, 0, 0, 100, 0, 0, 0, 24, 0, 0, 0, 0, 0, 0, 0, 3, 0, 0, 0, 22, 0, 0, 0, 28, 0, 0, 0, 46, 0, 0, 0, 22, 0, 0, 0, 13, 0, 0, 0, 
85, 0, 8, 0, 0, 0, 1, 0, 0, 5, 2, 0, 0, 3, 0, 0, 0, 5, 3, 0, 0, 0, 1, 0, 0, 8, 5, 0, 0, 24, 25, 0, 0, 100, 3, 0, 0, 8, 8, 0, 0, 5, 3, 0, 0, 43, 0, 0, 0, 49, 4, 0, 0, 42, 28, 0, 0, 38, 21, 0, 0, 25, 5, 0, 0, 25, 15, 0, 0, 25, 10, 0, 0, 16, 4, 0, 0, 94, 0, 0, 0, 28, 0, 0, 0, 3, 0, 0, 0, 4, 0, 0, 0, 26, 0, 0, 0, 19, 0, 0, 0, 50, 0, 0, 0, 19, 0, 0, 0, 16, 0, 0, 0, 
86, 1, 2, 0, 0, 0, 0, 0, 0, 1, 4, 0, 0, 0, 1, 0, 0, 8, 1, 0, 0, 0, 0, 0, 0, 8, 8, 0, 0, 25, 21, 0, 0, 100, 3, 0, 0, 6, 5, 0, 0, 4, 2, 0, 0, 36, 3, 0, 0, 51, 4, 0, 0, 34, 28, 0, 0, 43, 13, 0, 0, 27, 5, 0, 0, 12, 20, 0, 0, 37, 4, 0, 0, 9, 10, 0, 0, 88, 0, 0, 0, 29, 0, 0, 0, 1, 0, 0, 0, 12, 0, 0, 0, 23, 0, 0, 0, 20, 0, 0, 0, 59, 0, 0, 0, 28, 0, 0, 0, 10, 0, 0, 0, 
87, 1, 3, 0, 0, 1, 2, 0, 0, 1, 6, 0, 0, 2, 1, 0, 0, 0, 0, 0, 0, 0, 0, 0, 0, 7, 9, 0, 0, 23, 24, 0, 0, 100, 2, 0, 0, 12, 5, 0, 0, 6, 7, 0, 0, 35, 3, 0, 0, 55, 2, 0, 0, 31, 26, 0, 0, 41, 18, 0, 0, 25, 4, 0, 0, 10, 20, 0, 0, 36, 4, 0, 0, 16, 5, 0, 0, 76, 0, 0, 0, 31, 0, 0, 0, 3, 0, 0, 0, 8, 0, 0, 0, 20, 0, 0, 0, 17, 0, 0, 0, 55, 0, 0, 0, 32, 0, 0, 0, 1, 0, 0, 0, 
88, 2, 2, 0, 0, 0, 1, 0, 0, 1, 4, 0, 0, 0, 2, 0, 0, 0, 1, 0, 0, 0, 1, 0, 0, 15, 11, 0, 0, 21, 22, 0, 0, 100, 5, 0, 0, 13, 8, 0, 0, 13, 4, 0, 0, 31, 2, 0, 0, 50, 4, 0, 0, 28, 29, 0, 0, 48, 14, 0, 0, 30, 1, 0, 0, 14, 8, 0, 0, 34, 6, 0, 0, 20, 6, 0, 0, 79, 0, 0, 0, 18, 0, 0, 0, 1, 0, 0, 0, 8, 0, 0, 0, 26, 0, 0, 0, 23, 0, 0, 0, 49, 0, 0, 0, 36, 0, 0, 0, 1, 0, 0, 0, 
89, 1, 2, 0, 0, 2, 0, 0, 0, 0, 4, 0, 0, 1, 0, 0, 0, 0, 1, 0, 0, 0, 0, 0, 0, 17, 9, 0, 0, 27, 18, 0, 0, 100, 3, 0, 0, 7, 8, 0, 0, 15, 4, 0, 0, 34, 2, 0, 0, 47, 2, 0, 0, 28, 25, 0, 0, 45, 18, 0, 0, 27, 2, 0, 0, 11, 9, 0, 0, 42, 8, 0, 0, 15, 6, 0, 0, 84, 0, 0, 0, 16, 0, 0, 0, 5, 0, 0, 0, 16, 0, 0, 0, 32, 0, 0, 0, 25, 0, 0, 0, 49, 0, 0, 0, 37, 0, 0, 0, 4, 0, 0, 0, 
90, 7, 4, 0, 0, 1, 0, 0, 0, 1, 5, 0, 0, 0, 0, 0, 0, 1, 1, 0, 0, 2, 3, 0, 0, 15, 14, 0, 0, 28, 20, 0, 0, 100, 3, 0, 0, 13, 2, 0, 0, 18, 6, 0, 0, 33, 3, 0, 0, 45, 1, 0, 0, 28, 20, 0, 0, 57, 10, 0, 0, 21, 8, 0, 0, 6, 5, 0, 0, 49, 3, 0, 0, 15, 3, 0, 0, 87, 0, 0, 0, 21, 0, 0, 0, 6, 0, 0, 0, 8, 0, 0, 0, 28, 0, 0, 0, 16, 0, 0, 0, 50, 0, 0, 0, 52, 0, 0, 0, 10, 0, 0, 0, 
91, 3, 5, 0, 0, 0, 0, 0, 0, 1, 3, 0, 0, 0, 3, 0, 0, 1, 0, 0, 0, 6, 2, 0, 0, 15, 9, 0, 0, 23, 29, 0, 0, 100, 0, 0, 0, 4, 4, 0, 0, 28, 6, 0, 0, 36, 3, 0, 0, 46, 4, 0, 0, 30, 19, 0, 0, 51, 14, 0, 0, 27, 3, 0, 0, 7, 8, 0, 0, 50, 2, 0, 0, 12, 5, 0, 0, 91, 0, 0, 0, 14, 0, 0, 0, 9, 0, 0, 0, 12, 0, 0, 0, 16, 0, 0, 0, 13, 0, 0, 0, 40, 0, 0, 0, 49, 0, 0, 0, 15, 0, 0, 0, 
92, 0, 5, 0, 0, 2, 2, 0, 0, 1, 1, 0, 0, 0, 3, 0, 0, 2, 1, 0, 0, 5, 0, 0, 0, 7, 16, 0, 0, 32, 16, 0, 0, 100, 5, 0, 0, 2, 5, 0, 0, 23, 3, 0, 0, 39, 8, 0, 0, 50, 5, 0, 0, 33, 24, 0, 0, 52, 10, 0, 0, 28, 6, 0, 0, 11, 8, 0, 0, 47, 8, 0, 0, 21, 9, 0, 0, 84, 0, 0, 0, 15, 0, 0, 0, 9, 0, 0, 0, 6, 0, 0, 0, 19, 0, 0, 0, 27, 0, 0, 0, 32, 0, 0, 0, 51, 0, 0, 0, 12, 0, 0, 0, 
93, 0, 2, 0, 0, 4, 2, 0, 0, 3, 1, 0, 0, 0, 2, 0, 0, 1, 0, 0, 0, 0, 0, 0, 0, 9, 10, 0, 0, 35, 15, 0, 0, 98, 3, 0, 0, 3, 1, 0, 0, 18, 4, 0, 0, 48, 4, 0, 0, 55, 4, 0, 0, 45, 19, 0, 0, 52, 4, 0, 0, 25, 4, 0, 0, 10, 11, 0, 0, 51, 3, 0, 0, 22, 4, 0, 0, 90, 0, 0, 0, 16, 0, 0, 0, 6, 0, 0, 0, 14, 0, 0, 0, 17, 0, 0, 0, 28, 0, 0, 0, 45, 0, 0, 0, 56, 0, 0, 0, 23, 0, 0, 0, 
94, 1, 5, 0, 0, 6, 1, 0, 0, 0, 3, 0, 0, 0, 1, 0, 0, 1, 0, 0, 0, 2, 5, 0, 0, 20, 8, 0, 0, 33, 19, 0, 0, 96, 1, 0, 0, 0, 2, 0, 0, 12, 0, 0, 0, 43, 3, 0, 0, 57, 3, 0, 0, 36, 22, 0, 0, 49, 10, 0, 0, 22, 5, 0, 0, 12, 12, 0, 0, 56, 3, 0, 0, 11, 1, 0, 0, 93, 0, 0, 0, 25, 0, 0, 0, 0, 0, 0, 0, 14, 0, 0, 0, 12, 0, 0, 0, 31, 0, 0, 0, 40, 0, 0, 0, 56, 0, 0, 0, 36, 0, 0, 0, 
95, 0, 4, 0, 0, 3, 0, 0, 0, 3, 2, 0, 0, 1, 6, 0, 0, 0, 2, 0, 0, 2, 0, 0, 0, 18, 4, 0, 0, 27, 22, 0, 0, 100, 1, 0, 0, 5, 5, 0, 0, 8, 2, 0, 0, 37, 2, 0, 0, 45, 2, 0, 0, 34, 18, 0, 0, 44, 8, 0, 0, 18, 5, 0, 0, 22, 18, 0, 0, 60, 4, 0, 0, 6, 1, 0, 0, 98, 0, 0, 0, 34, 0, 0, 0, 1, 0, 0, 0, 17, 0, 0, 0, 9, 0, 0, 0, 26, 0, 0, 0, 35, 0, 0, 0, 60, 0, 0, 0, 56, 0, 0, 0, 
96, 1, 1, 0, 0, 0, 2, 0, 0, 1, 4, 0, 0, 1, 0, 0, 0, 1, 0, 0, 0, 0, 1, 0, 0, 15, 6, 0, 0, 18, 19, 0, 0, 89, 3, 0, 0, 3, 2, 0, 0, 12, 4, 0, 0, 39, 5, 0, 0, 34, 3, 0, 0, 30, 23, 0, 0, 37, 11, 0, 0, 19, 5, 0, 0, 27, 10, 0, 0, 66, 9, 0, 0, 1, 0, 0, 0, 100, 0, 0, 0, 35, 0, 0, 0, 8, 0, 0, 0, 23, 0, 0, 0, 12, 0, 0, 0, 27, 0, 0, 0, 38, 0, 0, 0, 74, 0, 0, 0, 54, 0, 0, 0, 
97, 1, 2, 0, 0, 1, 2, 0, 0, 2, 3, 0, 0, 2, 0, 0, 0, 0, 0, 0, 0, 0, 1, 0, 0, 23, 8, 0, 0, 21, 19, 0, 0, 81, 2, 0, 0, 5, 1, 0, 0, 9, 12, 0, 0, 44, 5, 0, 0, 38, 2, 0, 0, 28, 25, 0, 0, 26, 5, 0, 0, 26, 4, 0, 0, 28, 12, 0, 0, 67, 6, 0, 0, 1, 4, 0, 0, 100, 0, 0, 0, 29, 0, 0, 0, 16, 0, 0, 0, 27, 0, 0, 0, 24, 0, 0, 0, 21, 0, 0, 0, 40, 0, 0, 0, 71, 0, 0, 0, 46, 0, 0, 0, 
98, 3, 1, 0, 0, 1, 2, 0, 0, 1, 3, 0, 0, 1, 2, 0, 0, 1, 1, 0, 0, 2, 1, 0, 0, 19, 3, 0, 0, 16, 19, 0, 0, 86, 1, 0, 0, 9, 3, 0, 0, 9, 17, 0, 0, 45, 3, 0, 0, 34, 4, 0, 0, 32, 18, 0, 0, 20, 12, 0, 0, 21, 5, 0, 0, 17, 20, 0, 0, 67, 6, 0, 0, 7, 3, 0, 0, 100, 0, 0, 0, 20, 0, 0, 0, 21, 0, 0, 0, 25, 0, 0, 0, 17, 0, 0, 0, 16, 0, 0, 0, 34, 0, 0, 0, 81, 0, 0, 0, 53, 0, 0, 0, 
99, 2, 1, 0, 0, 1, 0, 0, 0, 1, 0, 0, 0, 1, 1, 0, 0, 0, 0, 0, 0, 2, 3, 0, 0, 1, 6, 0, 0, 11, 11, 0, 0, 84, 2, 0, 0, 2, 1, 0, 0, 27, 9, 0, 0, 38, 1, 0, 0, 31, 7, 0, 0, 35, 16, 0, 0, 18, 13, 0, 0, 11, 1, 0, 0, 23, 15, 0, 0, 74, 5, 0, 0, 5, 2, 0, 0, 100, 0, 0, 0, 31, 0, 0, 0, 26, 0, 0, 0, 22, 0, 0, 0, 16, 0, 0, 0, 33, 0, 0, 0, 36, 0, 0, 0, 90, 0, 0, 0, 55, 0, 0, 0, 